NASA Data Processing/CAMP2Ex/MetNav/CAMP2EX-MetNav_P3B_20191003_R0.ict
74,1001
Project Office
NSRC - National Suborbital Research Center
N426NA Meteorological and Navigation Facility Instrumentation
CAMP2EX
1,1
2019,10,03,2020,03,16
1
Time_Start, seconds (from midnight UTC)
34
1,1,1,1,1,1,1,1,1,1,1,1,1,1,1,1,1,1,1,1,1,1,1,1,1,1,1,1,1,1,1,1,1,1
-9999,-9999,-9999,-9999,-9999,-9999,-9999,-9999,-9999,-9999,-9999,-9999,-9999,-9999,-9999,-9999,-9999,-9999,-9999,-9999,-9999,-9999,-9999,-9999,-9999,-9999,-9999,-9999,-9999,-9999,-9999,-9999,-9999,-9999
Day_Of_Year, day, None, calendar day beginning January 1
Latitude, deg, Platform_Latitude_InSitu_None
Longitude, deg, Platform_Longitude_InSitu_None
GPS_Altitude, m, Platform_AltitudeMSL_InSitu_None
Pressure_Altitude, ft, Platform_AltitudePressure_InSitu_None
Radar_Altitude, ft, Platform_AltitudeAGL_InSitu_None
Ground_Speed, m/s, Platform_GroundSpeed_InSitu_None
True_Air_Speed, kts, Platform_AircraftTrueAirSpeed_InSitu_None
Indicated_Air_Speed, kts, Platform_AircraftIndicatedAirSpeed_InSitu_None
Mach_Number, mach, None
Vertical_Speed, m/s, None
True_Heading, deg 0-360, Platform_HeadingTrue_InSitu_None, cw from +y
Track_Angle, deg 0-360, Platform_TrackAngle_InSitu_None, cw from +y
Drift_Angle, deg +-180, Platform_DriftAngle_InSitu_None, cw from +y
Pitch_Angle, deg +-180, Platform_PitchAngle_InSitu_None, up+
Roll_Angle, deg +-180, Platform_RollAngle_InSitu_None, rt+
Static_Air_Temp, degrees Celcius, Met_StaticAirTemperature_InSitu_None
Potential_Temp, Kelvin, Met_PotentialTemperature_InSitu_None
Dew_Point, degrees Celcius, Met_DewPoint_InSitu_None
Total_Air_Temp, degrees Celcius, None
IR_Surf_Temp, degrees Celcius, Met_SufaceTemperature_InSitu_None
Static_Pressure, hPa, Met_StaticPressure_InSitu_None
Cabin_Pressure, hPa, None
Wind_Speed, m/s, Met_WindSpeed_InSitu_None, limited to where Roll_Angle does not exceed 5 degrees
Wind_Direction, deg 0-360 cw from +y, Met_WindDirection_InSitu_None, limited to where Roll_Angle does not exceed 5 degrees
Solar_Zenith_Angle, deg, Platform_SolarZenithAngle_InSitu_None
Aircraft_Sun_Elevation, deg, None
Sun_Azimuth, deg, Platform_SolarAzimuthAngle_InSitu_None
Aircraft_Sun_Azimuth, deg, None
Mixing_Ratio, g/kg, Met_H2OMR_InSitu_None
Part_Press_Water_Vapor, hPa, Met_PartialPressureH2O_InSitu_None
Sat_Vapor_Press_H2O, hPa, Met_SatVaporPressureH2OWater_InSitu_None
Sat_Vapor_Press_Ice, hPa, Met_SatVaporPressureH2OIce_InSitu_None
Relative_Humidity, percent, Met_RelativeHumidityWater_InSitu_None
0
26
PI_CONTACT_INFO: Melissa Yang Martin, m.yang@baeri.org
Platform: NASA P-3 N426NA
LOCATION: Included in data records
ASSOCIATED_DATA: This flight represents CAMP2EX Science Flight #18 out of Clark Air Base, Philippines. See CAMP2EX archive on Langley archive at https://www-air.larc.nasa.gov/missions/camp2ex/index.html
INSTRUMENT_INFO: Position, attitude, ground speed, and vertical speed from LN251 EGI
	Wind_Speed and Wind_Direction calculated from LN251 EGI, Sperry Aircraft Data Computer
	Radar_Altitude from APN-232
	Total_Air_Temperature from Rosemount 102 type non-deiced SN# 3435 with Romsemount/Goodrich signal conditioner SN# 217
	IR_Surface_Temp from KT-19.85II SN#2750
    Cabin_Pressure from MKS Baratron 220D SN#016475262
	Dew_Point and calculated water vapor parameters from Edgetech Vigilant Hygrometer sensor SN# 1803 and analyzer SN# 36832
[...]
DM_CONTACT_INFO: Ryan Bennett, r.bennett@baeri.org
PROJECT_INFO: N/A
STIPULATIONS_ON_USE: Data users are strongly encouraged to contact both the instrument PI and data manager for information on instrument caveats and best practices. Otherwise, CAMP2EX data management protocols apply.
OTHER_COMMENTS: Wind_Speed and Wind_Direction flagged where Roll_Angle exceeds 5 degrees. Potential temperature derived from static air temperature and static pressure. Segments of Relative_Humidity, Mixing_Ratio, and Partial_Press_Water_Vapor may be flagged during times of cloud penetration. Use caution during these segments when evaluating Dew_Point or Static_Air_Temperature. 
REVISION: R0
R0: Preliminary public release of aircraft dataset. Calibration of edgetech vigilant hygrometer, mks baratron cabin pressure transducer, kt-19 infrared pyrometer applied. 
RA: Preliminary field data with minimal QC. Limits of detection applied; total air temperature calibration of sensing element and signal conditioner applied.
Time_Start,Day_Of_Year,Latitude,Longitude,GPS_Altitude,Pressure_Altitude,Radar_Altitude,Ground_Speed,True_Air_Speed,Indicated_Air_Speed,Mach_Number,Vertical_Speed,True_Heading,Track_Angle,Drift_Angle,Pitch_Angle,Roll_Angle,Static_Air_Temp,Potential_Temp,Dew_Point,Total_Air_Temp,IR_Surf_Temp,Static_Pressure,Cabin_Pressure,Wind_Speed,Wind_Direction,Solar_Zenith_Angle,Aircraft_Sun_Elevation,Sun_Azimuth,Aircraft_Sun_Azimuth,Mixing_Ratio,Part_Press_Water_Vapor,Sat_Vapor_Press_H2O,Sat_Vapor_Press_Ice,Relative_Humidity
[from data line 14260]
96769,276,15.0980985,120.7029744,1749.5,5471,-7777,132.01,253.94,228.9,0.382,-4.7,359.26,358.5,-0.8,-1.62,-0.35,16.57,305.75,12.09,25.02,25.5,828.32,985.7,2.2,127.2,23.5,64.8,144,146.6,10.89,14.25,19.04,22.35,74.83
96770,276,15.0992908,120.7029429,1744.7,5455,-7777,131.96,253.69,229.1,0.382,-4.7,359.26,358.5,-0.8,-1.64,-0.3,16.51,305.64,12.17,24.99,26.9,828.81,985.7,2.3,128.9,23.5,64.8,144,146.6,10.94,14.33,18.97,22.27,75.52
96771,276,15.1004826,120.7029108,1740.0,5440,-7777,131.91,253.75,229.5,0.382,-4.7,359.3,358.5,-0.8,-1.66,-0.3,16.64,305.72,12.09,25.07,27.7,829.28,985.7,2.3,125.5,23.5,64.8,144,146.9,10.87,14.25,19.12,22.47,74.51
96772,276,15.1016738,120.7028787,1735.2,5412,-7777,131.87,253.56,228.9,0.38,-4.8,359.31,358.5,-0.8,-1.64,-0.29,16.61,305.6,12.08,24.99,29.2,830.15,985.7,2.3,126.7,23.5,64.8,144.1,146.9,10.85,14.24,19.09,22.42,74.58
96773,276,15.1028644,120.7028466,1730.4,5406,-7777,131.82,253.25,228.9,0.381,-4.8,359.3,358.51,-0.8,-1.62,-0.27,16.59,305.57,12.24,24.99,29.9,830.34,985.7,2.4,129.6,23.5,64.8,144.1,146.9,10.97,14.39,19.07,22.4,75.48
96774,276,15.104055,120.7028151,1725.7,5400,-7777,131.78,253.25,228.6,0.38,-4.8,359.31,358.52,-0.8,-1.65,-0.25,16.63,305.59,12.59,25.02,30.2,830.53,985.7,2.3,128.5,23.5,64.8,144.1,146.9,11.23,14.73,19.11,22.46,77.06
96775,276,15.105245,120.702783,1720.8,5378,-7777,131.74,253.06,228.4,0.38,-4.9,359.3,358.53,-0.8,-1.64,-0.24,16.58,305.46,13.06,24.95,31.1,831.21,985.6,2.3,130.4,23.5,64.9,144.1,147,11.58,15.19,19.05,22.37,79.7
96776,276,15.1064351,120.7027521,1716.0,5358,-7777,131.71,252.94,228.6,0.381,-4.9,359.27,358.54,-0.7,-1.63,-0.25,16.58,305.39,13.22,24.99,30.9,831.84,985.6,2.3,132.3,23.5,64.9,144.1,147,11.69,15.34,19.05,22.37,80.53
96777,276,15.1076239,120.7027206,1711.1,5338,-7777,131.67,252.75,228.4,0.38,-4.9,359.26,358.54,-0.7,-1.64,-0.29,16.65,305.4,13.12,25.04,31.7,832.46,985.6,2.3,133.8,23.5,64.9,144.1,147.1,11.6,15.24,19.13,22.48,79.67
96778,276,15.1088134,120.7026896,1706.2,5342,-7777,131.63,252.75,228.8,0.381,-4.9,359.3,358.54,-0.8,-1.63,-0.33,16.69,305.46,12.72,25.09,31.9,832.34,985.5,2.4,131.6,23.5,64.9,144.1,147,11.3,14.85,19.19,22.56,77.39
96779,276,15.1100017,120.7026581,1701.3,5326,-7777,131.59,252.56,228.5,0.379,-4.9,359.33,358.54,-0.8,-1.65,-0.31,16.8,305.52,12.7,25.14,32.3,832.84,985.6,2.4,131.9,23.5,64.8,144.1,146.9,11.28,14.83,19.32,22.74,76.76
96780,276,15.1111906,120.7026272,1696.4,5308,-7777,131.56,252.5,228.7,0.379,-4.9,359.28,358.55,-0.7,-1.67,-0.32,16.81,305.47,12.92,25.14,31.6,833.4,985.6,2.3,133.9,23.5,64.8,144.1,146.9,11.44,15.05,19.33,22.75,77.85
96781,276,15.1123783,120.7025962,1691.5,5289,-7777,131.52,252.69,228.1,0.38,-4.9,359.27,358.55,-0.7,-1.64,-0.38,16.82,305.42,12.53,25.21,32.1,833.99,985.6,2.3,131.7,23.5,64.8,144.1,147,11.13,14.66,19.34,22.76,75.81
96782,276,15.1135667,120.7025653,1686.6,5275,-7777,131.5,252.69,228.8,0.379,-4.9,359.28,358.54,-0.7,-1.64,-0.44,16.92,305.49,12.49,25.28,33.2,834.43,985.6,2.3,130.5,23.5,64.8,144.2,147,11.1,14.63,19.47,22.94,75.11
96783,276,15.1147544,120.7025338,1681.8,5262,-7777,131.47,252.69,228.6,0.38,-4.8,359.26,358.54,-0.7,-1.64,-0.48,16.83,305.35,12.48,25.22,32.6,834.84,985.6,2.2,130.7,23.5,64.8,144.2,146.8,11.08,14.62,19.36,22.79,75.5
96784,276,15.1159416,120.7025023,1677.0,5241,-7777,131.44,252.56,228.8,0.378,-4.8,359.22,358.52,-0.7,-1.63,-0.51,16.98,305.43,12.45,25.28,32.8,835.49,985.7,2.2,132.2,23.5,64.8,144.2,146.8,11.05,14.59,19.54,23.03,74.66
96785,276,15.1171282,120.7024708,1672.2,5236,-7777,131.41,252.44,229,0.38,-4.8,359.23,358.5,-0.7,-1.63,-0.52,16.92,305.36,12.47,25.29,32.4,835.65,985.7,2.3,131.6,23.5,64.7,144.2,146.7,11.07,14.61,19.47,22.94,75.02
96786,276,15.1183153,120.7024381,1667.5,5209,-7777,131.37,252.38,228.9,0.38,-4.8,359.22,358.49,-0.7,-1.64,-0.49,16.91,305.26,12.62,25.28,32.3,836.5,985.8,2.3,131.6,23.5,64.7,144.2,146.7,11.17,14.76,19.46,22.92,75.85
96787,276,15.1195014,120.702406,1662.7,5199,-7777,131.33,252.31,228.8,0.38,-4.8,359.21,358.47,-0.7,-1.65,-0.42,16.93,305.24,12.78,25.29,31.4,836.81,985.7,2.3,131.2,23.5,64.8,144.2,146.8,11.28,14.91,19.48,22.95,76.53
96788,276,15.1206874,120.7023734,1657.8,5173,-7777,131.29,252.44,228.8,0.38,-4.9,359.23,358.47,-0.8,-1.66,-0.31,16.97,305.2,12.83,25.34,29.5,837.63,985.7,2.3,128.2,23.5,64.8,144.2,146.8,11.31,14.96,19.53,23.02,76.59
96789,276,15.1218734,120.7023407,1653.0,5168,-7777,131.26,252.38,228.8,0.38,-4.8,359.23,358.48,-0.7,-1.66,-0.19,17.01,305.23,12.83,25.38,27.6,837.78,985.6,2.2,128.8,23.5,64.8,144.2,147.1,11.31,14.96,19.58,23.08,76.39
96790,276,15.1230589,120.7023086,1648.2,5159,-7777,131.22,252.62,229.6,0.38,-4.8,359.2,358.5,-0.7,-1.5,-0.2,16.99,305.17,12.87,25.38,27,838.07,985.6,2,127,23.5,64.8,144.2,147.1,11.33,14.99,19.55,23.05,76.69
96791,276,15.1242437,120.7022765,1643.6,5141,-7777,131.16,252.69,229.3,0.379,-4.5,359.24,358.49,-0.8,-1.38,-0.32,17.06,305.19,12.88,25.41,26.9,838.63,985.6,2.1,123.3,23.5,65,144.2,147.2,11.33,15,19.64,23.17,76.4
96792,276,15.125428,120.7022444,1639.2,5131,-7777,131.09,252.69,229.5,0.379,-4.2,359.3,358.49,-0.8,-1.29,-0.36,17.12,305.22,12.89,25.48,26.5,838.95,985.6,2.2,119.6,23.5,65,144.3,147.1,11.33,15.01,19.72,23.27,76.14
96793,276,15.1266118,120.7022118,1635.2,5100,-7777,131.01,252.56,228.9,0.379,-4,359.29,358.5,-0.8,-1.24,-0.34,17.13,305.13,12.88,25.48,26.8,839.92,985.6,2.1,119.8,23.5,65.1,144.3,146.6,11.31,15,19.73,23.3,76.03
96794,276,15.1277949,120.7021803,1631.2,5098,-7777,130.91,252.56,228.9,0.379,-3.8,359.26,358.49,-0.8,-1.08,-0.38,17.17,305.16,12.92,25.51,27.4,839.98,985.6,2,118.2,23.5,65.1,144.3,146.6,11.35,15.05,19.78,23.35,76.11
96795,276,15.1289769,120.7021482,1627.6,5086,-7777,130.8,252.12,228.8,0.378,-3.6,359.28,358.48,-0.8,-1.03,-0.44,17.2,305.16,12.91,25.51,28.5,840.36,985.6,2.1,119.7,23.5,65.3,144.3,146.3,11.34,15.04,19.82,23.41,75.89
96796,276,15.1301572,120.7021155,1624.1,5079,-7777,130.65,251.81,228.6,0.379,-3.3,359.25,358.47,-0.8,-0.92,-0.47,17.24,305.18,12.93,25.56,29.2,840.58,985.6,2.1,121.1,23.5,65.3,144.3,146.3,11.35,15.06,19.86,23.47,75.82
96797,276,15.1313369,120.7020829,1620.9,5066,-7777,130.51,251.5,227.8,0.377,-3.2,359.2,358.45,-0.8,-0.85,-0.49,17.24,305.14,12.97,25.5,28.9,840.99,985.6,2,122.5,23.5,65.4,144.3,146,11.37,15.1,19.87,23.48,75.99
96798,276,15.132515,120.7020496,1617.7,5066,-7777,130.36,251.19,227.8,0.376,-3.1,359.22,358.43,-0.8,-0.8,-0.51,17.28,305.18,12.97,25.51,29.1,840.99,985.6,2.1,121.5,23.5,65.4,144.3,146,11.37,15.1,19.92,23.55,75.8
96799,276,15.1336918,120.7020164,1614.8,5040,-7777,130.21,250.88,227.1,0.377,-3,359.24,358.42,-0.8,-0.93,-0.46,17.3,305.11,12.91,25.55,28.9,841.81,985.6,2.2,120.4,23.5,65.5,144.3,145.8,11.32,15.04,19.94,23.58,75.43
96800,276,15.1348675,120.7019826,1611.6,5033,-7777,130.08,250.44,227.3,0.376,-3.2,359.21,358.41,-0.8,-0.87,-0.4,17.25,305.04,12.91,25.46,28.6,842.03,985.6,2.2,123.4,23.5,65.5,144.3,145.8,11.31,15.04,19.88,23.5,75.65
96801,276,15.1360415,120.7019494,1608.5,5033,-7777,129.95,250.12,227,0.375,-3,359.22,358.4,-0.8,-0.79,-0.36,17.35,305.14,12.94,25.53,27.9,842.03,985.6,2.3,123.4,23.5,65.5,144.4,146.1,11.34,15.07,20,23.66,75.34
96802,276,15.1372149,120.7019156,1605.5,5026,-7777,129.79,249.94,226.8,0.376,-2.9,359.26,358.4,-0.9,-0.65,-0.31,17.27,305.04,13.03,25.48,27.6,842.25,985.6,2.3,120.5,23.5,65.5,144.4,146.1,11.4,15.16,19.91,23.53,76.15
96803,276,15.138386,120.7018818,1602.8,5022,-7777,129.61,249.69,226.5,0.374,-2.6,359.27,358.41,-0.9,-0.5,-0.24,17.35,305.11,13.02,25.5,28.5,842.38,985.5,2.3,119.9,23.5,65.7,144.4,146,11.39,15.15,20.01,23.67,75.71
96804,276,15.139556,120.7018485,1600.4,5001,-7777,129.41,249.5,226.6,0.374,-2.2,359.22,358.42,-0.8,-0.36,-0.24,17.37,305.06,13.03,25.5,28.3,843.04,985.4,2.1,119.2,23.5,65.7,144.4,146,11.39,15.16,20.03,23.69,75.69
96805,276,15.1407237,120.7018153,1598.3,4999,-7777,129.2,249,225.9,0.373,-2,359.18,358.41,-0.8,-0.29,-0.32,17.39,305.08,12.99,25.48,29.1,843.1,985.4,2.1,121.3,23.5,66,144.4,145.9,11.36,15.12,20.06,23.74,75.36
96806,276,15.1418903,120.7017815,1596.5,4998,-7777,129.07,248.75,225.2,0.373,-1.7,359.2,358.4,-0.8,-0.12,-0.36,17.43,305.11,13.03,25.5,28.4,843.13,985.4,2.1,120.1,23.5,66,144.4,145.9,11.39,15.16,20.11,23.8,75.38
96807,276,15.1430557,120.7017477,1595.0,4988,-7777,128.98,248.31,225.4,0.373,-1.3,359.1,358.38,-0.7,0.07,-0.35,17.43,305.08,13.04,25.5,28.1,843.45,985.4,2,126.3,23.5,66.1,144.4,145.4,11.39,15.17,20.1,23.8,75.44
96808,276,15.1442199,120.7017139,1594.0,4982,-7777,128.87,248.06,225.4,0.372,-0.9,359.1,358.36,-0.7,0.19,-0.32,17.45,305.08,13.01,25.5,27.6,843.64,985.4,2.1,126,23.5,66.1,144.4,145.5,11.36,15.14,20.13,23.83,75.2
96809,276,15.1453836,120.7016795,1593.2,4981,-7777,128.76,247.94,225.2,0.372,-0.7,359.17,358.35,-0.8,0.23,-0.17,17.38,305,13.04,25.41,27.9,843.67,985.5,2.2,122.3,23.5,66.4,144.4,145.1,11.39,15.17,20.04,23.71,75.69
96810,276,15.1465461,120.7016446,1592.5,4982,-7777,128.65,247.62,225,0.372,-0.6,359.14,358.37,-0.8,0.27,0.01,17.37,305,13.03,25.43,28.9,843.64,985.6,2.1,125.1,23.5,66.4,144.4,145.1,11.38,15.16,20.04,23.71,75.65
96811,276,15.1477075,120.7016113,1592.0,4970,-7777,128.54,247.31,224.6,0.372,-0.5,359.11,358.37,-0.7,0.36,0.03,17.35,304.94,13.04,25.38,29.4,844.02,985.6,2.1,127.4,23.5,66.6,144.5,145.6,11.38,15.17,20.01,23.67,75.81
96812,276,15.1488683,120.7015775,1591.6,4981,-7777,128.47,247.06,224.4,0.37,-0.3,359.23,358.37,-0.9,0.5,0.03,17.45,305.07,13.03,25.41,30.3,843.67,985.6,2.3,124.4,23.5,66.6,144.5,145.6,11.38,15.16,20.13,23.83,75.3
96813,276,15.1500286,120.7015437,1591.5,4985,-7777,128.41,246.94,224.6,0.372,0,359.25,358.42,-0.8,0.6,0.15,17.29,304.92,13.05,25.33,30.5,843.54,985.6,2.3,125.3,23.5,66.8,144.5,145.2,11.4,15.18,19.93,23.56,76.14
96814,276,15.1511876,120.7015111,1591.5,4970,-7777,128.33,247,224.3,0.371,0.2,359.2,358.43,-0.8,0.61,0.14,17.41,305,13.04,25.41,29.7,844.02,985.6,2.1,125.2,23.5,66.8,144.5,145.3,11.38,15.17,20.09,23.77,75.51
96815,276,15.1523467,120.7014784,1591.7,4975,-7777,128.26,247.06,224.5,0.371,0.2,359.26,358.44,-0.8,0.66,0.05,17.39,305,13.08,25.39,29.9,843.86,985.5,2.2,121.2,23.5,67,144.5,145.4,11.41,15.21,20.06,23.74,75.81
96816,276,15.1535053,120.7014463,1592.0,4973,-7777,128.27,247.19,224.6,0.371,0.3,359.29,358.47,-0.8,0.68,0.04,17.41,305.01,13.06,25.43,29.5,843.92,985.5,2.1,120.1,23.5,67,144.5,145.3,11.4,15.19,20.09,23.77,75.6
96817,276,15.1546638,120.7014142,1592.3,4969,-7777,128.26,247.5,224.9,0.371,0.4,359.18,358.47,-0.7,0.73,0,17.53,305.12,13.02,25.53,29,844.05,985.5,1.8,119.3,23.5,67,144.5,145.1,11.37,15.15,20.23,23.97,74.88
96818,276,15.1558217,120.7013827,1592.8,4985,-7777,128.24,247.75,225.4,0.373,0.5,359.23,358.47,-0.8,0.71,0.03,17.47,305.11,12.93,25.53,28.4,843.54,985.5,1.9,113.7,23.5,67,144.5,145.1,11.31,15.06,20.15,23.86,74.74
96819,276,15.1569802,120.7013506,1593.2,4984,-7777,128.25,247.94,225.1,0.372,0.6,359.25,358.49,-0.8,0.77,0.05,17.54,305.18,12.9,25.58,29.3,843.58,985.5,1.8,111.3,23.5,67,144.5,144.9,11.28,15.02,20.25,24,74.19
96820,276,15.1581388,120.7013191,1593.8,4985,-7777,128.24,247.88,225.4,0.373,0.7,359.2,358.5,-0.7,0.77,0.12,17.45,305.1,12.96,25.53,30.3,843.54,985.5,1.7,113.6,23.5,67,144.5,145,11.33,15.09,20.14,23.85,74.93
96821,276,15.1592967,120.7012882,1594.5,4985,-7777,128.23,247.62,224.8,0.371,0.7,359.28,358.5,-0.8,0.77,0.09,17.4,305.04,13.03,25.41,30.2,843.54,985.5,1.9,114.7,23.5,67.1,144.6,145.2,11.38,15.16,20.07,23.75,75.51
96822,276,15.1604552,120.7012572,1595.1,4988,-7777,128.25,247.31,224.8,0.371,0.6,359.38,358.52,-0.9,0.81,0.16,17.41,305.06,13.08,25.39,29.9,843.45,985.5,2.2,116.9,23.5,67.1,144.6,145,11.42,15.21,20.08,23.77,75.71
96823,276,15.1616138,120.7012269,1595.8,4991,-7777,128.24,246.81,224.3,0.371,0.6,359.42,358.56,-0.9,0.81,0.26,17.33,304.98,13.08,25.31,29.7,843.35,985.6,2.3,122.3,23.5,67.2,144.6,145,11.42,15.21,19.98,23.63,76.1
96824,276,15.1627717,120.7011971,1596.3,4989,-7777,128.24,246.62,224.3,0.369,0.5,359.42,358.59,-0.8,0.83,0.23,17.38,305.03,13.08,25.31,29.5,843.42,985.6,2.3,125.4,23.5,67.2,144.6,145,11.42,15.21,20.05,23.72,75.84
96825,276,15.1639188,120.7011684,1596.9,5000,-7777,128.25,246.5,223.9,0.37,0.6,359.44,358.6,-0.8,0.81,0.11,17.3,304.99,13.08,25.26,30.2,843.07,985.6,2.4,126.8,23.5,67.2,144.6,145.1,11.42,15.21,19.95,23.58,76.23
96826,276,15.1650887,120.7011392,1597.4,4998,-7777,128.3,246.5,223.8,0.37,0.4,359.4,358.61,-0.8,0.74,0.05,17.37,305.05,13.08,25.33,31.7,843.13,985.6,2.3,129.2,23.5,67.2,144.6,145.1,11.42,15.21,20.03,23.7,75.91
96827,276,15.1662478,120.70111,1597.8,5001,-7777,128.36,246.75,224.7,0.372,0.4,359.39,358.6,-0.8,0.87,-0.13,17.34,305.03,12.9,25.36,32.1,843.04,985.5,2.3,128,23.5,67,144.6,144.8,11.29,15.03,19.99,23.65,75.19
96828,276,15.1674075,120.7010808,1598.3,5002,-7777,128.41,247.06,224.9,0.371,0.7,359.3,358.62,-0.7,0.95,0.04,17.39,305.08,12.89,25.39,32.2,843.01,985.5,2,129.9,23.5,67,144.6,144.8,11.28,15.01,20.05,23.73,74.86
96829,276,15.1685677,120.7010527,1599.0,5005,-7777,128.44,247.44,225.1,0.372,0.8,359.1,358.63,-0.5,0.87,0.01,17.39,305.1,12.86,25.43,31.9,842.91,985.4,1.5,136.9,23.4,67.2,144.6,144.7,11.26,14.98,20.06,23.74,74.7
96830,276,15.169728,120.7010235,1599.8,5003,-7777,128.49,247.5,225.2,0.371,0.8,359.06,358.59,-0.5,0.91,-0.13,17.44,305.14,12.87,25.45,32.3,842.98,985.4,1.6,136.8,23.4,67.2,144.6,144.9,11.26,14.99,20.12,23.83,74.51
96831,276,15.1708888,120.7009942,1600.7,5012,-7777,128.54,247.56,224.9,0.371,0.9,359.14,358.59,-0.6,0.89,0.04,17.42,305.15,12.9,25.43,31.2,842.69,985.3,1.7,132.5,23.4,67.1,144.7,144.7,11.3,15.03,20.1,23.79,74.79
96832,276,15.1720502,120.7009645,1601.5,5004,-7777,128.59,247.75,225.2,0.373,0.7,359.1,358.59,-0.5,0.88,0.14,17.43,305.13,12.94,25.5,30.4,842.94,985.3,1.6,133.9,23.4,67.1,144.7,144.7,11.32,15.07,20.11,23.8,74.95
96833,276,15.1732121,120.7009358,1602.2,5012,-7777,128.63,248,225.3,0.372,0.7,359.1,358.61,-0.5,0.85,0.19,17.42,305.15,12.94,25.46,28.7,842.69,985.4,1.5,132.2,23.4,67.2,144.7,145.3,11.33,15.07,20.09,23.79,75
96834,276,15.1743741,120.7009066,1602.8,5014,-7777,128.69,248.06,225.8,0.373,0.5,359.18,358.62,-0.6,0.83,0.2,17.42,305.15,13.29,25.51,28,842.63,985.4,1.7,129.5,23.4,67.2,144.7,145.3,11.59,15.42,20.09,23.79,76.74
96835,276,15.1755372,120.7008779,1603.3,5016,-7777,128.76,248.12,225.7,0.374,0.5,359.24,358.65,-0.6,0.88,0.23,17.29,305.02,13.21,25.43,27.7,842.57,985.4,1.7,128.9,23.4,67.2,144.7,145.4,11.53,15.33,19.93,23.56,76.93
96836,276,15.1767003,120.7008504,1603.9,5011,-7777,128.81,248.56,226,0.373,0.6,359.24,358.68,-0.6,0.81,0.29,17.39,305.11,13.43,25.48,28.8,842.72,985.4,1.6,125.6,23.4,67.2,144.7,145.4,11.7,15.56,20.05,23.73,77.58
96837,276,15.177864,120.7008229,1604.5,5021,-7777,128.86,248.56,226,0.373,0.5,359.33,358.68,-0.6,0.78,0.23,17.34,305.09,13.64,25.43,28.9,842.41,985.4,1.8,123.2,23.4,67.3,144.7,145.6,11.87,15.78,19.99,23.65,78.9
96838,276,15.1790282,120.7007954,1605.0,5018,-7777,128.92,249.12,226.6,0.375,0.5,359.45,358.72,-0.7,0.8,0.26,17.28,305.02,13.88,25.46,29.5,842.5,985.5,1.8,114,23.4,67.3,144.7,145.4,12.05,16.02,19.92,23.55,80.4
96839,276,15.1801931,120.7007691,1605.5,5021,-7777,128.98,249.31,226.1,0.375,0.5,359.57,358.74,-0.8,0.83,0.12,17.24,304.99,13.87,25.39,29.9,842.41,985.5,2,110.5,23.4,67.3,144.7,145.3,12.05,16.01,19.87,23.48,80.56
96840,276,15.1813585,120.7007433,1606.1,5016,-7777,129.03,249.25,226.1,0.374,0.6,359.56,358.78,-0.8,0.79,0.16,17.22,304.95,13.82,25.33,31.3,842.57,985.4,1.9,113.6,23.4,67.3,144.7,145.2,12.01,15.96,19.84,23.45,80.4
96841,276,15.1825244,120.7007175,1606.6,5022,-7777,129.08,248.75,226.6,0.375,0.5,359.58,358.77,-0.8,0.76,0.1,17.31,305.07,14.02,25.46,31.5,842.38,985.4,2.1,120.7,23.4,67.2,144.8,145.1,12.17,16.17,19.96,23.6,81.02
96842,276,15.1836904,120.7006917,1607.1,5024,-7777,129.14,249.12,226.7,0.374,0.5,359.7,358.8,-0.9,0.8,0.04,17.18,304.93,14,25.31,32,842.31,985.3,2.2,115.2,23.4,67.2,144.8,145,12.16,16.15,19.79,23.37,81.61
