NASA Data Processing/CAMP2Ex/MetNav/CAMP2EX-MetNav_P3B_20191003_R0.ict
74,1001
Project Office
NSRC - National Suborbital Research Center
N426NA Meteorological and Navigation Facility Instrumentation
CAMP2EX
1,1
2019,10,03,2020,03,16
1
Time_Start, seconds (from midnight UTC)
34
1,1,1,1,1,1,1,1,1,1,1,1,1,1,1,1,1,1,1,1,1,1,1,1,1,1,1,1,1,1,1,1,1,1
-9999,-9999,-9999,-9999,-9999,-9999,-9999,-9999,-9999,-9999,-9999,-9999,-9999,-9999,-9999,-9999,-9999,-9999,-9999,-9999,-9999,-9999,-9999,-9999,-9999,-9999,-9999,-9999,-9999,-9999,-9999,-9999,-9999,-9999
Day_Of_Year, day, None, calendar day beginning January 1
Latitude, deg, Platform_Latitude_InSitu_None
Longitude, deg, Platform_Longitude_InSitu_None
GPS_Altitude, m, Platform_AltitudeMSL_InSitu_None
Pressure_Altitude, ft, Platform_AltitudePressure_InSitu_None
Radar_Altitude, ft, Platform_AltitudeAGL_InSitu_None
Ground_Speed, m/s, Platform_GroundSpeed_InSitu_None
True_Air_Speed, kts, Platform_AircraftTrueAirSpeed_InSitu_None
Indicated_Air_Speed, kts, Platform_AircraftIndicatedAirSpeed_InSitu_None
Mach_Number, mach, None
Vertical_Speed, m/s, None
True_Heading, deg 0-360, Platform_HeadingTrue_InSitu_None, cw from +y
Track_Angle, deg 0-360, Platform_TrackAngle_InSitu_None, cw from +y
Drift_Angle, deg +-180, Platform_DriftAngle_InSitu_None, cw from +y
Pitch_Angle, deg +-180, Platform_PitchAngle_InSitu_None, up+
Roll_Angle, deg +-180, Platform_RollAngle_InSitu_None, rt+
Static_Air_Temp, degrees Celcius, Met_StaticAirTemperature_InSitu_None
Potential_Temp, Kelvin, Met_PotentialTemperature_InSitu_None
Dew_Point, degrees Celcius, Met_DewPoint_InSitu_None
Total_Air_Temp, degrees Celcius, None
IR_Surf_Temp, degrees Celcius, Met_SufaceTemperature_InSitu_None
Static_Pressure, hPa, Met_StaticPressure_InSitu_None
Cabin_Pressure, hPa, None
Wind_Speed, m/s, Met_WindSpeed_InSitu_None, limited to where Roll_Angle does not exceed 5 degrees
Wind_Direction, deg 0-360 cw from +y, Met_WindDirection_InSitu_None, limited to where Roll_Angle does not exceed 5 degrees
Solar_Zenith_Angle, deg, Platform_SolarZenithAngle_InSitu_None
Aircraft_Sun_Elevation, deg, None
Sun_Azimuth, deg, Platform_SolarAzimuthAngle_InSitu_None
Aircraft_Sun_Azimuth, deg, None
Mixing_Ratio, g/kg, Met_H2OMR_InSitu_None
Part_Press_Water_Vapor, hPa, Met_PartialPressureH2O_InSitu_None
Sat_Vapor_Press_H2O, hPa, Met_SatVaporPressureH2OWater_InSitu_None
Sat_Vapor_Press_Ice, hPa, Met_SatVaporPressureH2OIce_InSitu_None
Relative_Humidity, percent, Met_RelativeHumidityWater_InSitu_None
0
26
PI_CONTACT_INFO: Melissa Yang Martin, m.yang@baeri.org
Platform: NASA P-3 N426NA
LOCATION: Included in data records
ASSOCIATED_DATA: This flight represents CAMP2EX Science Flight #18 out of Clark Air Base, Philippines. See CAMP2EX archive on Langley archive at https://www-air.larc.nasa.gov/missions/camp2ex/index.html
INSTRUMENT_INFO: Position, attitude, ground speed, and vertical speed from LN251 EGI
	Wind_Speed and Wind_Direction calculated from LN251 EGI, Sperry Aircraft Data Computer
	Radar_Altitude from APN-232
	Total_Air_Temperature from Rosemount 102 type non-deiced SN# 3435 with Romsemount/Goodrich signal conditioner SN# 217
	IR_Surface_Temp from KT-19.85II SN#2750
    Cabin_Pressure from MKS Baratron 220D SN#016475262
	Dew_Point and calculated water vapor parameters from Edgetech Vigilant Hygrometer sensor SN# 1803 and analyzer SN# 36832
[...]
DM_CONTACT_INFO: Ryan Bennett, r.bennett@baeri.org
PROJECT_INFO: N/A
STIPULATIONS_ON_USE: Data users are strongly encouraged to contact both the instrument PI and data manager for information on instrument caveats and best practices. Otherwise, CAMP2EX data management protocols apply.
OTHER_COMMENTS: Wind_Speed and Wind_Direction flagged where Roll_Angle exceeds 5 degrees. Potential temperature derived from static air temperature and static pressure. Segments of Relative_Humidity, Mixing_Ratio, and Partial_Press_Water_Vapor may be flagged during times of cloud penetration. Use caution during these segments when evaluating Dew_Point or Static_Air_Temperature. 
REVISION: R0
R0: Preliminary public release of aircraft dataset. Calibration of edgetech vigilant hygrometer, mks baratron cabin pressure transducer, kt-19 infrared pyrometer applied. 
RA: Preliminary field data with minimal QC. Limits of detection applied; total air temperature calibration of sensing element and signal conditioner applied.
Time_Start,Day_Of_Year,Latitude,Longitude,GPS_Altitude,Pressure_Altitude,Radar_Altitude,Ground_Speed,True_Air_Speed,Indicated_Air_Speed,Mach_Number,Vertical_Speed,True_Heading,Track_Angle,Drift_Angle,Pitch_Angle,Roll_Angle,Static_Air_Temp,Potential_Temp,Dew_Point,Total_Air_Temp,IR_Surf_Temp,Static_Pressure,Cabin_Pressure,Wind_Speed,Wind_Direction,Solar_Zenith_Angle,Aircraft_Sun_Elevation,Sun_Azimuth,Aircraft_Sun_Azimuth,Mixing_Ratio,Part_Press_Water_Vapor,Sat_Vapor_Press_H2O,Sat_Vapor_Press_Ice,Relative_Humidity
[from data line 4977]
87486,276,14.8614692,121.7259602,108.6,352,331.4,109.41,209.38,203.5,0.309,0.1,251.91,251.2,-0.7,1.9,12.88,26.49,299.6,21.66,32.2,30.6,1000.43,1017,-9999,-9999,54.2,29.6,106.5,-138.1,16.7,26.15,34.93,45.06,74.87
87487,276,14.8611593,121.7249942,108.5,343,331.9,109.48,209.94,204.4,0.312,-0.2,253.25,252.33,-0.9,1.77,16.26,26.51,299.59,21.63,32.34,30.8,1000.75,1017.1,-9999,-9999,54.2,29.8,106.5,-139.1,16.65,26.09,34.97,45.11,74.61
87488,276,14.8608711,121.7240207,108.0,352,330.4,109.54,210.06,205.9,0.313,-0.3,255.14,253.87,-1.3,1.88,19.43,26.44,299.56,21.74,32.32,30.7,1000.43,1017.1,-9999,-9999,54.2,25.8,106.5,-138.3,16.78,26.28,34.84,44.92,75.42
87489,276,14.8606115,121.7230381,108.0,356,330,109.57,210.31,204.2,0.311,-0.1,257.35,255.77,-1.6,1.73,21.91,26.52,299.64,21.66,32.3,29.7,1000.28,1017.1,-9999,-9999,54.2,26.3,106.5,-140.1,16.7,26.15,34.99,45.15,74.74
87490,276,14.8603858,121.7220463,107.9,355,330.4,109.58,210.81,206.1,0.315,-0.1,259.76,257.83,-1.9,1.74,23.25,26.47,299.59,21.58,32.4,29.5,1000.32,1017.1,-9999,-9999,54.2,24.4,106.5,-140.7,16.61,26.02,34.9,45,74.55
87491,276,14.8601956,121.7210471,107.9,345,328.5,109.56,211.69,205.4,0.313,0,262.41,260.05,-2.4,1.78,23.72,26.57,299.66,21.61,32.46,29.6,1000.68,1017.2,-9999,-9999,54.2,25.2,106.5,-142.8,16.63,26.06,35.1,45.3,74.25
87492,276,14.8600449,121.7200409,108.1,354,329.6,109.49,211.69,204.8,0.311,0.4,265.12,262.42,-2.7,1.83,23.88,26.52,299.64,21.5,32.34,30,1000.35,1017.2,-9999,-9999,54.2,25.8,106.5,-144.7,16.53,25.89,35,45.16,73.97
87493,276,14.8599354,121.7190308,108.7,345,331,109.41,211.44,205,0.313,0.5,267.51,264.78,-2.7,1.78,24.19,26.49,299.58,21.63,32.35,29.5,1000.68,1017.1,-9999,-9999,54.2,26.7,106.5,-146.8,16.65,26.09,34.93,45.05,74.7
87494,276,14.8598661,121.7180172,109.2,351,333.3,109.33,211,205.3,0.312,0.5,269.83,267.13,-2.7,1.79,24.34,26.55,299.66,21.63,32.39,29.3,1000.46,1017.1,-9999,-9999,54.2,27.2,106.5,-148.5,16.67,26.11,35.06,45.25,74.47
87495,276,14.8598369,121.717002,109.8,351,333.7,109.24,211.31,204.7,0.313,0.4,272.13,269.43,-2.7,1.72,24.03,26.48,299.59,21.66,32.34,29.5,1000.46,1017,-9999,-9999,54.2,28.1,106.5,-150.3,16.7,26.15,34.91,45.03,74.91
87496,276,14.8598478,121.7159878,110.3,346,335.8,109.17,211.38,205.8,0.313,0.7,274.36,271.83,-2.5,1.84,24.02,26.54,299.64,21.71,32.4,29.5,1000.64,1017,-9999,-9999,54.2,29.1,106.5,-152.3,16.75,26.23,35.04,45.22,74.86
87497,276,14.8598999,121.7149748,111.1,345,337.7,109.1,211.69,205.6,0.313,0.7,276.5,274.1,-2.4,1.54,23.75,26.49,299.58,21.74,32.37,29.5,1000.68,1017,-9999,-9999,54.2,29.9,106.5,-154.1,16.78,26.28,34.93,45.05,75.24
87498,276,14.8599887,121.7139659,111.5,354,338.9,109.06,211.44,207,0.315,0.2,278.71,276.24,-2.5,1.61,23.24,26.49,299.61,21.63,32.44,29.7,1000.35,1016.9,-9999,-9999,54.2,30.8,106.5,-156.3,16.67,26.11,34.94,45.07,74.71
87499,276,14.8601176,121.7129609,111.6,354,338.9,109.02,211.81,205.4,0.313,0.1,280.84,278.5,-2.3,1.74,22.96,26.48,299.6,21.52,32.34,29.6,1000.35,1016.9,-9999,-9999,54.2,31.6,106.5,-158.2,16.55,25.92,34.91,45.03,74.25
87500,276,14.8602826,121.7119622,111.7,359,339.5,108.97,211.31,204.6,0.311,0.1,282.72,280.66,-2.1,1.8,23.02,26.47,299.6,21.61,32.25,30,1000.17,1016.9,-9999,-9999,54.2,32.6,106.5,-159.8,16.64,26.06,34.89,45,74.69
87501,276,14.8604838,121.710971,111.7,359,338.9,108.95,210.81,205.5,0.313,0,284.8,282.79,-2,1.62,23.16,26.45,299.58,21.65,32.3,30.2,1000.17,1016.9,-9999,-9999,54.2,33.4,106.5,-161.6,16.69,26.14,34.85,44.93,75.01
87502,276,14.8607198,121.7099878,111.5,359,337.8,108.96,211.25,205.8,0.314,-0.2,287.04,284.89,-2.1,1.54,23.08,26.51,299.65,21.71,32.4,30.1,1000.17,1017,-9999,-9999,54.2,34,106.5,-163.5,16.75,26.23,34.98,45.13,74.99
87503,276,14.8609925,121.7090144,111.4,353,338,108.97,211.81,205.9,0.313,0.3,289.5,287.19,-2.3,1.64,23.12,26.58,299.7,21.77,32.44,29.3,1000.39,1017,-9999,-9999,54.2,34.9,106.5,-165.6,16.81,26.33,35.12,45.34,74.96
87504,276,14.8613019,121.7080529,111.5,353,338,108.96,211.5,205.5,0.312,0,291.72,289.37,-2.3,1.47,23.43,26.47,299.59,21.78,32.3,28.6,1000.39,1017.1,-9999,-9999,54.2,35.7,106.5,-167.4,16.82,26.34,34.89,45,75.49
87505,276,14.8616492,121.7071041,111.3,356,337.2,108.95,211.56,205.1,0.313,-0.1,294,291.6,-2.4,1.67,23.68,26.46,299.59,21.77,32.34,27.8,1000.28,1017.1,-9999,-9999,54.2,36.5,106.5,-169.3,16.81,26.33,34.88,44.97,75.48
87506,276,14.8620359,121.7061696,111.0,354,337.7,108.93,211.56,206.4,0.312,-0.1,296.26,293.94,-2.3,1.6,24.16,26.53,299.65,21.72,32.37,27.8,1000.35,1017.1,-9999,-9999,54.2,37.5,106.5,-170.8,16.76,26.25,35.02,45.19,74.95
87507,276,14.8624628,121.7052517,110.8,356,336.8,108.98,211.62,205.1,0.312,0,298.47,296.34,-2.1,1.6,24.44,26.52,299.65,21.81,32.37,27.8,1000.28,1017.1,-9999,-9999,54.2,38.4,106.5,-172.8,16.85,26.39,35.01,45.17,75.38
87508,276,14.8629234,121.7043528,110.7,359,337.8,108.99,212.19,206.6,0.314,0.1,300.84,298.7,-2.1,1.52,24.37,26.5,299.63,21.64,32.42,28.3,1000.17,1017,-9999,-9999,54.2,39.1,106.5,-174.4,16.68,26.12,34.95,45.09,74.74
87509,276,14.8634144,121.7034744,110.7,353,337.8,109,212.06,206.2,0.312,0,303.11,301.03,-2.1,1.51,24.24,26.51,299.63,21.68,32.35,29.4,1000.39,1017,-9999,-9999,54.2,40.1,106.5,-176.6,16.72,26.19,34.99,45.14,74.85
87510,276,14.8639393,121.7026173,110.6,343,336.8,108.99,211.5,205.6,0.312,-0.2,305.32,303.29,-2,1.54,23.75,26.55,299.64,21.61,32.39,29.7,1000.75,1016.9,-9999,-9999,54.2,41,106.5,-179.1,16.63,26.06,35.06,45.25,74.33
87511,276,14.864495,121.7017813,110.2,349,336,108.98,211.62,205.8,0.313,-0.3,307.48,305.52,-2,1.7,23.36,26.47,299.58,21.56,32.35,30.3,1000.54,1016.9,-9999,-9999,54.2,42,106.5,178.7,16.58,25.98,34.9,45.01,74.45
87512,276,14.8650829,121.7009689,110.1,355,336.2,108.97,211.75,205.7,0.314,-0.1,309.57,307.79,-1.8,1.71,23.26,26.53,299.65,21.56,32.42,31.3,1000.32,1016.9,-9999,-9999,54.1,43,106.5,176.2,16.59,25.98,35.02,45.18,74.21
87513,276,14.8657005,121.7001805,110.0,355,335.2,108.97,211.81,205.9,0.313,-0.1,311.65,309.94,-1.7,1.52,23.01,26.51,299.63,21.59,32.37,31.5,1000.32,1016.9,-9999,-9999,54.1,43.8,106.5,174.2,16.62,26.03,34.98,45.12,74.42
87514,276,14.8663468,121.6994162,109.8,340,335.2,109,212.25,206.6,0.315,-0.2,313.84,312.11,-1.7,1.55,22.81,26.51,299.58,21.49,32.47,31.3,1000.86,1016.9,-9999,-9999,54.1,44.4,106.5,171.7,16.51,25.88,34.97,45.11,73.99
87515,276,14.8670212,121.6986776,109.5,352,333.3,109.02,212.25,206.1,0.313,-0.3,315.98,314.24,-1.7,1.62,22.8,26.6,299.71,21.48,32.49,31.1,1000.43,1016.9,-9999,-9999,54.1,45.2,106.5,169.5,16.51,25.86,35.16,45.39,73.56
87516,276,14.8677225,121.6979654,109.2,346,332.9,109.03,211.88,207.4,0.315,-0.2,318.03,316.46,-1.6,1.63,23.29,26.53,299.63,21.49,32.47,30.5,1000.64,1017,-9999,-9999,54.1,46.2,106.5,167.8,16.51,25.88,35.02,45.19,73.88
87517,276,14.8684496,121.6972825,109.1,355,331.7,109.05,212.94,205.8,0.314,-0.1,320.19,318.7,-1.5,1.6,23.53,26.6,299.72,21.47,32.51,30.4,1000.32,1017.1,-9999,-9999,54.1,47,106.5,165.6,16.5,25.85,35.16,45.39,73.51
87518,276,14.869203,121.6966287,109.1,347,331.9,109.07,212.38,206.8,0.315,0.3,322.44,320.98,-1.5,1.55,23.39,26.6,299.7,21.6,32.54,29.8,1000.61,1017.1,-9999,-9999,54.1,47.8,106.5,163.5,16.62,26.05,35.16,45.4,74.08
87519,276,14.8699811,121.6960059,109.4,352,333.1,109.14,212.69,207.1,0.313,0.1,324.72,323.19,-1.5,1.35,23.27,26.64,299.75,21.54,32.52,30.3,1000.43,1017,-9999,-9999,54.1,48.6,106.5,161,16.57,25.95,35.24,45.51,73.66
87520,276,14.8707821,121.6954135,109.2,350,333.3,109.18,212.69,206.4,0.315,-0.1,326.99,325.34,-1.6,1.59,22.96,26.58,299.68,21.55,32.54,29.7,1000.5,1017,-9999,-9999,54.1,49.3,106.5,158.1,16.57,25.97,35.11,45.33,73.96
87521,276,14.8716043,121.6948531,109.4,347,332.8,109.18,213.06,207.1,0.315,0.3,329.24,327.57,-1.7,1.51,21.83,26.58,299.68,21.57,32.54,29.3,1000.61,1016.9,-9999,-9999,54.1,50.1,106.5,155.5,16.59,26,35.13,45.35,74.01
87522,276,14.8724465,121.6943243,109.6,352,334.2,109.2,213.06,207.2,0.313,0,331.22,329.57,-1.6,1.51,19.79,26.59,299.71,21.5,32.47,29.5,1000.43,1016.9,-9999,-9999,54.1,49.3,106.5,150.1,16.53,25.89,35.15,45.38,73.67
87523,276,14.8733048,121.6938241,109.5,345,334.3,109.21,213.38,207.2,0.316,0,332.99,331.31,-1.7,1.65,16.74,26.54,299.64,21.49,32.52,29.8,1000.68,1016.8,-9999,-9999,54.1,49.9,106.5,147.9,16.51,25.88,35.05,45.23,73.83
87524,276,14.8741769,121.693348,109.5,340,333.6,109.22,212.81,207.9,0.316,0,334.56,332.78,-1.8,1.71,13.61,26.54,299.61,21.52,32.51,29.7,1000.86,1016.8,-9999,-9999,54.1,46.8,106.5,140.4,16.54,25.92,35.03,45.2,74
87525,276,14.8750604,121.6928942,109.6,344,333.6,109.25,213,207.1,0.315,0.2,335.71,334.06,-1.6,1.73,10.92,26.49,299.58,21.5,32.44,29.9,1000.72,1016.8,-9999,-9999,54.1,47,106.5,138.9,16.52,25.89,34.94,45.06,74.11
87526,276,14.8759519,121.6924582,109.8,343,335.4,109.27,213.31,207.8,0.317,0.2,336.44,335.03,-1.4,1.74,8.74,26.5,299.58,21.5,32.51,29.4,1000.75,1016.9,-9999,-9999,54.1,43.7,106.5,134.4,16.52,25.89,34.95,45.09,74.08
87527,276,14.8768503,121.6920359,109.9,345,334.6,109.33,212.88,206.6,0.315,0.2,337.07,335.82,-1.3,1.79,6.78,26.5,299.59,21.5,32.44,29.7,1000.68,1016.9,-9999,-9999,54.1,43.8,106.5,133.7,16.52,25.89,34.95,45.09,74.07
87528,276,14.877755,121.6916245,110.2,340,335.5,109.38,212.94,207.2,0.316,0.2,337.46,336.41,-1,1.69,5.33,26.53,299.6,21.52,32.51,29.4,1000.86,1016.9,-9999,-9999,54.1,41.2,106.5,131.1,16.54,25.92,35.01,45.17,74.04
87529,276,14.8786626,121.6912212,110.3,348,334.5,109.44,213,207.7,0.314,0.3,337.86,336.9,-1,1.7,4.56,26.6,299.7,21.5,32.51,30.2,1000.57,1016.9,1.8,63.2,54.1,41.2,106.6,130.7,16.52,25.89,35.15,45.39,73.65
87530,276,14.8795736,121.6908252,110.4,346,336.2,109.5,213.12,208,0.315,0,338.08,337.3,-0.8,1.64,3.85,26.55,299.64,21.45,32.51,29.9,1000.64,1017,1.5,62.1,54.1,40,106.6,129.7,16.47,25.81,35.05,45.24,73.64
87531,276,14.8804874,121.6904351,110.4,346,336.5,109.56,213.19,207.1,0.316,0,338.31,337.64,-0.7,1.66,3.39,26.51,299.6,21.44,32.51,29,1000.64,1017,1.3,63.1,54.1,40,106.6,129.4,16.46,25.8,34.97,45.11,73.78
87532,276,14.8814047,121.69005,110.3,344,335.7,109.64,213.19,207.2,0.315,-0.2,338.54,337.96,-0.6,1.6,3.09,26.56,299.65,21.42,32.52,29.1,1000.72,1017,1.1,66.7,54.1,39.4,106.6,128.8,16.44,25.77,35.08,45.27,73.46
87533,276,14.8823243,121.6896696,110.1,346,334.8,109.72,213.31,207.9,0.316,-0.1,338.74,338.2,-0.5,1.71,2.76,26.58,299.68,21.47,32.56,29.6,1000.64,1016.9,1,67.4,54.1,39.4,106.6,128.6,16.49,25.85,35.13,45.35,73.58
87534,276,14.8832462,121.6892932,110.1,340,335.2,109.81,213.94,208.6,0.318,0.1,339.09,338.48,-0.6,1.61,2.31,26.55,299.63,21.52,32.61,29.1,1000.86,1017,1.2,56.8,54.1,38.8,106.6,127.9,16.54,25.92,35.06,45.25,73.93
87535,276,14.8841704,121.6889196,110.2,350,335.5,109.89,214.56,209.3,0.318,0.1,339.32,338.67,-0.7,1.57,2.17,26.56,299.67,21.62,32.62,29.3,1000.5,1017,1.3,47.7,54.1,38.8,106.6,127.7,16.65,26.08,35.08,45.27,74.34
87536,276,14.8850963,121.6885495,110.3,339,336.8,109.97,214.81,208.8,0.318,0.1,339.68,338.85,-0.8,1.68,1.72,26.56,299.63,21.46,32.61,29.3,1000.9,1017,1.7,50.5,54.1,38.4,106.6,127,16.48,25.83,35.08,45.28,73.63
87537,276,14.8860239,121.6881816,110.4,350,336.3,110.03,214.75,209,0.317,-0.1,339.94,339.05,-0.9,1.62,1.27,26.55,299.66,21.53,32.59,29.3,1000.5,1017,1.8,54.8,54.1,38.4,106.6,126.7,16.55,25.94,35.06,45.24,73.99
87538,276,14.8869533,121.6878172,110.4,356,336.3,110.1,215.38,210.1,0.319,0.1,340.03,339.22,-0.8,1.72,1.76,26.48,299.61,21.62,32.57,29.9,1000.28,1017,1.7,45.4,54.1,38.3,106.6,126.5,16.65,26.08,34.92,45.04,74.67
87539,276,14.8878849,121.6874551,110.5,348,336.5,110.18,214.19,207.6,0.317,-0.1,340.18,339.43,-0.8,1.61,2.72,26.6,299.7,21.53,32.64,30.7,1000.57,1017,1.4,69.4,54.1,38.3,106.6,126.4,16.55,25.94,35.17,45.41,73.75
87540,276,14.8888188,121.6870976,110.4,345,336.5,110.24,214.5,208.3,0.317,0,340.39,339.72,-0.7,1.65,2.59,26.55,299.64,21.46,32.57,31.3,1000.68,1017,1.3,65.2,54.1,39.1,106.6,126.6,16.48,25.83,35.06,45.24,73.68
87541,276,14.8897545,121.6867435,110.4,346,336.8,110.31,214.75,209.1,0.317,-0.1,340.59,339.89,-0.7,1.6,1.63,26.52,299.61,21.53,32.56,30.8,1000.64,1017.1,1.3,63.3,54.1,39.1,106.6,126.5,16.55,25.94,34.99,45.14,74.13
87542,276,14.8906912,121.6863917,110.3,348,335.5,110.39,214.75,209.6,0.317,-0.2,340.92,340.04,-0.9,1.63,0.77,26.57,299.67,21.51,32.61,30.8,1000.57,1017,1.7,67.6,54.1,37.6,106.6,125.4,16.53,25.91,35.09,45.29,73.83
87543,276,14.8916297,121.6860416,110.2,338,334.8,110.47,214.75,209.3,0.318,-0.2,341.1,340.12,-1,1.72,0.36,26.53,299.6,21.48,32.57,30.7,1000.93,1017,1.9,70.3,54.1,37.6,106.6,125.1,16.5,25.86,35.02,45.18,73.85
87544,276,14.8925694,121.6856927,110.1,344,334.6,110.54,214.88,208.3,0.317,0,341.12,340.21,-0.9,1.73,0.12,26.56,299.65,21.46,32.57,30.1,1000.72,1017,1.8,70.7,54,37.1,106.6,124.7,16.48,25.83,35.08,45.28,73.63
87545,276,14.8935096,121.6853443,110.0,349,334.2,110.67,215.19,209.4,0.318,0,341.1,340.25,-0.8,1.7,0.03,26.55,299.65,21.43,32.62,29.2,1000.54,1017,1.6,69.6,54,37.1,106.6,124.7,16.45,25.78,35.05,45.24,73.56
87546,276,14.8944521,121.684996,110.1,336,335.4,110.92,215.88,209.8,0.32,0.3,340.83,340.28,-0.5,1.83,0.09,26.55,299.61,21.45,32.68,29.3,1001.01,1017,1.1,63,54,37.1,106.6,124.8,16.46,25.81,35.05,45.23,73.65
87547,276,14.8953964,121.684647,110.4,339,335.1,111.15,216.12,211.3,0.32,0.3,340.67,340.27,-0.4,1.78,0,26.54,299.62,21.5,32.69,28.8,1000.9,1017,-8888,-9999,54,37.1,106.6,125,16.52,25.89,35.05,45.23,73.88
87548,276,14.8963423,121.684297,110.6,348,336.8,111.4,216.69,211.1,0.321,0.2,340.62,340.23,-0.4,1.78,-0.17,26.52,299.62,21.46,32.71,28.8,1000.57,1017,-8888,-9999,54,36.9,106.6,125.1,16.48,25.83,34.99,45.15,73.82
87549,276,14.8972906,121.6839452,111.1,342,337.8,111.65,217.12,210.7,0.32,0.6,340.71,340.21,-0.5,1.66,-0.27,26.58,299.66,21.48,32.73,29.6,1000.79,1017,-8888,-9999,54,36.9,106.6,125,16.5,25.86,35.11,45.33,73.65
87550,276,14.8982411,121.6835928,111.4,354,338.9,111.95,217.62,211.2,0.32,0.1,340.56,340.21,-0.4,1.15,-0.33,26.63,299.75,21.48,32.78,30.1,1000.35,1017,-8888,-9999,54,36.4,106.6,125.4,16.51,25.86,35.22,45.49,73.42
87551,276,14.8991945,121.6832387,111.1,354,337.7,112.29,217.88,211.9,0.323,-0.6,340.53,340.14,-0.4,1.47,-0.84,26.5,299.62,21.47,32.74,29.5,1000.35,1017.1,-8888,-9999,54,36.4,106.6,125.5,16.5,25.85,34.95,45.09,73.94
87552,276,14.9001496,121.6828823,111.0,338,337.7,112.53,218.38,212.3,0.323,0.4,340.57,340.1,-0.5,2.39,-0.46,26.58,299.65,21.43,32.83,29.6,1000.93,1017,-8888,-9999,54,36.9,106.6,124.7,16.45,25.78,35.13,45.35,73.4
87553,276,14.9011065,121.682526,112.2,352,341,112.64,218.56,212.4,0.321,1.7,340.4,340.12,-0.3,2.6,0.08,26.65,299.76,21.51,32.83,29.8,1000.43,1017,-8888,-9999,54,36.9,106.6,124.7,16.54,25.91,35.26,45.54,73.48
87554,276,14.9020559,121.6821484,114.9,355,347.4,112.72,218.75,212.8,0.324,2.3,340.38,339.95,-0.4,2.58,0.16,26.51,299.63,21.5,32.78,30.2,1000.32,1016.9,-8888,-9999,54,37.6,106.6,125,16.53,25.89,34.97,45.11,74.04
87555,276,14.9030121,121.6817863,117.5,363,355.5,112.81,219.19,213.3,0.324,2.5,340.68,339.97,-0.7,2.53,0.3,26.52,299.67,21.59,32.83,29.4,1000.03,1016.8,1.4,72.3,54,37.6,106.6,124.7,16.62,26.03,35,45.15,74.38
87556,276,14.9039718,121.681427,119.9,372,363.3,112.91,219.88,213.8,0.325,3.2,340.77,340.02,-0.8,3.13,0.06,26.57,299.75,21.62,32.9,30,999.7,1016.7,1.5,62.6,54,37.8,106.6,124.2,16.66,26.08,35.11,45.32,74.27
87557,276,14.9049315,121.6810689,123.1,382,374.9,112.89,220.25,214.9,0.326,3.5,340.84,340.06,-0.8,3.41,-0.19,26.46,299.67,21.57,32.81,29.8,999.34,1016.6,1.6,55.3,54,37.8,106.6,124.1,16.61,26,34.88,44.98,74.54
87558,276,14.9058901,121.6807114,126.9,383,386,112.77,220.38,214.1,0.326,4,340.79,340.07,-0.7,3.61,-0.21,26.35,299.56,21.58,32.71,29.1,999.3,1016.5,1.6,47.7,54,37.9,106.6,123.7,16.63,26.02,34.65,44.64,75.08
87559,276,14.9068475,121.6803539,131.0,404,400.8,112.7,219.88,213.2,0.325,4,340.7,340.04,-0.7,3.54,-0.31,26.37,299.65,21.59,32.69,28.4,998.54,1016.5,1.4,52.7,54,37.9,106.6,123.8,16.65,26.03,34.7,44.7,75.03
