NASA Data Processing/CAMP2Ex/MetNav/CAMP2EX-MetNav_P3B_20191003_R0.ict
74,1001
Project Office
NSRC - National Suborbital Research Center
N426NA Meteorological and Navigation Facility Instrumentation
CAMP2EX
1,1
2019,10,03,2020,03,16
1
Time_Start, seconds (from midnight UTC)
34
1,1,1,1,1,1,1,1,1,1,1,1,1,1,1,1,1,1,1,1,1,1,1,1,1,1,1,1,1,1,1,1,1,1
-9999,-9999,-9999,-9999,-9999,-9999,-9999,-9999,-9999,-9999,-9999,-9999,-9999,-9999,-9999,-9999,-9999,-9999,-9999,-9999,-9999,-9999,-9999,-9999,-9999,-9999,-9999,-9999,-9999,-9999,-9999,-9999,-9999,-9999
Day_Of_Year, day, None, calendar day beginning January 1
Latitude, deg, Platform_Latitude_InSitu_None
Longitude, deg, Platform_Longitude_InSitu_None
GPS_Altitude, m, Platform_AltitudeMSL_InSitu_None
Pressure_Altitude, ft, Platform_AltitudePressure_InSitu_None
Radar_Altitude, ft, Platform_AltitudeAGL_InSitu_None
Ground_Speed, m/s, Platform_GroundSpeed_InSitu_None
True_Air_Speed, kts, Platform_AircraftTrueAirSpeed_InSitu_None
Indicated_Air_Speed, kts, Platform_AircraftIndicatedAirSpeed_InSitu_None
Mach_Number, mach, None
Vertical_Speed, m/s, None
True_Heading, deg 0-360, Platform_HeadingTrue_InSitu_None, cw from +y
Track_Angle, deg 0-360, Platform_TrackAngle_InSitu_None, cw from +y
Drift_Angle, deg +-180, Platform_DriftAngle_InSitu_None, cw from +y
Pitch_Angle, deg +-180, Platform_PitchAngle_InSitu_None, up+
Roll_Angle, deg +-180, Platform_RollAngle_InSitu_None, rt+
Static_Air_Temp, degrees Celcius, Met_StaticAirTemperature_InSitu_None
Potential_Temp, Kelvin, Met_PotentialTemperature_InSitu_None
Dew_Point, degrees Celcius, Met_DewPoint_InSitu_None
Total_Air_Temp, degrees Celcius, None
IR_Surf_Temp, degrees Celcius, Met_SufaceTemperature_InSitu_None
Static_Pressure, hPa, Met_StaticPressure_InSitu_None
Cabin_Pressure, hPa, None
Wind_Speed, m/s, Met_WindSpeed_InSitu_None, limited to where Roll_Angle does not exceed 5 degrees
Wind_Direction, deg 0-360 cw from +y, Met_WindDirection_InSitu_None, limited to where Roll_Angle does not exceed 5 degrees
Solar_Zenith_Angle, deg, Platform_SolarZenithAngle_InSitu_None
Aircraft_Sun_Elevation, deg, None
Sun_Azimuth, deg, Platform_SolarAzimuthAngle_InSitu_None
Aircraft_Sun_Azimuth, deg, None
Mixing_Ratio, g/kg, Met_H2OMR_InSitu_None
Part_Press_Water_Vapor, hPa, Met_PartialPressureH2O_InSitu_None
Sat_Vapor_Press_H2O, hPa, Met_SatVaporPressureH2OWater_InSitu_None
Sat_Vapor_Press_Ice, hPa, Met_SatVaporPressureH2OIce_InSitu_None
Relative_Humidity, percent, Met_RelativeHumidityWater_InSitu_None
0
26
PI_CONTACT_INFO: Melissa Yang Martin, m.yang@baeri.org
Platform: NASA P-3 N426NA
LOCATION: Included in data records
ASSOCIATED_DATA: This flight represents CAMP2EX Science Flight #18 out of Clark Air Base, Philippines. See CAMP2EX archive on Langley archive at https://www-air.larc.nasa.gov/missions/camp2ex/index.html
INSTRUMENT_INFO: Position, attitude, ground speed, and vertical speed from LN251 EGI
	Wind_Speed and Wind_Direction calculated from LN251 EGI, Sperry Aircraft Data Computer
	Radar_Altitude from APN-232
	Total_Air_Temperature from Rosemount 102 type non-deiced SN# 3435 with Romsemount/Goodrich signal conditioner SN# 217
	IR_Surface_Temp from KT-19.85II SN#2750
    Cabin_Pressure from MKS Baratron 220D SN#016475262
	Dew_Point and calculated water vapor parameters from Edgetech Vigilant Hygrometer sensor SN# 1803 and analyzer SN# 36832
[...]
DM_CONTACT_INFO: Ryan Bennett, r.bennett@baeri.org
PROJECT_INFO: N/A
STIPULATIONS_ON_USE: Data users are strongly encouraged to contact both the instrument PI and data manager for information on instrument caveats and best practices. Otherwise, CAMP2EX data management protocols apply.
OTHER_COMMENTS: Wind_Speed and Wind_Direction flagged where Roll_Angle exceeds 5 degrees. Potential temperature derived from static air temperature and static pressure. Segments of Relative_Humidity, Mixing_Ratio, and Partial_Press_Water_Vapor may be flagged during times of cloud penetration. Use caution during these segments when evaluating Dew_Point or Static_Air_Temperature. 
REVISION: R0
R0: Preliminary public release of aircraft dataset. Calibration of edgetech vigilant hygrometer, mks baratron cabin pressure transducer, kt-19 infrared pyrometer applied. 
RA: Preliminary field data with minimal QC. Limits of detection applied; total air temperature calibration of sensing element and signal conditioner applied.
Time_Start,Day_Of_Year,Latitude,Longitude,GPS_Altitude,Pressure_Altitude,Radar_Altitude,Ground_Speed,True_Air_Speed,Indicated_Air_Speed,Mach_Number,Vertical_Speed,True_Heading,Track_Angle,Drift_Angle,Pitch_Angle,Roll_Angle,Static_Air_Temp,Potential_Temp,Dew_Point,Total_Air_Temp,IR_Surf_Temp,Static_Pressure,Cabin_Pressure,Wind_Speed,Wind_Direction,Solar_Zenith_Angle,Aircraft_Sun_Elevation,Sun_Azimuth,Aircraft_Sun_Azimuth,Mixing_Ratio,Part_Press_Water_Vapor,Sat_Vapor_Press_H2O,Sat_Vapor_Press_Ice,Relative_Humidity
[from data line 11603]
94112,276,13.9805254,120.421408,321.5,985,1035.6,126.74,241.56,232.8,0.357,-0.1,338.17,338.04,-0.1,0.37,0.17,25.55,300.63,20.85,33.17,30.3,977.7,990.8,2.5,151.3,30.7,59.4,124.5,146.2,16.24,24.88,33.04,42.24,75.29
94113,276,13.9815877,120.4209697,321.5,996,1034.9,126.74,241.62,233,0.357,0,338.23,338.05,-0.2,0.34,-0.19,25.51,300.63,20.9,33.13,29.6,977.31,990.7,2.5,148.9,30.7,59.6,124.5,146.5,16.3,24.95,32.97,42.13,75.69
94114,276,13.98265,120.4205314,321.5,984,1035,126.74,241.75,233.2,0.359,0,338.23,338.07,-0.2,0.33,-0.24,25.43,300.5,20.9,33.1,29.1,977.73,990.7,2.4,149.7,30.7,59.6,124.5,146.5,16.3,24.97,32.81,41.89,76.1
94115,276,13.9837122,120.4200925,321.4,997,1034.7,126.73,242.19,233.1,0.358,0,338.24,338.06,-0.2,0.26,-0.21,25.51,300.63,20.83,33.19,28.4,977.27,990.7,2.2,147.6,30.7,59.4,124.5,145.9,16.23,24.85,32.98,42.14,75.35
94116,276,13.9847751,120.4196548,321.3,999,1035.2,126.74,242,233,0.357,0,338.27,338.08,-0.2,0.36,-0.17,25.59,300.71,20.87,33.2,28.5,977.2,990.7,2.3,147.5,30.7,59.4,124.5,145.9,16.27,24.91,33.12,42.36,75.2
94117,276,13.9858379,120.419217,321.4,997,1034.7,126.73,241.81,232.8,0.358,0.1,338.29,338.09,-0.2,0.33,-0.12,25.53,300.65,20.9,33.17,28.4,977.27,990.7,2.4,147.3,30.7,59.4,124.5,146,16.31,24.97,33.01,42.19,75.64
94118,276,13.9869007,120.4187793,321.5,996,1035.5,126.73,242,233.1,0.359,0.1,338.34,338.12,-0.2,0.32,0.05,25.52,300.63,20.8,33.22,28.4,977.31,990.7,2.3,146.3,30.7,59.4,124.5,145.9,16.2,24.8,32.99,42.16,75.19
94119,276,13.9879636,120.4183427,321.6,987,1035.9,126.72,242,233.6,0.358,0.1,338.28,338.14,-0.1,0.31,0.07,25.58,300.67,20.8,33.24,29.3,977.63,990.7,2.2,150.4,30.7,59.5,124.5,146.3,16.19,24.8,33.1,42.33,74.92
94120,276,13.9890264,120.4179055,321.7,987,1036.4,126.71,242.31,233.8,0.361,0.1,338.33,338.14,-0.2,0.33,-0.39,25.45,300.54,20.83,33.22,29.5,977.63,990.8,2.1,146.6,30.7,59.5,124.5,146.3,16.22,24.85,32.86,41.97,75.62
94121,276,13.9900892,120.4174689,321.8,1003,1036.1,126.71,242.38,233,0.36,0,338.39,338.12,-0.3,0.31,-0.46,25.42,300.56,20.79,33.15,28.6,977.06,990.8,2.1,141.5,30.7,59.3,124.6,145.6,16.19,24.79,32.79,41.88,75.58
94122,276,13.9911521,120.4170318,321.8,989,1036.8,126.71,242.38,233.2,0.359,0.1,338.4,338.12,-0.3,0.33,-0.21,25.51,300.61,20.83,33.2,29.6,977.56,990.8,2.1,141.8,30.7,59.3,124.6,145.6,16.22,24.85,32.98,42.15,75.34
94123,276,13.9922149,120.4165952,321.9,998,1036.4,126.71,242.06,233.2,0.358,0,338.36,338.16,-0.2,0.29,0.1,25.52,300.64,20.84,33.19,28.9,977.24,990.8,2.2,147.2,30.7,59.4,124.6,145.9,16.24,24.86,32.99,42.17,75.36
94124,276,13.9932778,120.4161592,322.0,1000,1036.8,126.71,241.88,232.7,0.358,0,338.34,338.18,-0.2,0.26,0.1,25.42,300.55,20.86,33.07,28.3,977.17,990.8,2.3,149.7,30.7,59.4,124.6,145.9,16.26,24.89,32.8,41.89,75.88
94125,276,13.9943412,120.4157231,321.9,1002,1037,126.72,241.69,232.9,0.358,-0.2,338.43,338.21,-0.2,0.3,0.15,25.41,300.55,20.84,33.08,27.7,977.09,990.8,2.4,147.1,30.7,59.5,124.6,146.4,16.24,24.86,32.78,41.86,75.84
94126,276,13.9954051,120.4152883,321.6,994,1036.8,126.71,242.06,234.1,0.359,-0.2,338.37,338.28,-0.1,0.34,0.32,25.45,300.56,20.9,33.15,28.2,977.38,990.8,2.2,152.9,30.7,59.5,124.6,146.4,16.3,24.97,32.85,41.96,76
94127,276,13.9964691,120.4148545,321.6,999,1035.5,126.69,242.62,234,0.359,0.1,338.42,338.29,-0.1,0.37,0.19,25.56,300.68,20.77,33.27,29.6,977.2,990.8,1.9,150.2,30.7,59.7,124.6,146.6,16.17,24.76,33.06,42.27,74.88
94128,276,13.9975331,120.4144208,321.7,998,1035,126.67,242.69,233.9,0.359,0.1,338.56,338.31,-0.2,0.33,-0.12,25.52,300.64,20.8,33.24,29.7,977.24,990.8,1.9,141.9,30.7,59.7,124.6,146.5,16.2,24.8,32.99,42.16,75.19
94129,276,13.9985971,120.4139882,321.8,1005,1036.8,126.67,242.44,233.2,0.36,0.2,338.58,338.35,-0.2,0.28,-0.11,25.48,300.63,20.87,33.22,30,976.99,990.8,2,144,30.7,59.5,124.6,145.8,16.27,24.91,32.91,42.05,75.67
94130,276,13.9996611,120.4135556,321.9,991,1037.6,126.66,242.81,234.6,0.36,0,338.59,338.34,-0.3,0.32,-0.43,25.59,300.7,20.92,33.32,28.5,977.49,990.8,1.8,140.7,30.7,59.5,124.6,145.9,16.32,25,33.13,42.38,75.44
94131,276,14.0007251,120.4131225,321.8,989,1037.3,126.65,243.25,234.9,0.359,-0.1,338.65,338.35,-0.3,0.3,-0.5,25.58,300.68,20.82,33.3,28.7,977.56,990.8,1.7,134.5,30.7,59.3,124.6,145.4,16.21,24.83,33.11,42.34,74.99
94132,276,14.001789,120.4126899,321.8,996,1035.9,126.64,242.94,233.4,0.36,0,338.57,338.32,-0.3,0.38,-0.44,25.53,300.65,20.79,33.27,29.2,977.31,990.8,1.8,140.1,30.7,59.3,124.6,145.4,16.19,24.79,33.01,42.2,75.09
94133,276,14.0028525,120.4122567,321.8,994,1037.3,126.62,242.62,233.5,0.358,0,338.6,338.31,-0.3,0.35,-0.39,25.47,300.58,20.92,33.13,29.2,977.38,990.8,1.9,139,30.7,59.3,124.6,145.4,16.32,25,32.89,42.02,76
94134,276,14.0039159,120.4118236,321.8,1004,1036.5,126.62,242.31,233.7,0.359,-0.1,338.6,338.33,-0.3,0.29,-0.2,25.45,300.6,20.87,33.13,29.1,977.02,990.8,2.1,141.4,30.7,59.3,124.6,145.3,16.27,24.91,32.86,41.97,75.8
94135,276,14.0049793,120.411391,321.6,990,1034.9,126.61,242.06,232.9,0.358,-0.3,338.54,338.34,-0.2,0.33,-0.12,25.42,300.52,20.81,33.08,28.3,977.52,990.7,2.1,147,30.6,59.4,124.6,145.8,16.2,24.82,32.8,41.89,75.65
94136,276,14.0060427,120.4109584,321.4,986,1035.9,126.61,241.94,233.6,0.359,-0.2,338.59,338.34,-0.3,0.38,-0.12,25.39,300.48,20.95,33.08,28.1,977.66,990.7,2.2,144,30.6,59.4,124.6,145.8,16.35,25.04,32.74,41.8,76.48
94137,276,14.0071061,120.4105258,321.2,989,1036.4,126.6,241.69,232.5,0.359,-0.1,338.66,338.35,-0.3,0.37,-0.1,25.45,300.55,20.84,33.17,28.4,977.56,990.7,2.4,141.8,30.6,59.5,124.6,145.8,16.23,24.86,32.86,41.97,75.66
94138,276,14.0081695,120.4100938,321.1,998,1035.6,126.6,241.81,233.1,0.36,-0.1,338.66,338.38,-0.3,0.36,-0.19,25.38,300.5,20.9,33.1,27.4,977.24,990.8,2.3,142.6,30.6,59.5,124.7,145.7,16.31,24.97,32.71,41.76,76.32
94139,276,14.0092335,120.4096624,321.0,982,1035.8,126.61,241.81,232.9,0.359,-0.2,338.62,338.4,-0.2,0.31,-0.26,25.44,300.51,20.87,33.12,27.4,977.81,990.8,2.3,146,30.6,59.5,124.7,145.7,16.26,24.91,32.83,41.92,75.87
94140,276,14.0102975,120.4092304,320.9,984,1034.9,126.6,241.75,233,0.357,0.1,338.64,338.37,-0.3,0.34,-0.32,25.42,300.5,20.91,33.05,27,977.73,990.8,2.3,143.7,30.6,59.5,124.7,145.7,16.31,24.98,32.79,41.87,76.19
94141,276,14.0113609,120.4087989,320.9,990,1033.6,126.61,241.62,232.7,0.357,0,338.65,338.39,-0.3,0.35,-0.13,25.44,300.54,20.93,33.07,28.1,977.52,990.8,2.4,144.5,30.6,59.4,124.7,145.5,16.33,25.01,32.84,41.95,76.15
94142,276,14.0124249,120.4083669,320.9,1001,1033.9,126.61,241.44,232.6,0.358,0.1,338.67,338.4,-0.3,0.34,0.16,25.37,300.5,20.93,33.02,28.4,977.13,990.8,2.5,144.6,30.6,59.4,124.7,145.5,16.34,25.01,32.69,41.72,76.51
94143,276,14.0134888,120.4079361,321.0,995,1035,126.63,240.94,231.9,0.357,-0.1,338.75,338.44,-0.3,0.33,0.23,25.33,300.44,20.88,32.93,29.3,977.34,990.9,2.8,144.7,30.6,59.7,124.7,146.1,16.28,24.92,32.61,41.6,76.42
94144,276,14.0145534,120.4075064,321.0,992,1034.7,126.62,241.12,231.7,0.357,0.1,338.78,338.48,-0.3,0.44,0.14,25.41,300.52,20.9,33.03,30.8,977.45,990.9,2.7,144.5,30.6,59.7,124.7,146.1,16.3,24.97,32.78,41.85,76.17
94145,276,14.0156185,120.4070766,321.1,995,1034.7,126.62,240.94,231.9,0.358,0.1,338.85,338.52,-0.3,0.38,0.07,25.33,300.45,20.87,32.98,30.5,977.34,990.9,2.8,143.5,30.6,59.7,124.7,145.9,16.27,24.91,32.63,41.63,76.34
94146,276,14.0166831,120.4066475,321.2,998,1035.6,126.61,241.25,231.6,0.359,0.1,338.91,338.54,-0.4,0.34,0.08,25.34,300.46,20.9,33.02,30.3,977.24,990.9,2.6,140.5,30.6,59.7,124.7,145.9,16.3,24.95,32.64,41.65,76.45
94147,276,14.0177482,120.4062189,321.2,992,1035.3,126.62,241.19,232.4,0.358,0,338.93,338.56,-0.4,0.29,-0.18,25.3,300.4,20.99,32.96,30.9,977.45,990.9,2.7,140.9,30.6,59.5,124.7,145.6,16.39,25.1,32.55,41.52,77.11
94148,276,14.0188139,120.4057903,321.1,994,1033.8,126.63,241.44,232.2,0.357,-0.1,338.98,338.55,-0.4,0.31,-0.3,25.33,300.44,21.02,32.93,30.1,977.38,991,2.6,137.5,30.6,59.5,124.7,145.6,16.43,25.15,32.62,41.61,77.1
94149,276,14.019879,120.4053618,320.9,996,1034.1,126.64,241.19,232.2,0.357,-0.2,339.04,338.57,-0.5,0.26,-0.23,25.31,300.42,20.87,32.93,30.3,977.31,991,2.8,136.9,30.6,59.4,124.7,145.3,16.27,24.91,32.57,41.55,76.46
94150,276,14.0209447,120.4049338,320.7,999,1032.6,126.65,241.06,232,0.356,-0.2,338.98,338.62,-0.4,0.36,0.04,25.49,300.61,20.93,33.07,28.9,977.2,991,2.8,142.4,30.6,59.4,124.7,145.3,16.34,25.01,32.93,42.07,75.96
94151,276,14.0220104,120.4045063,320.6,997,1031,126.64,241.38,232.5,0.359,-0.1,338.87,338.63,-0.2,0.34,0.04,25.54,300.67,20.93,33.24,28.5,977.27,991,2.5,146.8,30.6,59.6,124.7,145.9,16.34,25.01,33.04,42.24,75.7
94152,276,14.0230767,120.4040795,320.5,992,1032,126.63,241.81,233.1,0.36,0,338.96,338.64,-0.3,0.38,-0.19,25.44,300.55,20.87,33.17,28.3,977.45,991,2.3,141.2,30.6,59.6,124.7,145.8,16.26,24.91,32.84,41.95,75.84
94153,276,14.0241424,120.4036521,320.7,999,1032,126.64,241.56,232,0.357,0.3,338.99,338.63,-0.4,0.42,-0.32,25.27,300.39,20.88,32.88,28.6,977.2,991,2.5,140.8,30.6,59.5,124.7,145.4,16.28,24.92,32.5,41.44,76.68
94154,276,14.0252081,120.4032252,321.0,994,1033,126.64,240.88,231.6,0.357,0.2,339.01,338.64,-0.4,0.35,-0.36,25.23,300.34,21.24,32.83,29.3,977.38,991,2.8,142.4,30.6,59.5,124.7,145.4,16.65,25.48,32.43,41.34,78.56
94155,276,14.0262744,120.4027978,321.2,1001,1032.7,126.65,240.75,232.2,0.356,0.2,338.99,338.62,-0.4,0.34,-0.46,25.01,300.14,21.47,32.59,28.9,977.13,990.9,2.9,142.5,30.6,59.4,124.8,145.2,16.9,25.85,32.01,40.71,80.74
94156,276,14.0273401,120.4023704,321.3,995,1033.6,126.66,240.56,231.9,0.356,0,339.04,338.61,-0.4,0.34,-0.38,25.31,300.42,21.19,32.88,29.3,977.34,991,3.1,140.7,30.6,59.4,124.8,145.2,16.6,25.4,32.58,41.56,77.97
94157,276,14.0284064,120.4019429,321.3,994,1034.7,126.67,240.88,232.3,0.358,-0.1,339,338.61,-0.4,0.35,-0.31,25.22,300.33,21.19,32.86,29.7,977.38,991,2.9,141.7,30.6,59.4,124.8,145.2,16.6,25.4,32.41,41.31,78.37
94158,276,14.0294721,120.4015149,321.2,1003,1033.6,126.67,241.06,231.7,0.357,0.1,338.99,338.61,-0.4,0.44,-0.36,25.2,300.34,21.06,32.81,29.3,977.06,990.9,2.8,141.5,30.6,59.4,124.8,145.2,16.47,25.21,32.37,41.24,77.88
94159,276,14.0305383,120.4010869,321.4,985,1034.5,126.67,240.94,232.4,0.357,0.2,339.04,338.59,-0.5,0.39,-0.44,25.16,300.24,21.12,32.76,29.2,977.7,990.9,2.9,138.9,30.6,59.5,124.8,145.1,16.52,25.3,32.29,41.13,78.34
94160,276,14.031604,120.4006589,321.7,990,1035.3,126.67,241,232.2,0.356,0.3,339,338.59,-0.4,0.41,-0.54,25.23,300.33,21.2,32.79,27.8,977.52,990.9,2.8,140.5,30.6,59.5,124.8,145.1,16.6,25.42,32.43,41.34,78.38
94161,276,14.0326698,120.4002309,321.9,1003,1035.5,126.68,240.75,232.4,0.357,0.2,338.96,338.55,-0.4,0.29,-0.61,25.26,300.4,21.07,32.85,27.6,977.06,990.9,3,140.9,30.6,59.4,124.8,145,16.48,25.22,32.48,41.41,77.65
94162,276,14.0337355,120.3998018,322.0,1002,1037,126.68,241,232.9,0.356,0.1,338.99,338.52,-0.5,0.36,-0.63,25.23,300.37,21.25,32.79,27.5,977.09,990.8,2.9,138,30.6,59.4,124.8,145,16.66,25.49,32.43,41.34,78.61
94163,276,14.0348006,120.3993721,322.0,982,1037.1,126.68,241.12,232.4,0.356,0,339.02,338.5,-0.5,0.4,-0.55,25.2,300.27,21.27,32.78,28.3,977.81,990.8,2.9,135.7,30.6,59.3,124.8,144.9,16.68,25.54,32.37,41.25,78.89
94164,276,14.0358657,120.3989418,322.0,1007,1036.5,126.67,241.06,232.3,0.357,0.1,339,338.49,-0.5,0.35,-0.38,25.13,300.28,21.18,32.74,28.9,976.92,990.8,2.9,136.1,30.6,59.3,124.8,144.9,16.6,25.39,32.24,41.05,78.75
94165,276,14.0369308,120.3985126,322.0,988,1036.8,126.68,241.31,233.1,0.358,0,338.93,338.5,-0.4,0.33,-0.29,25.11,300.2,21.46,32.74,28.9,977.59,990.8,2.7,138.4,30.6,59.4,124.8,145.3,16.88,25.83,32.2,41,80.22
94166,276,14.037996,120.3980823,322.1,999,1036.4,126.68,241.31,232.4,0.359,0,338.92,338.49,-0.4,0.37,-0.37,24.79,299.91,22.05,32.46,30.7,977.2,990.8,2.7,138.2,30.6,59.4,124.8,145.3,17.53,26.78,31.59,40.1,84.78
94167,276,14.0390611,120.3976521,322.1,995,1036.4,126.69,241.25,232.6,0.358,0,339.03,338.5,-0.5,0.34,-0.17,25.23,300.35,22.13,32.86,32,977.34,990.9,2.8,134.3,30.6,59.4,124.8,145.3,17.61,26.91,32.43,41.34,82.98
94168,276,14.0401268,120.3972229,322.1,997,1035.8,126.68,241.62,233.1,0.358,0,338.83,338.55,-0.3,0.3,0.04,25.23,300.35,21.3,32.9,32.6,977.27,990.9,2.5,144.2,30.6,59.4,124.8,145.3,16.72,25.58,32.44,41.34,78.88
94169,276,14.0411925,120.3967943,322.1,995,1035.2,126.69,241.75,233.2,0.359,0,338.71,338.56,-0.1,0.34,0.07,25.16,300.27,21.34,32.83,32.7,977.34,990.9,2.3,150.6,30.6,59.6,124.8,146.2,16.76,25.65,32.29,41.13,79.42
94170,276,14.0422582,120.3963658,322.1,993,1034.7,126.69,241.12,232.9,0.358,0,338.75,338.55,-0.2,0.4,-0.19,25.04,300.14,21.61,32.69,32,977.41,990.9,2.7,149.3,30.6,59.6,124.8,146.2,17.04,26.06,32.05,40.78,81.3
94171,276,14.0433239,120.395936,322.2,1005,1036.2,126.68,240.75,231.8,0.356,0.1,338.85,338.53,-0.3,0.36,-0.39,25.11,300.25,21.59,32.69,30.6,976.99,990.8,2.9,144.9,30.6,59.6,124.8,145.7,17.03,26.03,32.2,40.99,80.84
94172,276,14.044389,120.3955069,322.3,999,1035.9,126.7,240.75,231.8,0.358,0,338.98,338.53,-0.4,0.22,-0.35,25.1,300.22,21.42,32.73,29.6,977.2,990.8,3,139.9,30.6,59.6,124.9,145.6,16.85,25.77,32.18,40.96,80.08
94173,276,14.0454553,120.3950778,322.2,1002,1035.2,126.72,241.12,233.2,0.358,0,338.93,338.55,-0.4,0.37,-0.3,25.15,300.29,21.27,32.81,28.7,977.09,990.8,2.8,141.3,30.6,59.3,124.9,145.5,16.69,25.54,32.28,41.12,79.11
94174,276,14.046521,120.3946486,322.3,1006,1036.5,126.72,241.25,232.8,0.358,0.2,338.95,338.53,-0.4,0.33,-0.58,25.07,300.21,21.46,32.69,27.4,976.95,990.8,2.8,139.2,30.6,59.4,124.9,145.5,16.89,25.83,32.11,40.87,80.43
94175,276,14.0475867,120.3942189,322.4,1006,1036.8,126.72,241.06,231.8,0.356,0,338.97,338.52,-0.5,0.34,-0.57,25.07,300.22,21.44,32.64,27.4,976.95,990.9,2.9,138.6,30.6,59.3,124.9,145.1,16.87,25.8,32.13,40.89,80.3
94176,276,14.0486524,120.3937892,322.4,994,1036.8,126.71,241.31,232.8,0.36,0,338.93,338.51,-0.4,0.35,-0.36,25.03,300.14,21.26,32.74,28.3,977.38,990.9,2.7,139,30.6,59.3,124.9,145.1,16.67,25.51,32.04,40.76,79.62
94177,276,14.0497181,120.3933595,322.4,995,1036.1,126.71,241.62,232.8,0.358,0.1,338.95,338.48,-0.5,0.37,-0.25,24.74,299.85,21.79,32.39,28.6,977.34,991,2.6,135.8,30.6,59.5,124.9,145.4,17.24,26.36,31.5,39.96,83.69
94178,276,14.0507832,120.3929292,322.5,996,1036.8,126.7,241.5,233.2,0.359,0.2,339.03,338.5,-0.5,0.4,-0.28,24.89,300,22.08,32.57,28.9,977.31,991,2.7,133.6,30.5,59.5,124.9,145.3,17.56,26.83,31.77,40.37,84.44
94179,276,14.0518489,120.3924994,322.6,998,1037.4,126.68,241.94,234,0.359,0.1,339.02,338.5,-0.5,0.34,-0.32,24.86,299.98,21.89,32.54,29.8,977.24,991,2.5,131.6,30.5,59.5,124.9,145.4,17.35,26.51,31.72,40.29,83.58
94180,276,14.0529141,120.3920697,322.8,1003,1037.8,126.67,242.69,233.4,0.359,0.1,339.11,338.47,-0.6,0.34,-0.38,24.91,300.04,22.38,32.61,29.9,977.06,991,2.3,121.1,30.5,59.5,124.9,145.4,17.9,27.33,31.81,40.43,85.9
94181,276,14.0539786,120.3916389,322.8,994,1038.4,126.66,242.44,234,0.36,-0.1,339.26,338.48,-0.8,0.28,-0.3,25,300.11,22.55,32.73,29.5,977.38,990.9,2.6,117.3,30.5,59.4,124.9,145.1,18.08,27.6,31.99,40.69,86.28
94182,276,14.0550443,120.3912097,322.7,1000,1037.8,126.66,242.25,233.6,0.36,0,339.15,338.53,-0.6,0.38,0.05,24.77,299.89,22.36,32.47,29.1,977.17,990.9,2.4,125.3,30.5,59.4,124.9,145.1,17.87,27.3,31.55,40.04,86.52
94183,276,14.0561095,120.3907806,322.9,988,1038.8,126.65,242.5,233.9,0.359,0.4,339.16,338.55,-0.6,0.27,0.23,24.79,299.88,22.78,32.47,28.2,977.59,990.9,2.3,123.4,30.5,59.7,124.9,145.6,18.34,28,31.59,40.1,88.62
94184,276,14.0571752,120.3903526,323.4,1001,1039.4,126.68,242.38,233.2,0.359,0.6,339.22,338.63,-0.6,0.23,0.43,24.77,299.89,22.68,32.44,27.6,977.13,990.9,2.4,126,30.5,59.7,124.9,145.5,18.23,27.82,31.54,40.03,88.18
94185,276,14.0582414,120.3899251,323.8,993,1041.4,126.67,241.94,232.6,0.359,0.3,339.14,338.65,-0.5,0.33,0.07,24.7,299.8,22.66,32.37,27.7,977.41,990.9,2.5,133.1,30.5,59.8,124.9,146.5,18.2,27.78,31.41,39.83,88.45
94186,276,14.0593083,120.3894989,323.9,998,1042.3,126.68,241.81,233,0.359,0,339.14,338.66,-0.5,0.2,-0.63,24.77,299.89,22.64,32.44,28,977.24,990.9,2.5,134.1,30.5,59.8,124.9,146.5,18.18,27.75,31.55,40.05,87.95
