NASA Data Processing/CAMP2Ex/MetNav/CAMP2EX-MetNav_P3B_20191003_R0.ict
74,1001
Project Office
NSRC - National Suborbital Research Center
N426NA Meteorological and Navigation Facility Instrumentation
CAMP2EX
1,1
2019,10,03,2020,03,16
1
Time_Start, seconds (from midnight UTC)
34
1,1,1,1,1,1,1,1,1,1,1,1,1,1,1,1,1,1,1,1,1,1,1,1,1,1,1,1,1,1,1,1,1,1
-9999,-9999,-9999,-9999,-9999,-9999,-9999,-9999,-9999,-9999,-9999,-9999,-9999,-9999,-9999,-9999,-9999,-9999,-9999,-9999,-9999,-9999,-9999,-9999,-9999,-9999,-9999,-9999,-9999,-9999,-9999,-9999,-9999,-9999
Day_Of_Year, day, None, calendar day beginning January 1
Latitude, deg, Platform_Latitude_InSitu_None
Longitude, deg, Platform_Longitude_InSitu_None
GPS_Altitude, m, Platform_AltitudeMSL_InSitu_None
Pressure_Altitude, ft, Platform_AltitudePressure_InSitu_None
Radar_Altitude, ft, Platform_AltitudeAGL_InSitu_None
Ground_Speed, m/s, Platform_GroundSpeed_InSitu_None
True_Air_Speed, kts, Platform_AircraftTrueAirSpeed_InSitu_None
Indicated_Air_Speed, kts, Platform_AircraftIndicatedAirSpeed_InSitu_None
Mach_Number, mach, None
Vertical_Speed, m/s, None
True_Heading, deg 0-360, Platform_HeadingTrue_InSitu_None, cw from +y
Track_Angle, deg 0-360, Platform_TrackAngle_InSitu_None, cw from +y
Drift_Angle, deg +-180, Platform_DriftAngle_InSitu_None, cw from +y
Pitch_Angle, deg +-180, Platform_PitchAngle_InSitu_None, up+
Roll_Angle, deg +-180, Platform_RollAngle_InSitu_None, rt+
Static_Air_Temp, degrees Celcius, Met_StaticAirTemperature_InSitu_None
Potential_Temp, Kelvin, Met_PotentialTemperature_InSitu_None
Dew_Point, degrees Celcius, Met_DewPoint_InSitu_None
Total_Air_Temp, degrees Celcius, None
IR_Surf_Temp, degrees Celcius, Met_SufaceTemperature_InSitu_None
Static_Pressure, hPa, Met_StaticPressure_InSitu_None
Cabin_Pressure, hPa, None
Wind_Speed, m/s, Met_WindSpeed_InSitu_None, limited to where Roll_Angle does not exceed 5 degrees
Wind_Direction, deg 0-360 cw from +y, Met_WindDirection_InSitu_None, limited to where Roll_Angle does not exceed 5 degrees
Solar_Zenith_Angle, deg, Platform_SolarZenithAngle_InSitu_None
Aircraft_Sun_Elevation, deg, None
Sun_Azimuth, deg, Platform_SolarAzimuthAngle_InSitu_None
Aircraft_Sun_Azimuth, deg, None
Mixing_Ratio, g/kg, Met_H2OMR_InSitu_None
Part_Press_Water_Vapor, hPa, Met_PartialPressureH2O_InSitu_None
Sat_Vapor_Press_H2O, hPa, Met_SatVaporPressureH2OWater_InSitu_None
Sat_Vapor_Press_Ice, hPa, Met_SatVaporPressureH2OIce_InSitu_None
Relative_Humidity, percent, Met_RelativeHumidityWater_InSitu_None
0
26
PI_CONTACT_INFO: Melissa Yang Martin, m.yang@baeri.org
Platform: NASA P-3 N426NA
LOCATION: Included in data records
ASSOCIATED_DATA: This flight represents CAMP2EX Science Flight #18 out of Clark Air Base, Philippines. See CAMP2EX archive on Langley archive at https://www-air.larc.nasa.gov/missions/camp2ex/index.html
INSTRUMENT_INFO: Position, attitude, ground speed, and vertical speed from LN251 EGI
	Wind_Speed and Wind_Direction calculated from LN251 EGI, Sperry Aircraft Data Computer
	Radar_Altitude from APN-232
	Total_Air_Temperature from Rosemount 102 type non-deiced SN# 3435 with Romsemount/Goodrich signal conditioner SN# 217
	IR_Surface_Temp from KT-19.85II SN#2750
    Cabin_Pressure from MKS Baratron 220D SN#016475262
	Dew_Point and calculated water vapor parameters from Edgetech Vigilant Hygrometer sensor SN# 1803 and analyzer SN# 36832
[...]
DM_CONTACT_INFO: Ryan Bennett, r.bennett@baeri.org
PROJECT_INFO: N/A
STIPULATIONS_ON_USE: Data users are strongly encouraged to contact both the instrument PI and data manager for information on instrument caveats and best practices. Otherwise, CAMP2EX data management protocols apply.
OTHER_COMMENTS: Wind_Speed and Wind_Direction flagged where Roll_Angle exceeds 5 degrees. Potential temperature derived from static air temperature and static pressure. Segments of Relative_Humidity, Mixing_Ratio, and Partial_Press_Water_Vapor may be flagged during times of cloud penetration. Use caution during these segments when evaluating Dew_Point or Static_Air_Temperature. 
REVISION: R0
R0: Preliminary public release of aircraft dataset. Calibration of edgetech vigilant hygrometer, mks baratron cabin pressure transducer, kt-19 infrared pyrometer applied. 
RA: Preliminary field data with minimal QC. Limits of detection applied; total air temperature calibration of sensing element and signal conditioner applied.
Time_Start,Day_Of_Year,Latitude,Longitude,GPS_Altitude,Pressure_Altitude,Radar_Altitude,Ground_Speed,True_Air_Speed,Indicated_Air_Speed,Mach_Number,Vertical_Speed,True_Heading,Track_Angle,Drift_Angle,Pitch_Angle,Roll_Angle,Static_Air_Temp,Potential_Temp,Dew_Point,Total_Air_Temp,IR_Surf_Temp,Static_Pressure,Cabin_Pressure,Wind_Speed,Wind_Direction,Solar_Zenith_Angle,Aircraft_Sun_Elevation,Sun_Azimuth,Aircraft_Sun_Azimuth,Mixing_Ratio,Part_Press_Water_Vapor,Sat_Vapor_Press_H2O,Sat_Vapor_Press_Ice,Relative_Humidity
[from data line 13351]
95860,276,14.5743091,121.1390457,775.1,2479,2367.9,99.44,192.06,181.5,0.286,-3.4,242.22,243.06,0.8,-3.43,-1.39,22.27,302.01,20.18,27.11,36.5,925.71,983.3,1.6,128.9,25.2,64.7,136.9,-112,16.47,23.88,27.14,33.64,88
95861,276,14.5738994,121.1382223,771.5,2468,2387.5,99.8,192.62,183.1,0.289,-4,241.88,242.75,0.9,-3.75,-1.84,22.23,301.94,20.29,27.18,36.6,926.08,983.3,1.7,127.3,25.2,65.1,136.9,-113.5,16.58,24.04,27.08,33.55,88.79
95862,276,14.5734835,121.1373979,767.8,2447,2417.6,100.17,193.38,183.4,0.289,-3.6,242.02,242.44,0.4,-3.55,-2.1,22.22,301.86,20.34,27.14,37,926.8,983.5,1,108.6,25.2,65.1,136.9,-113.5,16.61,24.11,27.05,33.51,89.14
95863,276,14.5730635,121.1365722,764.4,2450,2422,100.55,193.94,183.1,0.29,-3.4,242.02,242.29,0.3,-4.03,-1.79,22.34,302,20.19,27.31,36.9,926.7,983.5,-8888,-9999,25.2,65.7,136.9,-114.6,16.46,23.9,27.26,33.81,87.65
95864,276,14.5726395,121.1357449,760.6,2434,2439,100.96,194.25,184.3,0.292,-4.5,241.62,242.15,0.5,-4.69,-1.58,22.37,301.98,20.21,27.4,39.3,927.24,983.6,1.4,104.1,25.2,65.7,136.9,-114.3,16.47,23.93,27.31,33.88,87.61
95865,276,14.5722109,121.1349152,755.9,2418,2402.6,101.4,195.75,185.9,0.295,-4.8,241.41,241.89,0.5,-4.42,-1.38,22.17,301.72,20.43,27.3,38.3,927.79,983.6,1.1,112.5,25.2,64.8,136.9,-115.6,16.69,24.24,26.98,33.4,89.87
95866,276,14.5717783,121.1340833,751.0,2407,2399.6,101.63,195.94,185.4,0.293,-5.2,241.32,241.85,0.5,-4.6,0.19,22.38,301.89,20.47,27.45,37.9,928.16,983.7,1.2,110.1,25.2,64.8,136.9,-115.5,16.72,24.3,27.32,33.89,88.97
95867,276,14.5713446,121.1332514,745.7,2383,2374.4,101.79,196.06,184.7,0.292,-5.3,241.48,241.74,0.3,-4.13,-1.5,22.47,301.92,20.3,27.52,39.3,928.98,983.7,1,87.3,25.2,63.3,136.9,-113.7,16.53,24.06,27.47,34.12,87.56
95868,276,14.5709069,121.1324194,740.5,2373,2337.5,101.99,196,187,0.294,-5.5,241.92,241.52,-0.4,-4.7,-2.6,22.49,301.9,20.43,27.6,40.4,929.32,983.7,1.4,30.6,25.2,63.3,136.9,-114.1,16.66,24.24,27.51,34.16,88.14
95869,276,14.5704663,121.1315875,735.3,2355,2336.3,102.09,197.38,188.1,0.297,-5.1,241.78,241.4,-0.4,-4.54,-3.44,22.44,301.8,20.55,27.65,39.7,929.94,983.7,-8888,-9999,25.2,65.7,136.9,-117.2,16.78,24.43,27.43,34.05,89.08
95870,276,14.5700239,121.1307556,730.1,2336,2337,102.16,199.19,187.8,0.297,-5.4,240.95,241.32,0.4,-4.81,-3.04,22.59,301.89,20.39,27.82,38.3,930.59,983.7,-8888,-9999,25.2,65.7,137,-116.7,16.6,24.19,27.67,34.4,87.39
95871,276,14.5695788,121.1299242,724.5,2327,2329.1,102.22,198.56,186.1,0.291,-5.7,239.66,240.99,1.3,-4.21,-2.21,22.67,301.94,20.42,27.69,38.7,930.89,983.8,2.4,148.6,25.2,66.2,137,-116.2,16.62,24.23,27.81,34.6,87.13
95872,276,14.569129,121.129098,719.1,2302,2312.6,101.79,197.5,186.4,0.293,-5,239.26,240.58,1.3,-3.41,-2.46,22.74,301.93,20.47,27.82,40.2,931.75,983.8,2.3,145.4,25.2,66.3,137,-115.2,16.66,24.3,27.92,34.76,87.03
95873,276,14.5686752,121.1282781,714.1,2282,2292.8,101.51,196.94,185.4,0.293,-5.5,240.06,240.27,0.2,-5.04,-2.65,22.74,301.87,20.3,27.82,40.1,932.43,983.8,-8888,-9999,25.2,66.3,137,-112.2,16.47,24.06,27.93,34.77,86.12
95874,276,14.5682203,121.1274622,707.9,2264,2269.3,101.18,195.62,184.1,0.286,-6.8,240.72,240.21,-0.5,-5.05,-1.15,22.97,302.05,20.38,27.82,40.7,933.05,983.8,1.1,1.5,25.2,66.3,137,-112.9,16.54,24.17,28.31,35.33,85.37
95875,276,14.5677682,121.1266475,700.9,2247,2252,100.91,194.19,182.5,0.287,-7.2,240.74,240.44,-0.3,-5.36,0.36,22.86,301.88,20.5,27.75,40.3,933.63,983.8,1.1,33.2,25.2,64.4,137,-115.3,16.65,24.35,28.13,35.07,86.54
95876,276,14.5673196,121.1258333,693.3,2224,2233.7,100.69,192.94,181.1,0.286,-8,240.19,240.48,0.3,-5.65,0.22,22.98,301.93,20.29,27.82,40.1,934.42,983.9,1.5,79.7,25.1,64.5,137,-114.8,16.43,24.04,28.33,35.35,84.85
95877,276,14.5668704,121.1250214,685.2,2192,2201.5,100.53,191.94,181.9,0.286,-8,240.46,240.34,-0.1,-5.43,-1.37,23.16,302.02,20.31,28.01,40,935.52,983.9,1.8,53.9,25.1,62.9,137,-114.4,16.43,24.07,28.65,35.81,84.02
95878,276,14.56642,121.1242112,677.0,2173,2178.6,100.4,191.12,179.4,0.282,-8.2,240.97,240.27,-0.7,-5.06,-2.32,23.32,302.11,20.25,28.04,40.9,936.17,983.9,2.4,30.2,25.1,62.8,137,-114.9,16.35,23.98,28.92,36.2,82.93
95879,276,14.5659697,121.1234028,669.1,2146,2153.6,100.22,191,180.2,0.283,-7.4,241.03,240.11,-0.9,-4.66,-3.54,23.31,302.02,20.34,28.06,43.5,937.1,983.9,2.5,21.3,25.1,65.3,137,-116.7,16.43,24.11,28.9,36.18,83.43
95880,276,14.5655182,121.1225978,661.8,2122,2119.8,100,190.81,180.7,0.284,-7.4,240.7,239.98,-0.7,-5.02,-2.66,23.39,302.03,20.26,28.16,45.2,937.92,983.9,2.2,26.1,25.1,65.4,137,-116.6,16.33,24,29.04,36.38,82.62
95881,276,14.5650656,121.1217962,654.5,2097,2072.8,99.77,190.81,180.5,0.283,-7.2,240.12,239.76,-0.4,-4.77,-2.33,23.56,302.12,20.26,28.3,47.5,938.78,984,1.7,38.9,25.1,65.8,137,-116.3,16.32,24,29.34,36.81,81.8
95882,276,14.5646106,121.1209975,647.7,2081,2072.8,99.54,191.06,181.6,0.284,-6.8,239.85,239.62,-0.2,-5.23,-2.12,23.47,301.98,20.6,28.26,49.2,939.34,983.9,1.3,41.9,25.1,65.8,137,-115.9,16.66,24.51,29.19,36.59,83.96
95883,276,14.5641551,121.1202028,640.7,2058,2056.1,99.29,191.5,180.8,0.283,-6.9,239.63,239.44,-0.2,-4.78,-1.26,23.38,301.81,20.49,28.13,48.8,940.13,983.9,-8888,-9999,25.1,65.3,137,-115.5,16.53,24.33,29.02,36.34,83.85
95884,276,14.5636985,121.119411,633.8,2039,2036.7,99.02,190.69,180.5,0.283,-6.8,239.74,239.34,-0.4,-4.47,-1.65,23.38,301.75,20.54,28.14,48.4,940.78,983.9,1.1,22.9,25.1,65.3,137,-115.5,16.57,24.42,29.03,36.36,84.12
95885,276,14.563243,121.1186215,627.1,2013,2017.2,98.66,189.94,179.1,0.281,-6.7,239.76,239.35,-0.4,-4.04,-0.7,23.51,301.81,20.68,28.2,46.1,941.68,984,1.2,22.9,25.1,65.2,137,-113.6,16.7,24.62,29.26,36.7,84.15
95886,276,14.5627904,121.1178354,620.7,2005,1996.8,98.24,189.75,179.3,0.28,-6.3,239.65,239.42,-0.2,-4.04,0.84,23.74,302.01,20.45,28.42,43.2,941.96,984.1,-8888,-9999,25.1,65.2,137,-113.5,16.45,24.27,29.67,37.29,81.81
95887,276,14.5623412,121.1170516,614.1,1976,1969.9,97.84,189.44,179.2,0.281,-7.1,239.52,239.62,0.1,-4.29,1.89,24.05,302.23,20.28,28.74,41.9,942.96,984.1,-8888,-9999,25.1,63.1,137,-110.4,16.26,24.03,30.22,38.09,79.51
95888,276,14.561896,121.1162683,607.3,1952,1947.5,97.48,188.75,178.7,0.28,-6.5,239.74,239.8,0.1,-3.82,1.82,24.08,302.18,20.1,28.72,41.4,943.79,984.2,-8888,-9999,25.1,63.1,137,-110.4,16.06,23.75,30.27,38.16,78.48
95889,276,14.5614554,121.1154874,601.0,1936,1936.2,97.08,188.12,178.6,0.278,-6.4,240.29,240,-0.3,-4.27,1.59,24.22,302.28,19.84,28.82,42.6,944.34,984.3,-8888,-9999,25.1,62.2,137.1,-109.7,15.79,23.38,30.53,38.54,76.6
95890,276,14.5610188,121.1147082,594.5,1915,1913.5,96.7,187.44,176.5,0.277,-6.8,240.97,240.18,-0.8,-4.15,1.33,24.23,302.22,19.77,28.79,39.9,945.07,984.3,1.4,342,25.1,62.2,137.1,-110.2,15.7,23.27,30.54,38.56,76.19
95891,276,14.5605868,121.1139295,587.8,1887,1874.7,96.34,187,178.9,0.277,-6.3,241.51,240.45,-1.1,-3.91,0.93,24.31,302.22,19.99,28.87,38.2,946.04,984.4,1.8,335.6,25.1,62.5,137.1,-111.8,15.91,23.6,30.69,38.78,76.88
95892,276,14.5601593,121.113152,581.6,1875,1846.8,96.08,187.19,175.9,0.276,-6.5,241.66,240.63,-1,-4.42,0.35,24.21,302.08,20.04,28.76,37,946.45,984.4,1.7,323.9,25.1,62.4,137.1,-112,15.95,23.67,30.52,38.52,77.56
95893,276,14.5597353,121.1123756,575.2,1857,1852.7,95.82,186.88,177.9,0.277,-5.9,241.53,240.8,-0.7,-3.77,0.81,24.16,301.97,20.38,28.72,35.8,947.08,984.4,1.3,316.6,25.1,63.3,137.1,-113.4,16.29,24.17,30.43,38.4,79.43
95894,276,14.5593148,121.1115999,569.4,1837,1841,95.5,185.94,175.6,0.275,-5.8,241.22,241.01,-0.2,-3.83,0.77,24.18,301.92,20.48,28.67,35.4,947.77,984.5,-8888,-9999,25.1,63.3,137.1,-113.1,16.38,24.32,30.45,38.42,79.86
95895,276,14.5588965,121.1108264,563.5,1816,1801.3,95.16,184.5,175.5,0.272,-5.9,241.03,240.97,-0.1,-3.66,-0.58,24.32,302,20.38,28.72,35.3,948.5,984.5,-8888,-9999,25.1,63.1,137.1,-111.4,16.26,24.17,30.71,38.81,78.7
95896,276,14.5584788,121.1100557,557.7,1804,1786.3,94.86,182.81,172.1,0.27,-5.5,241.25,240.83,-0.4,-3.32,-2.55,24.39,302.04,20.53,28.72,36.2,948.91,984.6,1.1,20.7,25.1,63.1,137.1,-111.5,16.42,24.4,30.85,39.01,79.11
95897,276,14.5580612,121.1092891,552.5,1786,1767.3,94.53,182.88,174.1,0.273,-5.1,241.35,240.74,-0.6,-4.01,-1.96,24.38,301.97,20.42,28.81,40.2,949.54,984.6,1.1,355.4,25.1,66.4,137.1,-113.7,16.29,24.23,30.82,38.97,78.62
95898,276,14.5576429,121.1085254,547.0,1767,1744.7,94.3,182.81,173.1,0.272,-5.7,241.09,240.71,-0.4,-4.26,0.12,24.28,301.81,20.89,28.67,43.6,950.2,984.6,-8888,-9999,25.1,66.4,137.1,-113.5,16.76,24.94,30.64,38.7,81.39
95899,276,14.5572287,121.1077616,541.6,1744,1738.7,94.06,184.12,176.2,0.273,-5.4,240.47,241.03,0.6,-4.28,1.77,24.24,301.7,20.9,28.69,44.4,951,984.7,1.1,186.3,25.1,63.7,137.1,-112.5,16.77,24.97,30.57,38.61,81.66
95900,276,14.556819,121.1069979,535.9,1730,1711.6,93.82,184.12,174.3,0.271,-6,239.99,241.12,1.1,-4.3,1.29,24.31,301.72,20.81,28.69,42.9,951.49,984.7,2.1,176.5,25.1,63.7,137.1,-111.9,16.66,24.82,30.69,38.79,80.85
95901,276,14.5564093,121.106237,530.1,1709,1699.7,93.56,182.94,172,0.268,-5.5,240.66,241.1,0.4,-3.68,1.38,24.35,301.69,20.98,28.62,42.7,952.22,984.8,-8888,-9999,25.1,62.6,137.1,-111.1,16.83,25.09,30.76,38.89,81.54
95902,276,14.5560037,121.1054767,525.1,1696,1681.8,93.25,181.06,169.5,0.265,-4.7,241.42,241.51,0.1,-3.91,1.32,24.45,301.76,20.98,28.64,41.1,952.67,984.8,-8888,-9999,25.1,62.5,137.1,-111.9,16.82,25.09,30.96,39.17,81.03
95903,276,14.5556043,121.1047163,520.3,1678,1675.4,92.95,180.62,172.1,0.268,-4.9,241.25,241.75,0.5,-4.01,0.07,24.34,301.59,20.98,28.62,41.1,953.3,984.8,-8888,-9999,25.1,62.6,137.1,-111.3,16.81,25.09,30.75,38.86,81.59
95904,276,14.5552084,121.1039572,515.4,1668,1649.6,92.63,179.88,169.5,0.263,-4.9,240.7,241.82,1.1,-3.31,-0.66,24.52,301.74,21.04,28.64,40.7,953.65,984.9,1.8,148.3,25.1,62.6,137.1,-110.9,16.87,25.18,31.09,39.37,80.98
95905,276,14.5548136,121.1032014,510.5,1648,1631.3,92.1,180.25,171.8,0.266,-5.2,240.49,241.74,1.3,-2.92,-1.28,24.53,301.68,20.9,28.76,38.2,954.34,985,2.1,168.3,25.1,64.7,137.1,-111.1,16.7,24.95,31.1,39.37,80.24
95906,276,14.5544183,121.1024526,505.4,1639,1620,91.56,179.25,170.8,0.266,-5.1,240.92,241.39,0.5,-3.09,-0.68,24.69,301.82,20.85,28.92,36.5,954.66,985.1,-8888,-9999,25.1,64.7,137.1,-111.1,16.64,24.88,31.41,39.83,79.21
95907,276,14.554023,121.1017083,500.1,1619,1597.9,91.09,177.12,165.8,0.26,-5.6,241.98,241.45,-0.5,-3.03,-0.25,24.77,301.84,20.8,28.81,39,955.36,985.1,-8888,-9999,25.1,64.8,137.2,-111.7,16.58,24.8,31.55,40.04,78.62
95908,276,14.5536328,121.1009669,494.2,1602,1584.5,90.67,175.38,165.8,0.258,-5.7,242.71,241.62,-1.1,-2.9,0.1,24.95,301.96,20.64,28.91,40,955.95,985.2,1.8,346.9,25.1,64.8,137.2,-112.5,16.41,24.57,31.88,40.53,77.05
95909,276,14.553246,121.1002267,488.7,1577,1567.2,90.31,173.75,163.9,0.255,-5.4,242.69,241.85,-0.8,-3.05,0.15,25.03,301.97,20.61,28.92,39.9,956.82,985.3,1.6,7.5,25.1,64.1,137.2,-111.8,16.36,24.52,32.05,40.77,76.52
95910,276,14.5528627,121.0994887,483.3,1566,1545.1,89.96,172.25,162.3,0.254,-5.3,242.24,241.92,-0.3,-3.01,-0.93,25.04,301.94,20.83,28.87,39.8,957.21,985.4,1.4,41.6,25.1,64.1,137.2,-111.4,16.58,24.85,32.06,40.79,77.5
95911,276,14.5524806,121.0987542,478.1,1542,1527.7,89.59,171.94,163.8,0.255,-5,241.87,241.85,0,-3.07,-1.21,24.9,301.72,20.73,28.77,40.3,958.05,985.5,1.1,60.5,25.1,65,137.2,-112.1,16.46,24.7,31.79,40.4,77.69
95912,276,14.552099,121.0980236,473.0,1537,1510,89.22,171.44,162.8,0.254,-5.3,241.67,241.74,0.1,-3.15,-1.28,24.94,301.76,20.78,28.79,40.9,958.22,985.6,1,67.1,25.1,65,137.2,-111.8,16.51,24.77,31.88,40.53,77.7
95913,276,14.5517174,121.097296,467.6,1503,1499.3,88.86,171.12,163.9,0.254,-5,241.69,241.62,-0.1,-2.38,-2.74,24.94,301.64,20.89,28.79,44.8,959.41,985.6,-8888,-9999,25.1,65.3,137.2,-112.4,16.6,24.94,31.86,40.5,78.26
95914,276,14.5513358,121.0965729,462.9,1499,1493.1,88.41,171.75,164.4,0.255,-4.8,241.36,241.44,0.1,-2.41,-3.53,25.01,301.7,20.86,28.87,44.6,959.55,985.7,-8888,-9999,25.1,65.3,137.2,-112.3,16.56,24.89,32,40.71,77.78
95915,276,14.5509519,121.0958556,458.1,1483,1450.3,88,170.88,163.2,0.253,-4.5,240.7,241.01,0.3,-1.78,-3.97,25.03,301.67,20.87,28.84,40,960.11,985.7,-8888,-9999,25.1,67.7,137.2,-112.1,16.56,24.91,32.04,40.77,77.73
95916,276,14.5505646,121.0951451,453.9,1476,1451.4,87.46,169.25,160.4,0.252,-4,240.54,240.57,0,-2.13,-3.07,25.2,301.82,20.79,28.98,39.4,960.36,985.8,-8888,-9999,25,67.7,137.2,-111.7,16.48,24.79,32.37,41.24,76.58
95917,276,14.5501761,121.0944415,449.4,1458,1422.7,86.97,169.25,161.3,0.25,-4.9,240.38,240.4,0,-2.47,-1.26,25.25,301.81,20.8,28.99,40.1,960.99,985.8,-8888,-9999,25,67.5,137.2,-110.4,16.48,24.8,32.46,41.38,76.41
95918,276,14.5497865,121.0937425,444.6,1437,1434.2,86.65,168.5,160.2,0.249,-4.7,240.21,240.27,0.1,-2.17,-1.19,25.29,301.79,20.85,28.99,40.2,961.73,985.9,-8888,-9999,25,67.5,137.2,-110.3,16.52,24.88,32.55,41.51,76.43
95919,276,14.5493957,121.0930452,439.9,1431,1413.7,86.53,168.88,161.2,0.251,-4.8,240.06,240.04,0,-2.72,-1.52,25.41,301.89,20.81,29.16,40.6,961.94,985.9,-8888,-9999,25,65.7,137.2,-108.6,16.47,24.82,32.77,41.84,75.73
95920,276,14.5490038,121.0923508,435.0,1415,1400.1,86.41,168.31,159.6,0.25,-4.9,240.4,239.82,-0.6,-2.3,-1.11,25.34,301.77,20.78,29.06,40.6,962.5,986,-8888,-9999,25,65.7,137.2,-108.8,16.43,24.77,32.64,41.65,75.9
95921,276,14.5486108,121.0916586,430.4,1396,1355.7,86.27,167.25,158.5,0.247,-4.4,240.54,239.86,-0.7,-2.17,-0.45,25.48,301.86,20.74,29.11,44.7,963.17,986.1,1.1,342.9,25,65.6,137.2,-109.4,16.38,24.71,32.92,42.06,75.08
95922,276,14.54822,121.0909665,426.0,1377,1344.9,86.15,166.75,159.3,0.247,-4.4,240.16,239.92,-0.2,-2.31,-0.67,25.5,301.81,20.84,29.13,46.1,963.83,986.2,-8888,-9999,25,65.6,137.2,-109.2,16.47,24.86,32.95,42.1,75.46
95923,276,14.5478293,121.0902749,421.8,1376,1344.1,86.03,166.75,159.8,0.247,-4.2,239.71,239.78,0.1,-2.19,-1.55,25.48,301.79,20.52,29.11,47.3,963.87,986.3,-8888,-9999,25,65.2,137.2,-108.3,16.14,24.37,32.91,42.05,74.06
95924,276,14.5474374,121.0895863,417.7,1360,1344.1,85.89,166.62,158.1,0.244,-4.2,239.38,239.59,0.2,-2.26,-1.92,25.46,301.72,20.53,29.03,46.2,964.43,986.4,-8888,-9999,25,65.2,137.2,-107.9,16.15,24.4,32.88,42,74.23
95925,276,14.5470438,121.0889004,413.4,1342,1325.2,85.76,165.88,158.8,0.246,-4,239,239.48,0.5,-1.93,0.3,25.59,301.79,20.54,29.2,44.1,965.07,986.4,-8888,-9999,25,66.4,137.3,-108.4,16.15,24.42,33.12,42.36,73.73
95926,276,14.5466507,121.0882157,409.4,1327,1311.5,85.59,165.19,157.6,0.243,-3.9,238.82,239.51,0.7,-1.9,1.91,25.54,301.69,21.12,29.08,44.9,965.59,986.5,1.2,118.3,25,66.4,137.3,-108.1,16.73,25.3,33.02,42.21,76.6
95927,276,14.5462582,121.0875316,405.6,1320,1299,85.38,166,160.3,0.247,-4,239.28,239.65,0.4,-1.74,1.94,25.43,301.57,20.8,29.08,45.8,965.84,986.6,-8888,-9999,25,62.9,137.3,-105,16.39,24.8,32.82,41.91,75.57
95928,276,14.5458703,121.0868475,401.8,1307,1281,85.16,166.75,160.6,0.248,-3.3,239.8,239.94,0.1,-1.09,1.76,25.67,301.76,19.79,29.33,49.5,966.3,986.6,-8888,-9999,25,62.9,137.3,-105.5,15.37,23.3,33.28,42.6,70
95929,276,14.545487,121.0861634,398.9,1302,1260.5,84.97,167.19,160.4,0.248,-2.7,240.02,240.16,0.1,-1.74,1.29,25.71,301.79,19.74,29.4,50.1,966.47,986.6,1.1,228.8,25,63.2,137.3,-104.4,15.32,23.23,33.37,42.72,69.62
95930,276,14.545106,121.0854793,395.9,1293,1265,84.8,167.12,160.6,0.249,-3.5,239.99,240.34,0.3,-1.99,2.2,25.62,301.67,20.13,29.33,51.4,966.79,986.7,1.3,216.7,25,63.2,137.3,-104.4,15.7,23.8,33.19,42.45,71.71
95931,276,14.5447284,121.0847958,392.4,1277,1227.6,84.67,166.94,158.3,0.246,-3.6,240.2,240.58,0.4,-1.94,3.22,25.68,301.68,20.66,29.3,52,967.36,986.7,1.3,215,25,62.6,137.3,-106,16.23,24.6,33.31,42.64,73.84
95932,276,14.5443543,121.0841099,388.7,1271,1200.6,84.62,166.06,158.4,0.245,-3.7,240.58,241,0.4,-1.99,4.27,25.5,301.48,20.9,29.09,48.7,967.57,986.7,1,202.9,25,62.6,137.3,-106.2,16.47,24.97,32.96,42.12,75.75
95933,276,14.5439865,121.0834224,385.0,1256,1192.5,84.52,165.75,159.2,0.244,-3.5,240.95,241.39,0.4,-1.86,2.69,25.66,301.59,20.42,29.23,46.3,968.1,986.8,-8888,-9999,25,60.5,137.3,-105.4,15.97,24.23,33.26,42.57,72.85
