NASA Data Processing/CAMP2Ex/CCN/CAMP2Ex-CCN_P3B_20190830_R1.ict
46, 1001
Nenes, Athanasios
Georgia Institute of Technology
CCN Number Concentrations from the DMT Continuous-Flow CCN Counter on the NASA P3B
CAMP2Ex (2019)
1, 1
2019, 08, 30, 2021, 01, 20
1
Time_Start, secs after midnight, time of acquisition
8
1, 1, 1, 1, 1, 1, 1, 1
-9999, -9999, -9999, -9999, -9999, -9999, -9999, -9999
Number_Concentration_STP, #/cm3, AerMP_CCN_InSitu_None_None_Bulk_NumConcSTP, CCN number concentration at 0 Celsius and 1 atm, system RH variable during scanning mode operation
Number_Concentration, #/cm3, AerMP_CCN_InSitu_None_None_Bulk_NumConcAMB, CCN number concentration at ambient conditions, system RH variable during scanning mode operation
CCN_Supersaturation, %, None, CCNC instrument supersaturation
CCN_LLOD, #/cm3, None, CCN number concentration lower limit of detection
CCN_TotalSFCAFlow, cm3/min, None, Measured CCN instrument flowrate in scanning mode operation
CCN_Pressure, mbar, None, Measured CCN instrument pressure
CCN_DeltaT, degrees C, None, Measured CCN instrument delta T during operation
CCN_Mode, unitless, None, CCN Mode identifier flag
1
SPECIAL COMMENTS: Concentrations are dependent on supersaturation
23 
PI_CONTACT_INFO: Athanasios Nenes (athanasios.nenes@epfl.ch) and Rodney Weber (rweber@eas.gatech.edu)
PLATFORM: NASA P-3
LOCATION: The aircraft was stationed at Clark Freeport in the Philippines. Latitude, longitude, and altitude included in cabin files.
ASSOCIATED_DATA: Aerosol size information used for in-flight calibrations are taken from the RF2 and RF8 FIMS and AMS data R1 files.
INSTRUMENT_INFO: Droplet Measurement Technologies Stream-wise Thermal Gradient Continuous-Flow CCN Counter
DATA_INFO: 
	- CCN Mode Value of 0 indicates scanning mode downscan
	- Value of 1 indicates scanning mode upscan
	- Value of -1 indicates out of spec (according to instrument pressure, see other comments)
	- Value of 2 indicates constant flow mode
UNCERTAINTY: Number_Concentration +/- 10 percent at high S/N, 5-10 #/cm3 at low S/N; Supersaturation +/- 0.04 
ULOD_FLAG: -7777
ULOD_VALUE: N/A
LLOD_FLAG: -8888
LLOD_VALUE: N/A
DM_CONTACT_INFO: Michael Battaglia Jr. (mbattaglia3@gatech.edu)
PROJECT_INFO: CAMP2Ex (2019)
STIPULATIONS_ON_USE: This is the most recent public release of the CAMP2Ex dataset. Please contact the PI before use, both for updates to the data set and for the proper and most recent interpretation of the data for specific science use.
OTHER_COMMENTS: Calibration applied is from in-flight calibration of RF2 and RF8 data utilizing size and composition data from additional instruments to determine critical diameter and instrument SS.  Data record represents all points where instrument pressure within +/- 15 mbar of 500 mbar set point during official recorded takeoff and landing times.
REVISION: R1
R1: Updated in-flight calibration taken from RF2 and RF8 and aerosol size and composition data applied to CCN number concentration.  Additional variables (CCN LLOD, CCN SFCA Flow, CCN P, CCN deltaT, CCN Mode) added to data release.  Time series data edited to reflect official takeoff and landing times of flights according to official records.  Time series identified as and corrected from sample midpoint time to sample start time (values unchanged, only identifier).  Change primary PI, and added additional PI to contact information.
R0: Initial release of data.  CCN number concentration calibration applied is from ORACLES 2018 (dated 26 March 2019) due to instrumental failure in field and COVID-19 affecting lab calibration post-campaign.
Time_Start,Number_Concentration_STP,Number_Concentration,CCN_Supersaturation,CCN_LLOD,CCN_TotalSFCAFlow,CCN_Pressure,CCN_DeltaT,CCN_Mode
[from data line 6797]
88990.0, -8888, -8888, 0.18, 30, 414.99, 504.28, 9.28, 1 
88991.0, -8888, -8888, 0.18, 29, 423.66, 504.28, 9.28, 1 
88992.0, -8888, -8888, 0.19, 28, 433.04, 504.26, 9.28, 1 
88993.0, -8888, -8888, 0.19, 28, 440.13, 504.14, 9.29, 1 
88994.0, -8888, -8888, 0.20, 26, 455.79, 504.06, 9.28, 1 
88995.0, -8888, -8888, 0.22, 26, 474.44, 504.14, 9.29, 1 
88996.0, -8888, -8888, 0.22, 25, 487.02, 504.02, 9.26, 1 
88997.0, -8888, -8888, 0.23, 25, 499.19, 504.14, 9.27, 1 
88998.0, -8888, -8888, 0.24, 23, 511.54, 503.95, 9.23, 1 
88999.0, -8888, -8888, 0.25, 23, 524.89, 503.82, 9.25, 1 
89000.0, -8888, -8888, 0.28, 21, 568.10, 512.10, 9.27, 1 
89001.0, -8888, -8888, 0.30, 20, 610.15, 510.79, 9.26, 1 
89002.0, -8888, -8888, 0.31, 20, 625.49, 510.79, 9.19, 1 
89003.0, -8888, -8888, 0.32, 20, 638.45, 510.20, 9.14, 1 
89004.0, -8888, -8888, 0.33, 19, 653.27, 510.53, 9.09, 1 
89005.0, -8888, -8888, 0.34, 19, 671.05, 510.15, 9.02, 1 
89006.0, -8888, -8888, 0.34, 19, 668.60, 505.49, 8.99, 1 
89007.0, -8888, -8888, 0.34, 18, 667.12, 505.37, 9.07, 1 
89008.0, -8888, -8888, 0.35, 18, 676.93, 504.50, 9.17, 1 
89009.0, -8888, -8888, 0.35, 18, 684.20, 503.85, 9.25, 1 
89010.0, 57, 25, 0.36, 18, 691.71, 502.91, 9.30, 1 
89011.0, 43, 19, 0.36, 17, 698.93, 501.98, 9.32, 1 
89012.0, 51, 23, 0.37, 17, 711.28, 500.87, 9.31, 1 
89013.0, 52, 23, 0.38, 17, 720.68, 500.08, 9.29, 1 
89014.0, 62, 28, 0.38, 16, 728.21, 498.92, 9.27, 1 
89015.0, 59, 26, 0.39, 16, 736.66, 497.98, 9.28, 1 
89016.0, 61, 27, 0.39, 16, 745.43, 497.02, 9.27, 1 
89017.0, 54, 24, 0.40, 16, 758.01, 495.78, 9.27, 1 
89018.0, 55, 24, 0.41, 15, 771.01, 494.93, 9.28, 1 
89019.0, 54, 24, 0.42, 15, 783.84, 493.93, 9.28, 1 
89020.0, -8888, -8888, 0.43, 15, 796.33, 493.15, 9.27, 1 
89021.0, -8888, -8888, 0.43, 15, 807.94, 492.19, 9.29, 1 
89022.0, -8888, -8888, 0.44, 15, 816.80, 491.26, 9.27, 1 
89023.0, -8888, -8888, 0.44, 14, 825.51, 490.32, 9.29, 1 
89024.0, -8888, -8888, 0.45, 14, 837.32, 489.46, 9.30, 1 
89025.0, -8888, -8888, 0.46, 14, 844.72, 488.44, 9.28, 1 
89026.0, -8888, -8888, 0.46, 14, 852.90, 487.72, 9.28, 1 
89027.0, -8888, -8888, 0.47, 14, 865.13, 486.38, 9.27, 1 
89028.0, -8888, -8888, 0.48, 14, 871.70, 485.41, 9.28, 1 
89029.0, -8888, -8888, 0.48, 13, 877.23, 484.57, 9.28, 1 
89030.0, -8888, -8888, 0.48, 13, 884.54, 483.78, 9.26, 1 
89031.0, -8888, -8888, 0.49, 13, 891.24, 482.53, 9.28, 1 
89032.0, -8888, -8888, 0.49, 13, 897.61, 481.78, 9.28, 1 
89033.0, -8888, -8888, 0.50, 13, 901.17, 480.68, 9.30, 1 
89034.0, -8888, -8888, 0.50, 13, 904.61, 480.10, 9.26, 1 
89035.0, -8888, -8888, 0.50, 13, 909.08, 479.26, 9.29, 1 
89036.0, -8888, -8888, 0.50, 13, 913.48, 478.61, 9.28, 1 
89037.0, -8888, -8888, 0.51, 13, 918.39, 477.58, 9.27, 1 
89038.0, -8888, -8888, 0.51, 13, 920.96, 477.27, 9.27, 1 
89039.0, -8888, -8888, 0.51, 13, 921.46, 476.38, 9.27, 1 
89040.0, -8888, -8888, 0.51, 13, 923.46, 475.83, 9.27, 1 
89041.0, -8888, -8888, 0.51, 13, 922.50, 475.35, 9.26, 1 
89042.0, -8888, -8888, 0.51, 13, 921.19, 475.03, 9.27, 1 
89043.0, -8888, -8888, 0.51, 13, 920.82, 474.67, 9.25, 1 
89044.0, -8888, -8888, 0.53, 12, 950.30, 482.48, 9.26, 1 
89045.0, -8888, -8888, 0.55, 12, 978.47, 481.26, 9.24, 1 
89046.0, -8888, -8888, 0.47, 12, 973.22, 480.95, 9.18, 0 
89047.0, -8888, -8888, 0.47, 12, 970.96, 481.24, 9.14, 0 
89048.0, 39, 17, 0.47, 12, 970.14, 480.53, 9.09, 0 
89049.0, -8888, -8888, 0.46, 13, 965.73, 480.68, 9.01, 0 
89050.0, -8888, -8888, 0.44, 13, 941.06, 475.92, 9.00, 0 
89051.0, 37, 16, 0.42, 13, 913.87, 475.61, 9.05, 0 
89052.0, 40, 17, 0.41, 13, 902.47, 475.58, 9.17, 0 
89053.0, -8888, -8888, 0.40, 14, 890.08, 475.17, 9.25, 0 
89054.0, -8888, -8888, 0.40, 14, 880.51, 475.27, 9.28, 0 
89055.0, -8888, -8888, 0.39, 14, 871.98, 475.37, 9.34, 0 
89056.0, 40, 17, 0.38, 14, 860.12, 475.82, 9.33, 0 
89057.0, -8888, -8888, 0.37, 14, 849.56, 476.11, 9.32, 0 
89058.0, -8888, -8888, 0.37, 14, 839.51, 476.76, 9.29, 0 
89059.0, -8888, -8888, 0.38, 14, 856.42, 484.77, 9.31, 0 
89060.0, -8888, -8888, 0.39, 14, 873.64, 485.10, 9.27, 0 
89061.0, -8888, -8888, 0.38, 14, 858.94, 484.52, 9.21, 0 
89062.0, -8888, -8888, 0.37, 15, 846.23, 485.37, 9.16, 0 
89063.0, -8888, -8888, 0.35, 15, 818.08, 480.85, 9.07, 0 
89064.0, -8888, -8888, 0.33, 16, 787.47, 482.34, 9.06, 0 
89065.0, -8888, -8888, 0.32, 16, 773.86, 482.89, 9.09, 0 
89066.0, -8888, -8888, 0.31, 16, 756.78, 483.40, 9.20, 0 
89067.0, -8888, -8888, 0.30, 17, 741.75, 484.10, 9.28, 0 
89068.0, -8888, -8888, 0.29, 17, 726.06, 484.41, 9.32, 0 
89069.0, -8888, -8888, 0.28, 17, 708.36, 485.15, 9.33, 0 
89070.0, -8888, -8888, 0.27, 18, 693.51, 486.13, 9.31, 0 
89071.0, -8888, -8888, 0.26, 18, 678.37, 487.22, 9.34, 0 
89072.0, -8888, -8888, 0.25, 19, 661.84, 488.04, 9.29, 0 
89073.0, -8888, -8888, 0.24, 19, 647.82, 489.28, 9.27, 0 
89074.0, -8888, -8888, 0.25, 18, 664.59, 499.43, 9.28, 0 
89075.0, -8888, -8888, 0.25, 19, 676.75, 498.80, 9.28, 0 
89076.0, -8888, -8888, 0.24, 19, 660.46, 500.08, 9.26, 0 
89077.0, -8888, -8888, 0.24, 20, 648.49, 501.52, 9.20, 0 
89078.0, -8888, -8888, 0.23, 20, 639.36, 502.57, 9.14, 0 
89079.0, -8888, -8888, 0.23, 20, 629.63, 503.99, 9.07, 0 
89080.0, -8888, -8888, 0.21, 22, 595.68, 500.49, 9.02, 0 
89081.0, -8888, -8888, 0.19, 22, 564.44, 502.07, 9.08, 0 
89082.0, -8888, -8888, 0.18, 23, 551.78, 502.67, 9.16, 0 
89083.0, -8888, -8888, 0.17, 23, 536.60, 503.83, 9.26, 0 
89084.0, -8888, -8888, 0.16, 25, 515.22, 504.59, 9.33, 0 
89085.0, -8888, -8888, 0.15, 27, 481.52, 504.55, 9.34, 0 
89086.0, -8888, -8888, 0.13, 28, 452.29, 504.72, 9.35, 0 
89087.0, -8888, -8888, 0.12, 30, 432.20, 504.55, 9.30, 0 
89088.0, -8888, -8888, 0.12, 30, 421.11, 504.67, 9.33, 0 
89089.0, -8888, -8888, 0.11, 31, 409.29, 504.67, 9.30, 0 
89090.0, -8888, -8888, 0.10, 33, 393.24, 504.93, 9.30, 0 
89091.0, -8888, -8888, 0.10, 32, 388.90, 505.03, 9.32, 0 
89092.0, -8888, -8888, 0.10, 33, 382.01, 504.79, 9.31, 0 
89093.0, -8888, -8888, 0.15, 34, 371.33, 505.24, 9.29, 1 
89094.0, -8888, -8888, 0.16, 32, 387.72, 512.98, 9.29, 1 
89095.0, -8888, -8888, 0.18, 31, 412.40, 512.05, 9.29, 1 
89096.0, -8888, -8888, 0.18, 31, 412.49, 511.83, 9.26, 1 
89097.0, -8888, -8888, 0.17, 31, 406.59, 512.04, 9.20, 1 
89098.0, -8888, -8888, 0.17, 31, 410.44, 512.12, 9.15, 1 
89099.0, -8888, -8888, 0.18, 32, 412.70, 511.83, 9.08, 1 
89100.0, -8888, -8888, 0.11, 32, 398.02, 507.36, 9.03, 0 
89101.0, -8888, -8888, 0.10, 34, 380.34, 507.29, 9.08, 0 
89102.0, -8888, -8888, 0.10, 33, 375.66, 506.85, 9.20, 0 
89103.0, -8888, -8888, 0.09, 34, 372.38, 506.76, 9.28, 0 
89104.0, -8888, -8888, 0.15, 34, 370.10, 506.04, 9.35, 1 
89105.0, -8888, -8888, 0.15, 33, 374.22, 506.01, 9.33, 1 
89106.0, -8888, -8888, 0.15, 33, 377.39, 505.87, 9.33, 1 
89107.0, -8888, -8888, 0.16, 33, 382.29, 505.56, 9.32, 1 
89108.0, -8888, -8888, 0.16, 30, 395.36, 505.75, 9.31, 1 
89109.0, -8888, -8888, 0.17, 31, 401.61, 505.61, 9.32, 1 
89110.0, -8888, -8888, 0.17, 30, 406.42, 504.96, 9.30, 1 
89111.0, -8888, -8888, 0.18, 30, 412.11, 504.95, 9.30, 1 
89112.0, -8888, -8888, 0.18, 29, 419.76, 504.83, 9.28, 1 
89113.0, -8888, -8888, 0.19, 28, 434.47, 504.79, 9.28, 1 
89114.0, -8888, -8888, 0.20, 28, 444.34, 504.35, 9.29, 1 
89115.0, -8888, -8888, 0.20, 26, 455.79, 504.38, 9.29, 1 
89116.0, 60, 27, 0.21, 26, 467.21, 504.21, 9.30, 1 
89117.0, -8888, -8888, 0.22, 25, 478.32, 504.19, 9.30, 1 
89118.0, -8888, -8888, 0.24, 24, 515.09, 512.24, 9.29, 1 
89119.0, -8888, -8888, 0.27, 22, 553.97, 511.32, 9.31, 1 
89120.0, 51, 23, 0.28, 22, 571.22, 510.91, 9.26, 1 
89121.0, -8888, -8888, 0.29, 21, 590.59, 510.92, 9.17, 1 
89122.0, 55, 25, 0.30, 21, 610.03, 510.80, 9.14, 1 
89123.0, -8888, -8888, 0.31, 20, 622.54, 509.98, 9.07, 1 
89124.0, 54, 24, 0.31, 20, 617.66, 505.89, 9.05, 1 
89125.0, -8888, -8888, 0.31, 20, 613.06, 505.53, 9.09, 1 
89126.0, 45, 20, 0.31, 19, 625.12, 505.07, 9.20, 1 
89127.0, -8888, -8888, 0.32, 19, 635.77, 504.48, 9.28, 1 
89128.0, 58, 26, 0.33, 19, 644.98, 503.82, 9.35, 1 
89129.0, 67, 30, 0.33, 18, 657.32, 503.18, 9.36, 1 
89130.0, 56, 25, 0.34, 18, 668.25, 502.26, 9.34, 1 
89131.0, 85, 38, 0.35, 18, 677.82, 501.79, 9.32, 1 
89132.0, 66, 29, 0.35, 17, 688.00, 501.14, 9.31, 1 
89133.0, 58, 26, 0.36, 17, 700.57, 500.36, 9.28, 1 
89134.0, 70, 31, 0.37, 17, 711.93, 499.83, 9.31, 1 
89135.0, 74, 33, 0.38, 17, 721.02, 498.93, 9.29, 1 
89136.0, 56, 25, 0.38, 16, 732.04, 497.86, 9.28, 1 
89137.0, 55, 24, 0.39, 16, 745.34, 497.14, 9.28, 1 
89138.0, 76, 34, 0.40, 16, 756.42, 496.14, 9.33, 1 
89139.0, 47, 21, 0.41, 16, 766.08, 495.06, 9.31, 1 
89140.0, 70, 31, 0.41, 15, 777.67, 494.35, 9.29, 1 
89141.0, -8888, -8888, 0.42, 15, 790.39, 493.35, 9.29, 1 
89142.0, 40, 18, 0.45, 14, 830.46, 500.34, 9.30, 1 
89143.0, -8888, -8888, 0.47, 14, 869.08, 498.73, 9.27, 1 
89144.0, -8888, -8888, 0.48, 14, 879.95, 497.14, 9.23, 1 
89145.0, -8888, -8888, 0.49, 14, 891.11, 496.52, 9.16, 1 
89146.0, -8888, -8888, 0.50, 13, 904.05, 495.48, 9.12, 1 
89147.0, -8888, -8888, 0.41, 14, 896.33, 489.29, 9.04, 0 
89148.0, -8888, -8888, 0.40, 13, 886.76, 488.61, 9.05, 0 
89149.0, -8888, -8888, 0.40, 13, 890.18, 487.27, 9.10, 0 
89150.0, -8888, -8888, 0.41, 13, 893.97, 486.31, 9.21, 0 
89151.0, -8888, -8888, 0.41, 13, 899.76, 485.10, 9.29, 0 
89152.0, -8888, -8888, 0.41, 13, 903.19, 483.80, 9.31, 0 
89153.0, -8888, -8888, 0.42, 13, 909.05, 482.92, 9.32, 0 
89154.0, -8888, -8888, 0.42, 13, 912.24, 481.64, 9.35, 0 
89155.0, -8888, -8888, 0.42, 13, 915.86, 481.16, 9.32, 0 
89156.0, -8888, -8888, 0.43, 13, 919.54, 479.98, 9.29, 0 
89157.0, -8888, -8888, 0.43, 13, 922.84, 479.45, 9.30, 0 
89158.0, -8888, -8888, 0.43, 13, 925.95, 478.56, 9.29, 0 
89159.0, -8888, -8888, 0.43, 13, 927.25, 477.63, 9.28, 0 
89160.0, -8888, -8888, 0.43, 13, 928.95, 477.08, 9.28, 0 
89161.0, -8888, -8888, 0.43, 13, 929.35, 476.47, 9.28, 0 
89162.0, -8888, -8888, 0.43, 13, 928.87, 476.11, 9.29, 0 
89163.0, -8888, -8888, 0.43, 13, 927.25, 475.49, 9.29, 0 
89164.0, -8888, -8888, 0.43, 13, 922.06, 474.86, 9.30, 0 
89165.0, -8888, -8888, 0.43, 13, 919.32, 474.65, 9.28, 0 
89166.0, -8888, -8888, 0.43, 13, 919.73, 474.45, 9.29, 0 
89167.0, -8888, -8888, 0.42, 13, 917.34, 474.19, 9.29, 0 
89168.0, -8888, -8888, 0.42, 13, 912.01, 473.62, 9.28, 0 
89169.0, 34, 14, 0.42, 13, 908.70, 473.66, 9.30, 0 
89170.0, -8888, -8888, 0.41, 13, 905.35, 473.35, 9.28, 0 
89171.0, -8888, -8888, 0.41, 13, 897.64, 473.37, 9.29, 0 
89172.0, 38, 16, 0.40, 13, 890.64, 473.64, 9.29, 0 
89173.0, -8888, -8888, 0.40, 14, 884.31, 473.54, 9.29, 0 
89174.0, -8888, -8888, 0.39, 14, 877.00, 473.85, 9.28, 0 
89175.0, 37, 16, 0.39, 14, 870.23, 474.03, 9.28, 0 
89176.0, 40, 17, 0.38, 14, 861.91, 474.26, 9.30, 0 
89177.0, -8888, -8888, 0.40, 13, 884.50, 482.85, 9.29, 0 
89178.0, -8888, -8888, 0.41, 14, 904.06, 482.15, 9.25, 0 
89179.0, -8888, -8888, 0.41, 14, 895.35, 483.28, 9.22, 0 
89180.0, 37, 16, 0.40, 14, 886.29, 483.25, 9.16, 0 
89181.0, 34, 15, 0.39, 14, 872.63, 483.90, 9.11, 0 
89182.0, -8888, -8888, 0.38, 14, 862.36, 484.10, 9.05, 0 
89183.0, -8888, -8888, 0.36, 15, 834.35, 480.70, 9.01, 0 
89184.0, -8888, -8888, 0.34, 15, 804.73, 481.21, 9.07, 0 
89185.0, -8888, -8888, 0.33, 16, 789.19, 481.60, 9.16, 0 
89186.0, -8888, -8888, 0.32, 16, 771.67, 482.10, 9.26, 0 
89187.0, -8888, -8888, 0.31, 16, 754.72, 482.87, 9.30, 0 
89188.0, -8888, -8888, 0.29, 17, 738.40, 483.20, 9.34, 0 
89189.0, -8888, -8888, 0.28, 17, 723.40, 484.29, 9.32, 0 
89190.0, -8888, -8888, 0.28, 17, 710.79, 484.91, 9.32, 0 
89191.0, -8888, -8888, 0.27, 18, 697.94, 486.13, 9.31, 0 
89192.0, -8888, -8888, 0.28, 17, 712.42, 495.20, 9.30, 0 
89193.0, -8888, -8888, 0.29, 18, 725.59, 495.36, 9.23, 0 
89194.0, -8888, -8888, 0.28, 18, 711.62, 496.81, 9.20, 0 
89195.0, -8888, -8888, 0.27, 18, 697.46, 497.62, 9.15, 0 
89196.0, -8888, -8888, 0.26, 19, 683.49, 499.02, 9.08, 0 
89197.0, -8888, -8888, 0.24, 20, 654.41, 495.77, 9.01, 0 
89198.0, -8888, -8888, 0.22, 20, 623.20, 496.85, 9.10, 0 
89199.0, -8888, -8888, 0.21, 21, 608.41, 497.94, 9.14, 0 
89200.0, -8888, -8888, 0.21, 21, 593.64, 498.88, 9.27, 0 
89201.0, -8888, -8888, 0.20, 22, 580.35, 500.15, 9.33, 0 
89202.0, -8888, -8888, 0.19, 22, 563.67, 501.20, 9.35, 0 
89203.0, -8888, -8888, 0.18, 23, 548.76, 502.81, 9.34, 0 
89204.0, -8888, -8888, 0.17, 23, 536.28, 503.75, 9.32, 0 
89205.0, -8888, -8888, 0.16, 25, 513.52, 504.83, 9.32, 0 
89206.0, -8888, -8888, 0.15, 27, 482.81, 505.08, 9.31, 0 
89207.0, -8888, -8888, 0.13, 28, 453.11, 504.72, 9.29, 0 
89208.0, -8888, -8888, 0.12, 29, 431.92, 505.10, 9.30, 0 
89209.0, -8888, -8888, 0.11, 31, 417.03, 504.93, 9.27, 0 
89210.0, -8888, -8888, 0.11, 31, 404.37, 504.88, 9.30, 0 
89211.0, -8888, -8888, 0.10, 32, 391.13, 504.72, 9.31, 0 
89212.0, -8888, -8888, 0.10, 33, 382.29, 504.77, 9.29, 0 
89213.0, -8888, -8888, 0.10, 33, 381.06, 504.43, 9.29, 0 
89214.0, -8888, -8888, 0.10, 34, 373.97, 504.72, 9.29, 0 
89215.0, -8888, -8888, 0.09, 34, 365.83, 504.64, 9.33, 0 
89216.0, -8888, -8888, 0.09, 35, 359.99, 504.64, 9.27, 0 
89217.0, -8888, -8888, 0.09, 34, 357.99, 504.72, 9.29, 0 
89218.0, -8888, -8888, 0.09, 34, 356.90, 504.74, 9.29, 0 
89219.0, -8888, -8888, 0.14, 34, 351.87, 504.69, 9.29, 1 
89220.0, -8888, -8888, 0.14, 35, 354.32, 504.77, 9.31, 1 
89221.0, -8888, -8888, 0.14, 35, 355.13, 504.57, 9.30, 1 
89222.0, -8888, -8888, 0.14, 34, 353.89, 504.74, 9.29, 1 
89223.0, -8888, -8888, 0.14, 35, 353.57, 504.76, 9.28, 1 
89224.0, -8888, -8888, 0.14, 34, 357.86, 504.65, 9.29, 1 
89225.0, -8888, -8888, 0.14, 34, 362.45, 504.79, 9.28, 1 
89226.0, -8888, -8888, 0.15, 33, 366.14, 504.43, 9.26, 1 
89227.0, -8888, -8888, 0.15, 33, 371.30, 504.59, 9.28, 1 
89228.0, -8888, -8888, 0.15, 32, 377.16, 504.60, 9.28, 1 
89229.0, -8888, -8888, 0.16, 31, 385.29, 504.45, 9.28, 1 
89230.0, -8888, -8888, 0.16, 32, 392.06, 504.40, 9.27, 1 
89231.0, -8888, -8888, 0.17, 30, 402.86, 504.43, 9.32, 1 
89232.0, -8888, -8888, 0.18, 30, 413.85, 504.64, 9.27, 1 
89233.0, -8888, -8888, 0.18, 29, 423.06, 504.47, 9.29, 1 
89234.0, -8888, -8888, 0.19, 28, 433.57, 504.60, 9.26, 1 
89235.0, -8888, -8888, 0.20, 27, 443.35, 504.40, 9.27, 1 
89236.0, -8888, -8888, 0.20, 27, 451.47, 504.52, 9.28, 1 
89237.0, -8888, -8888, 0.21, 27, 461.30, 504.19, 9.28, 1 
89238.0, -8888, -8888, 0.22, 26, 474.15, 504.02, 9.28, 1 
89239.0, -8888, -8888, 0.23, 24, 492.16, 504.07, 9.30, 1 
89240.0, -8888, -8888, 0.24, 24, 505.16, 503.97, 9.25, 1 
89241.0, -8888, -8888, 0.26, 23, 539.70, 512.24, 9.27, 1 
89242.0, -8888, -8888, 0.29, 21, 583.37, 511.28, 9.26, 1 
89243.0, -8888, -8888, 0.30, 21, 598.87, 511.03, 9.23, 1 
89244.0, -8888, -8888, 0.31, 20, 615.72, 510.87, 9.17, 1 
89245.0, -8888, -8888, 0.32, 20, 635.02, 510.51, 9.11, 1 
89246.0, -8888, -8888, 0.33, 19, 649.17, 510.36, 9.05, 1 
89247.0, -8888, -8888, 0.33, 19, 646.27, 505.67, 8.99, 1 
89248.0, -8888, -8888, 0.33, 19, 645.75, 506.21, 9.03, 1 
89249.0, -8888, -8888, 0.34, 18, 658.76, 505.17, 9.16, 1 
89250.0, -8888, -8888, 0.34, 18, 667.60, 504.60, 9.22, 1 
89251.0, -8888, -8888, 0.35, 18, 677.93, 504.14, 9.29, 1 
89252.0, -8888, -8888, 0.35, 18, 685.87, 503.20, 9.31, 1 
89253.0, -8888, -8888, 0.36, 17, 695.22, 502.45, 9.31, 1 
89254.0, 40, 18, 0.37, 17, 705.34, 501.66, 9.27, 1 
89255.0, -8888, -8888, 0.37, 17, 714.51, 500.84, 9.28, 1 
89256.0, 43, 19, 0.38, 17, 724.96, 500.03, 9.30, 1 
89257.0, 68, 30, 0.39, 16, 735.38, 498.97, 9.27, 1 
89258.0, 50, 22, 0.39, 16, 747.95, 498.11, 9.26, 1 
89259.0, 49, 22, 0.40, 16, 757.52, 497.03, 9.29, 1 
89260.0, 43, 19, 0.41, 16, 765.55, 495.96, 9.29, 1 
89261.0, 52, 23, 0.41, 15, 776.98, 495.36, 9.30, 1 
89262.0, -8888, -8888, 0.42, 15, 787.91, 494.28, 9.27, 1 
89263.0, -8888, -8888, 0.43, 15, 801.01, 493.28, 9.30, 1 
89264.0, -8888, -8888, 0.46, 14, 842.64, 500.39, 9.27, 1 
89265.0, -8888, -8888, 0.48, 14, 879.21, 498.40, 9.26, 1 
89266.0, -8888, -8888, 0.49, 14, 888.77, 497.43, 9.21, 1 
89267.0, -8888, -8888, 0.50, 13, 900.86, 496.43, 9.18, 1 
89268.0, -8888, -8888, 0.50, 13, 912.86, 495.51, 9.14, 1 
89269.0, -8888, -8888, 0.51, 13, 922.42, 494.47, 9.05, 1 
