NASA Data Processing/CAMP2Ex/LAS/CAMP2Ex-LARGE-LAS_P3B_20190827_R0.ict
78, 1001
Luke Ziemba
NASA Langley
In-situ Particle Size Distributions from the TSI LAS on the NASA P3B
NASA CAMP2Ex
1,1
2019,08,27,2020,05,5
1.0
Time_Start,Secs after midnight,Time of acquisition
30
1,1,1,1,1,1,1,1,1,1,1,1,1,1,1,1,1,1,1,1,1,1,1,1,1,1,1,1,1,1
-9999,-9999,-9999,-9999,-9999,-9999,-9999,-9999,-9999,-9999,-9999,-9999,-9999,-9999,-9999,-9999,-9999,-9999,-9999,-9999,-9999,-9999,-9999,-9999,-9999,-9999,-9999,-9999,-9999,-9999
nLAS, #/cm3, AerMP_NumConc_InSitu_RHd_Optical_AccutoCoarse_STP, Number_concentration_of_particles_in_air_integrated_over_reported_LAS_dry_optical_bins_wrt_AmmoniumSulfate
sLAS, um2/cm3, AerMP_SurfAreaConc_InSitu_RHd_Optical_AccutoCoarse_STP, Surface_area_concentration_of_particles_in_air_integrated_over_reported_LAS_dry_optical_bins_wrt_AmmoniumSulfate
vLAS, um3/cm3, AerMP_VolConc_InSitu_RHd_Optical_AccutoCoarse_STP, Volume_concentration_of_particles_in_air_integrated_over_reported_LAS_dry_optical_bins_wrt_AmmoniumSulfate
LAS_Bin01, #/cm3, None, number_size_distribution_of_particles_in_air_per_dlogDp_for_bin_center_optical_diameter_at_100nm_measured_by_LAS_AmmoniumSulfate
LAS_Bin02, #/cm3, None, number_size_distribution_of_particles_in_air_per_dlogDp_for_bin_center_optical_diameter_at_112nm_measured_by_LAS_AmmoniumSulfate
LAS_Bin03, #/cm3, None, number_size_distribution_of_particles_in_air_per_dlogDp_for_bin_center_optical_diameter_at_126nm_measured_by_LAS_AmmoniumSulfate
LAS_Bin04, #/cm3, None, number_size_distribution_of_particles_in_air_per_dlogDp_for_bin_center_optical_diameter_at_141nm_measured_by_LAS_AmmoniumSulfate
LAS_Bin05, #/cm3, None, number_size_distribution_of_particles_in_air_per_dlogDp_for_bin_center_optical_diameter_at_158nm_measured_by_LAS_AmmoniumSulfate
LAS_Bin06, #/cm3, None, number_size_distribution_of_particles_in_air_per_dlogDp_for_bin_center_optical_diameter_at_178nm_measured_by_LAS_AmmoniumSulfate
LAS_Bin07, #/cm3, None, number_size_distribution_of_particles_in_air_per_dlogDp_for_bin_center_optical_diameter_at_200nm_measured_by_LAS_AmmoniumSulfate
LAS_Bin08, #/cm3, None, number_size_distribution_of_particles_in_air_per_dlogDp_for_bin_center_optical_diameter_at_224nm_measured_by_LAS_AmmoniumSulfate
LAS_Bin09, #/cm3, None, number_size_distribution_of_particles_in_air_per_dlogDp_for_bin_center_optical_diameter_at_251nm_measured_by_LAS_AmmoniumSulfate
LAS_Bin10, #/cm3, None, number_size_distribution_of_particles_in_air_per_dlogDp_for_bin_center_optical_diameter_at_282nm_measured_by_LAS_AmmoniumSulfate
LAS_Bin11, #/cm3, None, number_size_distribution_of_particles_in_air_per_dlogDp_for_bin_center_optical_diameter_at_316nm_measured_by_LAS_AmmoniumSulfate
LAS_Bin12, #/cm3, None, number_size_distribution_of_particles_in_air_per_dlogDp_for_bin_center_optical_diameter_at_355nm_measured_by_LAS_AmmoniumSulfate
LAS_Bin13, #/cm3, None, number_size_distribution_of_particles_in_air_per_dlogDp_for_bin_center_optical_diameter_at_398nm_measured_by_LAS_AmmoniumSulfate
LAS_Bin14, #/cm3, None, number_size_distribution_of_particles_in_air_per_dlogDp_for_bin_center_optical_diameter_at_447nm_measured_by_LAS_AmmoniumSulfate
LAS_Bin15, #/cm3, None, number_size_distribution_of_particles_in_air_per_dlogDp_for_bin_center_optical_diameter_at_501nm_measured_by_LAS_AmmoniumSulfate
[...]
  - Integrated surface areas and volumes are calculated by assuming spherical particles
  - Data in this file is time synced to DLH water vapor
UNCERTAINTY: all data are 20%
ULOD_FLAG: -7777
ULOD_VALUE: N/A
LLOD_FLAG: -8888
LLOD_VALUE: N/A
DM_CONTACT_INFO: Michael Shook (michael.shook@nasa.gov)
PROJECT_INFO: CAMP2Ex 2019
STIPULATIONS_ON_USE: This is FINAL data. Users are strongly encouraged to consult the PI and/or DM prior to use.
OTHER_COMMENTS: dlogD for Diameters less than 1000 nm is 0.05 (20 channels per decade). For Diameters greater than or equal to 1000 nm, dlogD is 0.1 (10 channels per decade)
OTHER_COMMENTS: Data are processed with respect to mid-point ammonium-sulfate ((NH4)2SO4, AmmSO4) equivalent optical diameters and are rebinned to a standard binning scheme
OTHER_COMMENTS: Mid-point diameters (in nm) are:
		  100.0, 112.2, 125.9, 141.3, 158.5, 177.8, 199.5, 223.9, 251.2, 281.8, 316.2, 354.8, 398.1, 446.7, 501.2, 562.3, 631.0, 707.9, 794.3, 891.3, 1000.0, 1258.9, 1584.9, 1995.3, 2511.9, 3162.3
REVISION: R0
R0: STP calculations now use data from publicly available MetNav files, data is time synced to DLH
RC: Particle sizing now done with respect to ammonium sulfate
RB: Time sync to LARGE CNgt3nm applied
RA: None
*******************************************************************************************************************************
Time_Start,nLAS,sLAS,vLAS,LAS_Bin01,LAS_Bin02,LAS_Bin03,LAS_Bin04,LAS_Bin05,LAS_Bin06,LAS_Bin07,LAS_Bin08,LAS_Bin09,LAS_Bin10,LAS_Bin11,LAS_Bin12,LAS_Bin13,LAS_Bin14,LAS_Bin15,LAS_Bin16,LAS_Bin17,LAS_Bin18,LAS_Bin19,LAS_Bin20,LAS_Bin21,LAS_Bin22,LAS_Bin23,LAS_Bin24,LAS_Bin25,LAS_Bin26,stdPT
[from data line 18182]
18510,304.70,39.79,1.78,648.43,556.92,548.35,498.91,760.52,425.77,685.26,597.67,542.05,376.11,250.93,70.42,70.26,15.64,0.00,23.35,0.00,23.34,0.00,0.00,0.00,0.00,0.00,0.00,0.00,0.00,1.128
18511,340.25,45.57,2.19,671.40,667.86,570.65,783.08,617.77,709.28,755.47,565.55,470.81,422.69,266.20,164.04,70.18,0.00,23.35,0.00,0.00,23.35,23.31,0.00,0.00,0.00,0.00,0.00,0.00,0.00,1.127
18512,342.43,46.51,2.18,600.03,572.26,549.04,617.57,681.26,946.39,803.53,597.50,541.95,305.54,250.70,211.22,93.74,46.85,0.00,0.00,15.57,0.00,0.00,15.53,0.00,0.00,0.00,0.00,0.00,0.00,1.127
18513,328.93,40.10,1.74,720.29,572.82,501.41,522.58,903.17,875.78,638.10,786.32,424.20,258.56,188.09,46.90,70.26,31.22,0.00,0.00,15.56,23.37,0.00,0.00,0.00,0.00,0.00,0.00,0.00,0.00,1.127
18514,339.76,58.21,5.49,771.01,703.12,502.98,524.54,890.88,665.07,593.11,647.19,544.01,330.30,283.13,164.82,46.98,31.33,23.53,0.00,15.61,0.00,0.00,15.58,0.00,9.35,11.68,0.00,0.00,0.00,1.127
18515,343.98,60.38,9.40,720.19,541.00,405.45,736.45,919.35,804.50,732.75,581.92,636.31,352.61,188.14,117.32,70.31,31.23,23.44,0.00,0.00,0.00,0.00,0.00,0.00,0.00,0.00,0.00,9.30,0.00,1.127
18516,306.40,38.70,1.89,621.35,427.93,665.99,639.04,853.35,683.31,588.42,548.08,422.41,304.28,140.45,116.86,46.66,15.58,23.28,0.00,15.48,0.00,0.00,0.00,15.46,0.00,0.00,0.00,0.00,0.00,1.127
18517,340.30,49.86,2.86,746.26,350.93,572.84,452.61,699.01,949.08,782.10,599.26,590.81,447.85,267.29,141.19,141.04,46.95,0.00,0.00,0.00,0.00,0.00,0.00,0.00,9.34,0.00,0.00,0.00,0.00,1.128
18518,393.84,52.61,2.26,651.52,655.73,479.65,859.79,828.38,856.41,926.51,679.78,852.81,496.24,315.17,94.39,47.10,94.05,0.00,23.55,15.65,0.00,0.00,0.00,0.00,0.00,0.00,0.00,0.00,0.00,1.127
18519,332.64,49.68,2.96,740.25,538.36,499.11,591.05,788.46,776.94,728.82,751.01,257.90,397.56,265.00,140.08,23.33,46.57,0.00,0.00,30.96,23.25,23.22,15.45,15.46,0.00,0.00,0.00,0.00,0.00,1.127
18520,329.50,41.39,1.77,671.69,477.15,858.94,475.05,617.63,874.85,826.74,675.89,400.40,140.98,188.05,164.20,140.44,31.27,23.37,23.41,0.00,0.00,0.00,0.00,0.00,0.00,0.00,0.00,0.00,0.00,1.128
18521,348.56,43.87,1.97,623.43,587.85,571.54,807.02,696.28,851.12,802.82,738.52,635.72,258.31,203.67,70.32,46.77,15.58,23.36,0.00,15.55,0.00,23.30,0.00,0.00,0.00,0.00,0.00,0.00,0.00,1.127
18522,330.02,40.74,1.75,623.33,492.36,618.79,664.27,839.18,1016.39,778.90,471.29,400.16,164.35,203.62,140.67,93.65,62.32,0.00,0.00,31.09,0.00,0.00,0.00,0.00,0.00,0.00,0.00,0.00,0.00,1.127
18523,333.58,42.40,1.74,552.72,588.91,548.93,475.45,586.65,1160.13,733.07,566.46,589.51,423.39,219.68,140.92,23.42,46.89,0.00,0.00,15.56,0.00,0.00,0.00,0.00,0.00,0.00,0.00,0.00,0.00,1.127
18524,310.60,35.18,1.31,599.42,603.74,523.54,640.67,711.80,637.84,731.29,659.46,541.18,305.11,172.15,23.45,46.78,15.57,0.00,0.00,0.00,0.00,0.00,0.00,0.00,0.00,0.00,0.00,0.00,0.00,1.127
18525,351.89,59.90,5.53,549.73,666.23,806.88,662.27,962.20,683.25,541.18,641.99,375.44,444.73,312.16,186.93,93.31,31.15,0.00,23.25,0.00,0.00,0.00,15.46,0.00,9.27,11.58,0.00,0.00,0.00,1.127
18526,343.13,62.16,9.66,673.39,686.48,454.14,571.62,715.30,758.86,923.58,725.02,495.95,400.45,219.86,94.10,70.46,31.30,0.00,0.00,0.00,0.00,23.37,0.00,0.00,0.00,0.00,0.00,9.32,0.00,1.127
18527,342.22,47.03,2.20,768.25,493.39,549.39,380.17,761.41,875.91,803.52,723.40,447.76,470.13,266.35,140.87,70.31,31.16,23.38,0.00,15.57,0.00,23.34,0.00,0.00,0.00,0.00,0.00,0.00,0.00,1.127
18528,308.07,40.74,1.79,503.31,508.50,524.11,569.27,696.04,732.60,802.28,549.80,494.17,281.67,234.70,93.73,46.74,62.27,23.35,23.39,15.55,0.00,0.00,0.00,0.00,0.00,0.00,0.00,0.00,0.00,1.126
18529,329.33,56.71,4.09,383.93,477.26,691.18,427.45,633.84,638.80,873.90,660.20,636.02,516.90,235.01,164.18,140.46,46.80,0.00,0.00,0.00,23.33,0.00,0.00,0.00,18.62,0.00,0.00,0.00,0.00,1.127
18530,342.95,58.31,9.29,648.25,493.13,667.24,665.77,903.59,757.69,1016.72,519.18,495.10,282.19,282.31,23.49,23.46,46.81,0.00,0.00,15.56,0.00,0.00,0.00,0.00,0.00,0.00,0.00,9.30,0.00,1.127
18531,368.53,47.56,1.95,669.87,602.89,594.97,757.61,789.75,707.50,824.17,689.56,657.51,445.01,328.14,163.70,93.28,46.64,0.00,0.00,0.00,0.00,0.00,0.00,0.00,0.00,0.00,0.00,0.00,0.00,1.127
18532,332.46,47.66,2.51,456.03,540.73,787.41,450.85,935.08,543.84,1062.76,377.13,470.99,375.84,281.88,164.17,93.60,46.77,23.36,0.00,0.00,0.00,23.30,0.00,15.53,0.00,0.00,0.00,0.00,0.00,1.127
18533,359.14,46.16,1.91,720.91,636.70,597.84,546.99,904.36,781.54,638.53,613.89,778.29,399.91,203.94,211.35,70.36,78.10,0.00,0.00,0.00,0.00,0.00,0.00,0.00,0.00,0.00,0.00,0.00,0.00,1.127
18534,297.47,39.11,1.83,575.19,412.71,595.74,806.37,759.06,448.94,495.44,580.70,446.94,328.47,234.72,163.95,23.41,31.18,0.00,23.38,0.00,0.00,23.28,0.00,0.00,0.00,0.00,0.00,0.00,0.00,1.127
18535,336.64,46.47,2.44,792.00,477.25,834.52,427.56,776.53,662.20,826.71,455.70,518.05,446.29,266.29,70.40,46.82,31.26,23.42,23.33,15.56,23.32,0.00,0.00,15.53,0.00,0.00,0.00,0.00,0.00,1.127
18536,360.16,49.98,2.55,886.39,523.78,548.24,664.05,791.42,897.59,731.12,612.05,517.38,398.77,297.32,140.51,70.16,46.65,0.00,23.38,15.54,0.00,23.29,15.50,0.00,0.00,0.00,0.00,0.00,0.00,1.126
18537,344.59,43.36,1.76,481.62,542.63,716.74,643.41,730.12,901.88,663.74,709.66,543.60,518.65,220.17,164.80,23.47,15.69,0.00,0.00,15.59,0.00,0.00,0.00,0.00,0.00,0.00,0.00,0.00,0.00,1.127
18538,342.01,43.91,1.85,336.03,572.86,692.43,593.94,696.98,1182.86,780.01,707.55,494.83,305.55,203.69,117.30,70.29,46.81,0.00,23.42,15.56,0.00,0.00,0.00,0.00,0.00,0.00,0.00,0.00,0.00,1.128
18539,339.03,43.01,1.78,574.41,665.91,545.84,521.15,789.37,967.09,612.56,768.17,422.88,281.20,343.76,187.15,70.09,15.52,0.00,0.00,15.52,0.00,0.00,0.00,0.00,0.00,0.00,0.00,0.00,0.00,1.127
18540,357.13,45.44,1.91,574.65,587.32,619.14,616.34,743.65,1109.59,895.88,596.31,540.78,281.44,234.49,234.10,46.79,0.00,46.65,0.00,15.53,0.00,0.00,0.00,0.00,0.00,0.00,0.00,0.00,0.00,1.128
18541,353.04,64.92,9.74,529.56,686.58,525.28,738.71,699.36,759.23,829.48,678.10,590.83,495.01,251.41,117.65,70.50,0.00,0.00,70.47,0.00,0.00,0.00,0.00,0.00,0.00,0.00,0.00,9.33,0.00,1.127
18542,335.66,41.14,1.96,792.15,541.05,833.96,736.43,728.96,709.60,496.15,518.86,612.65,329.04,219.30,117.27,23.40,0.00,23.38,0.00,15.55,0.00,0.00,0.00,15.53,0.00,0.00,0.00,0.00,0.00,1.127
18543,368.94,49.30,2.23,456.62,733.21,883.32,808.51,682.15,686.58,851.59,661.13,448.12,588.17,282.53,140.95,23.42,31.19,23.46,46.73,31.17,0.00,0.00,0.00,0.00,0.00,0.00,0.00,0.00,0.00,1.127
18544,346.97,43.39,1.79,649.06,510.54,382.20,713.55,809.63,1089.95,875.52,661.32,401.14,470.73,172.57,23.51,23.43,109.35,46.88,0.00,0.00,0.00,0.00,0.00,0.00,0.00,0.00,0.00,0.00,0.00,1.127
18545,307.34,41.47,2.02,479.34,667.89,547.97,616.82,601.50,755.88,495.49,596.79,470.58,445.88,219.08,70.27,70.19,93.53,0.00,0.00,0.00,0.00,0.00,0.00,15.52,0.00,0.00,0.00,0.00,0.00,1.127
18546,272.02,36.94,1.88,504.30,429.95,525.34,475.44,650.59,591.85,543.77,629.29,377.22,352.74,172.47,70.45,46.83,31.17,0.00,0.00,0.00,0.00,23.35,15.56,0.00,0.00,0.00,0.00,0.00,0.00,1.127
18547,293.13,39.96,1.85,551.98,445.76,547.94,427.55,618.74,733.79,472.70,676.37,565.73,352.69,266.50,46.95,70.23,62.43,0.00,0.00,0.00,0.00,23.32,0.00,0.00,0.00,0.00,0.00,0.00,0.00,1.127
18548,347.54,48.14,3.06,647.39,683.11,856.43,521.99,838.73,827.16,731.57,534.00,564.85,328.64,140.92,117.13,93.63,0.00,0.00,0.00,0.00,0.00,46.60,0.00,0.00,9.31,0.00,0.00,0.00,0.00,1.128
18549,297.20,41.45,2.43,335.54,715.17,405.19,474.65,712.02,874.39,637.18,518.28,517.80,234.76,312.96,93.71,93.64,0.00,0.00,0.00,0.00,0.00,0.00,0.00,0.00,9.31,0.00,0.00,0.00,0.00,1.126
18550,332.65,54.11,4.52,599.41,556.17,571.43,569.62,855.08,543.57,708.29,769.64,612.06,328.72,203.67,140.61,70.18,62.38,0.00,0.00,15.55,0.00,23.31,0.00,0.00,0.00,11.62,0.00,0.00,0.00,1.127
18551,342.31,41.08,1.67,504.01,525.25,859.61,736.39,855.77,756.98,756.40,660.37,518.43,235.03,188.03,117.28,23.40,62.51,46.82,0.00,0.00,0.00,0.00,0.00,0.00,0.00,0.00,0.00,0.00,0.00,1.127
18552,350.10,47.38,2.29,624.32,525.08,643.35,641.52,855.94,899.44,685.51,644.83,636.41,329.14,250.95,70.36,46.86,46.94,23.44,46.78,15.55,0.00,0.00,15.53,0.00,0.00,0.00,0.00,0.00,0.00,1.127
18553,311.45,42.54,1.88,479.79,492.96,500.91,474.84,665.11,804.38,826.84,534.44,659.55,234.96,250.68,93.86,117.11,62.44,0.00,0.00,31.08,0.00,0.00,0.00,0.00,0.00,0.00,0.00,0.00,0.00,1.127
18554,280.95,33.63,1.38,723.30,527.86,528.33,381.90,605.95,713.21,474.89,647.70,378.79,236.14,236.15,70.67,47.07,31.30,0.00,0.00,15.64,0.00,0.00,0.00,0.00,0.00,0.00,0.00,0.00,0.00,1.127
18555,363.31,45.29,1.79,646.39,428.47,595.29,829.32,758.92,802.59,1060.87,643.18,470.10,586.14,203.28,140.37,70.08,31.20,0.00,0.00,0.00,0.00,0.00,0.00,0.00,0.00,0.00,0.00,0.00,0.00,1.127
18556,370.61,49.04,2.32,890.09,653.35,358.15,713.96,858.02,924.85,734.10,661.65,708.34,376.80,267.01,117.47,46.90,31.29,0.00,23.39,31.17,0.00,0.00,15.56,0.00,0.00,0.00,0.00,0.00,0.00,1.127
18557,345.41,46.39,2.16,529.49,446.58,646.01,690.81,795.05,901.55,829.52,709.63,567.08,353.54,188.57,47.06,46.98,78.32,0.00,23.49,31.18,23.41,0.00,0.00,0.00,0.00,0.00,0.00,0.00,0.00,1.128
18558,332.50,44.41,2.17,455.89,588.95,595.46,807.36,760.61,662.28,803.10,628.77,588.83,375.93,125.35,93.78,70.27,15.58,23.37,0.00,15.54,23.33,0.00,15.52,0.00,0.00,0.00,0.00,0.00,0.00,1.127
18559,338.17,47.39,2.37,787.39,522.27,379.53,543.32,865.86,682.39,822.43,766.16,374.88,420.68,280.38,69.95,162.98,46.61,0.00,0.00,0.00,0.00,23.18,15.44,0.00,0.00,0.00,0.00,0.00,0.00,1.127
18560,369.44,45.64,2.03,789.53,697.55,593.59,828.63,710.77,849.01,894.65,705.06,540.02,234.18,312.43,116.92,0.00,77.68,23.29,0.00,0.00,0.00,0.00,15.49,0.00,0.00,0.00,0.00,0.00,0.00,1.126
18561,346.62,51.58,2.99,646.30,428.30,594.00,497.45,758.52,802.28,706.95,830.97,610.88,445.27,328.21,116.90,70.10,31.12,0.00,46.63,0.00,0.00,0.00,0.00,0.00,9.30,0.00,0.00,0.00,0.00,1.127
18562,355.68,68.44,10.59,791.73,477.35,572.15,688.45,870.78,780.27,802.93,565.74,400.33,563.70,282.10,93.73,117.07,46.72,0.00,23.33,0.00,0.00,0.00,0.00,0.00,9.31,0.00,0.00,9.29,0.00,1.126
18563,300.15,37.35,1.53,383.84,716.00,547.52,569.95,791.92,544.14,685.10,550.13,471.10,305.44,188.03,70.38,140.45,15.63,23.37,0.00,0.00,0.00,0.00,0.00,0.00,0.00,0.00,0.00,0.00,0.00,1.127
18564,324.17,43.66,2.01,551.14,540.47,548.05,711.37,727.84,826.38,518.86,627.70,399.85,398.85,281.80,234.25,70.17,0.00,23.33,0.00,0.00,0.00,23.27,0.00,0.00,0.00,0.00,0.00,0.00,0.00,1.127
18565,313.03,61.06,9.88,503.07,412.26,452.41,521.50,822.22,708.43,919.34,549.19,587.83,398.71,219.01,70.26,0.00,46.77,0.00,0.00,0.00,0.00,0.00,15.49,15.51,0.00,0.00,0.00,9.28,0.00,1.126
18566,326.51,39.36,1.54,648.59,445.65,499.86,689.35,586.92,1041.96,851.33,550.78,448.05,305.77,282.13,70.43,93.81,15.58,0.00,0.00,0.00,0.00,0.00,0.00,0.00,0.00,0.00,0.00,0.00,0.00,1.127
18567,309.64,39.40,1.64,360.86,542.35,597.46,833.45,619.78,877.46,592.28,504.40,448.80,188.52,267.03,258.66,46.97,31.31,23.43,0.00,0.00,0.00,0.00,0.00,0.00,0.00,0.00,0.00,0.00,0.00,1.127
18568,304.76,42.53,1.90,573.91,570.46,285.58,473.14,710.03,683.23,541.17,798.40,516.20,397.89,265.23,93.39,93.35,31.15,23.34,23.32,15.51,0.00,0.00,0.00,0.00,0.00,0.00,0.00,0.00,0.00,1.126
18569,280.96,44.24,2.87,239.04,411.97,688.71,520.68,742.08,518.64,494.24,783.15,422.49,280.96,218.58,140.20,23.36,46.60,23.35,23.33,0.00,0.00,23.25,0.00,0.00,9.28,0.00,0.00,0.00,0.00,1.126
18570,343.41,68.05,10.36,720.41,477.26,285.90,546.57,856.09,780.92,922.13,629.37,589.45,517.40,172.45,164.40,140.54,15.58,0.00,0.00,0.00,0.00,0.00,0.00,31.10,0.00,0.00,0.00,9.30,0.00,1.127
18571,322.45,56.18,9.16,527.07,491.74,762.98,640.27,664.54,661.44,990.80,533.54,446.86,375.34,156.44,70.24,93.52,15.61,0.00,0.00,0.00,0.00,0.00,0.00,0.00,0.00,0.00,0.00,9.28,0.00,1.128
18572,374.65,47.46,1.94,622.74,588.01,691.21,711.19,854.00,945.11,802.00,706.25,540.99,422.31,297.33,163.84,70.17,77.87,0.00,0.00,0.00,0.00,0.00,0.00,0.00,0.00,0.00,0.00,0.00,0.00,1.127
18573,388.63,49.87,2.16,719.91,572.82,930.22,783.33,838.55,709.49,991.84,722.88,471.01,399.34,281.92,93.77,117.03,93.62,0.00,46.82,0.00,0.00,0.00,0.00,0.00,0.00,0.00,0.00,0.00,0.00,1.127
18574,371.52,48.98,2.25,716.61,522.94,640.47,898.13,804.03,824.09,822.93,735.39,445.44,374.20,280.75,210.14,46.62,62.18,0.00,23.23,0.00,0.00,23.22,0.00,0.00,0.00,0.00,0.00,0.00,0.00,1.127
18575,350.67,45.16,2.03,862.55,587.71,618.50,687.71,664.47,708.64,636.66,690.52,634.94,398.78,265.77,93.71,93.47,46.62,0.00,0.00,0.00,0.00,23.29,0.00,0.00,0.00,0.00,0.00,0.00,0.00,1.127
18576,346.60,42.66,1.82,813.97,683.17,546.79,615.98,853.28,849.30,848.36,486.15,423.00,234.40,250.22,163.83,23.38,46.69,93.44,0.00,0.00,0.00,0.00,0.00,0.00,0.00,0.00,0.00,0.00,0.00,1.127
18577,303.56,36.04,1.49,695.03,540.38,619.64,711.19,648.67,567.16,613.14,580.84,376.34,328.48,203.27,93.65,23.36,31.12,23.40,0.00,15.53,0.00,0.00,0.00,0.00,0.00,0.00,0.00,0.00,0.00,1.127
18578,322.41,49.80,3.31,528.32,685.12,501.43,951.20,745.68,425.99,543.83,487.69,542.33,376.32,297.98,93.92,164.06,46.85,0.00,0.00,0.00,23.39,0.00,0.00,15.54,9.33,0.00,0.00,0.00,0.00,1.128
18579,328.40,83.85,17.71,455.13,635.08,665.52,473.86,711.90,825.76,754.14,501.75,540.45,257.81,265.59,210.67,70.05,93.39,0.00,23.28,0.00,46.58,0.00,0.00,0.00,0.00,0.00,0.00,18.54,0.00,1.127
18580,361.07,50.53,2.41,552.24,572.77,429.27,855.41,935.73,851.82,803.81,629.23,518.59,423.24,235.28,164.26,117.19,46.89,46.77,0.00,15.55,0.00,23.32,0.00,0.00,0.00,0.00,0.00,0.00,0.00,1.127
18581,350.56,40.74,1.61,742.32,619.01,712.64,663.74,727.16,1132.98,707.31,596.08,235.08,351.75,250.16,187.24,23.39,62.31,0.00,0.00,0.00,0.00,0.00,0.00,0.00,0.00,0.00,0.00,0.00,0.00,1.127
18582,378.14,48.89,2.04,552.76,653.47,691.43,713.81,1031.47,829.28,733.76,519.83,708.02,541.42,313.87,117.53,70.36,62.47,0.00,23.38,0.00,0.00,0.00,0.00,0.00,0.00,0.00,0.00,0.00,0.00,1.127
18583,295.93,39.05,1.71,455.49,540.55,524.97,617.00,664.80,661.64,401.16,722.39,447.18,446.02,203.46,70.26,140.43,0.00,0.00,0.00,0.00,23.34,0.00,0.00,0.00,0.00,0.00,0.00,0.00,0.00,1.127
18584,359.00,47.83,2.18,861.53,523.70,619.17,521.15,869.19,896.74,636.02,705.55,610.81,351.49,171.96,163.78,163.51,15.59,23.31,23.28,0.00,23.27,0.00,0.00,0.00,0.00,0.00,0.00,0.00,0.00,1.127
18585,316.79,43.10,2.51,647.26,683.57,547.73,569.52,649.39,638.24,661.07,612.65,494.35,375.70,187.89,117.16,117.03,15.63,0.00,0.00,0.00,0.00,0.00,0.00,0.00,9.30,0.00,0.00,0.00,0.00,1.127
18586,284.21,44.95,3.22,648.89,445.51,476.92,666.17,682.66,521.14,473.28,456.61,353.90,517.75,219.62,46.99,70.34,15.61,0.00,0.00,31.16,0.00,23.35,0.00,15.56,9.33,0.00,0.00,0.00,0.00,1.127
18587,320.27,40.93,1.73,575.17,396.69,572.31,735.07,727.90,732.55,731.25,643.59,517.49,305.00,218.89,93.66,93.58,15.61,0.00,46.61,0.00,0.00,0.00,0.00,0.00,0.00,0.00,0.00,0.00,0.00,1.127
18588,314.44,47.35,2.72,479.43,524.63,618.83,617.14,601.89,638.44,731.97,565.53,564.97,446.13,234.88,70.31,46.76,78.02,0.00,0.00,15.56,0.00,23.29,15.51,15.52,0.00,0.00,0.00,0.00,0.00,1.127
18589,371.36,52.83,3.13,744.40,557.59,691.49,499.09,999.16,875.93,804.01,645.05,542.27,446.80,297.87,211.27,23.46,31.24,23.39,0.00,0.00,0.00,0.00,15.53,0.00,9.33,0.00,0.00,0.00,0.00,1.127
18590,343.41,43.39,1.77,550.87,588.05,523.84,640.35,805.97,1110.04,613.21,549.39,564.49,375.36,297.11,70.25,116.84,62.34,0.00,0.00,0.00,0.00,0.00,0.00,0.00,0.00,0.00,0.00,0.00,0.00,1.127
18591,343.40,50.20,2.51,550.55,364.62,689.86,663.58,790.24,684.28,825.00,674.33,470.04,515.71,328.28,93.61,70.07,62.35,23.38,0.00,15.51,23.28,23.25,0.00,0.00,0.00,0.00,0.00,0.00,0.00,1.126
18592,344.67,44.49,2.53,770.22,574.33,599.21,762.33,762.27,735.54,853.05,615.00,448.94,377.11,235.69,47.09,23.51,47.00,23.44,0.00,0.00,0.00,0.00,0.00,0.00,9.34,0.00,0.00,0.00,0.00,1.127
18593,315.62,41.47,2.23,671.48,683.78,571.48,593.23,792.35,638.17,755.57,439.81,423.77,328.73,234.75,23.46,46.81,15.63,46.77,0.00,15.53,0.00,0.00,15.54,15.53,0.00,0.00,0.00,0.00,0.00,1.127
