NASA Data Processing/CAMP2Ex/LAS/CAMP2Ex-LARGE-LAS_P3B_20190929_R0.ict
78, 1001
Luke Ziemba
NASA Langley
In-situ Particle Size Distributions from the TSI LAS on the NASA P3B
NASA CAMP2Ex
1,1
2019,09,29,2020,05,5
1.0
Time_Start,Secs after midnight,Time of acquisition
30
1,1,1,1,1,1,1,1,1,1,1,1,1,1,1,1,1,1,1,1,1,1,1,1,1,1,1,1,1,1
-9999,-9999,-9999,-9999,-9999,-9999,-9999,-9999,-9999,-9999,-9999,-9999,-9999,-9999,-9999,-9999,-9999,-9999,-9999,-9999,-9999,-9999,-9999,-9999,-9999,-9999,-9999,-9999,-9999,-9999
nLAS, #/cm3, AerMP_NumConc_InSitu_RHd_Optical_AccutoCoarse_STP, Number_concentration_of_particles_in_air_integrated_over_reported_LAS_dry_optical_bins_wrt_AmmoniumSulfate
sLAS, um2/cm3, AerMP_SurfAreaConc_InSitu_RHd_Optical_AccutoCoarse_STP, Surface_area_concentration_of_particles_in_air_integrated_over_reported_LAS_dry_optical_bins_wrt_AmmoniumSulfate
vLAS, um3/cm3, AerMP_VolConc_InSitu_RHd_Optical_AccutoCoarse_STP, Volume_concentration_of_particles_in_air_integrated_over_reported_LAS_dry_optical_bins_wrt_AmmoniumSulfate
LAS_Bin01, #/cm3, None, number_size_distribution_of_particles_in_air_per_dlogDp_for_bin_center_optical_diameter_at_100nm_measured_by_LAS_AmmoniumSulfate
LAS_Bin02, #/cm3, None, number_size_distribution_of_particles_in_air_per_dlogDp_for_bin_center_optical_diameter_at_112nm_measured_by_LAS_AmmoniumSulfate
LAS_Bin03, #/cm3, None, number_size_distribution_of_particles_in_air_per_dlogDp_for_bin_center_optical_diameter_at_126nm_measured_by_LAS_AmmoniumSulfate
LAS_Bin04, #/cm3, None, number_size_distribution_of_particles_in_air_per_dlogDp_for_bin_center_optical_diameter_at_141nm_measured_by_LAS_AmmoniumSulfate
LAS_Bin05, #/cm3, None, number_size_distribution_of_particles_in_air_per_dlogDp_for_bin_center_optical_diameter_at_158nm_measured_by_LAS_AmmoniumSulfate
LAS_Bin06, #/cm3, None, number_size_distribution_of_particles_in_air_per_dlogDp_for_bin_center_optical_diameter_at_178nm_measured_by_LAS_AmmoniumSulfate
LAS_Bin07, #/cm3, None, number_size_distribution_of_particles_in_air_per_dlogDp_for_bin_center_optical_diameter_at_200nm_measured_by_LAS_AmmoniumSulfate
LAS_Bin08, #/cm3, None, number_size_distribution_of_particles_in_air_per_dlogDp_for_bin_center_optical_diameter_at_224nm_measured_by_LAS_AmmoniumSulfate
LAS_Bin09, #/cm3, None, number_size_distribution_of_particles_in_air_per_dlogDp_for_bin_center_optical_diameter_at_251nm_measured_by_LAS_AmmoniumSulfate
LAS_Bin10, #/cm3, None, number_size_distribution_of_particles_in_air_per_dlogDp_for_bin_center_optical_diameter_at_282nm_measured_by_LAS_AmmoniumSulfate
LAS_Bin11, #/cm3, None, number_size_distribution_of_particles_in_air_per_dlogDp_for_bin_center_optical_diameter_at_316nm_measured_by_LAS_AmmoniumSulfate
LAS_Bin12, #/cm3, None, number_size_distribution_of_particles_in_air_per_dlogDp_for_bin_center_optical_diameter_at_355nm_measured_by_LAS_AmmoniumSulfate
LAS_Bin13, #/cm3, None, number_size_distribution_of_particles_in_air_per_dlogDp_for_bin_center_optical_diameter_at_398nm_measured_by_LAS_AmmoniumSulfate
LAS_Bin14, #/cm3, None, number_size_distribution_of_particles_in_air_per_dlogDp_for_bin_center_optical_diameter_at_447nm_measured_by_LAS_AmmoniumSulfate
LAS_Bin15, #/cm3, None, number_size_distribution_of_particles_in_air_per_dlogDp_for_bin_center_optical_diameter_at_501nm_measured_by_LAS_AmmoniumSulfate
[...]
  - Integrated surface areas and volumes are calculated by assuming spherical particles
  - Data in this file is time synced to DLH water vapor
UNCERTAINTY: all data are 20%
ULOD_FLAG: -7777
ULOD_VALUE: N/A
LLOD_FLAG: -8888
LLOD_VALUE: N/A
DM_CONTACT_INFO: Michael Shook (michael.shook@nasa.gov)
PROJECT_INFO: CAMP2Ex 2019
STIPULATIONS_ON_USE: This is FINAL data. Users are strongly encouraged to consult the PI and/or DM prior to use.
OTHER_COMMENTS: dlogD for Diameters less than 1000 nm is 0.05 (20 channels per decade). For Diameters greater than or equal to 1000 nm, dlogD is 0.1 (10 channels per decade)
OTHER_COMMENTS: Data are processed with respect to mid-point ammonium-sulfate ((NH4)2SO4, AmmSO4) equivalent optical diameters and are rebinned to a standard binning scheme
OTHER_COMMENTS: Mid-point diameters (in nm) are:
		  100.0, 112.2, 125.9, 141.3, 158.5, 177.8, 199.5, 223.9, 251.2, 281.8, 316.2, 354.8, 398.1, 446.7, 501.2, 562.3, 631.0, 707.9, 794.3, 891.3, 1000.0, 1258.9, 1584.9, 1995.3, 2511.9, 3162.3
REVISION: R0
R0: STP calculations now use data from publicly available MetNav files, data is time synced to DLH
RC: Particle sizing now done with respect to ammonium sulfate
RB: Time sync to LARGE CNgt3nm applied
RA: None
*******************************************************************************************************************************
Time_Start,nLAS,sLAS,vLAS,LAS_Bin01,LAS_Bin02,LAS_Bin03,LAS_Bin04,LAS_Bin05,LAS_Bin06,LAS_Bin07,LAS_Bin08,LAS_Bin09,LAS_Bin10,LAS_Bin11,LAS_Bin12,LAS_Bin13,LAS_Bin14,LAS_Bin15,LAS_Bin16,LAS_Bin17,LAS_Bin18,LAS_Bin19,LAS_Bin20,LAS_Bin21,LAS_Bin22,LAS_Bin23,LAS_Bin24,LAS_Bin25,LAS_Bin26,stdPT
[from data line 9169]
18105,10542.96,4310.80,716.48,7924.34,9839.57,12684.08,13626.06,15138.26,20090.40,18647.48,17695.56,15397.76,14584.83,13100.25,11469.54,10703.80,10412.80,4552.51,3779.19,2918.28,2237.02,1861.46,1286.27,899.09,464.78,127.67,92.82,204.07,115.94,2.116
18106,9692.56,3067.43,437.26,11945.68,14312.29,14996.21,17260.07,15936.04,17971.56,15587.11,14442.53,13164.09,12026.75,9004.27,8559.37,7795.89,7405.70,3250.57,2453.96,2332.50,1657.53,1049.05,714.26,636.66,372.45,34.87,74.38,157.97,34.84,2.113
18107,7192.27,1803.52,216.00,13600.19,13663.96,14277.44,15504.68,12344.62,10942.98,10739.13,9113.45,8231.76,8187.29,5677.98,5073.56,4431.37,4435.35,2131.16,1451.23,1121.51,912.01,583.71,404.34,248.80,195.88,58.22,55.88,74.46,0.00,2.109
18108,4164.23,1067.71,160.47,9012.95,8659.68,9433.90,7947.70,7059.80,7065.56,6465.91,5103.56,4612.16,3919.77,2785.29,2811.81,2011.72,2228.07,911.49,910.84,699.18,419.86,326.05,263.77,170.68,102.36,34.85,0.00,83.57,11.60,2.111
18109,2586.90,785.30,125.07,5089.97,5665.07,5462.46,4491.11,4439.45,3880.46,3403.46,3239.80,3134.51,2444.79,2115.72,1854.20,1593.41,1622.62,889.56,467.83,482.40,373.78,233.32,279.68,108.78,121.14,34.90,18.61,46.50,11.62,2.111
18110,2479.18,843.57,144.76,5607.95,5004.90,4574.45,5077.15,3926.77,3308.32,3327.68,3218.88,2423.63,2440.93,2174.67,1546.45,1450.32,1745.03,724.39,677.06,590.45,396.41,396.01,294.81,217.20,74.44,69.70,9.29,65.00,11.61,2.109
18111,2353.43,1182.94,291.84,5065.07,4503.24,3672.88,3635.00,4026.58,3029.71,3072.14,2987.77,2992.82,2115.52,2413.42,1924.36,1546.19,1903.55,912.81,795.19,544.57,303.69,279.95,201.99,155.42,223.67,34.91,55.81,120.88,58.10,2.109
18112,1634.10,655.23,123.67,3103.35,2997.18,2893.14,3095.26,2558.10,2798.57,2249.86,1701.87,1747.48,1672.40,1413.26,1175.57,1479.00,1016.16,539.33,515.80,467.76,210.61,186.99,155.67,186.86,140.07,23.31,37.29,46.59,11.64,2.112
18113,1012.24,406.49,87.24,2204.42,1954.13,2211.73,1256.90,1581.94,1440.67,1533.09,1177.07,1199.56,938.44,875.87,726.17,888.58,887.64,327.11,233.42,186.40,69.93,93.16,108.55,62.04,65.10,11.61,9.28,46.41,11.60,2.112
18114,800.01,338.51,68.99,1463.11,1430.98,1549.97,1448.45,1504.41,1206.08,968.22,1005.69,730.01,657.69,673.36,633.11,772.68,732.96,163.78,163.47,233.25,163.34,116.54,77.62,77.64,46.56,11.63,0.00,55.76,0.00,2.112
18115,1042.89,543.11,132.82,1868.80,1762.64,1500.62,1849.49,1977.04,1322.36,1721.79,1491.27,964.41,1220.03,782.31,632.41,795.23,965.33,373.99,373.49,326.22,186.52,163.03,108.58,77.53,46.51,34.84,37.16,55.69,23.20,2.107
18116,1082.65,530.24,125.61,2589.36,1939.64,2361.04,1922.64,1488.12,1182.20,1251.00,1240.95,1153.50,915.77,954.88,961.01,842.55,794.85,350.49,584.37,155.45,163.35,163.11,139.66,108.67,65.13,23.24,37.18,46.44,23.21,2.107
18117,693.11,231.01,36.33,1606.20,1604.30,1096.62,1304.80,1377.44,1039.52,684.28,643.85,447.07,797.98,641.17,515.61,561.56,498.73,163.66,186.82,233.09,93.30,139.74,31.06,46.55,46.53,0.00,9.29,18.57,0.00,2.110
18118,401.33,161.23,30.27,865.44,828.08,765.33,761.41,682.30,497.93,378.77,488.28,566.38,447.24,235.44,305.63,140.81,218.48,187.61,210.66,93.47,116.97,46.72,31.10,46.70,28.01,0.00,9.31,18.62,0.00,2.110
18119,189.26,54.40,5.22,527.05,301.45,189.98,331.88,237.31,259.79,306.63,235.45,258.76,164.23,172.07,163.92,140.21,155.81,140.26,70.07,62.11,0.00,0.00,15.52,15.51,18.60,0.00,0.00,0.00,0.00,2.108
18120,89.45,36.07,8.85,192.12,127.39,239.00,237.66,142.61,142.07,23.63,62.95,141.49,141.13,78.42,23.47,23.42,78.14,46.79,23.36,46.70,0.00,0.00,0.00,0.00,0.00,0.00,0.00,9.31,0.00,2.106
18121,62.87,18.82,1.94,143.88,159.04,166.96,47.52,79.38,47.28,70.84,62.87,117.70,93.92,15.66,23.46,46.85,46.76,46.71,23.32,46.66,0.00,0.00,0.00,0.00,9.30,0.00,0.00,0.00,0.00,2.107
18122,43.85,8.54,0.57,71.87,111.55,167.50,71.29,47.40,47.22,47.22,94.28,0.00,46.96,46.97,23.46,23.43,31.15,23.36,0.00,0.00,23.35,0.00,0.00,0.00,0.00,0.00,0.00,0.00,0.00,2.108
18123,32.79,6.54,0.40,143.94,63.68,47.68,71.16,15.90,23.68,47.27,15.71,0.00,46.97,62.65,23.47,23.43,46.90,0.00,23.41,0.00,0.00,0.00,0.00,0.00,0.00,0.00,0.00,0.00,0.00,2.108
18124,24.04,7.37,0.62,24.03,31.82,95.43,0.00,15.91,94.59,0.00,0.00,70.69,0.00,31.28,23.48,23.40,31.23,0.00,0.00,15.56,0.00,23.32,0.00,0.00,0.00,0.00,0.00,0.00,0.00,2.108
18125,28.36,6.26,0.38,47.98,47.78,47.42,23.77,31.74,47.30,70.84,62.88,0.00,0.00,31.35,70.34,70.22,0.00,0.00,0.00,15.54,0.00,0.00,0.00,0.00,0.00,0.00,0.00,0.00,0.00,2.107
18126,25.24,7.13,0.58,47.98,47.64,71.66,0.00,47.64,0.00,47.23,110.02,23.55,0.00,15.63,0.00,0.00,31.19,0.00,23.41,15.55,23.33,0.00,0.00,0.00,0.00,0.00,0.00,0.00,0.00,2.106
18127,22.45,6.54,0.65,24.01,79.62,0.00,23.71,15.75,118.23,23.59,0.00,23.54,70.45,0.00,23.46,0.00,15.63,0.00,0.00,15.53,0.00,0.00,0.00,15.51,0.00,0.00,0.00,0.00,0.00,2.106
18128,16.97,4.87,0.39,47.97,15.97,71.64,0.00,15.90,23.67,47.25,0.00,0.00,0.00,15.63,23.43,23.43,31.15,0.00,0.00,0.00,23.35,0.00,0.00,0.00,0.00,0.00,0.00,0.00,0.00,2.106
18129,21.33,5.37,0.55,95.84,47.61,47.92,23.70,15.74,47.26,0.00,47.12,0.00,23.48,0.00,23.42,23.42,15.55,0.00,0.00,0.00,0.00,0.00,0.00,15.52,0.00,0.00,0.00,0.00,0.00,2.109
18130,20.95,2.08,0.07,47.91,79.57,23.70,23.76,15.86,94.50,70.82,31.45,0.00,0.00,31.34,0.00,0.00,0.00,0.00,0.00,0.00,0.00,0.00,0.00,0.00,0.00,0.00,0.00,0.00,0.00,2.110
18131,21.32,4.58,0.30,48.02,31.80,47.94,71.24,15.86,0.00,47.22,47.11,23.55,0.00,0.00,23.43,23.43,0.00,23.42,23.40,0.00,0.00,0.00,0.00,0.00,0.00,0.00,0.00,0.00,0.00,2.108
18132,20.65,2.05,0.08,96.12,31.85,95.79,47.52,31.79,23.65,0.00,31.49,0.00,0.00,31.41,23.47,0.00,0.00,0.00,0.00,0.00,0.00,0.00,0.00,0.00,0.00,0.00,0.00,0.00,0.00,2.109
18133,18.55,3.67,0.22,48.00,63.42,47.91,0.00,47.33,23.60,23.61,0.00,0.00,23.47,15.67,23.45,0.00,31.19,23.34,0.00,0.00,0.00,0.00,0.00,0.00,0.00,0.00,0.00,0.00,0.00,2.110
18134,11.47,1.21,0.05,47.95,15.91,23.72,47.51,15.76,23.69,0.00,31.47,0.00,0.00,0.00,23.44,0.00,0.00,0.00,0.00,0.00,0.00,0.00,0.00,0.00,0.00,0.00,0.00,0.00,0.00,2.106
18135,13.80,3.25,0.22,0.00,79.67,0.00,23.73,15.76,23.62,23.64,15.73,23.56,0.00,0.00,0.00,46.88,0.00,0.00,23.42,0.00,0.00,0.00,0.00,0.00,0.00,0.00,0.00,0.00,0.00,2.105
18136,21.33,2.79,0.13,47.90,79.74,47.65,23.70,31.64,23.60,23.59,62.79,23.54,23.48,0.00,23.45,0.00,15.57,0.00,0.00,0.00,0.00,0.00,0.00,0.00,0.00,0.00,0.00,0.00,0.00,2.106
18137,22.25,1.66,0.06,167.92,95.59,47.70,47.46,0.00,23.63,0.00,15.73,23.56,0.00,0.00,23.44,0.00,0.00,0.00,0.00,0.00,0.00,0.00,0.00,0.00,0.00,0.00,0.00,0.00,0.00,2.105
18138,15.02,3.45,0.29,48.01,0.00,71.43,47.46,31.68,23.69,0.00,0.00,23.56,0.00,15.68,0.00,0.00,15.57,0.00,0.00,0.00,23.34,0.00,0.00,0.00,0.00,0.00,0.00,0.00,0.00,2.106
18139,17.01,2.31,0.11,24.02,95.57,23.71,23.77,31.74,47.30,23.63,0.00,0.00,0.00,31.30,23.44,0.00,15.63,0.00,0.00,0.00,0.00,0.00,0.00,0.00,0.00,0.00,0.00,0.00,0.00,2.107
18140,17.81,2.63,0.14,96.05,79.61,23.72,0.00,0.00,23.69,23.64,0.00,23.56,23.50,31.31,0.00,0.00,31.17,0.00,0.00,0.00,0.00,0.00,0.00,0.00,0.00,0.00,0.00,0.00,0.00,2.108
18141,16.29,0.93,0.02,71.94,79.45,71.66,47.54,15.87,0.00,23.60,15.71,0.00,0.00,0.00,0.00,0.00,0.00,0.00,0.00,0.00,0.00,0.00,0.00,0.00,0.00,0.00,0.00,0.00,0.00,2.109
18142,18.24,2.02,0.09,119.98,31.69,47.71,23.73,47.70,0.00,0.00,15.71,23.56,23.51,15.69,0.00,0.00,15.57,0.00,0.00,0.00,0.00,0.00,0.00,0.00,0.00,0.00,0.00,0.00,0.00,2.110
18143,25.80,2.59,0.12,144.04,95.45,71.68,23.73,15.91,23.69,70.92,47.18,0.00,0.00,0.00,0.00,0.00,0.00,23.37,0.00,0.00,0.00,0.00,0.00,0.00,0.00,0.00,0.00,0.00,0.00,2.111
18144,7.98,0.34,0.01,96.07,31.82,0.00,0.00,31.68,0.00,0.00,0.00,0.00,0.00,0.00,0.00,0.00,0.00,0.00,0.00,0.00,0.00,0.00,0.00,0.00,0.00,0.00,0.00,0.00,0.00,2.111
18145,10.69,1.46,0.09,71.94,63.47,0.00,0.00,15.75,23.61,0.00,15.71,0.00,0.00,0.00,0.00,0.00,0.00,23.36,0.00,0.00,0.00,0.00,0.00,0.00,0.00,0.00,0.00,0.00,0.00,2.110
18146,10.73,1.29,0.06,120.03,0.00,0.00,0.00,31.79,0.00,23.61,0.00,0.00,0.00,15.68,0.00,23.40,0.00,0.00,0.00,0.00,0.00,0.00,0.00,0.00,0.00,0.00,0.00,0.00,0.00,2.110
18147,10.30,1.43,0.09,24.02,79.53,0.00,23.73,31.78,23.62,0.00,0.00,0.00,0.00,0.00,0.00,0.00,0.00,23.37,0.00,0.00,0.00,0.00,0.00,0.00,0.00,0.00,0.00,0.00,0.00,2.110
18148,12.28,1.16,0.04,47.98,15.97,23.98,47.44,31.66,23.68,0.00,15.71,23.55,0.00,15.68,0.00,0.00,0.00,0.00,0.00,0.00,0.00,0.00,0.00,0.00,0.00,0.00,0.00,0.00,0.00,2.110
18149,16.28,1.85,0.09,95.98,47.93,47.96,0.00,15.87,0.00,70.89,0.00,0.00,0.00,31.36,0.00,0.00,15.57,0.00,0.00,0.00,0.00,0.00,0.00,0.00,0.00,0.00,0.00,0.00,0.00,2.110
18150,15.46,1.59,0.07,96.05,31.73,23.70,23.71,31.76,47.35,23.63,0.00,0.00,0.00,15.68,0.00,0.00,15.63,0.00,0.00,0.00,0.00,0.00,0.00,0.00,0.00,0.00,0.00,0.00,0.00,2.110
18151,16.66,1.15,0.04,95.98,79.63,47.40,23.71,0.00,47.34,0.00,15.71,0.00,23.48,0.00,0.00,0.00,0.00,0.00,0.00,0.00,0.00,0.00,0.00,0.00,0.00,0.00,0.00,0.00,0.00,2.109
18152,13.46,1.90,0.10,48.00,63.77,0.00,47.51,31.67,0.00,0.00,15.73,23.56,0.00,0.00,0.00,23.44,15.57,0.00,0.00,0.00,0.00,0.00,0.00,0.00,0.00,0.00,0.00,0.00,0.00,2.110
18153,15.47,1.53,0.08,95.99,79.47,47.43,47.50,0.00,0.00,0.00,0.00,0.00,0.00,0.00,23.48,0.00,15.58,0.00,0.00,0.00,0.00,0.00,0.00,0.00,0.00,0.00,0.00,0.00,0.00,2.109
18154,10.70,1.33,0.06,95.92,0.00,0.00,23.75,31.59,0.00,23.58,0.00,0.00,0.00,15.67,0.00,23.41,0.00,0.00,0.00,0.00,0.00,0.00,0.00,0.00,0.00,0.00,0.00,0.00,0.00,2.110
18155,19.76,5.23,0.55,96.01,15.90,23.97,0.00,31.65,47.29,70.83,0.00,23.55,23.48,15.68,0.00,0.00,31.21,0.00,0.00,0.00,0.00,0.00,0.00,15.53,0.00,0.00,0.00,0.00,0.00,2.110
18156,20.20,1.65,0.05,72.03,63.71,47.44,71.29,0.00,47.32,47.29,31.43,0.00,23.51,0.00,0.00,0.00,0.00,0.00,0.00,0.00,0.00,0.00,0.00,0.00,0.00,0.00,0.00,0.00,0.00,2.110
18157,8.71,0.57,0.02,24.02,47.64,47.42,23.72,0.00,0.00,0.00,31.42,0.00,0.00,0.00,0.00,0.00,0.00,0.00,0.00,0.00,0.00,0.00,0.00,0.00,0.00,0.00,0.00,0.00,0.00,2.111
18158,13.98,22.43,8.07,71.94,15.90,23.97,47.53,15.90,0.00,0.00,0.00,0.00,0.00,15.67,0.00,23.43,0.00,23.42,0.00,0.00,23.32,0.00,0.00,0.00,0.00,0.00,0.00,9.29,0.00,2.110
18159,7.94,1.12,0.06,48.04,15.90,23.98,0.00,31.78,0.00,0.00,0.00,0.00,0.00,15.67,0.00,23.44,0.00,0.00,0.00,0.00,0.00,0.00,0.00,0.00,0.00,0.00,0.00,0.00,0.00,2.110
18160,11.08,1.48,0.07,48.07,31.76,0.00,23.79,0.00,0.00,47.27,31.46,23.57,0.00,0.00,0.00,0.00,15.59,0.00,0.00,0.00,0.00,0.00,0.00,0.00,0.00,0.00,0.00,0.00,0.00,2.110
18161,10.35,0.66,0.02,143.97,0.00,0.00,23.73,0.00,0.00,0.00,15.73,23.55,0.00,0.00,0.00,0.00,0.00,0.00,0.00,0.00,0.00,0.00,0.00,0.00,0.00,0.00,0.00,0.00,0.00,2.109
18162,13.46,2.56,0.17,48.05,15.90,23.98,47.55,31.78,23.69,0.00,15.73,23.56,0.00,0.00,0.00,0.00,15.57,0.00,23.34,0.00,0.00,0.00,0.00,0.00,0.00,0.00,0.00,0.00,0.00,2.108
18163,17.41,4.28,0.37,96.05,63.74,0.00,47.53,31.50,0.00,23.63,15.70,0.00,0.00,0.00,23.43,0.00,0.00,0.00,23.33,0.00,23.35,0.00,0.00,0.00,0.00,0.00,0.00,0.00,0.00,2.107
18164,11.51,1.11,0.05,71.96,47.71,0.00,47.50,0.00,23.69,23.61,0.00,0.00,0.00,0.00,0.00,0.00,15.64,0.00,0.00,0.00,0.00,0.00,0.00,0.00,0.00,0.00,0.00,0.00,0.00,2.107
18165,9.49,1.13,0.05,24.00,79.40,23.70,0.00,0.00,0.00,0.00,15.71,0.00,23.48,0.00,23.46,0.00,0.00,0.00,0.00,0.00,0.00,0.00,0.00,0.00,0.00,0.00,0.00,0.00,0.00,2.106
18166,12.32,1.89,0.13,95.97,47.79,23.98,0.00,15.87,0.00,0.00,15.73,23.55,0.00,0.00,0.00,0.00,0.00,0.00,23.41,0.00,0.00,0.00,0.00,0.00,0.00,0.00,0.00,0.00,0.00,2.106
18167,7.14,0.58,0.02,47.98,31.81,0.00,23.77,0.00,23.61,0.00,0.00,0.00,0.00,15.67,0.00,0.00,0.00,0.00,0.00,0.00,0.00,0.00,0.00,0.00,0.00,0.00,0.00,0.00,0.00,2.108
18168,13.04,3.46,0.27,47.94,63.57,23.98,0.00,15.87,0.00,0.00,15.72,23.56,0.00,0.00,23.44,0.00,0.00,0.00,46.68,0.00,0.00,0.00,0.00,0.00,0.00,0.00,0.00,0.00,0.00,2.107
18169,11.05,1.88,0.10,24.00,63.38,23.96,23.76,0.00,0.00,0.00,15.70,0.00,23.47,0.00,0.00,46.80,0.00,0.00,0.00,0.00,0.00,0.00,0.00,0.00,0.00,0.00,0.00,0.00,0.00,2.109
18170,8.37,0.41,0.01,120.04,0.00,0.00,23.72,0.00,0.00,23.63,0.00,0.00,0.00,0.00,0.00,0.00,0.00,0.00,0.00,0.00,0.00,0.00,0.00,0.00,0.00,0.00,0.00,0.00,0.00,2.108
18171,8.72,1.44,0.11,71.95,15.97,23.71,0.00,0.00,23.68,23.61,0.00,0.00,0.00,0.00,0.00,0.00,0.00,0.00,0.00,15.54,0.00,0.00,0.00,0.00,0.00,0.00,0.00,0.00,0.00,2.109
18172,11.93,0.70,0.02,95.95,63.67,23.97,0.00,0.00,23.61,0.00,31.43,0.00,0.00,0.00,0.00,0.00,0.00,0.00,0.00,0.00,0.00,0.00,0.00,0.00,0.00,0.00,0.00,0.00,0.00,2.107
18173,10.29,1.24,0.05,47.93,15.84,0.00,23.72,47.72,23.68,0.00,0.00,0.00,23.50,0.00,23.47,0.00,0.00,0.00,0.00,0.00,0.00,0.00,0.00,0.00,0.00,0.00,0.00,0.00,0.00,2.108
18174,8.74,0.89,0.04,71.99,31.73,23.97,23.72,0.00,0.00,0.00,0.00,0.00,0.00,0.00,0.00,23.43,0.00,0.00,0.00,0.00,0.00,0.00,0.00,0.00,0.00,0.00,0.00,0.00,0.00,2.110
18175,9.90,1.07,0.05,47.97,31.79,47.67,0.00,0.00,23.61,0.00,0.00,23.54,0.00,0.00,23.43,0.00,0.00,0.00,0.00,0.00,0.00,0.00,0.00,0.00,0.00,0.00,0.00,0.00,0.00,2.110
18176,15.52,1.71,0.09,95.97,63.82,71.93,0.00,15.91,23.68,0.00,0.00,0.00,0.00,0.00,0.00,23.44,15.58,0.00,0.00,0.00,0.00,0.00,0.00,0.00,0.00,0.00,0.00,0.00,0.00,2.110
18177,16.66,1.20,0.04,95.84,95.43,47.39,23.75,15.74,23.66,0.00,0.00,0.00,0.00,31.29,0.00,0.00,0.00,0.00,0.00,0.00,0.00,0.00,0.00,0.00,0.00,0.00,0.00,0.00,0.00,2.109
18178,8.72,0.68,0.02,24.02,15.84,47.69,23.72,15.91,23.62,0.00,0.00,23.55,0.00,0.00,0.00,0.00,0.00,0.00,0.00,0.00,0.00,0.00,0.00,0.00,0.00,0.00,0.00,0.00,0.00,2.111
18179,20.67,1.73,0.07,167.91,47.71,71.66,71.26,0.00,0.00,0.00,0.00,23.55,0.00,15.67,0.00,0.00,15.58,0.00,0.00,0.00,0.00,0.00,0.00,0.00,0.00,0.00,0.00,0.00,0.00,2.110
18180,17.81,3.31,0.33,24.03,63.65,95.15,71.25,0.00,23.69,23.62,0.00,23.56,0.00,15.64,0.00,0.00,0.00,0.00,0.00,0.00,0.00,0.00,15.53,0.00,0.00,0.00,0.00,0.00,0.00,2.110
18181,11.92,0.91,0.03,95.87,47.69,23.96,23.76,0.00,0.00,0.00,0.00,23.54,23.48,0.00,0.00,0.00,0.00,0.00,0.00,0.00,0.00,0.00,0.00,0.00,0.00,0.00,0.00,0.00,0.00,2.110
18182,12.30,0.93,0.03,95.97,31.79,23.70,0.00,31.76,23.60,0.00,15.70,0.00,23.48,0.00,0.00,0.00,0.00,0.00,0.00,0.00,0.00,0.00,0.00,0.00,0.00,0.00,0.00,0.00,0.00,2.110
18183,12.69,1.38,0.06,72.00,79.45,0.00,23.72,15.91,0.00,23.63,0.00,0.00,0.00,15.68,0.00,23.39,0.00,0.00,0.00,0.00,0.00,0.00,0.00,0.00,0.00,0.00,0.00,0.00,0.00,2.111
18184,15.05,1.18,0.04,72.01,63.50,47.43,23.78,0.00,0.00,23.61,47.16,23.56,0.00,0.00,0.00,0.00,0.00,0.00,0.00,0.00,0.00,0.00,0.00,0.00,0.00,0.00,0.00,0.00,0.00,2.111
18185,7.52,0.82,0.04,47.99,15.84,0.00,0.00,63.02,0.00,0.00,0.00,0.00,0.00,0.00,23.47,0.00,0.00,0.00,0.00,0.00,0.00,0.00,0.00,0.00,0.00,0.00,0.00,0.00,0.00,2.113
18186,13.88,1.62,0.09,47.93,95.23,23.98,23.72,31.77,23.68,0.00,0.00,0.00,0.00,0.00,0.00,0.00,31.27,0.00,0.00,0.00,0.00,0.00,0.00,0.00,0.00,0.00,0.00,0.00,0.00,2.114
18187,15.83,1.46,0.05,24.00,79.47,71.62,47.41,0.00,0.00,23.59,31.40,0.00,23.48,15.66,0.00,0.00,0.00,0.00,0.00,0.00,0.00,0.00,0.00,0.00,0.00,0.00,0.00,0.00,0.00,2.113
18188,15.49,0.97,0.03,96.02,15.84,95.11,23.77,31.81,23.62,0.00,0.00,23.55,0.00,0.00,0.00,0.00,0.00,0.00,0.00,0.00,0.00,0.00,0.00,0.00,0.00,0.00,0.00,0.00,0.00,2.113
18189,17.89,1.04,0.03,119.99,95.54,71.44,23.73,0.00,23.63,0.00,0.00,0.00,23.51,0.00,0.00,0.00,0.00,0.00,0.00,0.00,0.00,0.00,0.00,0.00,0.00,0.00,0.00,0.00,0.00,2.112
18190,14.71,1.10,0.04,119.99,79.56,23.97,0.00,0.00,47.28,0.00,0.00,0.00,0.00,0.00,23.43,0.00,0.00,0.00,0.00,0.00,0.00,0.00,0.00,0.00,0.00,0.00,0.00,0.00,0.00,2.113
18191,13.94,0.67,0.02,120.02,63.53,23.99,47.58,0.00,0.00,23.62,0.00,0.00,0.00,0.00,0.00,0.00,0.00,0.00,0.00,0.00,0.00,0.00,0.00,0.00,0.00,0.00,0.00,0.00,0.00,2.113
18192,13.55,1.00,0.05,120.05,63.89,47.69,23.72,0.00,0.00,0.00,0.00,0.00,0.00,0.00,0.00,0.00,15.58,0.00,0.00,0.00,0.00,0.00,0.00,0.00,0.00,0.00,0.00,0.00,0.00,2.112
18193,11.94,1.01,0.05,72.01,47.72,47.96,23.72,31.82,0.00,0.00,0.00,0.00,0.00,0.00,0.00,0.00,15.57,0.00,0.00,0.00,0.00,0.00,0.00,0.00,0.00,0.00,0.00,0.00,0.00,2.112
18194,12.73,0.58,0.01,119.83,63.66,0.00,47.47,0.00,23.61,0.00,0.00,0.00,0.00,0.00,0.00,0.00,0.00,0.00,0.00,0.00,0.00,0.00,0.00,0.00,0.00,0.00,0.00,0.00,0.00,2.111
