NASA Data Processing/CAMP2Ex/LAS/CAMP2Ex-LARGE-LAS_P3B_20191005_R0.ict
78, 1001
Luke Ziemba
NASA Langley
In-situ Particle Size Distributions from the TSI LAS on the NASA P3B
NASA CAMP2Ex
1,1
2019,10,05,2020,05,5
1.0
Time_Start,Secs after midnight,Time of acquisition
30
1,1,1,1,1,1,1,1,1,1,1,1,1,1,1,1,1,1,1,1,1,1,1,1,1,1,1,1,1,1
-9999,-9999,-9999,-9999,-9999,-9999,-9999,-9999,-9999,-9999,-9999,-9999,-9999,-9999,-9999,-9999,-9999,-9999,-9999,-9999,-9999,-9999,-9999,-9999,-9999,-9999,-9999,-9999,-9999,-9999
nLAS, #/cm3, AerMP_NumConc_InSitu_RHd_Optical_AccutoCoarse_STP, Number_concentration_of_particles_in_air_integrated_over_reported_LAS_dry_optical_bins_wrt_AmmoniumSulfate
sLAS, um2/cm3, AerMP_SurfAreaConc_InSitu_RHd_Optical_AccutoCoarse_STP, Surface_area_concentration_of_particles_in_air_integrated_over_reported_LAS_dry_optical_bins_wrt_AmmoniumSulfate
vLAS, um3/cm3, AerMP_VolConc_InSitu_RHd_Optical_AccutoCoarse_STP, Volume_concentration_of_particles_in_air_integrated_over_reported_LAS_dry_optical_bins_wrt_AmmoniumSulfate
LAS_Bin01, #/cm3, None, number_size_distribution_of_particles_in_air_per_dlogDp_for_bin_center_optical_diameter_at_100nm_measured_by_LAS_AmmoniumSulfate
LAS_Bin02, #/cm3, None, number_size_distribution_of_particles_in_air_per_dlogDp_for_bin_center_optical_diameter_at_112nm_measured_by_LAS_AmmoniumSulfate
LAS_Bin03, #/cm3, None, number_size_distribution_of_particles_in_air_per_dlogDp_for_bin_center_optical_diameter_at_126nm_measured_by_LAS_AmmoniumSulfate
LAS_Bin04, #/cm3, None, number_size_distribution_of_particles_in_air_per_dlogDp_for_bin_center_optical_diameter_at_141nm_measured_by_LAS_AmmoniumSulfate
LAS_Bin05, #/cm3, None, number_size_distribution_of_particles_in_air_per_dlogDp_for_bin_center_optical_diameter_at_158nm_measured_by_LAS_AmmoniumSulfate
LAS_Bin06, #/cm3, None, number_size_distribution_of_particles_in_air_per_dlogDp_for_bin_center_optical_diameter_at_178nm_measured_by_LAS_AmmoniumSulfate
LAS_Bin07, #/cm3, None, number_size_distribution_of_particles_in_air_per_dlogDp_for_bin_center_optical_diameter_at_200nm_measured_by_LAS_AmmoniumSulfate
LAS_Bin08, #/cm3, None, number_size_distribution_of_particles_in_air_per_dlogDp_for_bin_center_optical_diameter_at_224nm_measured_by_LAS_AmmoniumSulfate
LAS_Bin09, #/cm3, None, number_size_distribution_of_particles_in_air_per_dlogDp_for_bin_center_optical_diameter_at_251nm_measured_by_LAS_AmmoniumSulfate
LAS_Bin10, #/cm3, None, number_size_distribution_of_particles_in_air_per_dlogDp_for_bin_center_optical_diameter_at_282nm_measured_by_LAS_AmmoniumSulfate
LAS_Bin11, #/cm3, None, number_size_distribution_of_particles_in_air_per_dlogDp_for_bin_center_optical_diameter_at_316nm_measured_by_LAS_AmmoniumSulfate
LAS_Bin12, #/cm3, None, number_size_distribution_of_particles_in_air_per_dlogDp_for_bin_center_optical_diameter_at_355nm_measured_by_LAS_AmmoniumSulfate
LAS_Bin13, #/cm3, None, number_size_distribution_of_particles_in_air_per_dlogDp_for_bin_center_optical_diameter_at_398nm_measured_by_LAS_AmmoniumSulfate
LAS_Bin14, #/cm3, None, number_size_distribution_of_particles_in_air_per_dlogDp_for_bin_center_optical_diameter_at_447nm_measured_by_LAS_AmmoniumSulfate
LAS_Bin15, #/cm3, None, number_size_distribution_of_particles_in_air_per_dlogDp_for_bin_center_optical_diameter_at_501nm_measured_by_LAS_AmmoniumSulfate
[...]
  - Integrated surface areas and volumes are calculated by assuming spherical particles
  - Data in this file is time synced to DLH water vapor
UNCERTAINTY: all data are 20%
ULOD_FLAG: -7777
ULOD_VALUE: N/A
LLOD_FLAG: -8888
LLOD_VALUE: N/A
DM_CONTACT_INFO: Michael Shook (michael.shook@nasa.gov)
PROJECT_INFO: CAMP2Ex 2019
STIPULATIONS_ON_USE: This is FINAL data. Users are strongly encouraged to consult the PI and/or DM prior to use.
OTHER_COMMENTS: dlogD for Diameters less than 1000 nm is 0.05 (20 channels per decade). For Diameters greater than or equal to 1000 nm, dlogD is 0.1 (10 channels per decade)
OTHER_COMMENTS: Data are processed with respect to mid-point ammonium-sulfate ((NH4)2SO4, AmmSO4) equivalent optical diameters and are rebinned to a standard binning scheme
OTHER_COMMENTS: Mid-point diameters (in nm) are:
		  100.0, 112.2, 125.9, 141.3, 158.5, 177.8, 199.5, 223.9, 251.2, 281.8, 316.2, 354.8, 398.1, 446.7, 501.2, 562.3, 631.0, 707.9, 794.3, 891.3, 1000.0, 1258.9, 1584.9, 1995.3, 2511.9, 3162.3
REVISION: R0
R0: STP calculations now use data from publicly available MetNav files, data is time synced to DLH
RC: Particle sizing now done with respect to ammonium sulfate
RB: Time sync to LARGE CNgt3nm applied
RA: None
*******************************************************************************************************************************
Time_Start,nLAS,sLAS,vLAS,LAS_Bin01,LAS_Bin02,LAS_Bin03,LAS_Bin04,LAS_Bin05,LAS_Bin06,LAS_Bin07,LAS_Bin08,LAS_Bin09,LAS_Bin10,LAS_Bin11,LAS_Bin12,LAS_Bin13,LAS_Bin14,LAS_Bin15,LAS_Bin16,LAS_Bin17,LAS_Bin18,LAS_Bin19,LAS_Bin20,LAS_Bin21,LAS_Bin22,LAS_Bin23,LAS_Bin24,LAS_Bin25,LAS_Bin26,stdPT
[from data line 8109]
13617,60.02,7.39,0.26,0.00,47.87,23.75,71.39,158.47,284.50,283.97,157.46,117.98,23.54,31.41,0.00,0.00,0.00,0.00,0.00,0.00,0.00,0.00,0.00,0.00,0.00,0.00,0.00,0.00,0.00,1.168
13618,67.98,11.19,0.71,96.11,47.72,119.00,47.56,269.94,165.76,260.25,173.13,47.17,23.53,31.40,0.00,23.47,15.66,0.00,0.00,15.59,0.00,23.34,0.00,0.00,0.00,0.00,0.00,0.00,0.00,1.168
13619,50.48,8.29,0.63,95.84,31.92,0.00,118.62,142.63,188.87,141.68,141.33,70.61,46.95,0.00,0.00,0.00,15.55,0.00,0.00,0.00,0.00,0.00,0.00,15.51,0.00,0.00,0.00,0.00,0.00,1.168
13620,46.19,5.11,0.17,48.00,63.57,47.44,0.00,158.63,212.89,189.09,110.05,47.12,47.01,0.00,0.00,0.00,0.00,0.00,0.00,0.00,0.00,0.00,0.00,0.00,0.00,0.00,0.00,0.00,0.00,1.168
13621,48.52,7.02,0.45,47.97,31.73,71.64,23.71,221.47,118.18,212.46,204.25,0.00,23.48,0.00,0.00,0.00,0.00,0.00,0.00,0.00,0.00,0.00,15.51,0.00,0.00,0.00,0.00,0.00,0.00,1.168
13622,43.21,6.81,0.30,0.00,15.87,47.58,71.06,31.55,94.46,306.40,94.08,70.50,46.88,62.58,0.00,0.00,0.00,23.31,0.00,0.00,0.00,0.00,0.00,0.00,0.00,0.00,0.00,0.00,0.00,1.167
13623,12.18,1.74,0.06,0.00,0.00,0.00,0.00,15.84,70.85,70.75,15.70,47.02,23.45,0.00,0.00,0.00,0.00,0.00,0.00,0.00,0.00,0.00,0.00,0.00,0.00,0.00,0.00,0.00,0.00,1.168
13624,0.78,0.12,0.00,0.00,0.00,0.00,0.00,0.00,0.00,0.00,15.68,0.00,0.00,0.00,0.00,0.00,0.00,0.00,0.00,0.00,0.00,0.00,0.00,0.00,0.00,0.00,0.00,0.00,0.00,1.167
13625,76.81,9.79,0.38,47.98,15.82,95.00,166.06,268.95,236.16,188.74,235.44,164.68,46.94,31.33,23.44,0.00,15.62,0.00,0.00,0.00,0.00,0.00,0.00,0.00,0.00,0.00,0.00,0.00,0.00,1.167
13626,75.14,8.12,0.28,48.00,79.70,191.04,142.65,174.55,307.95,212.89,141.68,117.95,70.60,15.71,0.00,0.00,0.00,0.00,0.00,0.00,0.00,0.00,0.00,0.00,0.00,0.00,0.00,0.00,0.00,1.168
13627,58.93,6.59,0.24,71.64,63.23,71.04,70.81,283.40,259.00,47.03,109.45,140.60,23.38,15.60,23.35,0.00,0.00,0.00,0.00,0.00,0.00,0.00,0.00,0.00,0.00,0.00,0.00,0.00,0.00,1.168
13628,57.33,5.38,0.17,23.97,79.40,215.02,189.95,158.14,165.67,188.93,15.72,47.11,46.99,15.67,0.00,0.00,0.00,0.00,0.00,0.00,0.00,0.00,0.00,0.00,0.00,0.00,0.00,0.00,0.00,1.165
13629,43.40,6.02,0.25,23.99,63.68,71.47,47.54,110.73,165.73,47.31,110.12,94.29,70.54,15.69,23.49,23.41,0.00,0.00,0.00,0.00,0.00,0.00,0.00,0.00,0.00,0.00,0.00,0.00,0.00,1.167
13630,57.55,9.21,0.69,71.79,127.02,213.72,94.77,126.70,94.32,70.69,141.15,70.50,46.89,15.65,23.38,23.38,15.60,0.00,0.00,0.00,0.00,0.00,0.00,15.49,0.00,0.00,0.00,0.00,0.00,1.165
13631,76.89,12.29,0.87,240.31,127.78,286.59,142.76,95.48,165.78,118.24,94.45,23.59,70.60,62.82,23.47,0.00,46.85,0.00,0.00,0.00,23.40,0.00,15.57,0.00,0.00,0.00,0.00,0.00,0.00,1.165
13632,58.39,8.74,0.45,47.93,158.73,261.84,94.87,110.83,70.83,70.76,125.57,23.52,0.00,31.32,70.29,46.82,31.11,23.40,0.00,0.00,0.00,0.00,0.00,0.00,0.00,0.00,0.00,0.00,0.00,1.166
13633,55.67,8.14,0.45,191.73,111.07,71.59,166.02,47.63,70.84,117.92,94.21,94.12,46.93,31.31,23.44,0.00,15.56,0.00,0.00,31.08,0.00,0.00,0.00,0.00,0.00,0.00,0.00,0.00,0.00,1.166
13634,35.52,4.45,0.21,143.61,47.60,94.88,71.04,79.19,70.75,47.10,31.37,0.00,23.43,46.86,23.38,0.00,31.19,0.00,0.00,0.00,0.00,0.00,0.00,0.00,0.00,0.00,0.00,0.00,0.00,1.166
13635,21.30,3.56,0.21,47.88,31.77,23.95,94.84,31.59,0.00,70.84,15.69,23.53,46.95,0.00,0.00,23.37,0.00,0.00,0.00,15.54,0.00,0.00,0.00,0.00,0.00,0.00,0.00,0.00,0.00,1.165
13636,10.05,19.13,7.74,23.98,31.76,23.99,0.00,31.68,23.69,47.27,0.00,0.00,0.00,0.00,0.00,0.00,0.00,0.00,0.00,0.00,0.00,0.00,0.00,0.00,0.00,0.00,0.00,9.30,0.00,1.165
13637,7.87,1.15,0.05,23.91,15.86,0.00,0.00,15.72,47.18,0.00,0.00,0.00,23.43,31.24,0.00,0.00,0.00,0.00,0.00,0.00,0.00,0.00,0.00,0.00,0.00,0.00,0.00,0.00,0.00,1.165
13638,11.46,1.10,0.04,47.98,31.74,0.00,23.72,15.75,23.61,47.20,15.71,0.00,23.49,0.00,0.00,0.00,0.00,0.00,0.00,0.00,0.00,0.00,0.00,0.00,0.00,0.00,0.00,0.00,0.00,1.166
13639,3.95,0.42,0.01,0.00,0.00,0.00,0.00,15.93,47.37,0.00,15.75,0.00,0.00,0.00,0.00,0.00,0.00,0.00,0.00,0.00,0.00,0.00,0.00,0.00,0.00,0.00,0.00,0.00,0.00,1.166
13640,21.03,6.56,1.03,0.00,15.88,23.68,165.88,15.73,94.54,0.00,62.78,0.00,23.46,0.00,0.00,0.00,0.00,0.00,0.00,0.00,0.00,0.00,0.00,0.00,9.30,0.00,0.00,0.00,0.00,1.165
13641,30.79,2.73,0.09,23.94,47.65,118.68,118.62,79.06,94.55,70.73,15.71,0.00,46.93,0.00,0.00,0.00,0.00,0.00,0.00,0.00,0.00,0.00,0.00,0.00,0.00,0.00,0.00,0.00,0.00,1.166
13642,42.65,6.50,0.39,47.97,31.76,47.46,95.06,158.69,165.71,94.52,110.10,47.14,0.00,15.68,0.00,0.00,15.58,0.00,0.00,0.00,23.38,0.00,0.00,0.00,0.00,0.00,0.00,0.00,0.00,1.165
13643,39.50,4.06,0.13,47.92,31.67,95.63,94.88,95.16,70.91,212.51,78.58,47.10,0.00,15.67,0.00,0.00,0.00,0.00,0.00,0.00,0.00,0.00,0.00,0.00,0.00,0.00,0.00,0.00,0.00,1.165
13644,33.67,3.31,0.10,0.00,16.01,95.87,47.61,142.97,189.65,94.71,63.02,0.00,23.54,0.00,0.00,0.00,0.00,0.00,0.00,0.00,0.00,0.00,0.00,0.00,0.00,0.00,0.00,0.00,0.00,1.166
13645,42.13,4.05,0.13,23.88,47.36,118.68,118.36,142.11,141.42,117.68,62.66,46.95,23.41,0.00,0.00,0.00,0.00,0.00,0.00,0.00,0.00,0.00,0.00,0.00,0.00,0.00,0.00,0.00,0.00,1.166
13646,43.48,6.08,0.25,0.00,63.68,47.83,47.59,79.69,213.52,118.41,94.57,94.50,47.12,15.72,23.54,23.51,0.00,0.00,0.00,0.00,0.00,0.00,0.00,0.00,0.00,0.00,0.00,0.00,0.00,1.166
13647,59.20,6.26,0.21,0.00,47.79,143.10,142.47,110.73,307.44,189.04,125.78,94.23,23.50,0.00,0.00,0.00,0.00,0.00,0.00,0.00,0.00,0.00,0.00,0.00,0.00,0.00,0.00,0.00,0.00,1.166
13648,49.38,5.98,0.25,24.03,79.61,95.40,95.01,190.29,141.87,94.54,125.77,70.68,47.01,0.00,0.00,0.00,0.00,23.37,0.00,0.00,0.00,0.00,0.00,0.00,0.00,0.00,0.00,0.00,0.00,1.166
13649,48.74,9.38,1.13,96.01,111.18,71.65,47.43,142.18,141.94,94.49,204.25,0.00,46.98,0.00,0.00,0.00,0.00,0.00,0.00,0.00,0.00,0.00,0.00,0.00,9.31,0.00,0.00,0.00,0.00,1.166
13650,43.05,4.05,0.13,47.90,95.43,119.03,47.47,94.89,189.04,141.65,78.56,23.54,23.48,0.00,0.00,0.00,0.00,0.00,0.00,0.00,0.00,0.00,0.00,0.00,0.00,0.00,0.00,0.00,0.00,1.167
13651,32.50,5.37,0.37,48.09,95.69,47.79,47.59,174.92,47.40,0.00,125.98,0.00,0.00,0.00,0.00,23.44,15.61,0.00,0.00,0.00,23.41,0.00,0.00,0.00,0.00,0.00,0.00,0.00,0.00,1.166
13652,35.44,12.73,2.06,0.00,47.56,95.59,118.75,95.09,70.95,94.43,62.84,70.63,0.00,15.67,0.00,0.00,0.00,0.00,0.00,0.00,0.00,0.00,0.00,0.00,18.62,0.00,0.00,0.00,0.00,1.166
13653,35.16,5.62,0.42,71.98,47.76,71.37,94.85,110.81,47.35,94.45,47.16,70.63,23.49,0.00,0.00,0.00,0.00,0.00,0.00,0.00,0.00,23.32,0.00,0.00,0.00,0.00,0.00,0.00,0.00,1.166
13654,37.69,21.98,7.83,24.02,127.28,119.34,47.54,15.87,141.82,118.10,94.27,0.00,46.98,0.00,0.00,0.00,0.00,0.00,0.00,0.00,0.00,0.00,0.00,0.00,0.00,0.00,0.00,9.29,0.00,1.167
13655,40.31,3.53,0.11,24.00,79.34,119.54,118.68,173.69,118.14,70.83,31.43,70.61,0.00,0.00,0.00,0.00,0.00,0.00,0.00,0.00,0.00,0.00,0.00,0.00,0.00,0.00,0.00,0.00,0.00,1.166
13656,39.98,4.60,0.18,0.00,95.61,48.05,119.04,158.73,94.79,94.70,63.03,70.80,23.53,15.71,0.00,0.00,15.59,0.00,0.00,0.00,0.00,0.00,0.00,0.00,0.00,0.00,0.00,0.00,0.00,1.167
13657,47.15,4.62,0.15,96.19,31.86,48.04,190.41,158.82,142.15,141.94,15.74,47.19,70.60,0.00,0.00,0.00,0.00,0.00,0.00,0.00,0.00,0.00,0.00,0.00,0.00,0.00,0.00,0.00,0.00,1.167
13658,60.60,17.41,4.06,71.93,127.26,166.72,118.67,142.47,118.11,259.84,78.58,70.63,23.48,15.68,0.00,0.00,0.00,0.00,0.00,0.00,0.00,0.00,0.00,0.00,0.00,0.00,9.30,0.00,0.00,1.167
13659,49.07,10.26,1.18,23.93,142.94,119.46,94.86,63.43,94.41,141.53,94.18,117.61,0.00,46.93,23.44,0.00,0.00,0.00,0.00,0.00,0.00,0.00,0.00,0.00,9.30,0.00,0.00,0.00,0.00,1.167
13660,50.59,5.24,0.17,24.03,31.89,166.85,95.08,221.91,71.01,165.42,141.53,47.12,47.00,0.00,0.00,0.00,0.00,0.00,0.00,0.00,0.00,0.00,0.00,0.00,0.00,0.00,0.00,0.00,0.00,1.167
13661,35.58,3.58,0.13,0.00,79.60,143.24,166.15,63.55,47.21,47.18,47.13,94.15,0.00,0.00,23.46,0.00,0.00,0.00,0.00,0.00,0.00,0.00,0.00,0.00,0.00,0.00,0.00,0.00,0.00,1.167
13662,56.25,5.06,0.16,144.06,79.78,142.75,142.64,142.95,236.85,70.98,78.70,23.59,47.06,15.69,0.00,0.00,0.00,0.00,0.00,0.00,0.00,0.00,0.00,0.00,0.00,0.00,0.00,0.00,0.00,1.167
13663,46.34,4.49,0.15,48.12,95.64,119.28,142.71,174.57,70.97,118.27,62.98,47.18,0.00,47.11,0.00,0.00,0.00,0.00,0.00,0.00,0.00,0.00,0.00,0.00,0.00,0.00,0.00,0.00,0.00,1.166
13664,43.96,4.39,0.20,95.92,79.41,166.95,94.89,222.00,23.67,70.84,62.81,47.08,0.00,0.00,0.00,0.00,0.00,0.00,0.00,15.53,0.00,0.00,0.00,0.00,0.00,0.00,0.00,0.00,0.00,1.167
13665,39.16,4.28,0.15,48.06,127.57,71.24,47.62,47.79,71.09,141.94,62.94,141.52,23.53,0.00,0.00,0.00,0.00,0.00,0.00,0.00,0.00,0.00,0.00,0.00,0.00,0.00,0.00,0.00,0.00,1.168
13666,38.31,3.97,0.17,47.88,79.43,118.69,71.19,173.98,118.15,47.16,62.79,23.53,0.00,0.00,0.00,0.00,0.00,23.40,0.00,0.00,0.00,0.00,0.00,0.00,0.00,0.00,0.00,0.00,0.00,1.167
13667,53.51,10.16,1.22,24.02,158.97,71.66,284.90,110.70,165.71,118.11,31.42,0.00,70.47,0.00,0.00,0.00,0.00,0.00,0.00,15.55,0.00,0.00,0.00,0.00,9.31,0.00,0.00,0.00,0.00,1.168
13668,38.84,3.43,0.11,24.05,95.61,143.52,142.72,110.84,94.85,47.27,31.49,70.75,0.00,15.70,0.00,0.00,0.00,0.00,0.00,0.00,0.00,0.00,0.00,0.00,0.00,0.00,0.00,0.00,0.00,1.167
13669,47.69,6.34,0.25,48.00,31.78,71.61,118.66,110.72,94.59,117.96,204.11,23.54,70.42,15.67,23.42,23.37,0.00,0.00,0.00,0.00,0.00,0.00,0.00,0.00,0.00,0.00,0.00,0.00,0.00,1.166
13670,61.62,18.60,4.15,143.52,63.36,142.63,118.40,126.30,235.79,141.32,94.04,70.44,23.42,15.64,0.00,0.00,15.53,23.36,0.00,0.00,0.00,0.00,0.00,0.00,0.00,0.00,9.27,0.00,0.00,1.167
13671,54.56,6.10,0.22,72.07,79.52,143.46,71.38,158.41,141.90,189.04,62.96,70.71,47.03,31.34,23.49,0.00,0.00,0.00,0.00,0.00,0.00,0.00,0.00,0.00,0.00,0.00,0.00,0.00,0.00,1.167
13672,51.42,5.38,0.19,96.05,127.21,71.72,47.48,110.94,236.83,94.59,125.83,70.72,23.51,0.00,23.46,0.00,0.00,0.00,0.00,0.00,0.00,0.00,0.00,0.00,0.00,0.00,0.00,0.00,0.00,1.166
13673,45.83,6.41,0.37,71.92,15.98,47.70,71.24,190.48,189.26,165.41,47.15,70.68,23.50,0.00,0.00,0.00,0.00,0.00,0.00,0.00,23.34,0.00,0.00,0.00,0.00,0.00,0.00,0.00,0.00,1.166
13674,74.62,9.02,0.37,95.93,31.75,95.39,237.61,158.34,331.23,165.39,172.93,117.78,46.99,15.63,0.00,0.00,0.00,0.00,23.34,0.00,0.00,0.00,0.00,0.00,0.00,0.00,0.00,0.00,0.00,1.167
13675,1.57,0.31,0.01,0.00,0.00,0.00,0.00,15.75,0.00,0.00,0.00,0.00,0.00,15.67,0.00,0.00,0.00,0.00,0.00,0.00,0.00,0.00,0.00,0.00,0.00,0.00,0.00,0.00,0.00,1.166
13676,3.55,0.52,0.02,0.00,15.96,0.00,0.00,0.00,23.60,0.00,15.72,0.00,0.00,15.66,0.00,0.00,0.00,0.00,0.00,0.00,0.00,0.00,0.00,0.00,0.00,0.00,0.00,0.00,0.00,1.167
13677,99.80,10.07,0.33,23.99,158.50,166.82,284.59,300.96,377.97,353.79,219.71,70.56,0.00,15.65,23.44,0.00,0.00,0.00,0.00,0.00,0.00,0.00,0.00,0.00,0.00,0.00,0.00,0.00,0.00,1.167
13678,67.27,7.46,0.28,72.14,111.48,95.55,190.38,253.68,189.42,141.95,110.24,94.38,47.08,0.00,0.00,23.48,15.66,0.00,0.00,0.00,0.00,0.00,0.00,0.00,0.00,0.00,0.00,0.00,0.00,1.166
13679,51.84,5.67,0.19,48.08,31.88,71.54,95.28,254.21,94.85,142.03,220.46,47.20,0.00,31.36,0.00,0.00,0.00,0.00,0.00,0.00,0.00,0.00,0.00,0.00,0.00,0.00,0.00,0.00,0.00,1.166
13680,26.43,3.19,0.11,0.00,15.90,47.69,23.77,95.22,141.84,70.85,47.14,23.56,47.00,15.67,0.00,0.00,0.00,0.00,0.00,0.00,0.00,0.00,0.00,0.00,0.00,0.00,0.00,0.00,0.00,1.166
13681,21.69,2.50,0.09,0.00,47.68,23.73,23.79,0.00,165.66,70.90,31.47,47.15,23.52,0.00,0.00,0.00,0.00,0.00,0.00,0.00,0.00,0.00,0.00,0.00,0.00,0.00,0.00,0.00,0.00,1.166
13682,16.97,1.91,0.07,0.00,15.97,0.00,71.20,63.35,94.65,23.60,31.41,0.00,23.49,15.68,0.00,0.00,0.00,0.00,0.00,0.00,0.00,0.00,0.00,0.00,0.00,0.00,0.00,0.00,0.00,1.166
13683,34.75,5.96,0.32,24.05,47.71,95.24,23.80,79.64,118.31,71.00,31.48,47.17,70.57,15.70,0.00,46.89,0.00,0.00,23.37,0.00,0.00,0.00,0.00,0.00,0.00,0.00,0.00,0.00,0.00,1.165
13684,80.87,48.34,19.93,119.79,237.97,190.97,237.08,142.35,141.73,141.52,94.13,0.00,70.37,93.79,46.83,0.00,62.17,0.00,0.00,0.00,0.00,0.00,15.50,0.00,0.00,0.00,0.00,0.00,11.59,1.166
13685,112.45,22.12,1.62,238.95,158.21,285.50,189.31,252.15,117.80,258.69,172.20,70.37,187.17,62.41,46.72,46.64,77.68,0.00,46.48,0.00,0.00,23.21,0.00,15.47,0.00,0.00,0.00,0.00,0.00,1.165
13686,95.06,24.50,2.47,120.32,111.44,309.64,166.66,238.15,166.17,165.75,141.87,94.46,47.11,78.57,23.50,47.00,78.17,0.00,23.48,31.19,0.00,23.39,15.59,0.00,9.34,0.00,0.00,0.00,0.00,1.165
13687,85.59,35.17,9.31,143.94,158.95,143.05,356.24,158.40,189.11,70.84,62.86,117.75,70.47,31.35,46.87,70.21,15.58,23.42,0.00,15.56,0.00,0.00,0.00,0.00,9.31,0.00,0.00,9.29,0.00,1.166
13688,54.31,8.90,0.61,96.38,95.85,119.26,190.57,127.38,94.95,71.14,47.31,70.92,70.74,0.00,47.05,0.00,15.64,23.51,0.00,0.00,0.00,0.00,15.58,0.00,0.00,0.00,0.00,0.00,0.00,1.166
13689,118.64,40.49,4.94,312.40,111.64,286.83,261.59,190.56,213.21,70.98,125.93,141.53,94.11,78.32,117.43,70.42,109.44,23.46,23.45,31.14,23.36,0.00,31.11,0.00,27.97,0.00,0.00,0.00,0.00,1.166
13690,184.76,71.04,13.67,431.76,381.64,405.81,237.25,285.41,259.86,236.05,267.08,164.79,187.86,234.73,164.11,117.08,77.85,0.00,0.00,77.72,23.32,69.92,15.53,15.51,0.00,11.62,0.00,9.29,0.00,1.166
13691,129.80,26.01,1.83,335.83,333.36,237.79,142.41,189.83,236.32,377.70,125.65,94.16,117.42,78.36,46.85,23.38,62.40,46.71,70.12,31.11,23.35,23.29,0.00,0.00,0.00,0.00,0.00,0.00,0.00,1.166
13692,172.35,79.97,19.49,360.13,366.45,381.97,380.16,396.70,142.07,212.85,125.87,141.49,258.72,78.39,117.39,140.66,109.15,0.00,23.44,46.72,23.39,70.06,0.00,15.55,9.32,0.00,0.00,18.61,0.00,1.166
13693,222.02,62.61,6.72,623.83,333.86,548.10,546.18,427.87,260.35,259.93,188.62,212.00,140.98,109.63,187.69,46.88,124.75,116.85,93.58,62.25,46.70,23.33,15.54,15.52,27.94,0.00,0.00,0.00,0.00,1.166
13694,197.05,43.07,3.56,527.14,333.61,430.09,427.16,364.19,189.01,259.55,266.93,211.75,164.29,156.47,140.58,163.71,108.96,23.40,70.01,46.62,0.00,23.30,15.53,0.00,9.30,0.00,0.00,0.00,0.00,1.166
13695,112.85,23.21,1.66,479.24,190.34,142.84,142.30,253.26,118.09,235.85,94.14,141.09,93.83,31.32,23.43,46.75,77.87,46.66,93.34,31.07,0.00,0.00,15.49,0.00,0.00,0.00,0.00,0.00,0.00,1.165
13696,114.75,69.50,22.43,192.58,159.14,143.50,261.94,206.73,166.09,165.86,141.88,118.13,117.82,94.28,141.19,70.43,140.71,70.38,0.00,15.60,0.00,0.00,46.69,0.00,9.35,0.00,0.00,0.00,11.65,1.166
13697,171.18,31.06,2.46,240.04,445.21,405.49,308.64,443.80,260.32,259.84,361.42,141.33,70.47,156.50,93.82,70.22,46.73,23.43,23.34,31.13,23.36,0.00,0.00,0.00,9.31,0.00,0.00,0.00,0.00,1.167
13698,251.38,60.67,5.37,527.50,476.94,427.64,735.78,506.76,259.98,425.09,235.71,164.79,187.83,203.57,187.56,187.21,218.18,70.18,23.32,62.18,23.32,23.31,31.02,31.05,9.31,0.00,0.00,0.00,0.00,1.167
13699,312.13,90.15,8.96,673.06,414.18,620.50,499.42,650.14,497.35,520.55,393.62,330.33,282.42,141.20,234.95,281.46,171.90,93.81,70.28,124.63,70.20,70.06,31.12,15.55,27.98,0.00,0.00,0.00,0.00,1.167
13700,348.25,81.51,6.82,765.98,649.96,690.86,734.13,568.89,708.17,424.12,470.51,399.50,164.09,281.30,187.21,210.42,233.09,140.07,70.00,46.57,93.17,46.53,61.94,0.00,9.29,0.00,0.00,0.00,0.00,1.166
13701,352.46,112.92,19.10,792.56,669.46,762.66,618.30,571.54,568.32,543.94,503.70,471.65,235.22,172.51,211.33,210.88,249.79,117.10,46.81,93.43,93.53,23.33,0.00,0.00,27.98,0.00,9.31,9.31,0.00,1.167
13702,382.42,101.44,14.72,599.32,826.37,690.56,616.97,838.94,1015.90,566.21,408.13,235.26,445.87,297.24,351.42,140.28,249.19,93.42,70.00,62.11,23.33,0.00,31.00,31.03,18.60,0.00,0.00,9.28,0.00,1.166
13703,402.98,92.03,8.90,624.56,907.96,765.27,737.18,777.52,923.96,733.27,425.11,424.62,352.95,407.86,187.96,211.08,156.16,93.73,70.27,77.90,70.16,23.36,15.57,31.10,9.32,11.65,0.00,0.00,0.00,1.166
13704,312.19,89.52,13.58,719.95,525.00,621.55,474.85,823.86,449.46,377.96,392.86,353.30,164.45,219.25,328.43,117.10,327.37,140.32,23.34,62.22,0.00,23.31,31.04,31.06,9.32,0.00,0.00,9.29,0.00,1.166
13705,245.38,67.52,11.06,335.57,365.38,525.03,522.15,569.50,425.50,495.60,361.31,258.91,164.34,219.15,70.30,116.93,140.18,187.00,46.72,31.08,23.31,0.00,15.53,15.51,0.00,0.00,0.00,9.29,0.00,1.166
13706,261.77,61.43,5.34,432.52,556.92,429.58,570.79,713.84,521.09,402.11,220.36,212.29,164.70,172.66,140.90,140.65,187.35,117.13,117.08,15.58,23.40,0.00,62.22,15.56,9.33,0.00,0.00,0.00,0.00,1.166
