NASA Data Processing/CAMP2Ex/LAS/CAMP2Ex-LARGE-LAS_P3B_20191003_R0.ict
78, 1001
Luke Ziemba
NASA Langley
In-situ Particle Size Distributions from the TSI LAS on the NASA P3B
NASA CAMP2Ex
1,1
2019,10,03,2020,05,5
1.0
Time_Start,Secs after midnight,Time of acquisition
30
1,1,1,1,1,1,1,1,1,1,1,1,1,1,1,1,1,1,1,1,1,1,1,1,1,1,1,1,1,1
-9999,-9999,-9999,-9999,-9999,-9999,-9999,-9999,-9999,-9999,-9999,-9999,-9999,-9999,-9999,-9999,-9999,-9999,-9999,-9999,-9999,-9999,-9999,-9999,-9999,-9999,-9999,-9999,-9999,-9999
nLAS, #/cm3, AerMP_NumConc_InSitu_RHd_Optical_AccutoCoarse_STP, Number_concentration_of_particles_in_air_integrated_over_reported_LAS_dry_optical_bins_wrt_AmmoniumSulfate
sLAS, um2/cm3, AerMP_SurfAreaConc_InSitu_RHd_Optical_AccutoCoarse_STP, Surface_area_concentration_of_particles_in_air_integrated_over_reported_LAS_dry_optical_bins_wrt_AmmoniumSulfate
vLAS, um3/cm3, AerMP_VolConc_InSitu_RHd_Optical_AccutoCoarse_STP, Volume_concentration_of_particles_in_air_integrated_over_reported_LAS_dry_optical_bins_wrt_AmmoniumSulfate
LAS_Bin01, #/cm3, None, number_size_distribution_of_particles_in_air_per_dlogDp_for_bin_center_optical_diameter_at_100nm_measured_by_LAS_AmmoniumSulfate
LAS_Bin02, #/cm3, None, number_size_distribution_of_particles_in_air_per_dlogDp_for_bin_center_optical_diameter_at_112nm_measured_by_LAS_AmmoniumSulfate
LAS_Bin03, #/cm3, None, number_size_distribution_of_particles_in_air_per_dlogDp_for_bin_center_optical_diameter_at_126nm_measured_by_LAS_AmmoniumSulfate
LAS_Bin04, #/cm3, None, number_size_distribution_of_particles_in_air_per_dlogDp_for_bin_center_optical_diameter_at_141nm_measured_by_LAS_AmmoniumSulfate
LAS_Bin05, #/cm3, None, number_size_distribution_of_particles_in_air_per_dlogDp_for_bin_center_optical_diameter_at_158nm_measured_by_LAS_AmmoniumSulfate
LAS_Bin06, #/cm3, None, number_size_distribution_of_particles_in_air_per_dlogDp_for_bin_center_optical_diameter_at_178nm_measured_by_LAS_AmmoniumSulfate
LAS_Bin07, #/cm3, None, number_size_distribution_of_particles_in_air_per_dlogDp_for_bin_center_optical_diameter_at_200nm_measured_by_LAS_AmmoniumSulfate
LAS_Bin08, #/cm3, None, number_size_distribution_of_particles_in_air_per_dlogDp_for_bin_center_optical_diameter_at_224nm_measured_by_LAS_AmmoniumSulfate
LAS_Bin09, #/cm3, None, number_size_distribution_of_particles_in_air_per_dlogDp_for_bin_center_optical_diameter_at_251nm_measured_by_LAS_AmmoniumSulfate
LAS_Bin10, #/cm3, None, number_size_distribution_of_particles_in_air_per_dlogDp_for_bin_center_optical_diameter_at_282nm_measured_by_LAS_AmmoniumSulfate
LAS_Bin11, #/cm3, None, number_size_distribution_of_particles_in_air_per_dlogDp_for_bin_center_optical_diameter_at_316nm_measured_by_LAS_AmmoniumSulfate
LAS_Bin12, #/cm3, None, number_size_distribution_of_particles_in_air_per_dlogDp_for_bin_center_optical_diameter_at_355nm_measured_by_LAS_AmmoniumSulfate
LAS_Bin13, #/cm3, None, number_size_distribution_of_particles_in_air_per_dlogDp_for_bin_center_optical_diameter_at_398nm_measured_by_LAS_AmmoniumSulfate
LAS_Bin14, #/cm3, None, number_size_distribution_of_particles_in_air_per_dlogDp_for_bin_center_optical_diameter_at_447nm_measured_by_LAS_AmmoniumSulfate
LAS_Bin15, #/cm3, None, number_size_distribution_of_particles_in_air_per_dlogDp_for_bin_center_optical_diameter_at_501nm_measured_by_LAS_AmmoniumSulfate
[...]
  - Integrated surface areas and volumes are calculated by assuming spherical particles
  - Data in this file is time synced to DLH water vapor
UNCERTAINTY: all data are 20%
ULOD_FLAG: -7777
ULOD_VALUE: N/A
LLOD_FLAG: -8888
LLOD_VALUE: N/A
DM_CONTACT_INFO: Michael Shook (michael.shook@nasa.gov)
PROJECT_INFO: CAMP2Ex 2019
STIPULATIONS_ON_USE: This is FINAL data. Users are strongly encouraged to consult the PI and/or DM prior to use.
OTHER_COMMENTS: dlogD for Diameters less than 1000 nm is 0.05 (20 channels per decade). For Diameters greater than or equal to 1000 nm, dlogD is 0.1 (10 channels per decade)
OTHER_COMMENTS: Data are processed with respect to mid-point ammonium-sulfate ((NH4)2SO4, AmmSO4) equivalent optical diameters and are rebinned to a standard binning scheme
OTHER_COMMENTS: Mid-point diameters (in nm) are:
		  100.0, 112.2, 125.9, 141.3, 158.5, 177.8, 199.5, 223.9, 251.2, 281.8, 316.2, 354.8, 398.1, 446.7, 501.2, 562.3, 631.0, 707.9, 794.3, 891.3, 1000.0, 1258.9, 1584.9, 1995.3, 2511.9, 3162.3
REVISION: R0
R0: STP calculations now use data from publicly available MetNav files, data is time synced to DLH
RC: Particle sizing now done with respect to ammonium sulfate
RB: Time sync to LARGE CNgt3nm applied
RA: None
*******************************************************************************************************************************
Time_Start,nLAS,sLAS,vLAS,LAS_Bin01,LAS_Bin02,LAS_Bin03,LAS_Bin04,LAS_Bin05,LAS_Bin06,LAS_Bin07,LAS_Bin08,LAS_Bin09,LAS_Bin10,LAS_Bin11,LAS_Bin12,LAS_Bin13,LAS_Bin14,LAS_Bin15,LAS_Bin16,LAS_Bin17,LAS_Bin18,LAS_Bin19,LAS_Bin20,LAS_Bin21,LAS_Bin22,LAS_Bin23,LAS_Bin24,LAS_Bin25,LAS_Bin26,stdPT
[from data line 12676]
95220,1275.26,141.83,5.70,2566.45,2560.17,3096.38,3442.91,3168.54,2909.21,2054.66,1508.62,1507.15,1127.47,767.45,398.61,117.03,187.12,46.73,23.33,0.00,23.33,0.00,0.00,0.00,0.00,0.00,0.00,0.00,0.00,1.268
95221,1259.07,146.17,6.27,2083.48,2935.95,3047.04,3080.69,3321.90,2761.39,2569.24,1442.94,1198.78,961.28,687.94,468.18,233.72,249.20,46.64,46.58,31.05,0.00,0.00,15.49,0.00,0.00,0.00,0.00,0.00,0.00,1.268
95222,1203.22,138.84,5.97,2400.49,2529.31,3147.40,2945.20,3058.64,2555.19,2103.25,1572.40,1154.61,846.13,736.45,469.10,117.10,312.12,46.87,23.42,0.00,23.34,23.34,0.00,0.00,0.00,0.00,0.00,0.00,0.00,1.269
95223,1108.90,123.38,4.93,2494.86,2322.48,3149.04,2112.67,2820.60,2506.68,1818.31,1304.23,1106.69,1080.43,720.45,187.55,351.15,156.05,23.36,23.41,0.00,0.00,0.00,0.00,0.00,0.00,0.00,0.00,0.00,0.00,1.270
95224,1110.42,125.98,5.12,2399.48,2259.74,2933.13,2540.62,2741.24,2317.51,1747.83,1618.96,1177.73,869.31,736.24,351.78,280.89,171.75,23.37,23.34,15.54,0.00,0.00,0.00,0.00,0.00,0.00,0.00,0.00,0.00,1.270
95225,1148.67,140.75,6.14,2832.23,2545.06,2527.78,2185.46,2424.01,2365.90,2220.95,1540.82,1248.69,1175.10,720.70,328.46,491.69,280.88,23.37,23.42,15.56,23.34,0.00,0.00,0.00,0.00,0.00,0.00,0.00,0.00,1.271
95226,1137.16,132.02,5.52,2713.63,2436.59,2433.27,2401.17,2571.07,2155.14,2553.74,1683.58,1202.53,987.79,642.97,446.08,328.26,124.98,23.39,23.44,0.00,0.00,0.00,15.54,0.00,0.00,0.00,0.00,0.00,0.00,1.271
95227,1223.56,150.69,6.49,2929.30,2340.10,2578.05,2471.07,2695.94,2485.82,2198.72,1966.52,1438.05,1269.81,1081.99,328.62,328.05,296.80,23.45,23.43,0.00,0.00,0.00,15.53,0.00,0.00,0.00,0.00,0.00,0.00,1.272
95228,1267.08,159.27,6.79,2660.60,2367.69,2762.95,2111.57,2391.22,3331.94,2595.94,1884.30,1859.06,1361.36,845.10,515.36,327.46,171.49,46.69,93.41,15.53,0.00,0.00,0.00,0.00,0.00,0.00,0.00,0.00,0.00,1.272
95229,1127.06,131.69,5.45,2989.27,2429.63,2371.24,1956.18,2420.96,2210.04,2491.84,1689.90,1277.98,1321.97,535.06,306.31,235.22,172.44,94.10,23.52,15.61,0.00,0.00,0.00,0.00,0.00,0.00,0.00,0.00,0.00,1.273
95230,1178.89,143.77,5.96,2929.98,2277.37,2220.38,2472.13,2393.72,2414.52,1891.55,2186.88,1673.93,1246.36,846.94,516.50,257.74,156.18,70.17,23.44,0.00,0.00,0.00,0.00,0.00,0.00,0.00,0.00,0.00,0.00,1.273
95231,1262.14,156.40,6.66,3043.43,2399.16,2215.12,1921.23,2769.33,2645.22,2996.48,2386.16,1811.51,1407.94,625.58,327.98,397.61,218.29,23.40,0.00,31.09,0.00,23.30,0.00,0.00,0.00,0.00,0.00,0.00,0.00,1.274
95232,1396.55,178.82,7.84,3027.57,2771.75,2361.91,2877.80,2318.69,3339.89,2791.47,2565.71,2240.91,1341.19,1035.53,493.19,515.80,78.09,70.21,23.37,31.16,23.36,23.36,0.00,0.00,0.00,0.00,0.00,0.00,0.00,1.274
95233,1380.95,179.81,7.68,2234.43,2834.82,2126.82,2449.31,3061.81,3529.50,2673.20,2801.76,2170.17,1435.25,894.49,681.07,421.96,171.81,93.67,0.00,15.58,23.40,0.00,0.00,0.00,0.00,0.00,0.00,0.00,0.00,1.275
95234,1487.35,194.71,8.86,2683.00,2604.33,2594.93,2394.50,3194.09,3825.55,3373.13,2762.02,2281.18,1618.49,1173.07,515.23,397.46,217.94,46.66,46.75,0.00,0.00,0.00,0.00,0.00,9.30,0.00,0.00,0.00,0.00,1.275
95235,1577.18,208.28,8.75,2874.71,2540.52,2332.26,2488.73,3352.73,3895.51,3702.02,3153.84,2586.42,1993.55,1266.90,632.13,444.05,202.58,0.00,46.67,31.04,0.00,0.00,0.00,0.00,0.00,0.00,0.00,0.00,0.00,1.274
95236,561.77,76.48,3.21,842.44,845.26,956.14,595.77,1430.33,1091.39,1492.75,1340.40,945.25,707.11,424.32,305.93,140.95,93.89,23.51,0.00,0.00,0.00,0.00,0.00,0.00,0.00,0.00,0.00,0.00,0.00,1.274
95237,7.87,0.93,0.03,0.00,15.92,0.00,0.00,31.57,47.16,47.13,0.00,0.00,0.00,15.58,0.00,0.00,0.00,0.00,0.00,0.00,0.00,0.00,0.00,0.00,0.00,0.00,0.00,0.00,0.00,1.276
95238,1302.75,192.25,10.47,2016.52,2370.82,1883.33,1805.35,2631.32,3075.42,3095.49,2279.86,2450.62,1903.81,1175.67,539.69,445.00,249.71,46.75,23.42,15.57,23.37,0.00,0.00,0.00,0.00,11.63,0.00,0.00,0.00,1.275
95239,2483.19,344.12,18.98,3816.87,4503.69,3933.85,4847.15,5705.93,5845.32,4631.85,4796.34,4100.33,3196.81,2006.08,1102.79,702.79,296.53,93.70,0.00,15.56,0.00,0.00,15.52,15.54,9.32,0.00,9.30,0.00,0.00,1.275
95240,2107.52,302.53,14.59,2979.35,3137.33,3368.13,4256.18,4156.47,4997.27,5013.97,3903.18,3372.41,2705.16,1709.37,1338.35,562.62,390.26,93.59,70.17,0.00,46.78,0.00,15.54,15.56,9.32,0.00,0.00,0.00,0.00,1.278
95241,1251.19,167.31,7.29,2134.48,2082.27,2000.79,1945.90,2787.51,3143.63,3116.07,2592.06,1906.79,1103.58,892.36,468.72,444.42,264.98,70.12,46.80,0.00,23.35,0.00,0.00,0.00,0.00,0.00,0.00,0.00,0.00,1.277
95242,809.37,120.51,12.04,1487.61,1336.19,1550.62,1448.51,1726.01,1915.47,1747.98,1713.35,965.71,1268.64,485.64,234.59,117.01,124.83,0.00,23.34,0.00,0.00,23.31,0.00,0.00,0.00,0.00,0.00,9.30,0.00,1.277
95243,515.19,70.40,3.10,864.17,827.43,929.77,950.66,1078.97,1089.13,1111.08,1022.53,683.59,728.90,423.39,375.54,70.28,124.95,0.00,0.00,0.00,23.35,0.00,0.00,0.00,0.00,0.00,0.00,0.00,0.00,1.278
95244,421.90,58.21,2.53,674.39,750.42,671.39,739.05,683.19,1091.79,853.38,1041.11,638.23,424.40,345.81,211.80,234.90,62.60,0.00,0.00,15.60,0.00,0.00,0.00,0.00,0.00,0.00,0.00,0.00,0.00,1.278
95245,315.15,39.32,1.64,504.42,748.41,691.96,618.16,745.34,615.31,543.69,440.48,353.60,564.34,203.75,140.78,93.74,15.65,0.00,23.43,0.00,0.00,0.00,0.00,0.00,0.00,0.00,0.00,0.00,0.00,1.278
95246,235.93,28.04,1.13,527.92,350.18,595.89,379.94,586.10,425.70,590.40,440.02,329.69,164.43,125.42,93.73,46.87,62.33,0.00,0.00,0.00,0.00,0.00,0.00,0.00,0.00,0.00,0.00,0.00,0.00,1.278
95247,210.52,26.14,1.07,359.35,444.43,332.67,521.55,521.89,448.41,282.94,376.51,329.12,281.39,140.75,46.82,93.48,31.09,0.00,0.00,0.00,0.00,0.00,0.00,0.00,0.00,0.00,0.00,0.00,0.00,1.279
95248,151.88,18.82,0.76,215.75,270.26,285.59,284.64,348.28,401.57,377.59,282.65,211.77,117.35,125.17,70.28,0.00,46.73,0.00,0.00,0.00,0.00,0.00,0.00,0.00,0.00,0.00,0.00,0.00,0.00,1.278
95249,125.16,15.84,0.73,312.37,382.93,119.59,142.71,285.66,237.09,378.69,125.93,259.59,70.62,109.84,23.52,23.48,0.00,0.00,0.00,31.17,0.00,0.00,0.00,0.00,0.00,0.00,0.00,0.00,0.00,1.277
95250,93.85,12.49,0.54,215.61,206.74,166.29,142.29,157.94,94.54,282.94,219.75,94.08,117.29,46.93,46.84,70.12,15.56,0.00,0.00,0.00,0.00,0.00,0.00,0.00,0.00,0.00,0.00,0.00,0.00,1.279
95251,89.34,11.18,0.45,120.11,95.32,238.69,213.97,206.28,189.53,189.10,125.88,117.89,141.12,109.83,23.50,0.00,15.65,0.00,0.00,0.00,0.00,0.00,0.00,0.00,0.00,0.00,0.00,0.00,0.00,1.279
95252,68.38,9.03,0.39,72.01,79.45,143.18,166.54,174.84,236.88,94.59,125.85,94.29,70.53,47.02,23.46,0.00,15.59,23.45,0.00,0.00,0.00,0.00,0.00,0.00,0.00,0.00,0.00,0.00,0.00,1.279
95253,79.10,8.82,0.34,287.95,79.54,190.78,213.78,126.62,118.23,70.92,141.44,212.00,70.48,31.27,23.44,0.00,15.64,0.00,0.00,0.00,0.00,0.00,0.00,0.00,0.00,0.00,0.00,0.00,0.00,1.279
95254,50.28,5.30,0.19,120.12,79.85,95.70,95.05,95.39,142.06,165.47,94.38,23.57,47.02,47.03,0.00,0.00,0.00,0.00,0.00,0.00,0.00,0.00,0.00,0.00,0.00,0.00,0.00,0.00,0.00,1.279
95255,72.23,8.42,0.32,167.88,79.43,71.38,189.93,126.42,165.48,259.74,94.28,164.82,93.94,15.67,0.00,0.00,15.56,0.00,0.00,0.00,0.00,0.00,0.00,0.00,0.00,0.00,0.00,0.00,0.00,1.279
95256,59.13,7.75,0.31,71.83,127.05,95.02,118.60,126.72,94.45,141.56,62.80,141.20,117.35,62.56,0.00,23.42,0.00,0.00,0.00,0.00,0.00,0.00,0.00,0.00,0.00,0.00,0.00,0.00,0.00,1.278
95257,34.73,4.96,0.22,24.03,95.33,23.72,118.86,47.70,118.27,23.64,47.18,47.13,70.51,31.37,0.00,46.85,0.00,0.00,0.00,0.00,0.00,0.00,0.00,0.00,0.00,0.00,0.00,0.00,0.00,1.278
95258,49.24,9.01,0.59,47.94,79.65,0.00,94.90,126.76,118.24,165.17,62.80,94.13,117.35,0.00,23.42,23.37,15.55,0.00,0.00,0.00,0.00,0.00,15.50,0.00,0.00,0.00,0.00,0.00,0.00,1.278
95259,44.20,5.39,0.23,47.95,126.95,47.66,118.58,110.82,141.75,94.42,62.82,0.00,70.45,31.33,0.00,0.00,31.18,0.00,0.00,0.00,0.00,0.00,0.00,0.00,0.00,0.00,0.00,0.00,0.00,1.278
95260,39.98,3.77,0.13,96.06,79.60,71.47,95.02,158.26,70.98,118.19,31.45,23.58,23.51,31.38,0.00,0.00,0.00,0.00,0.00,0.00,0.00,0.00,0.00,0.00,0.00,0.00,0.00,0.00,0.00,1.279
95261,139.82,20.90,1.00,120.17,190.74,166.77,237.78,396.59,379.30,378.59,299.10,188.71,188.24,62.81,46.98,70.37,31.26,0.00,23.45,15.56,0.00,0.00,0.00,0.00,0.00,0.00,0.00,0.00,0.00,1.277
95262,607.17,104.02,8.15,215.97,318.60,739.89,1259.66,2075.69,2012.02,1560.29,1447.18,919.28,517.24,407.67,281.74,140.60,77.97,23.38,23.43,62.24,0.00,0.00,0.00,0.00,18.64,11.64,0.00,0.00,0.00,1.278
95263,1465.34,259.18,18.51,455.94,1272.71,1813.00,3516.97,3900.69,4188.46,3923.21,3114.00,2097.48,1880.68,1065.71,539.58,515.52,359.13,187.23,140.48,93.38,93.47,46.64,31.08,15.53,18.64,0.00,9.30,0.00,0.00,1.278
95264,2337.90,461.08,50.72,1632.28,2911.88,4055.81,5584.95,6166.39,6011.65,5649.62,4357.30,3111.53,1998.64,1756.22,1009.30,703.15,515.08,374.54,163.63,109.01,186.92,210.07,31.09,46.63,37.28,11.64,18.61,18.60,0.00,1.280
95265,3675.62,606.57,53.19,4617.77,7055.97,9104.67,9117.03,8815.53,8609.69,7136.89,5611.35,3781.64,2951.99,2124.87,1216.10,864.08,886.51,303.42,209.83,263.68,186.25,255.78,61.92,123.91,65.02,23.19,9.27,9.27,0.00,1.279
95266,4296.89,642.10,54.33,6586.07,9268.41,10517.12,11638.38,10945.65,9987.65,8463.73,5601.42,3667.85,3377.07,1954.43,842.90,888.24,653.85,233.50,233.33,186.40,163.15,279.30,46.53,77.53,130.15,23.22,0.00,9.28,0.00,1.278
95267,3300.31,485.90,47.67,5943.24,8053.61,9310.77,8396.57,7852.47,6284.88,6181.44,4176.68,3105.69,2206.08,1408.41,890.31,537.89,607.53,186.98,186.87,77.67,139.92,163.07,62.04,62.07,46.51,11.61,9.29,18.57,0.00,1.278
95268,2081.58,287.98,26.35,3297.02,5361.41,6076.38,5217.15,5294.43,4461.05,3601.55,2601.62,1937.54,1414.09,896.03,493.99,140.80,187.78,234.41,70.31,31.20,70.28,46.78,31.16,31.15,46.72,11.66,0.00,9.32,0.00,1.280
95269,1468.40,236.32,35.56,2298.64,3253.95,4355.10,3460.34,4095.93,2620.73,2852.65,1882.90,1669.29,1078.78,688.17,257.48,257.08,218.06,70.16,23.37,46.56,46.58,116.36,15.51,0.00,0.00,0.00,18.56,0.00,11.59,1.279
95270,1036.24,129.61,8.55,1706.60,2437.89,2793.87,2712.42,3094.71,2416.92,1514.79,1275.64,684.39,706.21,580.83,305.49,187.73,124.93,0.00,70.30,31.18,23.41,0.00,0.00,15.57,9.34,11.65,0.00,0.00,0.00,1.279
95271,732.45,93.01,5.68,1199.37,1891.02,2191.57,1827.92,1775.03,1394.91,1275.40,989.91,588.77,563.78,282.02,211.08,163.86,155.95,0.00,23.41,31.10,46.69,0.00,0.00,0.00,18.62,0.00,0.00,0.00,0.00,1.278
95272,552.37,67.21,3.71,790.42,1253.21,1713.03,1517.26,1392.15,1062.87,967.07,816.09,470.34,469.15,156.43,163.83,93.46,62.31,0.00,46.67,31.06,23.32,0.00,0.00,0.00,9.30,0.00,0.00,0.00,0.00,1.278
95273,373.67,44.29,1.99,623.51,859.09,978.06,1187.41,824.22,828.02,496.03,502.96,282.65,352.42,187.91,117.22,93.71,46.69,46.74,0.00,46.69,0.00,0.00,0.00,0.00,0.00,0.00,0.00,0.00,0.00,1.277
95274,304.29,72.11,20.89,576.92,605.58,978.84,737.75,650.56,711.39,568.26,393.75,259.66,94.19,156.99,164.52,70.42,31.28,23.42,0.00,15.57,23.38,0.00,0.00,0.00,0.00,0.00,0.00,0.00,11.64,1.278
95275,224.18,26.65,1.39,526.49,618.36,712.72,449.97,553.87,424.88,259.15,344.98,140.96,164.04,124.98,0.00,23.33,93.28,0.00,0.00,31.03,0.00,0.00,15.48,0.00,0.00,0.00,0.00,0.00,0.00,1.277
95276,196.41,27.86,1.70,335.20,349.63,546.45,355.30,600.83,377.81,424.35,251.00,258.58,117.24,62.52,93.67,70.18,31.09,0.00,0.00,15.53,0.00,23.28,0.00,15.51,0.00,0.00,0.00,0.00,0.00,1.276
95277,410.59,85.09,10.96,167.83,270.30,308.62,474.63,712.45,1370.59,1416.67,1256.79,659.12,774.85,360.07,234.41,70.18,46.75,0.00,23.40,31.11,0.00,0.00,0.00,15.52,0.00,0.00,0.00,9.29,0.00,1.277
95278,407.77,67.08,3.02,192.26,286.77,334.38,285.49,571.02,1184.50,1514.15,1227.97,1132.45,541.23,376.68,258.38,93.81,125.16,0.00,0.00,31.16,0.00,0.00,0.00,0.00,0.00,0.00,0.00,0.00,0.00,1.277
95279,274.00,42.52,1.83,95.87,206.15,332.74,284.54,442.60,826.03,943.12,800.22,493.79,492.57,281.62,163.85,93.55,0.00,0.00,23.37,0.00,0.00,0.00,0.00,0.00,0.00,0.00,0.00,0.00,0.00,1.276
95280,181.18,25.11,1.03,119.83,221.94,356.44,166.16,395.81,519.87,542.79,439.73,282.41,258.22,156.48,93.70,70.16,0.00,0.00,0.00,0.00,0.00,0.00,0.00,0.00,0.00,0.00,0.00,0.00,0.00,1.277
95281,146.40,22.62,1.13,72.05,190.51,357.50,190.20,380.60,284.18,330.90,393.19,282.83,117.55,172.46,46.94,46.86,15.59,0.00,23.35,0.00,23.38,0.00,0.00,0.00,0.00,0.00,0.00,0.00,0.00,1.276
95282,670.98,89.05,4.76,336.32,748.02,1311.59,1902.42,2538.28,1989.65,1206.19,1070.27,872.71,611.73,266.69,211.34,210.96,62.43,0.00,23.45,0.00,23.39,0.00,0.00,15.56,9.32,0.00,0.00,0.00,0.00,1.277
95283,2635.17,453.49,46.91,668.46,2010.24,3770.50,6005.14,9318.70,8758.60,7101.10,4647.40,3798.50,2268.73,1465.99,747.24,652.58,527.73,256.13,163.08,139.40,139.51,116.05,15.45,30.93,18.54,11.57,9.25,0.00,11.56,1.277
95284,3962.69,731.24,75.68,696.64,2308.01,6108.88,7872.61,13242.66,13785.32,11567.49,8027.81,5165.98,3199.92,2321.98,1479.58,820.48,968.62,351.76,163.98,405.05,233.74,93.40,77.74,124.42,65.27,23.29,9.32,9.31,11.63,1.276
95285,5035.74,834.07,59.46,1550.56,3367.23,7321.08,11525.66,16095.48,18042.02,13882.00,9613.05,6418.20,4228.95,2679.32,1656.02,1420.28,1039.39,465.38,255.58,216.53,162.54,301.47,123.57,123.55,83.37,11.56,18.49,0.00,0.00,1.275
95286,4669.37,723.94,54.51,1006.76,3639.39,7383.17,11440.19,15895.25,15127.56,13076.94,8293.87,5979.02,3968.03,2802.00,1687.42,982.87,935.45,420.84,70.04,217.60,93.39,69.89,108.62,77.58,27.92,0.00,9.29,18.58,0.00,1.275
95287,3575.67,525.77,33.83,1228.08,2952.46,5189.75,8984.75,12286.32,11890.05,9717.65,6403.07,4561.57,2616.84,2232.64,1200.37,822.52,485.16,375.60,117.31,109.22,140.62,46.82,62.32,15.59,28.03,0.00,0.00,9.33,0.00,1.275
95288,2617.24,358.80,16.73,528.04,2037.18,3623.19,6059.61,9288.11,9774.78,6948.85,5017.34,3134.71,2115.85,1677.36,798.03,398.30,405.82,234.01,46.86,108.93,23.38,46.66,46.64,31.09,0.00,0.00,0.00,0.00,0.00,1.276
95289,2001.81,302.20,18.56,312.21,1368.73,2551.94,4376.28,7011.54,6916.18,5723.59,4202.33,2712.45,1788.11,1286.37,704.45,492.43,327.99,23.40,23.45,0.00,46.76,23.34,31.11,15.54,37.31,11.64,0.00,0.00,0.00,1.274
95290,1789.85,259.69,12.04,455.98,778.67,2049.23,3538.97,6033.65,6292.17,5716.24,3741.07,2661.76,1503.72,1237.95,633.13,398.20,483.79,93.60,46.75,31.08,23.33,46.64,15.52,15.53,0.00,0.00,0.00,0.00,0.00,1.275
95291,1669.28,258.50,16.03,288.06,731.63,1932.26,3231.41,5417.94,5632.13,5624.24,3601.09,2780.65,1574.92,1019.10,610.02,374.82,234.33,70.20,46.77,46.68,46.68,69.99,15.52,0.00,9.31,0.00,9.30,0.00,0.00,1.274
95292,1057.67,151.61,7.38,168.09,477.41,1215.46,1996.40,3517.35,4141.48,3332.18,2374.99,1414.17,987.40,705.50,187.76,328.03,171.73,23.38,23.43,31.14,23.38,0.00,15.55,0.00,9.32,0.00,0.00,0.00,0.00,1.276
95293,636.72,94.63,4.80,191.79,317.64,690.57,1661.33,2184.35,2221.70,1722.53,1256.31,729.59,563.40,516.68,281.17,163.75,109.16,0.00,23.39,0.00,46.69,23.31,31.06,0.00,0.00,0.00,0.00,0.00,0.00,1.276
95294,546.92,75.77,3.67,120.28,318.18,739.98,1285.08,1984.17,1777.32,1703.88,1118.15,708.00,470.81,376.65,93.97,93.75,46.82,23.41,0.00,15.57,23.41,23.37,0.00,15.55,0.00,0.00,0.00,0.00,0.00,1.275
95295,400.32,52.78,2.09,192.26,302.29,334.19,807.93,1442.70,1562.88,946.12,786.69,495.14,564.45,282.35,164.44,93.76,31.25,0.00,0.00,0.00,0.00,0.00,0.00,0.00,0.00,0.00,0.00,0.00,0.00,1.275
95296,589.83,84.42,4.24,646.94,603.54,809.61,877.47,1297.30,1771.26,1769.25,1491.23,917.31,656.94,453.54,281.03,93.53,62.28,46.73,0.00,0.00,0.00,0.00,0.00,0.00,9.30,0.00,0.00,0.00,0.00,1.275
95297,948.23,135.88,5.98,1607.44,1081.35,1169.65,1401.08,1868.19,1773.01,2597.92,2357.26,2166.55,1268.43,893.19,375.24,187.19,109.02,46.79,46.66,0.00,0.00,0.00,15.52,0.00,0.00,0.00,0.00,0.00,0.00,1.275
95298,1043.45,151.04,6.51,1368.73,1462.22,1289.29,1140.44,1839.62,2555.96,2553.51,2942.05,2286.69,1810.64,783.94,328.58,281.18,140.41,46.84,0.00,15.57,23.35,0.00,0.00,0.00,0.00,0.00,0.00,0.00,0.00,1.275
95299,1321.77,212.10,16.26,1990.02,1621.29,1620.51,1803.76,1914.92,2717.65,3540.39,3644.00,3153.83,2206.75,1111.43,609.26,210.51,171.38,46.76,23.40,0.00,0.00,0.00,31.02,0.00,0.00,0.00,0.00,9.29,0.00,1.275
