NASA Data Processing/CAMP2Ex/LAS/CAMP2Ex-LARGE-LAS_P3B_20190929_R0.ict
78, 1001
Luke Ziemba
NASA Langley
In-situ Particle Size Distributions from the TSI LAS on the NASA P3B
NASA CAMP2Ex
1,1
2019,09,29,2020,05,5
1.0
Time_Start,Secs after midnight,Time of acquisition
30
1,1,1,1,1,1,1,1,1,1,1,1,1,1,1,1,1,1,1,1,1,1,1,1,1,1,1,1,1,1
-9999,-9999,-9999,-9999,-9999,-9999,-9999,-9999,-9999,-9999,-9999,-9999,-9999,-9999,-9999,-9999,-9999,-9999,-9999,-9999,-9999,-9999,-9999,-9999,-9999,-9999,-9999,-9999,-9999,-9999
nLAS, #/cm3, AerMP_NumConc_InSitu_RHd_Optical_AccutoCoarse_STP, Number_concentration_of_particles_in_air_integrated_over_reported_LAS_dry_optical_bins_wrt_AmmoniumSulfate
sLAS, um2/cm3, AerMP_SurfAreaConc_InSitu_RHd_Optical_AccutoCoarse_STP, Surface_area_concentration_of_particles_in_air_integrated_over_reported_LAS_dry_optical_bins_wrt_AmmoniumSulfate
vLAS, um3/cm3, AerMP_VolConc_InSitu_RHd_Optical_AccutoCoarse_STP, Volume_concentration_of_particles_in_air_integrated_over_reported_LAS_dry_optical_bins_wrt_AmmoniumSulfate
LAS_Bin01, #/cm3, None, number_size_distribution_of_particles_in_air_per_dlogDp_for_bin_center_optical_diameter_at_100nm_measured_by_LAS_AmmoniumSulfate
LAS_Bin02, #/cm3, None, number_size_distribution_of_particles_in_air_per_dlogDp_for_bin_center_optical_diameter_at_112nm_measured_by_LAS_AmmoniumSulfate
LAS_Bin03, #/cm3, None, number_size_distribution_of_particles_in_air_per_dlogDp_for_bin_center_optical_diameter_at_126nm_measured_by_LAS_AmmoniumSulfate
LAS_Bin04, #/cm3, None, number_size_distribution_of_particles_in_air_per_dlogDp_for_bin_center_optical_diameter_at_141nm_measured_by_LAS_AmmoniumSulfate
LAS_Bin05, #/cm3, None, number_size_distribution_of_particles_in_air_per_dlogDp_for_bin_center_optical_diameter_at_158nm_measured_by_LAS_AmmoniumSulfate
LAS_Bin06, #/cm3, None, number_size_distribution_of_particles_in_air_per_dlogDp_for_bin_center_optical_diameter_at_178nm_measured_by_LAS_AmmoniumSulfate
LAS_Bin07, #/cm3, None, number_size_distribution_of_particles_in_air_per_dlogDp_for_bin_center_optical_diameter_at_200nm_measured_by_LAS_AmmoniumSulfate
LAS_Bin08, #/cm3, None, number_size_distribution_of_particles_in_air_per_dlogDp_for_bin_center_optical_diameter_at_224nm_measured_by_LAS_AmmoniumSulfate
LAS_Bin09, #/cm3, None, number_size_distribution_of_particles_in_air_per_dlogDp_for_bin_center_optical_diameter_at_251nm_measured_by_LAS_AmmoniumSulfate
LAS_Bin10, #/cm3, None, number_size_distribution_of_particles_in_air_per_dlogDp_for_bin_center_optical_diameter_at_282nm_measured_by_LAS_AmmoniumSulfate
LAS_Bin11, #/cm3, None, number_size_distribution_of_particles_in_air_per_dlogDp_for_bin_center_optical_diameter_at_316nm_measured_by_LAS_AmmoniumSulfate
LAS_Bin12, #/cm3, None, number_size_distribution_of_particles_in_air_per_dlogDp_for_bin_center_optical_diameter_at_355nm_measured_by_LAS_AmmoniumSulfate
LAS_Bin13, #/cm3, None, number_size_distribution_of_particles_in_air_per_dlogDp_for_bin_center_optical_diameter_at_398nm_measured_by_LAS_AmmoniumSulfate
LAS_Bin14, #/cm3, None, number_size_distribution_of_particles_in_air_per_dlogDp_for_bin_center_optical_diameter_at_447nm_measured_by_LAS_AmmoniumSulfate
LAS_Bin15, #/cm3, None, number_size_distribution_of_particles_in_air_per_dlogDp_for_bin_center_optical_diameter_at_501nm_measured_by_LAS_AmmoniumSulfate
[...]
  - Integrated surface areas and volumes are calculated by assuming spherical particles
  - Data in this file is time synced to DLH water vapor
UNCERTAINTY: all data are 20%
ULOD_FLAG: -7777
ULOD_VALUE: N/A
LLOD_FLAG: -8888
LLOD_VALUE: N/A
DM_CONTACT_INFO: Michael Shook (michael.shook@nasa.gov)
PROJECT_INFO: CAMP2Ex 2019
STIPULATIONS_ON_USE: This is FINAL data. Users are strongly encouraged to consult the PI and/or DM prior to use.
OTHER_COMMENTS: dlogD for Diameters less than 1000 nm is 0.05 (20 channels per decade). For Diameters greater than or equal to 1000 nm, dlogD is 0.1 (10 channels per decade)
OTHER_COMMENTS: Data are processed with respect to mid-point ammonium-sulfate ((NH4)2SO4, AmmSO4) equivalent optical diameters and are rebinned to a standard binning scheme
OTHER_COMMENTS: Mid-point diameters (in nm) are:
		  100.0, 112.2, 125.9, 141.3, 158.5, 177.8, 199.5, 223.9, 251.2, 281.8, 316.2, 354.8, 398.1, 446.7, 501.2, 562.3, 631.0, 707.9, 794.3, 891.3, 1000.0, 1258.9, 1584.9, 1995.3, 2511.9, 3162.3
REVISION: R0
R0: STP calculations now use data from publicly available MetNav files, data is time synced to DLH
RC: Particle sizing now done with respect to ammonium sulfate
RB: Time sync to LARGE CNgt3nm applied
RA: None
*******************************************************************************************************************************
Time_Start,nLAS,sLAS,vLAS,LAS_Bin01,LAS_Bin02,LAS_Bin03,LAS_Bin04,LAS_Bin05,LAS_Bin06,LAS_Bin07,LAS_Bin08,LAS_Bin09,LAS_Bin10,LAS_Bin11,LAS_Bin12,LAS_Bin13,LAS_Bin14,LAS_Bin15,LAS_Bin16,LAS_Bin17,LAS_Bin18,LAS_Bin19,LAS_Bin20,LAS_Bin21,LAS_Bin22,LAS_Bin23,LAS_Bin24,LAS_Bin25,LAS_Bin26,stdPT
[from data line 12219]
21155,111.89,32.45,8.31,119.86,159.02,262.64,213.82,237.84,283.70,307.03,282.91,141.30,117.45,15.63,23.43,0.00,31.19,0.00,23.33,0.00,0.00,0.00,0.00,0.00,0.00,0.00,0.00,9.29,0.00,1.160
21156,105.84,24.09,4.35,192.37,191.09,215.21,190.30,253.86,118.68,236.67,283.59,165.24,141.27,62.82,47.01,0.00,0.00,0.00,0.00,0.00,0.00,0.00,0.00,0.00,0.00,0.00,9.32,0.00,0.00,1.160
21157,101.61,30.83,8.23,119.86,143.31,119.33,308.67,253.47,236.45,259.79,282.85,94.19,93.97,62.66,0.00,23.43,0.00,0.00,0.00,15.55,0.00,0.00,0.00,0.00,0.00,0.00,0.00,9.29,0.00,1.160
21158,99.48,13.57,0.65,144.08,79.63,166.59,166.28,221.81,260.25,330.81,298.76,141.39,117.53,0.00,23.45,0.00,15.57,0.00,0.00,0.00,23.37,0.00,0.00,0.00,0.00,0.00,0.00,0.00,0.00,1.160
21159,113.45,13.87,0.54,192.17,175.08,166.97,166.40,254.12,307.85,283.87,330.42,141.49,141.12,78.39,0.00,0.00,31.18,0.00,0.00,0.00,0.00,0.00,0.00,0.00,0.00,0.00,0.00,0.00,0.00,1.159
21160,112.30,17.15,0.99,143.80,237.96,95.24,237.03,189.62,330.75,283.19,376.71,117.59,117.31,31.27,0.00,23.36,0.00,0.00,0.00,15.53,46.62,0.00,0.00,0.00,0.00,0.00,0.00,0.00,0.00,1.159
21161,92.22,10.12,0.40,120.12,206.88,214.79,214.07,253.86,284.23,165.58,173.19,94.35,23.53,15.70,23.47,23.43,31.24,0.00,0.00,0.00,0.00,0.00,0.00,0.00,0.00,0.00,0.00,0.00,0.00,1.159
21162,131.53,14.29,0.56,168.19,191.44,382.78,333.16,412.97,260.69,283.97,267.74,117.99,117.71,78.45,0.00,0.00,0.00,0.00,0.00,15.57,0.00,0.00,0.00,0.00,0.00,0.00,0.00,0.00,0.00,1.158
21163,139.93,18.25,0.99,144.04,317.98,238.41,356.42,475.38,307.71,283.62,173.02,259.32,141.09,47.03,0.00,0.00,0.00,0.00,23.36,15.58,0.00,0.00,15.56,0.00,0.00,0.00,0.00,0.00,0.00,1.158
21164,149.30,31.98,4.87,240.37,191.48,191.11,428.09,380.90,403.09,378.56,251.99,141.58,94.15,94.10,46.99,46.87,31.19,23.47,0.00,0.00,23.40,0.00,0.00,0.00,0.00,0.00,9.32,0.00,0.00,1.158
21165,307.78,43.40,2.97,910.31,713.94,619.11,758.87,680.02,472.36,636.86,298.24,305.77,304.98,93.84,70.32,116.89,93.40,0.00,0.00,15.53,23.33,23.27,0.00,0.00,9.30,0.00,0.00,0.00,0.00,1.157
21166,375.71,64.84,7.16,839.65,826.81,739.59,949.26,760.68,874.99,661.14,408.59,447.36,328.77,109.59,210.96,93.63,109.22,46.72,23.40,46.66,0.00,0.00,0.00,0.00,9.31,0.00,9.29,0.00,0.00,1.156
21167,244.33,37.17,2.45,672.65,748.38,430.67,523.03,555.74,378.64,425.57,251.77,165.02,211.65,62.77,164.35,70.33,109.24,46.84,0.00,15.57,0.00,23.33,15.54,15.55,0.00,0.00,0.00,0.00,0.00,1.156
21168,189.21,39.83,5.00,408.15,350.21,381.84,546.58,380.72,354.90,425.51,330.36,165.01,117.56,78.41,93.86,23.46,31.17,0.00,0.00,15.55,0.00,23.35,0.00,15.55,9.32,11.64,0.00,0.00,0.00,1.156
21169,161.82,24.07,1.37,288.50,302.45,309.94,309.16,412.63,379.17,402.29,236.25,165.21,188.33,47.11,23.52,46.88,15.67,23.48,46.84,15.57,0.00,23.37,0.00,0.00,0.00,0.00,0.00,0.00,0.00,1.157
21170,129.11,15.94,0.79,359.34,237.96,333.50,284.42,253.08,306.88,212.20,172.63,164.57,93.81,62.57,23.43,0.00,31.16,23.33,0.00,0.00,23.29,0.00,0.00,0.00,0.00,0.00,0.00,0.00,0.00,1.157
21171,149.49,18.59,0.96,263.24,269.97,475.82,260.60,300.30,424.88,424.27,109.81,164.49,117.20,62.53,46.77,0.00,31.13,23.31,0.00,0.00,0.00,0.00,15.48,0.00,0.00,0.00,0.00,0.00,0.00,1.157
21172,137.64,16.06,0.64,239.48,237.78,214.65,260.67,379.36,472.05,306.68,266.80,164.60,70.36,31.26,23.40,23.40,62.31,0.00,0.00,0.00,0.00,0.00,0.00,0.00,0.00,0.00,0.00,0.00,0.00,1.156
21173,133.35,20.90,1.66,192.03,270.31,310.07,237.75,285.50,307.71,307.18,204.50,259.28,164.57,31.39,23.45,0.00,31.22,0.00,23.43,0.00,0.00,0.00,0.00,0.00,9.32,0.00,0.00,0.00,0.00,1.156
21174,151.81,16.76,0.68,215.92,317.85,429.07,356.19,333.08,425.90,236.22,267.26,306.28,47.00,0.00,46.92,23.40,15.59,0.00,0.00,15.56,0.00,0.00,0.00,0.00,0.00,0.00,0.00,0.00,0.00,1.156
21175,129.13,13.68,0.50,215.72,206.92,214.02,308.38,427.22,425.48,212.36,235.60,188.26,93.89,31.32,0.00,0.00,0.00,23.35,0.00,0.00,0.00,0.00,0.00,0.00,0.00,0.00,0.00,0.00,0.00,1.156
21176,159.37,17.97,0.73,192.09,270.66,476.59,380.25,380.48,378.80,331.00,346.17,165.05,141.12,78.47,0.00,0.00,31.16,0.00,0.00,15.58,0.00,0.00,0.00,0.00,0.00,0.00,0.00,0.00,0.00,1.154
21177,137.55,16.84,0.69,71.93,333.41,261.70,236.96,379.58,307.08,282.98,376.52,235.12,164.17,62.62,0.00,23.40,0.00,0.00,0.00,15.51,0.00,0.00,0.00,0.00,0.00,0.00,0.00,0.00,0.00,1.154
21178,136.71,14.98,0.57,241.13,240.01,431.19,238.87,318.66,309.10,189.93,410.85,118.37,118.09,62.99,23.56,0.00,31.36,0.00,0.00,0.00,0.00,0.00,0.00,0.00,0.00,0.00,0.00,0.00,0.00,1.154
21179,135.40,22.44,1.92,216.16,238.77,238.99,451.70,539.86,331.43,70.90,314.71,165.07,23.52,0.00,0.00,0.00,0.00,46.85,0.00,0.00,0.00,23.35,15.56,31.10,0.00,0.00,0.00,0.00,0.00,1.153
21180,122.16,48.31,12.77,240.17,222.75,144.04,285.37,396.61,260.38,236.47,267.54,94.33,70.58,78.49,23.47,23.47,0.00,0.00,0.00,15.56,0.00,46.69,0.00,0.00,0.00,0.00,9.31,9.31,0.00,1.154
21181,119.65,20.36,1.67,95.79,238.11,429.14,403.47,300.74,212.53,188.79,219.91,70.60,117.38,0.00,0.00,0.00,15.55,0.00,0.00,46.66,0.00,23.31,15.51,15.52,0.00,0.00,0.00,0.00,0.00,1.154
21182,125.77,79.56,29.71,144.09,270.55,310.13,309.07,206.29,236.85,401.89,220.30,94.30,141.09,31.38,23.46,0.00,31.23,0.00,0.00,0.00,0.00,0.00,15.56,0.00,18.64,0.00,0.00,9.30,11.63,1.154
21183,108.54,14.70,0.89,143.78,254.30,261.58,403.19,205.33,212.63,188.80,204.08,94.10,70.39,62.53,23.44,0.00,0.00,0.00,0.00,0.00,23.30,23.28,0.00,0.00,0.00,0.00,0.00,0.00,0.00,1.153
21184,134.45,15.42,0.62,239.93,222.65,406.12,190.03,317.34,307.44,354.44,220.04,188.48,141.00,47.05,0.00,0.00,31.14,23.43,0.00,0.00,0.00,0.00,0.00,0.00,0.00,0.00,0.00,0.00,0.00,1.153
21185,203.51,30.71,1.65,263.53,461.10,428.26,498.12,554.15,354.10,306.69,345.23,211.64,140.73,140.73,117.10,70.11,93.24,0.00,46.67,15.54,23.32,0.00,0.00,0.00,0.00,0.00,0.00,0.00,0.00,1.153
21186,200.72,20.33,0.84,598.94,634.96,451.71,355.65,426.83,448.72,330.10,313.88,141.09,164.20,93.88,0.00,23.36,0.00,0.00,0.00,31.03,0.00,0.00,0.00,0.00,0.00,0.00,0.00,0.00,0.00,1.151
21187,180.15,29.28,3.24,407.38,507.96,524.05,189.68,490.98,236.26,377.63,282.61,188.24,93.89,93.89,117.10,23.37,46.73,0.00,0.00,0.00,0.00,0.00,0.00,0.00,0.00,11.62,0.00,0.00,0.00,1.152
21188,180.27,23.24,1.27,384.57,430.08,501.95,333.00,507.76,307.93,354.87,267.68,188.75,117.67,31.41,70.49,23.48,0.00,0.00,23.45,15.57,46.80,0.00,0.00,0.00,0.00,0.00,0.00,0.00,0.00,1.152
21189,158.46,17.92,0.76,360.52,366.19,406.05,214.04,476.30,284.26,425.78,251.82,94.34,117.63,62.79,23.50,23.47,15.66,23.40,23.37,0.00,0.00,0.00,0.00,0.00,0.00,0.00,0.00,0.00,0.00,1.151
21190,187.03,43.36,9.51,264.24,430.02,524.52,404.04,443.81,473.37,378.24,314.63,212.16,70.54,78.36,23.46,46.87,15.65,0.00,23.43,0.00,0.00,0.00,0.00,0.00,9.32,0.00,0.00,9.30,0.00,1.150
21191,155.34,19.91,1.16,215.31,475.89,309.09,331.32,506.13,259.40,376.71,281.95,164.34,46.83,15.58,46.75,0.00,31.11,0.00,0.00,0.00,0.00,46.48,0.00,0.00,0.00,0.00,0.00,0.00,0.00,1.151
21192,183.44,22.21,1.33,383.61,460.77,452.78,403.56,459.34,449.19,354.16,282.77,164.82,46.98,109.57,46.93,23.38,0.00,0.00,0.00,0.00,0.00,0.00,15.52,15.52,0.00,0.00,0.00,0.00,0.00,1.151
21193,156.32,30.85,3.89,312.09,318.26,430.48,380.00,364.94,331.15,401.80,157.26,94.26,94.02,94.06,23.48,23.45,15.64,0.00,0.00,31.15,0.00,0.00,15.55,15.53,0.00,11.63,0.00,0.00,0.00,1.149
21194,150.36,17.38,0.91,383.92,333.75,476.67,474.69,317.10,118.36,188.95,282.96,164.88,164.46,15.68,0.00,46.83,0.00,0.00,23.34,0.00,0.00,0.00,15.52,0.00,0.00,0.00,0.00,0.00,0.00,1.150
21195,189.18,32.33,4.77,240.35,510.69,382.89,475.90,476.36,521.34,426.18,315.06,212.45,94.18,15.71,47.05,0.00,0.00,23.42,0.00,0.00,23.41,0.00,0.00,0.00,0.00,0.00,9.32,0.00,0.00,1.149
21196,164.51,18.01,0.79,215.81,413.03,549.24,332.18,522.82,425.48,165.18,298.51,117.68,117.39,47.01,23.42,0.00,0.00,23.41,23.40,15.54,0.00,0.00,0.00,0.00,0.00,0.00,0.00,0.00,0.00,1.148
21197,176.74,21.70,1.56,407.15,381.05,595.49,308.11,395.85,259.74,471.51,251.07,282.16,70.36,46.96,23.40,23.35,0.00,0.00,0.00,0.00,0.00,0.00,0.00,0.00,9.29,0.00,0.00,0.00,0.00,1.148
21198,160.59,17.39,0.81,430.87,427.98,403.40,544.66,252.80,235.84,306.30,266.49,140.95,93.73,15.64,0.00,23.33,15.59,0.00,23.28,31.03,0.00,0.00,0.00,0.00,0.00,0.00,0.00,0.00,0.00,1.148
21199,157.25,20.70,1.73,479.42,270.33,262.77,379.85,523.39,472.56,306.87,141.37,188.29,46.95,15.67,0.00,0.00,15.57,0.00,0.00,0.00,0.00,23.29,0.00,0.00,9.30,0.00,0.00,0.00,0.00,1.148
21200,135.79,15.80,0.78,288.16,445.70,333.90,166.33,332.94,307.68,189.19,267.50,282.94,23.52,0.00,0.00,23.46,15.65,0.00,0.00,15.57,23.35,0.00,0.00,0.00,0.00,0.00,0.00,0.00,0.00,1.147
21201,136.00,13.46,0.45,264.55,302.96,216.02,285.67,444.65,308.25,355.10,267.88,94.42,117.73,62.86,0.00,0.00,0.00,0.00,0.00,0.00,0.00,0.00,0.00,0.00,0.00,0.00,0.00,0.00,0.00,1.147
21202,175.13,24.19,1.99,433.07,462.19,549.68,380.92,444.80,284.52,213.14,378.10,94.45,117.77,47.17,0.00,0.00,15.67,0.00,46.94,0.00,0.00,0.00,15.56,0.00,9.33,0.00,0.00,0.00,0.00,1.146
21203,176.18,37.18,4.87,311.47,444.68,428.49,331.91,458.67,330.75,471.65,235.37,117.56,164.17,78.20,23.40,0.00,15.54,23.39,0.00,15.51,0.00,0.00,15.52,15.51,9.30,11.61,0.00,0.00,0.00,1.146
21204,194.21,22.03,1.14,720.60,493.39,429.09,499.10,460.04,355.20,212.72,251.76,259.33,23.51,15.70,0.00,46.83,15.60,46.78,0.00,31.14,23.38,0.00,0.00,0.00,0.00,0.00,0.00,0.00,0.00,1.145
21205,230.87,22.74,1.01,766.13,523.51,571.62,545.04,728.35,424.77,259.34,329.36,235.05,70.35,93.78,0.00,23.34,31.20,0.00,0.00,0.00,0.00,0.00,15.51,0.00,0.00,0.00,0.00,0.00,0.00,1.145
21206,222.78,33.87,2.97,480.32,716.73,691.96,404.18,602.78,426.08,283.60,235.92,141.44,164.59,94.10,93.93,0.00,31.24,0.00,0.00,15.58,0.00,23.35,0.00,31.08,9.33,0.00,0.00,0.00,0.00,1.145
21207,173.59,30.47,2.92,288.20,605.28,453.81,451.59,380.67,331.38,283.65,188.69,212.15,70.54,15.70,0.00,23.46,31.24,23.45,0.00,15.55,23.38,23.35,15.54,15.55,9.32,0.00,0.00,0.00,0.00,1.145
21208,177.06,20.92,1.56,550.14,555.13,569.95,402.37,395.37,212.22,211.94,156.69,211.33,93.69,78.11,46.76,23.32,15.59,0.00,0.00,0.00,0.00,0.00,0.00,0.00,9.28,0.00,0.00,0.00,0.00,1.145
21209,195.93,22.01,1.34,719.83,492.78,309.53,379.89,554.18,496.55,377.84,251.40,141.29,117.44,15.68,0.00,0.00,15.58,0.00,0.00,15.56,0.00,0.00,15.54,15.53,0.00,0.00,0.00,0.00,0.00,1.144
21210,235.32,39.36,5.08,600.54,573.07,572.77,380.51,602.64,331.42,520.31,267.49,306.60,211.72,109.71,46.94,70.36,46.84,23.40,23.37,0.00,0.00,0.00,0.00,0.00,0.00,0.00,9.32,0.00,0.00,1.143
21211,265.10,43.76,5.34,767.89,445.14,572.46,902.38,475.24,544.05,330.64,440.02,141.30,258.39,94.04,46.90,70.21,124.64,46.79,23.33,0.00,0.00,0.00,0.00,0.00,0.00,0.00,9.29,0.00,0.00,1.143
21212,256.16,32.96,1.85,602.21,623.03,526.57,691.71,541.10,569.99,379.49,347.33,473.07,70.78,47.20,70.72,23.54,62.70,23.47,23.44,15.63,0.00,0.00,31.22,0.00,0.00,0.00,0.00,0.00,0.00,1.143
21213,197.58,23.50,1.16,527.32,508.30,214.52,521.97,554.63,495.88,377.53,298.27,117.65,140.81,15.62,23.41,70.15,31.11,0.00,0.00,31.05,23.34,0.00,0.00,0.00,0.00,0.00,0.00,0.00,0.00,1.143
21214,226.17,27.43,1.39,743.29,460.87,499.84,474.82,538.07,519.94,472.25,157.10,235.43,117.42,78.37,46.85,46.81,31.20,46.71,0.00,31.11,23.32,0.00,0.00,0.00,0.00,0.00,0.00,0.00,0.00,1.143
21215,235.78,22.44,0.84,789.77,523.12,595.70,544.59,553.08,542.46,306.16,313.51,281.88,117.15,62.53,46.82,23.37,0.00,0.00,0.00,15.50,0.00,0.00,0.00,0.00,0.00,0.00,0.00,0.00,0.00,1.142
21216,210.77,22.41,0.91,527.81,603.69,571.86,284.84,458.78,449.66,377.77,424.23,235.47,140.93,31.31,0.00,46.82,15.63,23.36,23.33,0.00,0.00,0.00,0.00,0.00,0.00,0.00,0.00,0.00,0.00,1.142
21217,202.22,23.27,1.17,573.72,475.56,664.29,402.13,394.40,377.02,352.93,281.79,187.69,117.01,62.48,23.35,46.60,46.60,0.00,0.00,15.51,0.00,23.24,0.00,0.00,0.00,0.00,0.00,0.00,0.00,1.141
21218,241.13,25.15,0.98,646.30,666.10,522.55,568.59,521.45,401.14,589.20,172.46,352.47,140.64,124.94,23.42,23.38,46.67,23.37,0.00,0.00,0.00,0.00,0.00,0.00,0.00,0.00,0.00,0.00,0.00,1.141
21219,197.78,24.35,1.87,671.40,651.97,501.14,308.48,618.07,283.47,330.49,251.36,23.54,140.89,47.01,23.43,23.43,15.57,0.00,23.32,0.00,23.35,0.00,0.00,0.00,9.31,0.00,0.00,0.00,0.00,1.141
21220,185.49,24.70,1.88,623.02,476.53,380.86,379.41,380.13,377.50,330.12,298.12,117.57,187.63,62.51,0.00,0.00,31.21,23.33,0.00,0.00,23.32,0.00,0.00,0.00,9.30,0.00,0.00,0.00,0.00,1.141
21221,193.00,20.89,0.95,503.53,349.94,476.41,712.03,443.40,283.67,354.13,282.75,188.34,93.93,93.94,0.00,23.38,15.56,0.00,0.00,15.56,23.35,0.00,0.00,0.00,0.00,0.00,0.00,0.00,0.00,1.141
21222,205.64,36.50,3.59,671.91,445.14,452.65,474.85,428.23,331.17,448.87,235.76,188.43,140.96,47.04,46.94,46.78,15.58,0.00,23.41,31.11,0.00,46.63,0.00,0.00,18.63,0.00,0.00,0.00,0.00,1.140
21223,212.13,26.33,1.35,600.19,477.41,477.34,475.08,475.72,378.62,307.17,267.31,377.01,188.01,31.38,70.41,23.45,31.16,0.00,23.42,15.57,0.00,23.34,0.00,0.00,0.00,0.00,0.00,0.00,0.00,1.140
21224,182.38,22.61,1.68,409.38,574.25,453.91,381.13,445.32,498.30,165.88,331.14,165.43,47.15,78.67,23.55,23.47,15.63,0.00,0.00,15.59,0.00,0.00,0.00,0.00,9.35,0.00,0.00,0.00,0.00,1.140
21225,213.03,24.27,1.10,503.26,476.90,619.14,640.47,459.10,307.02,354.03,298.35,164.72,164.31,93.95,93.77,0.00,31.24,0.00,23.31,31.05,0.00,0.00,0.00,0.00,0.00,0.00,0.00,0.00,0.00,1.139
21226,201.26,22.27,1.18,625.26,510.36,622.30,452.25,365.40,355.80,378.81,236.41,118.06,188.41,31.38,47.03,23.45,31.29,23.43,0.00,0.00,0.00,0.00,0.00,15.56,0.00,0.00,0.00,0.00,0.00,1.139
21227,192.89,23.01,1.06,599.00,413.11,620.20,379.50,316.77,330.54,353.76,235.46,117.61,187.72,78.20,70.25,46.72,46.72,46.67,0.00,15.52,0.00,0.00,0.00,0.00,0.00,0.00,0.00,0.00,0.00,1.139
21228,173.98,20.77,1.15,456.51,525.03,501.96,451.62,396.48,331.41,118.19,188.81,235.79,70.55,78.48,0.00,0.00,46.83,23.39,23.36,15.58,0.00,0.00,15.56,0.00,0.00,0.00,0.00,0.00,0.00,1.138
21229,192.18,22.21,1.18,527.22,397.56,453.15,617.23,348.66,307.16,354.00,329.87,188.31,164.37,78.25,0.00,23.42,15.55,0.00,23.40,0.00,0.00,0.00,0.00,15.53,0.00,0.00,0.00,0.00,0.00,1.138
21230,185.79,22.24,1.10,576.56,382.52,286.31,404.25,570.64,402.71,425.86,251.84,70.77,141.18,31.36,23.47,23.43,62.44,23.40,0.00,15.58,23.37,0.00,0.00,0.00,0.00,0.00,0.00,0.00,0.00,1.138
21231,204.25,37.18,4.21,649.09,573.76,428.55,476.29,365.21,355.50,426.07,330.73,165.24,94.17,47.14,47.01,0.00,0.00,23.48,0.00,0.00,0.00,46.76,0.00,0.00,28.02,0.00,0.00,0.00,0.00,1.137
21232,171.91,29.39,2.76,693.68,444.01,309.71,307.71,458.78,283.09,211.90,172.39,164.37,70.26,93.72,46.80,46.69,46.69,0.00,0.00,15.52,0.00,23.26,15.47,15.47,9.29,0.00,0.00,0.00,0.00,1.137
21233,190.03,25.67,1.83,529.23,525.89,380.74,333.25,429.02,308.42,473.78,220.64,141.72,188.49,125.62,23.50,23.46,78.18,0.00,0.00,0.00,0.00,0.00,0.00,0.00,9.34,0.00,0.00,0.00,0.00,1.137
21234,174.57,31.02,4.86,551.35,492.96,475.75,261.05,380.23,377.94,259.56,251.33,282.42,23.48,15.67,0.00,0.00,62.33,0.00,0.00,15.53,0.00,23.29,0.00,0.00,0.00,0.00,9.29,0.00,0.00,1.137
21235,165.52,19.88,1.50,335.79,381.59,309.80,617.53,411.95,354.93,425.04,204.27,141.30,23.49,62.66,0.00,0.00,0.00,23.36,0.00,0.00,0.00,0.00,0.00,0.00,9.32,0.00,0.00,0.00,0.00,1.136
21236,176.46,28.61,2.15,503.18,349.30,356.93,497.77,395.25,306.96,330.15,188.28,258.63,93.80,31.25,23.40,23.35,31.14,0.00,46.74,15.54,23.29,23.27,15.50,15.51,0.00,0.00,0.00,0.00,0.00,1.136
21237,194.15,26.01,1.52,527.57,428.97,524.16,450.89,443.51,354.75,401.54,157.10,141.27,187.88,93.98,0.00,0.00,62.32,0.00,46.81,46.65,0.00,0.00,15.52,0.00,0.00,0.00,0.00,0.00,0.00,1.136
21238,161.63,15.80,0.63,480.31,413.68,453.24,427.66,348.46,307.78,330.90,157.29,47.14,117.55,94.13,0.00,0.00,31.19,0.00,23.35,0.00,0.00,0.00,0.00,0.00,0.00,0.00,0.00,0.00,0.00,1.136
21239,168.62,19.27,0.95,527.86,381.80,453.46,308.80,380.45,330.99,307.09,204.30,188.42,93.97,62.67,46.91,46.78,15.63,0.00,0.00,0.00,0.00,23.31,0.00,0.00,0.00,0.00,0.00,0.00,0.00,1.136
21240,138.35,16.76,0.94,431.83,254.51,214.37,403.29,237.31,354.56,283.31,172.84,164.80,93.92,46.96,70.31,23.43,0.00,0.00,0.00,0.00,0.00,0.00,0.00,15.53,0.00,0.00,0.00,0.00,0.00,1.136
