NASA Data Processing/CAMP2Ex/LAS/CAMP2Ex-LARGE-LAS_P3B_20190925_R0.ict
78, 1001
Luke Ziemba
NASA Langley
In-situ Particle Size Distributions from the TSI LAS on the NASA P3B
NASA CAMP2Ex
1,1
2019,09,25,2020,05,5
1.0
Time_Start,Secs after midnight,Time of acquisition
30
1,1,1,1,1,1,1,1,1,1,1,1,1,1,1,1,1,1,1,1,1,1,1,1,1,1,1,1,1,1
-9999,-9999,-9999,-9999,-9999,-9999,-9999,-9999,-9999,-9999,-9999,-9999,-9999,-9999,-9999,-9999,-9999,-9999,-9999,-9999,-9999,-9999,-9999,-9999,-9999,-9999,-9999,-9999,-9999,-9999
nLAS, #/cm3, AerMP_NumConc_InSitu_RHd_Optical_AccutoCoarse_STP, Number_concentration_of_particles_in_air_integrated_over_reported_LAS_dry_optical_bins_wrt_AmmoniumSulfate
sLAS, um2/cm3, AerMP_SurfAreaConc_InSitu_RHd_Optical_AccutoCoarse_STP, Surface_area_concentration_of_particles_in_air_integrated_over_reported_LAS_dry_optical_bins_wrt_AmmoniumSulfate
vLAS, um3/cm3, AerMP_VolConc_InSitu_RHd_Optical_AccutoCoarse_STP, Volume_concentration_of_particles_in_air_integrated_over_reported_LAS_dry_optical_bins_wrt_AmmoniumSulfate
LAS_Bin01, #/cm3, None, number_size_distribution_of_particles_in_air_per_dlogDp_for_bin_center_optical_diameter_at_100nm_measured_by_LAS_AmmoniumSulfate
LAS_Bin02, #/cm3, None, number_size_distribution_of_particles_in_air_per_dlogDp_for_bin_center_optical_diameter_at_112nm_measured_by_LAS_AmmoniumSulfate
LAS_Bin03, #/cm3, None, number_size_distribution_of_particles_in_air_per_dlogDp_for_bin_center_optical_diameter_at_126nm_measured_by_LAS_AmmoniumSulfate
LAS_Bin04, #/cm3, None, number_size_distribution_of_particles_in_air_per_dlogDp_for_bin_center_optical_diameter_at_141nm_measured_by_LAS_AmmoniumSulfate
LAS_Bin05, #/cm3, None, number_size_distribution_of_particles_in_air_per_dlogDp_for_bin_center_optical_diameter_at_158nm_measured_by_LAS_AmmoniumSulfate
LAS_Bin06, #/cm3, None, number_size_distribution_of_particles_in_air_per_dlogDp_for_bin_center_optical_diameter_at_178nm_measured_by_LAS_AmmoniumSulfate
LAS_Bin07, #/cm3, None, number_size_distribution_of_particles_in_air_per_dlogDp_for_bin_center_optical_diameter_at_200nm_measured_by_LAS_AmmoniumSulfate
LAS_Bin08, #/cm3, None, number_size_distribution_of_particles_in_air_per_dlogDp_for_bin_center_optical_diameter_at_224nm_measured_by_LAS_AmmoniumSulfate
LAS_Bin09, #/cm3, None, number_size_distribution_of_particles_in_air_per_dlogDp_for_bin_center_optical_diameter_at_251nm_measured_by_LAS_AmmoniumSulfate
LAS_Bin10, #/cm3, None, number_size_distribution_of_particles_in_air_per_dlogDp_for_bin_center_optical_diameter_at_282nm_measured_by_LAS_AmmoniumSulfate
LAS_Bin11, #/cm3, None, number_size_distribution_of_particles_in_air_per_dlogDp_for_bin_center_optical_diameter_at_316nm_measured_by_LAS_AmmoniumSulfate
LAS_Bin12, #/cm3, None, number_size_distribution_of_particles_in_air_per_dlogDp_for_bin_center_optical_diameter_at_355nm_measured_by_LAS_AmmoniumSulfate
LAS_Bin13, #/cm3, None, number_size_distribution_of_particles_in_air_per_dlogDp_for_bin_center_optical_diameter_at_398nm_measured_by_LAS_AmmoniumSulfate
LAS_Bin14, #/cm3, None, number_size_distribution_of_particles_in_air_per_dlogDp_for_bin_center_optical_diameter_at_447nm_measured_by_LAS_AmmoniumSulfate
LAS_Bin15, #/cm3, None, number_size_distribution_of_particles_in_air_per_dlogDp_for_bin_center_optical_diameter_at_501nm_measured_by_LAS_AmmoniumSulfate
[...]
  - Integrated surface areas and volumes are calculated by assuming spherical particles
  - Data in this file is time synced to DLH water vapor
UNCERTAINTY: all data are 20%
ULOD_FLAG: -7777
ULOD_VALUE: N/A
LLOD_FLAG: -8888
LLOD_VALUE: N/A
DM_CONTACT_INFO: Michael Shook (michael.shook@nasa.gov)
PROJECT_INFO: CAMP2Ex 2019
STIPULATIONS_ON_USE: This is FINAL data. Users are strongly encouraged to consult the PI and/or DM prior to use.
OTHER_COMMENTS: dlogD for Diameters less than 1000 nm is 0.05 (20 channels per decade). For Diameters greater than or equal to 1000 nm, dlogD is 0.1 (10 channels per decade)
OTHER_COMMENTS: Data are processed with respect to mid-point ammonium-sulfate ((NH4)2SO4, AmmSO4) equivalent optical diameters and are rebinned to a standard binning scheme
OTHER_COMMENTS: Mid-point diameters (in nm) are:
		  100.0, 112.2, 125.9, 141.3, 158.5, 177.8, 199.5, 223.9, 251.2, 281.8, 316.2, 354.8, 398.1, 446.7, 501.2, 562.3, 631.0, 707.9, 794.3, 891.3, 1000.0, 1258.9, 1584.9, 1995.3, 2511.9, 3162.3
REVISION: R0
R0: STP calculations now use data from publicly available MetNav files, data is time synced to DLH
RC: Particle sizing now done with respect to ammonium sulfate
RB: Time sync to LARGE CNgt3nm applied
RA: None
*******************************************************************************************************************************
Time_Start,nLAS,sLAS,vLAS,LAS_Bin01,LAS_Bin02,LAS_Bin03,LAS_Bin04,LAS_Bin05,LAS_Bin06,LAS_Bin07,LAS_Bin08,LAS_Bin09,LAS_Bin10,LAS_Bin11,LAS_Bin12,LAS_Bin13,LAS_Bin14,LAS_Bin15,LAS_Bin16,LAS_Bin17,LAS_Bin18,LAS_Bin19,LAS_Bin20,LAS_Bin21,LAS_Bin22,LAS_Bin23,LAS_Bin24,LAS_Bin25,LAS_Bin26,stdPT
[from data line 17676]
28214,521.85,59.69,2.26,1003.00,775.21,1067.32,1111.28,1197.35,1106.92,1434.62,970.12,820.71,420.99,280.82,93.33,139.77,15.56,0.00,0.00,0.00,0.00,0.00,0.00,0.00,0.00,0.00,0.00,0.00,0.00,1.169
28215,514.91,60.87,2.33,672.20,940.08,930.09,926.56,1204.96,1443.57,1276.20,1085.30,777.73,611.22,172.37,93.91,117.17,46.86,0.00,0.00,0.00,0.00,0.00,0.00,0.00,0.00,0.00,0.00,0.00,0.00,1.169
28216,539.78,65.56,2.55,766.61,730.77,1000.50,948.56,1218.55,1581.97,1344.57,1098.60,987.76,492.63,422.43,93.64,93.52,0.00,0.00,0.00,15.52,0.00,0.00,0.00,0.00,0.00,0.00,0.00,0.00,0.00,1.170
28217,515.06,67.47,2.89,790.37,841.05,927.62,1066.49,933.79,1227.62,1273.23,1098.34,846.39,539.38,297.18,140.44,187.03,77.91,23.39,0.00,31.05,0.00,0.00,0.00,0.00,0.00,0.00,0.00,0.00,0.00,1.170
28218,539.09,70.40,3.26,770.21,893.52,1053.07,1024.24,1176.07,1423.18,1160.83,1103.47,826.81,541.97,518.68,141.14,46.97,15.63,23.50,23.48,0.00,23.40,0.00,0.00,15.57,0.00,0.00,0.00,0.00,0.00,1.171
28219,513.63,61.91,2.44,814.88,762.53,1214.11,948.47,1012.77,1441.43,1108.93,784.98,1011.74,492.84,469.40,140.54,23.37,31.13,0.00,0.00,15.52,0.00,0.00,0.00,0.00,0.00,0.00,0.00,0.00,0.00,1.171
28220,558.47,83.77,10.24,885.80,935.49,1093.17,1184.57,1359.07,1486.06,1201.78,987.96,845.90,515.65,359.37,163.80,93.39,15.54,0.00,23.36,0.00,0.00,0.00,0.00,0.00,0.00,0.00,0.00,9.27,0.00,1.171
28221,510.36,66.17,2.86,792.12,1065.25,835.05,760.33,1094.31,1277.54,1110.53,1100.58,824.71,611.07,438.89,140.72,46.85,46.85,0.00,23.42,15.55,23.37,0.00,0.00,0.00,0.00,0.00,0.00,0.00,0.00,1.172
28222,538.03,64.54,2.69,931.47,1045.59,830.24,969.38,1388.24,1483.02,1199.55,939.05,914.55,537.99,218.45,186.78,23.29,46.56,23.32,0.00,0.00,0.00,23.22,0.00,0.00,0.00,0.00,0.00,0.00,0.00,1.172
28223,530.64,79.15,10.04,866.39,892.53,1290.41,1000.78,1096.03,1423.23,1350.31,945.88,543.36,589.10,267.13,235.18,93.85,0.00,0.00,0.00,0.00,0.00,0.00,0.00,0.00,0.00,0.00,0.00,9.32,0.00,1.172
28224,496.68,58.16,2.32,983.73,731.65,1167.19,1092.97,949.65,1206.54,1228.60,801.76,753.86,423.00,376.19,70.33,70.33,31.14,0.00,46.76,0.00,0.00,0.00,0.00,0.00,0.00,0.00,0.00,0.00,0.00,1.172
28225,566.34,67.94,2.75,933.31,1063.28,1214.19,1018.55,1216.58,1297.81,1366.86,1129.04,845.94,703.15,249.96,140.37,46.72,31.07,0.00,70.00,0.00,0.00,0.00,0.00,0.00,0.00,0.00,0.00,0.00,0.00,1.172
28226,535.17,66.92,2.83,770.72,910.80,1267.25,977.32,1097.03,1187.22,1351.47,1151.93,733.02,542.47,345.94,164.77,117.46,46.95,0.00,0.00,15.62,23.42,0.00,0.00,0.00,0.00,0.00,0.00,0.00,0.00,1.173
28227,542.20,65.34,2.53,932.47,824.46,1021.03,1159.62,1120.67,1295.75,1105.85,1017.86,1126.27,608.51,452.54,93.46,46.65,15.51,23.28,0.00,0.00,0.00,0.00,0.00,0.00,0.00,0.00,0.00,0.00,0.00,1.173
28228,554.98,72.65,3.25,1052.38,903.42,974.44,875.82,1120.55,1296.36,1554.41,940.21,821.78,655.74,452.99,210.38,163.41,62.24,0.00,0.00,0.00,0.00,0.00,0.00,15.49,0.00,0.00,0.00,0.00,0.00,1.174
28229,497.79,62.06,2.45,529.41,925.40,861.14,881.32,1081.42,1281.13,1279.58,977.54,1016.01,659.91,235.75,47.06,93.96,62.63,23.44,0.00,0.00,0.00,0.00,0.00,0.00,0.00,0.00,0.00,0.00,0.00,1.174
28230,515.09,64.91,2.79,791.82,779.43,1049.87,1187.67,1140.63,1064.23,1157.50,1194.78,824.51,422.96,376.11,117.31,70.28,62.44,0.00,23.42,15.57,23.37,0.00,0.00,0.00,0.00,0.00,0.00,0.00,0.00,1.174
28231,495.25,59.89,2.38,790.59,825.50,1119.35,876.90,980.93,1227.56,1202.54,957.11,846.40,539.37,281.41,70.25,116.98,46.75,0.00,23.29,0.00,0.00,0.00,0.00,0.00,0.00,0.00,0.00,0.00,0.00,1.174
28232,541.55,68.37,2.82,719.86,844.12,1073.51,973.94,1268.49,1277.24,1512.29,1037.74,636.15,681.51,501.61,187.66,46.80,46.78,0.00,0.00,0.00,23.37,0.00,0.00,0.00,0.00,0.00,0.00,0.00,0.00,1.174
28233,507.66,60.71,2.33,675.35,991.16,1054.53,883.22,1145.47,1236.19,1044.62,1058.49,899.61,613.96,362.25,94.30,47.02,46.98,0.00,0.00,0.00,0.00,0.00,0.00,0.00,0.00,0.00,0.00,0.00,0.00,1.175
28234,580.48,70.47,3.07,836.15,1108.74,1352.45,1016.62,1261.64,1600.83,1128.81,1486.59,937.94,233.90,265.21,186.73,46.62,77.63,23.32,0.00,0.00,23.26,23.20,0.00,0.00,0.00,0.00,0.00,0.00,0.00,1.175
28235,526.40,62.60,2.44,1105.62,1004.58,955.96,927.86,1126.31,1255.67,1017.57,1070.55,684.21,705.99,345.12,211.43,117.25,0.00,0.00,0.00,0.00,0.00,0.00,0.00,0.00,0.00,0.00,0.00,0.00,0.00,1.175
28236,524.23,62.90,2.54,937.92,701.46,1146.87,1094.95,1016.73,1161.93,1444.22,1181.78,661.14,612.33,282.66,164.57,0.00,31.29,23.43,0.00,0.00,23.39,0.00,0.00,0.00,0.00,0.00,0.00,0.00,0.00,1.176
28237,528.25,65.84,3.36,980.00,1045.55,902.35,1229.86,1135.14,1201.38,1058.64,1190.05,750.82,444.66,390.19,46.73,116.60,31.10,0.00,23.32,0.00,0.00,0.00,0.00,0.00,9.27,0.00,0.00,0.00,0.00,1.175
28238,513.07,61.18,2.45,913.81,1131.71,787.05,1023.32,1063.34,1067.07,1207.60,1354.99,731.91,400.34,329.89,117.54,23.45,62.53,0.00,46.86,0.00,0.00,0.00,0.00,0.00,0.00,0.00,0.00,0.00,0.00,1.176
28239,535.08,65.33,2.75,887.49,969.44,1191.61,926.04,1093.37,1111.40,1298.79,1162.78,1012.49,540.19,234.75,164.11,46.82,15.56,0.00,0.00,0.00,46.68,0.00,0.00,0.00,0.00,0.00,0.00,0.00,0.00,1.176
28240,511.67,66.46,3.57,838.44,841.78,1023.43,1209.22,1028.23,968.10,1273.80,1051.51,893.72,609.93,266.01,140.55,23.40,15.61,0.00,0.00,15.53,0.00,0.00,15.52,0.00,9.30,0.00,0.00,0.00,0.00,1.176
28241,516.89,72.32,3.97,696.42,986.98,859.15,1069.05,1267.44,994.13,1063.50,1273.93,824.80,446.64,360.58,258.06,140.57,15.64,23.38,23.43,0.00,0.00,0.00,15.55,0.00,9.31,0.00,0.00,0.00,0.00,1.176
28242,501.52,57.46,2.19,935.11,1208.12,787.00,1138.89,1092.68,945.18,1014.79,1115.35,682.56,563.47,313.04,117.24,117.02,0.00,0.00,0.00,0.00,0.00,0.00,0.00,0.00,0.00,0.00,0.00,0.00,0.00,1.177
28243,540.28,71.51,3.63,864.02,1145.99,1239.61,997.72,1220.93,1182.92,1087.24,1100.67,683.30,564.06,250.69,164.23,117.10,62.45,23.44,23.34,15.56,23.37,23.31,0.00,15.54,0.00,0.00,0.00,0.00,0.00,1.176
28244,516.67,63.57,2.49,645.07,965.92,664.76,993.47,1262.52,1224.87,1458.87,892.39,1079.18,608.45,374.56,70.04,46.69,31.08,0.00,0.00,15.50,0.00,0.00,0.00,0.00,0.00,0.00,0.00,0.00,0.00,1.176
28245,547.28,67.22,2.63,889.69,876.57,1266.03,832.78,1269.71,948.08,1325.54,1181.25,967.71,729.83,408.04,141.06,46.93,62.44,0.00,0.00,0.00,0.00,0.00,0.00,0.00,0.00,0.00,0.00,0.00,0.00,1.176
28246,530.28,68.30,3.43,793.25,780.26,1194.45,856.35,1333.76,1208.31,1135.76,1149.35,1038.07,447.12,407.85,140.92,70.34,31.25,0.00,0.00,0.00,0.00,0.00,0.00,0.00,9.33,0.00,0.00,0.00,0.00,1.176
28247,531.84,65.77,2.66,910.85,1176.00,810.01,806.43,1313.14,1299.63,1156.06,989.07,846.90,563.14,375.60,234.19,70.18,62.29,0.00,23.38,0.00,0.00,0.00,0.00,0.00,0.00,0.00,0.00,0.00,0.00,1.176
28248,560.12,70.44,3.03,984.25,1050.40,1265.24,926.71,1173.41,1348.85,1134.42,1022.27,777.75,705.27,423.23,140.78,163.98,62.40,0.00,0.00,0.00,0.00,23.34,0.00,0.00,0.00,0.00,0.00,0.00,0.00,1.176
28249,519.51,74.58,6.34,769.25,940.09,693.08,1213.22,1237.58,1302.72,1064.74,1007.69,920.18,635.40,329.51,164.38,70.39,0.00,0.00,23.38,0.00,0.00,0.00,0.00,0.00,0.00,0.00,9.32,0.00,0.00,1.176
28250,557.60,67.19,2.65,935.61,970.26,929.83,1210.61,1298.63,1300.72,1298.98,1037.05,871.24,516.73,485.72,187.48,70.25,15.56,0.00,23.41,0.00,0.00,0.00,0.00,0.00,0.00,0.00,0.00,0.00,0.00,1.176
28251,515.07,100.40,15.60,767.22,1017.30,1048.27,949.03,1234.59,1205.05,1062.09,926.46,894.26,375.57,453.91,117.15,93.49,15.57,23.35,23.39,0.00,0.00,23.31,15.50,0.00,9.31,0.00,9.29,9.29,0.00,1.176
28252,536.72,63.87,2.54,1009.60,1130.67,1003.15,1260.87,904.99,1065.98,1396.36,913.38,755.18,541.40,471.00,141.03,70.36,46.92,0.00,23.46,0.00,0.00,0.00,0.00,0.00,0.00,0.00,0.00,0.00,0.00,1.177
28253,526.40,64.65,2.78,888.16,811.56,859.27,950.35,1362.97,1396.51,1181.81,975.17,1084.21,493.70,329.24,46.94,70.22,62.39,0.00,0.00,0.00,0.00,0.00,0.00,15.53,0.00,0.00,0.00,0.00,0.00,1.177
28254,500.79,65.23,2.84,793.18,828.69,931.70,975.17,1110.67,1161.33,1135.71,960.26,849.41,494.23,361.08,187.89,70.34,109.24,0.00,23.45,0.00,23.40,0.00,0.00,0.00,0.00,0.00,0.00,0.00,0.00,1.177
28255,543.61,65.49,2.63,794.68,973.80,1053.48,1024.95,1415.38,1305.97,1280.53,1025.64,851.19,518.84,298.59,164.73,94.02,31.32,0.00,23.50,15.63,0.00,0.00,0.00,0.00,0.00,0.00,0.00,0.00,0.00,1.177
28256,501.69,65.34,3.42,839.95,891.24,808.56,1282.19,1108.15,1064.45,1299.11,864.47,730.12,446.38,344.80,70.31,210.79,31.21,0.00,23.41,0.00,0.00,0.00,0.00,0.00,9.31,0.00,0.00,0.00,0.00,1.177
28257,512.08,71.51,6.22,981.71,793.59,1142.64,1137.91,1154.49,967.93,1202.54,862.86,916.85,515.90,343.93,46.82,70.13,62.35,0.00,23.37,0.00,0.00,0.00,0.00,0.00,0.00,0.00,9.28,0.00,0.00,1.177
28258,529.31,72.10,3.51,433.41,1101.63,979.40,786.17,968.95,1708.40,1232.24,1230.01,921.61,542.13,283.11,188.12,117.39,15.63,23.44,0.00,0.00,23.44,0.00,15.57,15.59,0.00,0.00,0.00,0.00,0.00,1.177
28259,532.14,62.45,2.51,862.00,1031.86,1498.98,900.44,1502.95,873.51,1084.52,1019.78,634.73,562.76,297.19,187.28,93.43,77.83,0.00,0.00,15.51,0.00,0.00,0.00,0.00,0.00,0.00,0.00,0.00,0.00,1.176
28260,543.17,64.72,2.53,789.45,872.28,1166.37,1326.40,1215.52,966.85,1271.98,1269.56,798.61,538.90,374.98,163.61,70.03,15.54,0.00,23.27,0.00,0.00,0.00,0.00,0.00,0.00,0.00,0.00,0.00,0.00,1.176
28261,572.43,73.46,3.31,816.76,1114.71,1051.04,1164.84,1141.98,1302.08,1395.03,1148.46,966.71,635.00,329.26,187.79,117.12,15.60,23.39,0.00,0.00,0.00,23.35,15.53,0.00,0.00,0.00,0.00,0.00,0.00,1.177
28262,547.04,65.84,2.58,938.77,909.10,1028.41,976.37,1207.68,1186.07,1516.14,1134.86,826.74,636.15,314.32,117.63,93.88,31.31,0.00,23.40,0.00,0.00,0.00,0.00,0.00,0.00,0.00,0.00,0.00,0.00,1.177
28263,539.83,68.64,3.01,741.65,904.24,1045.76,1041.76,1122.39,1132.30,1224.99,1489.16,822.12,702.87,343.74,93.56,46.70,46.67,0.00,23.27,0.00,0.00,0.00,0.00,15.49,0.00,0.00,0.00,0.00,0.00,1.176
28264,535.08,64.65,2.51,599.38,795.35,1048.27,996.83,1361.81,1536.26,1534.40,989.51,682.63,446.11,375.61,210.88,46.75,77.90,0.00,0.00,0.00,0.00,0.00,0.00,0.00,0.00,0.00,0.00,0.00,0.00,1.177
28265,533.20,63.74,2.60,695.09,874.17,1239.59,1304.36,1282.76,945.41,1486.32,1036.32,611.69,610.19,281.61,117.16,93.55,62.34,0.00,0.00,0.00,23.34,0.00,0.00,0.00,0.00,0.00,0.00,0.00,0.00,1.177
28266,568.56,72.62,3.21,695.04,873.43,977.35,1114.21,1486.96,1653.43,1179.43,1224.12,705.51,727.18,422.64,187.35,23.36,46.73,23.33,0.00,15.53,0.00,0.00,0.00,15.51,0.00,0.00,0.00,0.00,0.00,1.177
28267,510.89,67.98,2.89,719.33,715.32,953.00,973.38,1060.62,1182.07,1109.54,1272.43,894.54,446.09,501.15,234.38,46.80,15.63,23.42,70.04,0.00,0.00,0.00,0.00,0.00,0.00,0.00,0.00,0.00,0.00,1.176
28268,529.66,64.97,2.64,937.06,972.56,979.20,998.50,1094.08,1160.48,1513.87,960.05,754.78,447.04,439.35,140.93,70.37,109.30,0.00,0.00,15.59,0.00,0.00,0.00,0.00,0.00,0.00,0.00,0.00,0.00,1.176
28269,571.78,98.53,14.30,986.11,956.42,1052.31,1285.83,1048.59,1352.01,1350.03,1229.33,897.49,494.75,487.17,117.58,93.82,31.23,0.00,0.00,15.58,0.00,0.00,0.00,0.00,0.00,0.00,9.32,9.32,0.00,1.176
28270,564.50,70.52,2.95,958.36,984.21,1000.24,1019.74,1519.51,1204.91,1250.29,1161.75,799.83,680.46,312.91,210.84,70.13,31.16,23.34,46.69,15.52,0.00,0.00,0.00,0.00,0.00,0.00,0.00,0.00,0.00,1.176
28271,530.93,67.43,3.45,840.20,939.34,1001.72,1163.98,1188.98,1325.42,1252.60,802.02,1013.32,564.13,250.65,117.31,46.81,46.87,23.38,23.35,0.00,0.00,0.00,0.00,0.00,9.31,0.00,0.00,0.00,0.00,1.177
28272,525.92,83.20,8.74,817.62,860.49,1339.33,785.33,1143.43,1279.84,1278.44,1039.58,778.99,541.55,377.09,70.57,93.87,46.90,23.42,0.00,0.00,0.00,0.00,0.00,0.00,0.00,11.65,9.32,0.00,0.00,1.176
28273,492.37,85.76,11.01,740.51,918.06,949.89,851.37,1277.12,989.12,987.58,938.97,797.30,537.99,452.43,163.48,93.20,62.21,0.00,0.00,15.49,23.23,0.00,30.93,0.00,0.00,0.00,0.00,9.25,0.00,1.176
28274,492.01,63.84,2.78,769.71,813.31,835.59,785.67,1159.87,1114.44,1255.18,1134.60,802.94,518.23,392.62,117.53,0.00,62.51,23.43,0.00,31.19,23.39,0.00,0.00,0.00,0.00,0.00,0.00,0.00,0.00,1.176
28275,503.22,62.55,2.69,1178.40,828.91,763.81,975.86,1063.19,1256.40,1089.20,850.79,779.14,682.96,282.73,117.54,117.38,31.22,23.42,0.00,0.00,0.00,23.38,0.00,0.00,0.00,0.00,0.00,0.00,0.00,1.176
28276,534.24,94.02,11.77,666.90,851.95,970.22,895.77,1305.00,1055.99,1523.82,1170.01,724.75,559.66,513.05,209.50,116.27,31.03,23.19,0.00,15.42,0.00,0.00,15.40,0.00,9.24,0.00,0.00,9.23,0.00,1.176
28277,517.47,69.66,3.82,839.79,922.65,714.51,1210.93,1266.98,1206.47,1157.46,1100.20,800.75,422.87,360.34,117.28,70.22,78.04,23.43,23.41,0.00,0.00,0.00,15.54,0.00,9.31,0.00,0.00,0.00,0.00,1.177
28278,539.00,65.67,2.58,794.65,862.10,1028.36,929.46,1447.14,1234.07,1161.66,1151.53,969.14,565.87,361.69,164.72,23.48,62.59,23.51,0.00,0.00,0.00,0.00,0.00,0.00,0.00,0.00,0.00,0.00,0.00,1.176
28279,528.55,66.65,3.33,764.26,918.18,1139.23,1252.93,1088.13,1153.46,893.35,1220.28,1008.07,608.00,312.09,93.45,69.89,31.07,0.00,0.00,0.00,0.00,0.00,0.00,0.00,9.27,0.00,0.00,0.00,0.00,1.176
28280,489.09,77.11,10.01,624.15,828.09,1026.55,926.82,1141.92,1349.14,1182.08,896.68,636.46,634.86,203.82,93.86,187.47,31.24,0.00,0.00,0.00,0.00,0.00,0.00,0.00,0.00,0.00,0.00,9.30,0.00,1.177
28281,506.72,63.74,2.71,1009.78,892.50,812.79,1094.95,1064.59,1066.61,852.20,945.04,967.81,753.51,439.69,164.60,23.44,31.34,0.00,0.00,0.00,0.00,0.00,15.56,0.00,0.00,0.00,0.00,0.00,0.00,1.176
28282,485.18,62.57,3.55,862.54,1287.41,809.54,830.12,1154.46,1062.89,1250.11,1035.73,564.45,351.91,187.58,93.68,70.16,46.73,0.00,0.00,31.08,46.65,0.00,0.00,0.00,9.30,0.00,0.00,0.00,0.00,1.177
28283,535.34,67.64,2.75,743.65,937.90,930.48,1163.29,1125.17,1253.15,1157.30,1115.69,894.87,634.23,438.55,117.31,117.08,31.26,23.42,23.41,0.00,0.00,0.00,0.00,0.00,0.00,0.00,0.00,0.00,0.00,1.176
28284,511.98,64.11,2.57,794.01,765.58,1005.20,1143.05,1032.43,1185.55,1160.35,1040.15,661.24,659.54,487.01,94.10,164.50,46.92,0.00,0.00,0.00,0.00,0.00,0.00,0.00,0.00,0.00,0.00,0.00,0.00,1.176
28285,539.94,67.45,2.77,837.36,888.50,927.26,1373.21,1201.09,943.68,1271.83,1316.72,634.20,726.33,359.47,93.56,116.68,46.70,46.61,0.00,15.51,0.00,0.00,0.00,0.00,0.00,0.00,0.00,0.00,0.00,1.176
28286,505.14,86.59,12.40,861.73,920.95,1191.12,734.68,1074.29,1510.21,989.67,956.73,587.51,632.91,344.02,140.44,93.45,0.00,23.31,0.00,0.00,0.00,0.00,0.00,0.00,0.00,11.60,0.00,9.27,0.00,1.176
28287,522.63,68.69,3.14,696.01,1145.10,1192.14,879.24,951.25,1253.93,874.37,1085.09,942.68,681.74,344.90,164.23,164.02,15.59,23.44,23.35,0.00,0.00,0.00,0.00,15.54,0.00,0.00,0.00,0.00,0.00,1.176
28288,565.65,70.19,3.05,1103.58,1002.27,1072.79,1353.61,1029.23,1229.60,1228.23,1178.82,706.51,728.22,344.64,93.74,117.04,62.43,23.43,0.00,15.55,0.00,23.32,0.00,0.00,0.00,0.00,0.00,0.00,0.00,1.176
28289,541.56,66.83,2.76,907.06,980.23,1092.22,945.04,1276.49,1153.24,1057.72,1282.48,1007.77,490.88,327.49,139.96,69.83,46.62,0.00,23.22,30.96,0.00,0.00,0.00,0.00,0.00,0.00,0.00,0.00,0.00,1.176
28290,485.57,57.32,2.19,721.15,907.96,812.32,880.46,1238.65,1421.89,970.40,913.37,684.38,682.64,235.47,164.52,46.88,31.26,0.00,0.00,0.00,0.00,0.00,0.00,0.00,0.00,0.00,0.00,0.00,0.00,1.176
28291,495.94,60.32,2.42,935.63,1065.17,690.89,901.98,1044.98,1229.33,1180.74,974.31,777.02,446.23,391.64,93.79,93.68,46.77,46.72,0.00,0.00,0.00,0.00,0.00,0.00,0.00,0.00,0.00,0.00,0.00,1.176
28292,539.19,70.27,3.18,744.24,1050.67,883.10,997.64,1187.92,1632.17,1016.21,1305.19,589.13,564.15,391.87,117.28,210.72,31.16,23.44,0.00,0.00,23.34,0.00,15.53,0.00,0.00,0.00,0.00,0.00,0.00,1.176
28293,514.37,66.49,3.63,1006.45,1000.64,953.08,925.07,1218.45,1228.64,755.06,1036.24,894.15,774.45,281.65,140.55,23.37,15.57,0.00,0.00,0.00,0.00,0.00,0.00,15.52,9.30,0.00,0.00,0.00,0.00,1.177
28294,603.20,73.97,2.94,1105.90,1003.81,1147.39,903.97,1287.14,1398.49,1538.67,1291.45,944.06,659.13,455.33,187.91,93.89,31.33,0.00,0.00,15.59,0.00,0.00,0.00,0.00,0.00,0.00,0.00,0.00,0.00,1.176
28295,530.44,65.49,2.86,864.34,875.95,1073.62,1093.33,1141.11,1372.87,992.78,1085.15,777.80,728.80,407.66,93.92,70.27,0.00,0.00,0.00,15.58,0.00,0.00,0.00,15.53,0.00,0.00,0.00,0.00,0.00,1.176
