NASA Data Processing/CAMP2Ex/LAS/CAMP2Ex-LARGE-LAS_P3B_20190929_R0.ict
78, 1001
Luke Ziemba
NASA Langley
In-situ Particle Size Distributions from the TSI LAS on the NASA P3B
NASA CAMP2Ex
1,1
2019,09,29,2020,05,5
1.0
Time_Start,Secs after midnight,Time of acquisition
30
1,1,1,1,1,1,1,1,1,1,1,1,1,1,1,1,1,1,1,1,1,1,1,1,1,1,1,1,1,1
-9999,-9999,-9999,-9999,-9999,-9999,-9999,-9999,-9999,-9999,-9999,-9999,-9999,-9999,-9999,-9999,-9999,-9999,-9999,-9999,-9999,-9999,-9999,-9999,-9999,-9999,-9999,-9999,-9999,-9999
nLAS, #/cm3, AerMP_NumConc_InSitu_RHd_Optical_AccutoCoarse_STP, Number_concentration_of_particles_in_air_integrated_over_reported_LAS_dry_optical_bins_wrt_AmmoniumSulfate
sLAS, um2/cm3, AerMP_SurfAreaConc_InSitu_RHd_Optical_AccutoCoarse_STP, Surface_area_concentration_of_particles_in_air_integrated_over_reported_LAS_dry_optical_bins_wrt_AmmoniumSulfate
vLAS, um3/cm3, AerMP_VolConc_InSitu_RHd_Optical_AccutoCoarse_STP, Volume_concentration_of_particles_in_air_integrated_over_reported_LAS_dry_optical_bins_wrt_AmmoniumSulfate
LAS_Bin01, #/cm3, None, number_size_distribution_of_particles_in_air_per_dlogDp_for_bin_center_optical_diameter_at_100nm_measured_by_LAS_AmmoniumSulfate
LAS_Bin02, #/cm3, None, number_size_distribution_of_particles_in_air_per_dlogDp_for_bin_center_optical_diameter_at_112nm_measured_by_LAS_AmmoniumSulfate
LAS_Bin03, #/cm3, None, number_size_distribution_of_particles_in_air_per_dlogDp_for_bin_center_optical_diameter_at_126nm_measured_by_LAS_AmmoniumSulfate
LAS_Bin04, #/cm3, None, number_size_distribution_of_particles_in_air_per_dlogDp_for_bin_center_optical_diameter_at_141nm_measured_by_LAS_AmmoniumSulfate
LAS_Bin05, #/cm3, None, number_size_distribution_of_particles_in_air_per_dlogDp_for_bin_center_optical_diameter_at_158nm_measured_by_LAS_AmmoniumSulfate
LAS_Bin06, #/cm3, None, number_size_distribution_of_particles_in_air_per_dlogDp_for_bin_center_optical_diameter_at_178nm_measured_by_LAS_AmmoniumSulfate
LAS_Bin07, #/cm3, None, number_size_distribution_of_particles_in_air_per_dlogDp_for_bin_center_optical_diameter_at_200nm_measured_by_LAS_AmmoniumSulfate
LAS_Bin08, #/cm3, None, number_size_distribution_of_particles_in_air_per_dlogDp_for_bin_center_optical_diameter_at_224nm_measured_by_LAS_AmmoniumSulfate
LAS_Bin09, #/cm3, None, number_size_distribution_of_particles_in_air_per_dlogDp_for_bin_center_optical_diameter_at_251nm_measured_by_LAS_AmmoniumSulfate
LAS_Bin10, #/cm3, None, number_size_distribution_of_particles_in_air_per_dlogDp_for_bin_center_optical_diameter_at_282nm_measured_by_LAS_AmmoniumSulfate
LAS_Bin11, #/cm3, None, number_size_distribution_of_particles_in_air_per_dlogDp_for_bin_center_optical_diameter_at_316nm_measured_by_LAS_AmmoniumSulfate
LAS_Bin12, #/cm3, None, number_size_distribution_of_particles_in_air_per_dlogDp_for_bin_center_optical_diameter_at_355nm_measured_by_LAS_AmmoniumSulfate
LAS_Bin13, #/cm3, None, number_size_distribution_of_particles_in_air_per_dlogDp_for_bin_center_optical_diameter_at_398nm_measured_by_LAS_AmmoniumSulfate
LAS_Bin14, #/cm3, None, number_size_distribution_of_particles_in_air_per_dlogDp_for_bin_center_optical_diameter_at_447nm_measured_by_LAS_AmmoniumSulfate
LAS_Bin15, #/cm3, None, number_size_distribution_of_particles_in_air_per_dlogDp_for_bin_center_optical_diameter_at_501nm_measured_by_LAS_AmmoniumSulfate
[...]
  - Integrated surface areas and volumes are calculated by assuming spherical particles
  - Data in this file is time synced to DLH water vapor
UNCERTAINTY: all data are 20%
ULOD_FLAG: -7777
ULOD_VALUE: N/A
LLOD_FLAG: -8888
LLOD_VALUE: N/A
DM_CONTACT_INFO: Michael Shook (michael.shook@nasa.gov)
PROJECT_INFO: CAMP2Ex 2019
STIPULATIONS_ON_USE: This is FINAL data. Users are strongly encouraged to consult the PI and/or DM prior to use.
OTHER_COMMENTS: dlogD for Diameters less than 1000 nm is 0.05 (20 channels per decade). For Diameters greater than or equal to 1000 nm, dlogD is 0.1 (10 channels per decade)
OTHER_COMMENTS: Data are processed with respect to mid-point ammonium-sulfate ((NH4)2SO4, AmmSO4) equivalent optical diameters and are rebinned to a standard binning scheme
OTHER_COMMENTS: Mid-point diameters (in nm) are:
		  100.0, 112.2, 125.9, 141.3, 158.5, 177.8, 199.5, 223.9, 251.2, 281.8, 316.2, 354.8, 398.1, 446.7, 501.2, 562.3, 631.0, 707.9, 794.3, 891.3, 1000.0, 1258.9, 1584.9, 1995.3, 2511.9, 3162.3
REVISION: R0
R0: STP calculations now use data from publicly available MetNav files, data is time synced to DLH
RC: Particle sizing now done with respect to ammonium sulfate
RB: Time sync to LARGE CNgt3nm applied
RA: None
*******************************************************************************************************************************
Time_Start,nLAS,sLAS,vLAS,LAS_Bin01,LAS_Bin02,LAS_Bin03,LAS_Bin04,LAS_Bin05,LAS_Bin06,LAS_Bin07,LAS_Bin08,LAS_Bin09,LAS_Bin10,LAS_Bin11,LAS_Bin12,LAS_Bin13,LAS_Bin14,LAS_Bin15,LAS_Bin16,LAS_Bin17,LAS_Bin18,LAS_Bin19,LAS_Bin20,LAS_Bin21,LAS_Bin22,LAS_Bin23,LAS_Bin24,LAS_Bin25,LAS_Bin26,stdPT
[from data line 13450]
22386,29.31,3.12,0.12,72.01,63.81,71.72,47.58,47.76,71.04,94.56,31.46,47.15,0.00,15.70,23.46,0.00,0.00,0.00,0.00,0.00,0.00,0.00,0.00,0.00,0.00,0.00,0.00,0.00,0.00,1.133
22387,35.73,3.06,0.10,144.13,143.58,95.23,47.55,63.67,23.71,47.30,62.97,47.16,23.53,15.70,0.00,0.00,0.00,0.00,0.00,0.00,0.00,0.00,0.00,0.00,0.00,0.00,0.00,0.00,0.00,1.133
22388,25.74,4.28,0.37,96.11,15.99,47.73,118.92,0.00,70.98,70.91,47.20,0.00,0.00,31.34,0.00,0.00,0.00,0.00,0.00,0.00,0.00,0.00,15.56,0.00,0.00,0.00,0.00,0.00,0.00,1.134
22389,39.66,4.23,0.17,144.17,79.68,167.49,71.29,31.85,71.00,23.63,78.68,47.16,23.51,15.69,23.46,0.00,15.65,0.00,0.00,0.00,0.00,0.00,0.00,0.00,0.00,0.00,0.00,0.00,0.00,1.134
22390,20.24,1.56,0.05,72.00,47.68,95.70,23.74,47.60,23.63,70.92,0.00,0.00,23.51,0.00,0.00,0.00,0.00,0.00,0.00,0.00,0.00,0.00,0.00,0.00,0.00,0.00,0.00,0.00,0.00,1.134
22391,19.88,1.53,0.05,144.33,63.67,23.76,23.76,31.80,23.73,23.65,15.76,23.59,23.53,0.00,0.00,0.00,0.00,0.00,0.00,0.00,0.00,0.00,0.00,0.00,0.00,0.00,0.00,0.00,0.00,1.135
22392,24.99,2.14,0.07,72.02,47.93,71.68,95.01,79.36,0.00,47.28,47.18,23.56,0.00,15.69,0.00,0.00,0.00,0.00,0.00,0.00,0.00,0.00,0.00,0.00,0.00,0.00,0.00,0.00,0.00,1.135
22393,22.14,2.11,0.07,71.94,63.61,47.42,47.54,15.87,47.23,47.23,31.43,47.10,23.49,0.00,0.00,0.00,0.00,0.00,0.00,0.00,0.00,0.00,0.00,0.00,0.00,0.00,0.00,0.00,0.00,1.135
22394,14.24,1.50,0.05,47.99,15.98,0.00,0.00,63.52,71.00,0.00,62.88,0.00,23.50,0.00,0.00,0.00,0.00,0.00,0.00,0.00,0.00,0.00,0.00,0.00,0.00,0.00,0.00,0.00,0.00,1.135
22395,21.36,1.88,0.06,23.93,79.40,95.50,47.37,47.61,23.58,23.57,47.08,23.52,0.00,15.66,0.00,0.00,0.00,0.00,0.00,0.00,0.00,0.00,0.00,0.00,0.00,0.00,0.00,0.00,0.00,1.135
22396,15.03,1.39,0.04,24.01,31.86,47.66,0.00,47.50,71.01,23.59,31.42,23.54,0.00,0.00,0.00,0.00,0.00,0.00,0.00,0.00,0.00,0.00,0.00,0.00,0.00,0.00,0.00,0.00,0.00,1.135
22397,32.42,3.46,0.13,143.80,47.76,47.41,94.91,47.63,23.61,94.42,31.42,70.63,23.48,0.00,0.00,23.43,0.00,0.00,0.00,0.00,0.00,0.00,0.00,0.00,0.00,0.00,0.00,0.00,0.00,1.135
22398,41.89,3.96,0.13,71.98,127.37,142.64,118.63,47.33,23.66,117.96,109.92,47.05,0.00,31.32,0.00,0.00,0.00,0.00,0.00,0.00,0.00,0.00,0.00,0.00,0.00,0.00,0.00,0.00,0.00,1.135
22399,23.70,3.16,0.12,72.08,15.92,23.74,47.49,47.73,0.00,47.26,78.66,23.58,117.59,0.00,0.00,0.00,0.00,0.00,0.00,0.00,0.00,0.00,0.00,0.00,0.00,0.00,0.00,0.00,0.00,1.135
22400,34.07,3.05,0.10,143.97,63.61,143.29,23.72,31.65,94.51,47.26,47.15,47.10,23.49,15.68,0.00,0.00,0.00,0.00,0.00,0.00,0.00,0.00,0.00,0.00,0.00,0.00,0.00,0.00,0.00,1.134
22401,31.10,4.58,0.31,119.27,79.01,95.11,23.59,31.64,46.97,46.95,93.79,46.85,0.00,15.60,0.00,0.00,0.00,0.00,0.00,0.00,23.20,0.00,0.00,0.00,0.00,0.00,0.00,0.00,0.00,1.135
22402,23.89,6.85,1.05,48.10,63.64,47.75,47.56,15.78,94.66,71.00,0.00,47.16,23.52,0.00,0.00,0.00,0.00,0.00,0.00,0.00,0.00,0.00,0.00,0.00,9.32,0.00,0.00,0.00,0.00,1.134
22403,37.14,3.05,0.09,95.71,95.40,118.37,94.79,95.06,94.45,70.73,31.40,0.00,46.92,0.00,0.00,0.00,0.00,0.00,0.00,0.00,0.00,0.00,0.00,0.00,0.00,0.00,0.00,0.00,0.00,1.135
22404,26.93,2.04,0.06,119.74,63.48,95.53,47.49,31.59,70.77,70.76,15.70,0.00,23.47,0.00,0.00,0.00,0.00,0.00,0.00,0.00,0.00,0.00,0.00,0.00,0.00,0.00,0.00,0.00,0.00,1.135
22405,26.93,2.86,0.11,95.98,63.67,47.99,23.74,79.10,47.33,23.65,78.67,0.00,47.01,31.39,0.00,0.00,0.00,0.00,0.00,0.00,0.00,0.00,0.00,0.00,0.00,0.00,0.00,0.00,0.00,1.135
22406,26.81,2.87,0.10,23.99,126.99,23.68,47.43,15.85,47.23,94.32,62.74,70.56,23.46,0.00,0.00,0.00,0.00,0.00,0.00,0.00,0.00,0.00,0.00,0.00,0.00,0.00,0.00,0.00,0.00,1.135
22407,22.14,2.13,0.07,71.82,63.68,71.59,0.00,15.74,47.25,70.74,62.82,23.53,0.00,15.67,0.00,0.00,0.00,0.00,0.00,0.00,0.00,0.00,0.00,0.00,0.00,0.00,0.00,0.00,0.00,1.135
22408,26.17,2.39,0.08,96.10,79.65,47.73,47.53,79.33,0.00,47.28,62.92,47.15,0.00,15.70,0.00,0.00,0.00,0.00,0.00,0.00,0.00,0.00,0.00,0.00,0.00,0.00,0.00,0.00,0.00,1.135
22409,25.05,20.53,7.78,47.89,110.99,95.20,94.81,15.88,0.00,47.15,31.40,0.00,0.00,15.65,23.39,0.00,0.00,0.00,0.00,0.00,0.00,0.00,0.00,0.00,0.00,0.00,0.00,9.28,0.00,1.136
22410,29.29,3.26,0.12,120.13,47.86,47.50,0.00,79.20,0.00,141.92,15.74,70.77,47.07,15.70,0.00,0.00,0.00,0.00,0.00,0.00,0.00,0.00,0.00,0.00,0.00,0.00,0.00,0.00,0.00,1.135
22411,26.01,2.27,0.07,95.64,47.52,70.85,23.63,78.76,94.28,23.54,46.98,23.46,0.00,15.61,0.00,0.00,0.00,0.00,0.00,0.00,0.00,0.00,0.00,0.00,0.00,0.00,0.00,0.00,0.00,1.136
22412,22.59,2.52,0.09,72.16,47.78,24.05,47.63,15.80,47.44,47.41,63.05,47.24,23.56,15.73,0.00,0.00,0.00,0.00,0.00,0.00,0.00,0.00,0.00,0.00,0.00,0.00,0.00,0.00,0.00,1.136
22413,29.59,2.76,0.09,71.77,79.53,118.53,0.00,78.84,94.30,23.55,62.71,23.49,23.44,15.64,0.00,0.00,0.00,0.00,0.00,0.00,0.00,0.00,0.00,0.00,0.00,0.00,0.00,0.00,0.00,1.135
22414,18.24,1.69,0.06,72.02,31.75,71.68,0.00,47.69,47.31,47.25,15.72,0.00,0.00,31.32,0.00,0.00,0.00,0.00,0.00,0.00,0.00,0.00,0.00,0.00,0.00,0.00,0.00,0.00,0.00,1.135
22415,17.08,1.33,0.04,95.93,63.62,71.86,0.00,31.63,0.00,23.61,15.70,23.53,0.00,15.66,0.00,0.00,0.00,0.00,0.00,0.00,0.00,0.00,0.00,0.00,0.00,0.00,0.00,0.00,0.00,1.135
22416,19.84,1.58,0.05,72.25,79.68,23.78,23.79,47.39,71.17,23.67,31.51,23.61,0.00,0.00,0.00,0.00,0.00,0.00,0.00,0.00,0.00,0.00,0.00,0.00,0.00,0.00,0.00,0.00,0.00,1.135
22417,21.34,2.93,0.14,47.96,31.86,47.67,23.76,79.23,23.67,47.19,31.42,70.63,0.00,0.00,0.00,0.00,0.00,23.36,0.00,0.00,0.00,0.00,0.00,0.00,0.00,0.00,0.00,0.00,0.00,1.135
22418,29.29,3.09,0.16,119.89,47.70,47.41,71.19,95.07,118.18,47.19,0.00,23.54,0.00,0.00,0.00,0.00,0.00,0.00,0.00,15.55,0.00,0.00,0.00,0.00,0.00,0.00,0.00,0.00,0.00,1.135
22419,32.58,2.57,0.08,120.38,63.62,24.05,119.09,95.41,142.36,23.68,15.77,47.26,0.00,0.00,0.00,0.00,0.00,0.00,0.00,0.00,0.00,0.00,0.00,0.00,0.00,0.00,0.00,0.00,0.00,1.135
22420,47.53,4.58,0.15,71.55,110.70,141.89,94.28,94.64,93.87,164.27,93.71,46.81,23.34,15.58,0.00,0.00,0.00,0.00,0.00,0.00,0.00,0.00,0.00,0.00,0.00,0.00,0.00,0.00,0.00,1.135
22421,52.77,6.94,0.40,120.42,95.65,191.45,95.28,47.55,189.95,118.48,94.64,0.00,47.16,15.74,0.00,0.00,15.69,0.00,0.00,0.00,23.45,0.00,0.00,0.00,0.00,0.00,0.00,0.00,0.00,1.135
22422,67.64,6.63,0.21,120.05,111.04,95.73,142.72,174.46,236.73,212.77,141.57,94.30,23.51,0.00,0.00,0.00,0.00,0.00,0.00,0.00,0.00,0.00,0.00,0.00,0.00,0.00,0.00,0.00,0.00,1.135
22423,76.44,9.52,0.41,95.77,79.53,142.32,166.01,173.57,212.63,282.96,172.59,94.07,46.91,31.27,0.00,0.00,15.56,0.00,0.00,15.52,0.00,0.00,0.00,0.00,0.00,0.00,0.00,0.00,0.00,1.134
22424,76.07,11.16,0.64,24.06,143.75,144.14,95.35,238.48,94.89,284.55,189.30,165.50,94.34,15.74,0.00,0.00,15.64,0.00,0.00,0.00,0.00,0.00,15.58,0.00,0.00,0.00,0.00,0.00,0.00,1.134
22425,90.79,16.86,1.61,71.78,111.28,166.51,308.34,126.29,330.83,235.79,204.04,94.06,70.36,31.32,0.00,0.00,0.00,0.00,23.37,0.00,23.29,0.00,0.00,0.00,9.29,0.00,0.00,0.00,0.00,1.134
22426,80.12,9.79,0.39,71.98,127.05,143.54,142.48,158.36,141.85,401.44,204.23,94.18,46.98,46.97,0.00,0.00,0.00,23.36,0.00,0.00,0.00,0.00,0.00,0.00,0.00,0.00,0.00,0.00,0.00,1.134
22427,92.42,11.21,0.43,96.04,127.19,190.62,95.00,285.19,189.46,330.95,220.20,164.98,47.01,62.71,23.45,0.00,15.64,0.00,0.00,0.00,0.00,0.00,0.00,0.00,0.00,0.00,0.00,0.00,0.00,1.134
22428,78.57,10.95,0.49,96.06,95.53,118.87,95.03,269.76,165.78,236.27,141.49,117.81,141.02,31.37,23.45,0.00,15.57,0.00,23.42,0.00,0.00,0.00,0.00,0.00,0.00,0.00,0.00,0.00,0.00,1.133
22429,88.02,16.89,1.37,24.01,111.59,118.77,166.49,205.89,284.23,236.52,283.40,212.34,47.07,0.00,0.00,0.00,15.61,0.00,0.00,0.00,0.00,23.35,15.54,15.55,0.00,0.00,0.00,0.00,0.00,1.134
22430,84.21,15.29,1.49,0.00,127.24,166.77,213.84,190.00,331.16,307.13,141.44,117.76,23.49,0.00,0.00,23.44,0.00,0.00,0.00,0.00,23.33,0.00,0.00,0.00,9.32,0.00,0.00,0.00,0.00,1.134
22431,70.85,16.69,2.68,119.67,47.52,71.21,189.42,268.10,188.57,188.36,94.07,117.45,93.73,15.63,0.00,0.00,0.00,0.00,0.00,0.00,0.00,0.00,0.00,0.00,0.00,11.60,0.00,0.00,0.00,1.134
22432,71.83,8.76,0.34,72.00,63.68,94.84,166.28,253.56,141.88,307.07,110.03,117.74,23.49,47.04,0.00,23.43,15.58,0.00,0.00,0.00,0.00,0.00,0.00,0.00,0.00,0.00,0.00,0.00,0.00,1.133
22433,83.44,9.76,0.41,95.64,94.84,166.47,165.58,284.05,306.49,235.27,109.63,93.89,70.25,15.63,0.00,0.00,15.51,0.00,0.00,15.51,0.00,0.00,0.00,0.00,0.00,0.00,0.00,0.00,0.00,1.131
22434,64.93,11.62,0.82,0.00,126.77,118.84,118.46,158.20,212.43,188.53,125.46,70.51,93.77,15.65,0.00,0.00,31.20,0.00,0.00,0.00,23.28,0.00,15.49,0.00,0.00,0.00,0.00,0.00,0.00,1.132
22435,61.23,7.98,0.36,72.06,15.98,95.71,142.49,190.18,189.41,165.42,188.76,94.28,23.51,15.69,0.00,0.00,15.58,0.00,0.00,15.58,0.00,0.00,0.00,0.00,0.00,0.00,0.00,0.00,0.00,1.132
22436,73.45,8.42,0.31,71.99,111.45,166.75,118.74,158.44,189.30,354.27,141.48,23.55,70.48,15.68,23.43,23.39,0.00,0.00,0.00,0.00,0.00,0.00,0.00,0.00,0.00,0.00,0.00,0.00,0.00,1.134
22437,91.54,11.75,0.51,23.96,95.35,190.75,166.25,316.53,354.77,165.38,282.94,47.10,70.48,62.72,23.44,0.00,15.58,0.00,0.00,15.54,0.00,0.00,0.00,0.00,0.00,0.00,0.00,0.00,0.00,1.133
22438,84.72,10.49,0.43,143.63,95.04,71.27,71.08,269.07,330.48,353.62,141.19,117.55,46.90,0.00,0.00,0.00,31.16,23.38,0.00,0.00,0.00,0.00,0.00,0.00,0.00,0.00,0.00,0.00,0.00,1.133
22439,103.93,11.93,0.50,167.99,79.30,262.88,261.13,363.86,236.51,259.83,235.68,94.19,23.49,31.31,0.00,23.43,15.63,0.00,23.33,0.00,0.00,0.00,0.00,0.00,0.00,0.00,0.00,0.00,0.00,1.133
22440,104.86,12.15,0.43,167.72,79.34,71.56,260.90,237.37,425.20,259.45,172.58,282.22,93.85,46.93,0.00,0.00,0.00,0.00,0.00,0.00,0.00,0.00,0.00,0.00,0.00,0.00,0.00,0.00,0.00,1.134
22441,91.71,11.96,0.50,119.66,158.48,47.58,94.67,268.62,306.84,259.12,266.58,164.50,70.33,15.64,0.00,23.34,15.60,23.31,0.00,0.00,0.00,0.00,0.00,0.00,0.00,0.00,0.00,0.00,0.00,1.133
22442,98.50,14.96,0.87,143.83,111.25,213.66,71.12,300.21,330.42,141.54,298.29,141.13,117.32,0.00,23.44,0.00,46.77,0.00,0.00,15.55,0.00,0.00,15.50,0.00,0.00,0.00,0.00,0.00,0.00,1.133
22443,81.59,13.18,0.82,71.90,79.40,47.39,213.64,237.59,330.93,165.18,204.18,94.15,117.38,15.66,0.00,0.00,0.00,0.00,0.00,31.07,0.00,23.31,0.00,0.00,0.00,0.00,0.00,0.00,0.00,1.133
22444,96.65,11.07,0.46,192.27,159.04,215.69,285.53,174.71,213.31,236.70,141.74,94.40,164.79,15.71,23.52,0.00,0.00,0.00,0.00,15.57,0.00,0.00,0.00,0.00,0.00,0.00,0.00,0.00,0.00,1.133
22445,92.87,10.69,0.38,119.99,127.28,24.01,213.93,285.37,189.52,378.40,204.58,212.26,70.58,31.40,0.00,0.00,0.00,0.00,0.00,0.00,0.00,0.00,0.00,0.00,0.00,0.00,0.00,0.00,0.00,1.133
22446,98.16,12.95,0.57,168.29,79.72,191.76,166.62,285.59,189.61,260.43,236.39,188.90,117.76,0.00,0.00,46.90,15.60,0.00,0.00,15.60,0.00,0.00,0.00,0.00,0.00,0.00,0.00,0.00,0.00,1.133
22447,90.12,10.47,0.39,119.54,158.53,118.49,94.72,283.85,283.20,259.08,188.03,164.40,93.71,0.00,23.37,0.00,15.54,0.00,0.00,0.00,0.00,0.00,0.00,0.00,0.00,0.00,0.00,0.00,0.00,1.132
22448,86.73,18.75,1.89,47.81,190.79,142.45,71.04,268.99,117.93,212.04,219.50,258.44,93.75,31.22,0.00,23.33,0.00,0.00,23.28,0.00,0.00,0.00,0.00,15.50,9.29,0.00,0.00,0.00,0.00,1.131
22449,94.71,19.99,1.94,143.75,190.45,95.51,213.35,142.62,141.70,306.68,219.75,70.55,187.69,46.92,0.00,70.08,31.10,0.00,0.00,0.00,0.00,0.00,0.00,15.50,9.30,0.00,0.00,0.00,0.00,1.131
22450,109.53,15.75,1.41,384.38,238.88,190.79,142.66,317.39,213.22,236.55,204.65,117.95,70.60,31.40,0.00,0.00,0.00,0.00,23.45,0.00,0.00,0.00,0.00,0.00,9.33,0.00,0.00,0.00,0.00,1.130
22451,105.04,12.20,0.54,288.66,239.16,334.30,142.75,253.74,118.48,165.73,110.28,236.06,117.72,47.00,0.00,0.00,31.28,0.00,0.00,15.59,0.00,0.00,0.00,0.00,0.00,0.00,0.00,0.00,0.00,1.130
22452,138.30,12.83,0.48,502.81,428.55,118.87,308.11,316.40,306.78,424.43,156.85,70.52,93.79,15.64,0.00,0.00,0.00,0.00,23.29,0.00,0.00,0.00,0.00,0.00,0.00,0.00,0.00,0.00,0.00,1.130
22453,217.16,17.57,0.84,1343.59,763.21,595.69,546.14,253.81,165.45,236.29,125.76,141.31,93.96,31.35,0.00,0.00,15.63,0.00,0.00,15.55,0.00,0.00,15.52,0.00,0.00,0.00,0.00,0.00,0.00,1.130
22454,254.66,16.61,0.59,1771.97,1127.91,618.66,497.67,252.65,259.71,212.06,172.56,141.02,0.00,0.00,0.00,0.00,0.00,0.00,23.36,15.53,0.00,0.00,0.00,0.00,0.00,0.00,0.00,0.00,0.00,1.130
22455,242.02,15.46,0.44,1559.79,986.87,620.63,474.85,317.07,212.81,283.57,141.55,117.80,94.01,31.37,0.00,0.00,0.00,0.00,0.00,0.00,0.00,0.00,0.00,0.00,0.00,0.00,0.00,0.00,0.00,1.130
22456,256.36,17.01,0.51,1802.63,1019.42,598.60,452.00,270.16,189.59,213.00,267.68,141.55,94.13,78.46,0.00,0.00,0.00,0.00,0.00,0.00,0.00,0.00,0.00,0.00,0.00,0.00,0.00,0.00,0.00,1.130
22457,324.11,19.90,0.61,2206.04,1462.92,810.43,569.34,490.42,283.55,283.28,78.53,188.31,93.92,0.00,0.00,0.00,0.00,0.00,0.00,15.56,0.00,0.00,0.00,0.00,0.00,0.00,0.00,0.00,0.00,1.130
22458,334.88,24.36,1.12,2619.03,1339.46,740.59,428.08,365.65,450.04,118.35,236.17,188.75,94.13,47.08,0.00,0.00,31.27,23.41,0.00,0.00,0.00,0.00,0.00,15.56,0.00,0.00,0.00,0.00,0.00,1.129
22459,367.52,20.94,0.58,2708.88,1748.80,952.98,569.04,475.08,259.83,236.00,219.80,70.57,46.94,15.65,0.00,46.73,0.00,0.00,0.00,0.00,0.00,0.00,0.00,0.00,0.00,0.00,0.00,0.00,0.00,1.130
22460,424.31,29.42,1.64,3094.94,1828.87,1074.14,593.38,586.71,354.49,330.59,408.51,117.72,23.49,31.30,23.43,0.00,0.00,0.00,0.00,0.00,0.00,0.00,0.00,0.00,9.31,0.00,0.00,0.00,0.00,1.130
22461,447.63,27.94,1.03,3447.15,2190.68,1024.14,592.19,506.14,330.41,353.41,188.15,117.50,70.33,31.29,46.83,23.38,15.55,0.00,0.00,0.00,0.00,0.00,15.49,0.00,0.00,0.00,0.00,0.00,0.00,1.130
22462,407.95,24.13,0.68,2777.87,1890.07,1191.10,687.13,474.63,401.33,259.25,188.27,117.52,117.23,15.64,0.00,23.39,15.60,0.00,0.00,0.00,0.00,0.00,0.00,0.00,0.00,0.00,0.00,0.00,0.00,1.130
22463,409.07,24.95,0.73,3415.85,1627.24,1052.26,380.68,365.46,308.18,331.59,283.66,212.50,117.76,47.13,23.49,0.00,15.67,0.00,0.00,0.00,0.00,0.00,0.00,0.00,0.00,0.00,0.00,0.00,0.00,1.130
22464,394.75,25.74,0.84,2827.77,1653.39,1193.08,568.90,443.30,259.66,283.08,251.12,211.70,46.93,93.85,0.00,0.00,15.54,46.73,0.00,0.00,0.00,0.00,0.00,0.00,0.00,0.00,0.00,0.00,0.00,1.130
22465,341.86,20.78,0.59,2228.92,1684.78,929.98,450.41,380.15,448.84,283.16,204.07,117.61,70.40,0.00,0.00,23.41,15.56,0.00,0.00,0.00,0.00,0.00,0.00,0.00,0.00,0.00,0.00,0.00,0.00,1.130
22466,318.40,26.24,1.76,2110.64,1177.35,1049.54,640.83,428.26,236.29,283.26,188.51,94.14,46.96,0.00,23.46,0.00,0.00,23.35,46.72,0.00,0.00,0.00,0.00,0.00,9.31,0.00,0.00,0.00,0.00,1.130
22467,302.22,27.49,2.94,2064.58,1448.44,787.87,356.13,506.80,142.03,259.92,157.21,141.38,94.01,62.70,0.00,0.00,0.00,0.00,0.00,0.00,0.00,0.00,0.00,0.00,0.00,11.63,0.00,0.00,0.00,1.130
22468,341.28,23.15,0.76,2162.04,1720.84,858.42,522.84,460.16,165.60,331.13,141.67,212.24,94.08,94.12,0.00,23.42,15.60,23.46,0.00,0.00,0.00,0.00,0.00,0.00,0.00,0.00,0.00,0.00,0.00,1.130
22469,337.07,25.00,1.57,2475.01,1450.17,932.58,618.24,301.79,213.28,212.87,173.18,235.89,47.06,31.36,0.00,0.00,31.25,0.00,0.00,0.00,0.00,0.00,0.00,0.00,9.32,0.00,0.00,0.00,0.00,1.130
22470,347.82,26.14,1.30,2210.41,1450.90,956.68,713.59,507.01,331.49,331.08,204.64,47.18,94.11,31.40,23.47,0.00,0.00,0.00,0.00,15.56,23.36,0.00,0.00,15.54,0.00,0.00,0.00,0.00,0.00,1.129
22471,308.29,19.74,0.64,2278.46,1161.18,905.02,474.46,332.55,449.19,165.20,109.93,117.69,70.43,62.68,0.00,0.00,15.62,0.00,23.40,0.00,0.00,0.00,0.00,0.00,0.00,0.00,0.00,0.00,0.00,1.130
22472,317.92,31.01,3.10,1772.90,1334.71,904.44,521.64,474.08,543.22,330.12,78.48,141.10,117.29,62.56,23.40,0.00,31.17,0.00,0.00,0.00,0.00,0.00,0.00,0.00,0.00,11.61,0.00,0.00,0.00,1.131
22473,311.02,20.15,0.58,1803.72,1419.99,885.04,475.94,429.41,379.32,236.68,346.62,141.67,70.65,15.71,0.00,0.00,15.60,0.00,0.00,0.00,0.00,0.00,0.00,0.00,0.00,0.00,0.00,0.00,0.00,1.130
22474,256.40,19.26,0.90,1534.57,1017.43,739.30,522.01,379.93,189.13,306.80,188.45,94.14,93.91,31.33,0.00,0.00,15.55,0.00,0.00,0.00,0.00,0.00,0.00,15.52,0.00,0.00,0.00,0.00,0.00,1.130
22475,241.48,17.62,0.60,1270.13,794.52,762.61,592.87,412.04,330.57,188.79,235.46,94.10,93.86,15.66,0.00,0.00,15.61,0.00,23.31,0.00,0.00,0.00,0.00,0.00,0.00,0.00,0.00,0.00,0.00,1.131
