NASA Data Processing/CAMP2Ex/LAS/CAMP2Ex-LARGE-LAS_P3B_20191005_R0.ict
78, 1001
Luke Ziemba
NASA Langley
In-situ Particle Size Distributions from the TSI LAS on the NASA P3B
NASA CAMP2Ex
1,1
2019,10,05,2020,05,5
1.0
Time_Start,Secs after midnight,Time of acquisition
30
1,1,1,1,1,1,1,1,1,1,1,1,1,1,1,1,1,1,1,1,1,1,1,1,1,1,1,1,1,1
-9999,-9999,-9999,-9999,-9999,-9999,-9999,-9999,-9999,-9999,-9999,-9999,-9999,-9999,-9999,-9999,-9999,-9999,-9999,-9999,-9999,-9999,-9999,-9999,-9999,-9999,-9999,-9999,-9999,-9999
nLAS, #/cm3, AerMP_NumConc_InSitu_RHd_Optical_AccutoCoarse_STP, Number_concentration_of_particles_in_air_integrated_over_reported_LAS_dry_optical_bins_wrt_AmmoniumSulfate
sLAS, um2/cm3, AerMP_SurfAreaConc_InSitu_RHd_Optical_AccutoCoarse_STP, Surface_area_concentration_of_particles_in_air_integrated_over_reported_LAS_dry_optical_bins_wrt_AmmoniumSulfate
vLAS, um3/cm3, AerMP_VolConc_InSitu_RHd_Optical_AccutoCoarse_STP, Volume_concentration_of_particles_in_air_integrated_over_reported_LAS_dry_optical_bins_wrt_AmmoniumSulfate
LAS_Bin01, #/cm3, None, number_size_distribution_of_particles_in_air_per_dlogDp_for_bin_center_optical_diameter_at_100nm_measured_by_LAS_AmmoniumSulfate
LAS_Bin02, #/cm3, None, number_size_distribution_of_particles_in_air_per_dlogDp_for_bin_center_optical_diameter_at_112nm_measured_by_LAS_AmmoniumSulfate
LAS_Bin03, #/cm3, None, number_size_distribution_of_particles_in_air_per_dlogDp_for_bin_center_optical_diameter_at_126nm_measured_by_LAS_AmmoniumSulfate
LAS_Bin04, #/cm3, None, number_size_distribution_of_particles_in_air_per_dlogDp_for_bin_center_optical_diameter_at_141nm_measured_by_LAS_AmmoniumSulfate
LAS_Bin05, #/cm3, None, number_size_distribution_of_particles_in_air_per_dlogDp_for_bin_center_optical_diameter_at_158nm_measured_by_LAS_AmmoniumSulfate
LAS_Bin06, #/cm3, None, number_size_distribution_of_particles_in_air_per_dlogDp_for_bin_center_optical_diameter_at_178nm_measured_by_LAS_AmmoniumSulfate
LAS_Bin07, #/cm3, None, number_size_distribution_of_particles_in_air_per_dlogDp_for_bin_center_optical_diameter_at_200nm_measured_by_LAS_AmmoniumSulfate
LAS_Bin08, #/cm3, None, number_size_distribution_of_particles_in_air_per_dlogDp_for_bin_center_optical_diameter_at_224nm_measured_by_LAS_AmmoniumSulfate
LAS_Bin09, #/cm3, None, number_size_distribution_of_particles_in_air_per_dlogDp_for_bin_center_optical_diameter_at_251nm_measured_by_LAS_AmmoniumSulfate
LAS_Bin10, #/cm3, None, number_size_distribution_of_particles_in_air_per_dlogDp_for_bin_center_optical_diameter_at_282nm_measured_by_LAS_AmmoniumSulfate
LAS_Bin11, #/cm3, None, number_size_distribution_of_particles_in_air_per_dlogDp_for_bin_center_optical_diameter_at_316nm_measured_by_LAS_AmmoniumSulfate
LAS_Bin12, #/cm3, None, number_size_distribution_of_particles_in_air_per_dlogDp_for_bin_center_optical_diameter_at_355nm_measured_by_LAS_AmmoniumSulfate
LAS_Bin13, #/cm3, None, number_size_distribution_of_particles_in_air_per_dlogDp_for_bin_center_optical_diameter_at_398nm_measured_by_LAS_AmmoniumSulfate
LAS_Bin14, #/cm3, None, number_size_distribution_of_particles_in_air_per_dlogDp_for_bin_center_optical_diameter_at_447nm_measured_by_LAS_AmmoniumSulfate
LAS_Bin15, #/cm3, None, number_size_distribution_of_particles_in_air_per_dlogDp_for_bin_center_optical_diameter_at_501nm_measured_by_LAS_AmmoniumSulfate
[...]
  - Integrated surface areas and volumes are calculated by assuming spherical particles
  - Data in this file is time synced to DLH water vapor
UNCERTAINTY: all data are 20%
ULOD_FLAG: -7777
ULOD_VALUE: N/A
LLOD_FLAG: -8888
LLOD_VALUE: N/A
DM_CONTACT_INFO: Michael Shook (michael.shook@nasa.gov)
PROJECT_INFO: CAMP2Ex 2019
STIPULATIONS_ON_USE: This is FINAL data. Users are strongly encouraged to consult the PI and/or DM prior to use.
OTHER_COMMENTS: dlogD for Diameters less than 1000 nm is 0.05 (20 channels per decade). For Diameters greater than or equal to 1000 nm, dlogD is 0.1 (10 channels per decade)
OTHER_COMMENTS: Data are processed with respect to mid-point ammonium-sulfate ((NH4)2SO4, AmmSO4) equivalent optical diameters and are rebinned to a standard binning scheme
OTHER_COMMENTS: Mid-point diameters (in nm) are:
		  100.0, 112.2, 125.9, 141.3, 158.5, 177.8, 199.5, 223.9, 251.2, 281.8, 316.2, 354.8, 398.1, 446.7, 501.2, 562.3, 631.0, 707.9, 794.3, 891.3, 1000.0, 1258.9, 1584.9, 1995.3, 2511.9, 3162.3
REVISION: R0
R0: STP calculations now use data from publicly available MetNav files, data is time synced to DLH
RC: Particle sizing now done with respect to ammonium sulfate
RB: Time sync to LARGE CNgt3nm applied
RA: None
*******************************************************************************************************************************
Time_Start,nLAS,sLAS,vLAS,LAS_Bin01,LAS_Bin02,LAS_Bin03,LAS_Bin04,LAS_Bin05,LAS_Bin06,LAS_Bin07,LAS_Bin08,LAS_Bin09,LAS_Bin10,LAS_Bin11,LAS_Bin12,LAS_Bin13,LAS_Bin14,LAS_Bin15,LAS_Bin16,LAS_Bin17,LAS_Bin18,LAS_Bin19,LAS_Bin20,LAS_Bin21,LAS_Bin22,LAS_Bin23,LAS_Bin24,LAS_Bin25,LAS_Bin26,stdPT
[from data line 13775]
19283,78.64,12.87,0.53,24.02,15.90,47.42,94.93,78.77,189.26,188.92,392.90,141.32,281.91,94.03,23.47,0.00,0.00,0.00,0.00,0.00,0.00,0.00,0.00,0.00,0.00,0.00,0.00,0.00,0.00,1.170
19284,96.20,17.69,0.75,0.00,15.82,47.91,23.70,126.56,118.10,188.77,329.69,564.70,305.12,203.57,0.00,0.00,0.00,0.00,0.00,0.00,0.00,0.00,0.00,0.00,0.00,0.00,0.00,0.00,0.00,1.170
19285,80.46,12.33,0.49,24.07,47.81,71.81,71.41,95.10,165.85,189.34,299.24,424.81,188.32,31.43,0.00,0.00,0.00,0.00,0.00,0.00,0.00,0.00,0.00,0.00,0.00,0.00,0.00,0.00,0.00,1.170
19286,85.99,14.88,0.67,48.06,79.73,47.82,23.84,63.57,118.54,260.56,283.66,425.08,306.22,47.06,0.00,0.00,0.00,0.00,0.00,15.58,0.00,0.00,0.00,0.00,0.00,0.00,0.00,0.00,0.00,1.170
19287,87.44,13.64,0.57,47.98,63.47,143.31,118.79,95.12,165.56,188.96,282.84,259.03,211.42,125.37,46.90,0.00,0.00,0.00,0.00,0.00,0.00,0.00,0.00,0.00,0.00,0.00,0.00,0.00,0.00,1.170
19288,93.72,16.12,0.73,71.94,31.83,71.45,71.31,174.40,141.93,283.57,204.44,377.10,305.62,94.10,0.00,23.41,0.00,0.00,23.35,0.00,0.00,0.00,0.00,0.00,0.00,0.00,0.00,0.00,0.00,1.170
19289,93.76,17.44,0.93,47.86,63.38,47.82,47.32,110.63,117.90,212.00,438.90,281.88,398.34,93.77,0.00,0.00,0.00,0.00,0.00,0.00,0.00,0.00,15.47,0.00,0.00,0.00,0.00,0.00,0.00,1.170
19290,80.57,13.42,0.56,23.93,79.54,71.82,118.53,95.07,94.46,70.77,235.34,399.80,328.43,93.80,0.00,0.00,0.00,0.00,0.00,0.00,0.00,0.00,0.00,0.00,0.00,0.00,0.00,0.00,0.00,1.170
19291,103.33,18.48,1.04,0.00,31.89,47.81,71.40,126.94,260.80,331.61,488.50,448.70,141.33,78.54,23.53,0.00,0.00,0.00,0.00,0.00,0.00,0.00,0.00,15.57,0.00,0.00,0.00,0.00,0.00,1.170
19292,75.13,12.98,0.73,23.94,63.48,142.38,94.88,94.77,141.87,188.81,314.00,211.76,117.35,62.59,0.00,23.41,0.00,0.00,0.00,0.00,0.00,23.28,0.00,0.00,0.00,0.00,0.00,0.00,0.00,1.171
19293,61.91,7.95,0.30,96.00,79.36,71.38,118.73,110.90,94.57,165.22,235.67,117.73,93.94,31.36,23.43,0.00,0.00,0.00,0.00,0.00,0.00,0.00,0.00,0.00,0.00,0.00,0.00,0.00,0.00,1.171
19294,66.70,8.42,0.31,24.05,79.41,48.01,95.04,126.71,260.61,307.39,78.69,212.21,70.55,31.35,0.00,0.00,0.00,0.00,0.00,0.00,0.00,0.00,0.00,0.00,0.00,0.00,0.00,0.00,0.00,1.170
19295,56.99,7.08,0.27,71.59,15.90,94.97,47.29,252.28,188.45,141.11,93.91,140.71,23.39,46.79,0.00,23.34,0.00,0.00,0.00,0.00,0.00,0.00,0.00,0.00,0.00,0.00,0.00,0.00,0.00,1.170
19296,61.65,8.45,0.37,48.08,95.48,71.54,71.41,206.36,165.78,142.00,189.03,94.39,94.17,15.71,0.00,0.00,15.66,23.41,0.00,0.00,0.00,0.00,0.00,0.00,0.00,0.00,0.00,0.00,0.00,1.171
19297,75.84,9.47,0.35,71.74,110.86,23.89,118.28,252.45,235.39,211.86,172.27,70.40,234.09,15.63,0.00,0.00,0.00,0.00,0.00,0.00,0.00,0.00,0.00,0.00,0.00,0.00,0.00,0.00,0.00,1.171
19298,60.24,7.44,0.28,23.97,47.48,190.37,0.00,189.78,188.70,188.52,188.19,70.53,46.90,46.93,23.39,0.00,0.00,0.00,0.00,0.00,0.00,0.00,0.00,0.00,0.00,0.00,0.00,0.00,0.00,1.171
19299,55.33,7.56,0.34,0.00,31.87,95.82,166.46,206.17,118.56,141.95,110.27,94.39,94.15,31.42,0.00,0.00,0.00,0.00,0.00,15.57,0.00,0.00,0.00,0.00,0.00,0.00,0.00,0.00,0.00,1.171
19300,54.96,12.77,1.42,48.01,31.93,95.32,23.76,174.07,212.82,188.91,141.39,94.16,23.48,0.00,0.00,23.42,0.00,0.00,0.00,0.00,23.35,0.00,0.00,0.00,9.31,0.00,0.00,0.00,0.00,1.171
19301,58.70,8.03,0.33,48.00,79.53,71.08,94.92,111.04,236.07,117.97,125.64,141.22,46.95,31.33,46.84,23.42,0.00,0.00,0.00,0.00,0.00,0.00,0.00,0.00,0.00,0.00,0.00,0.00,0.00,1.171
19302,71.30,8.63,0.32,96.35,79.79,95.43,142.91,238.64,189.90,142.20,141.92,141.80,70.71,62.92,23.52,0.00,0.00,0.00,0.00,0.00,0.00,0.00,0.00,0.00,0.00,0.00,0.00,0.00,0.00,1.170
19303,55.96,7.04,0.26,47.91,47.69,71.63,71.18,110.49,189.11,141.65,204.20,188.34,0.00,47.01,0.00,0.00,0.00,0.00,0.00,0.00,0.00,0.00,0.00,0.00,0.00,0.00,0.00,0.00,0.00,1.171
19304,59.47,9.59,0.52,0.00,95.54,47.91,71.20,174.10,165.37,235.99,141.30,47.07,117.37,46.90,23.42,0.00,0.00,0.00,0.00,0.00,23.31,0.00,0.00,0.00,0.00,0.00,0.00,0.00,0.00,1.171
19305,39.07,3.82,0.12,24.00,31.85,23.69,94.90,174.28,188.96,141.59,78.50,23.53,0.00,0.00,0.00,0.00,0.00,0.00,0.00,0.00,0.00,0.00,0.00,0.00,0.00,0.00,0.00,0.00,0.00,1.171
19306,42.07,4.23,0.14,24.06,47.97,143.91,95.42,95.48,189.91,47.43,110.47,70.95,0.00,15.73,0.00,0.00,0.00,0.00,0.00,0.00,0.00,0.00,0.00,0.00,0.00,0.00,0.00,0.00,0.00,1.170
19307,49.32,7.53,0.50,71.91,47.75,95.06,47.42,158.33,165.62,141.64,141.34,23.54,46.97,15.62,0.00,0.00,15.62,0.00,0.00,0.00,0.00,0.00,15.51,0.00,0.00,0.00,0.00,0.00,0.00,1.171
19308,44.30,4.47,0.16,72.11,63.73,142.89,118.84,63.40,141.87,118.19,78.60,70.70,0.00,0.00,0.00,0.00,15.64,0.00,0.00,0.00,0.00,0.00,0.00,0.00,0.00,0.00,0.00,0.00,0.00,1.171
19309,42.78,11.47,1.53,23.99,31.84,71.47,142.57,79.12,165.68,94.61,141.59,23.57,47.02,0.00,0.00,0.00,0.00,0.00,0.00,0.00,0.00,0.00,0.00,15.55,9.32,0.00,0.00,0.00,0.00,1.171
19310,32.65,3.58,0.13,23.90,31.79,95.16,47.26,173.23,94.19,23.52,62.58,23.43,46.75,31.15,0.00,0.00,0.00,0.00,0.00,0.00,0.00,0.00,0.00,0.00,0.00,0.00,0.00,0.00,0.00,1.171
19311,30.51,2.91,0.10,48.12,63.80,48.04,47.63,126.67,118.42,70.97,47.24,0.00,23.53,15.71,0.00,0.00,0.00,0.00,0.00,0.00,0.00,0.00,0.00,0.00,0.00,0.00,0.00,0.00,0.00,1.171
19312,32.39,3.31,0.12,47.94,47.67,118.99,71.26,79.12,70.79,70.82,62.81,23.54,23.48,31.34,0.00,0.00,0.00,0.00,0.00,0.00,0.00,0.00,0.00,0.00,0.00,0.00,0.00,0.00,0.00,1.170
19313,28.78,3.72,0.19,47.94,47.68,47.59,23.67,63.30,70.77,188.55,47.03,23.50,0.00,0.00,0.00,0.00,0.00,0.00,0.00,15.53,0.00,0.00,0.00,0.00,0.00,0.00,0.00,0.00,0.00,1.170
19314,36.02,3.73,0.14,119.94,47.87,23.72,118.72,126.98,70.96,94.50,47.16,0.00,0.00,47.00,23.48,0.00,0.00,0.00,0.00,0.00,0.00,0.00,0.00,0.00,0.00,0.00,0.00,0.00,0.00,1.170
19315,38.76,5.27,0.21,48.11,95.88,23.77,23.83,95.23,71.16,118.36,15.76,212.51,47.11,0.00,0.00,23.50,0.00,0.00,0.00,0.00,0.00,0.00,0.00,0.00,0.00,0.00,0.00,0.00,0.00,1.170
19316,49.60,5.85,0.22,23.96,63.58,23.65,189.43,142.14,118.04,212.07,47.01,117.46,23.43,15.64,0.00,0.00,15.59,0.00,0.00,0.00,0.00,0.00,0.00,0.00,0.00,0.00,0.00,0.00,0.00,1.170
19317,28.05,2.85,0.10,23.93,63.34,71.84,71.17,79.39,118.07,47.15,15.69,23.52,0.00,46.98,0.00,0.00,0.00,0.00,0.00,0.00,0.00,0.00,0.00,0.00,0.00,0.00,0.00,0.00,0.00,1.170
19318,41.94,4.50,0.15,0.00,79.64,95.35,95.12,158.58,94.96,118.41,78.78,47.22,70.65,0.00,0.00,0.00,0.00,0.00,0.00,0.00,0.00,0.00,0.00,0.00,0.00,0.00,0.00,0.00,0.00,1.169
19319,44.41,5.24,0.19,23.93,79.28,23.62,70.99,236.36,164.76,23.54,78.28,93.84,46.81,46.86,0.00,0.00,0.00,0.00,0.00,0.00,0.00,0.00,0.00,0.00,0.00,0.00,0.00,0.00,0.00,1.169
19320,41.34,5.24,0.20,23.98,31.68,71.27,71.09,110.76,47.21,188.62,172.59,70.53,0.00,15.65,0.00,23.39,0.00,0.00,0.00,0.00,0.00,0.00,0.00,0.00,0.00,0.00,0.00,0.00,0.00,1.169
19321,54.34,18.25,4.17,48.05,79.69,96.04,142.67,127.08,142.09,165.58,141.62,23.58,70.58,15.70,0.00,0.00,0.00,0.00,0.00,15.59,0.00,0.00,0.00,0.00,0.00,0.00,9.31,0.00,0.00,1.168
19322,50.89,5.79,0.27,95.74,158.67,71.23,213.20,63.40,118.01,47.10,78.39,94.00,46.88,15.65,0.00,0.00,0.00,0.00,0.00,15.53,0.00,0.00,0.00,0.00,0.00,0.00,0.00,0.00,0.00,1.168
19323,66.28,9.19,0.43,215.50,79.66,71.29,71.05,221.69,117.96,165.12,109.84,117.57,0.00,46.87,23.40,46.75,15.56,23.33,0.00,0.00,0.00,0.00,0.00,0.00,0.00,0.00,0.00,0.00,0.00,1.169
19324,58.68,5.47,0.18,96.27,111.83,167.20,214.19,142.69,118.65,71.00,141.78,47.23,47.10,15.71,0.00,0.00,0.00,0.00,0.00,0.00,0.00,0.00,0.00,0.00,0.00,0.00,0.00,0.00,0.00,1.169
19325,72.25,8.27,0.32,119.79,174.62,142.43,94.92,222.00,118.13,212.47,125.65,94.15,46.95,46.96,23.45,23.42,0.00,0.00,0.00,0.00,0.00,0.00,0.00,0.00,0.00,0.00,0.00,0.00,0.00,1.170
19326,89.12,11.81,0.56,143.62,142.92,190.19,165.94,253.16,236.06,188.66,156.96,70.56,117.29,15.61,46.83,0.00,15.61,23.39,0.00,15.52,0.00,0.00,0.00,0.00,0.00,0.00,0.00,0.00,0.00,1.168
19327,66.04,8.15,0.37,143.98,238.56,95.16,142.66,126.75,165.54,47.27,141.55,94.25,0.00,47.05,23.45,0.00,31.18,23.38,0.00,0.00,0.00,0.00,0.00,0.00,0.00,0.00,0.00,0.00,0.00,1.169
19328,59.22,9.04,0.48,96.08,95.42,119.16,23.74,205.76,212.81,118.18,62.92,94.26,47.01,15.64,0.00,23.40,31.15,23.38,0.00,15.56,0.00,0.00,0.00,0.00,0.00,0.00,0.00,0.00,0.00,1.168
19329,65.58,6.27,0.22,143.78,142.79,166.51,213.40,174.27,117.96,141.43,109.90,23.52,0.00,31.32,46.80,0.00,0.00,0.00,0.00,0.00,0.00,0.00,0.00,0.00,0.00,0.00,0.00,0.00,0.00,1.169
19330,39.93,6.06,0.43,48.00,63.56,143.63,71.18,63.41,94.62,141.79,47.18,23.56,70.49,15.67,0.00,0.00,0.00,0.00,0.00,0.00,0.00,0.00,15.53,0.00,0.00,0.00,0.00,0.00,0.00,1.168
19331,43.95,14.60,2.68,120.28,31.87,24.02,142.81,111.07,94.92,142.06,94.45,47.20,0.00,0.00,23.52,0.00,0.00,0.00,23.46,0.00,0.00,0.00,0.00,0.00,0.00,11.65,0.00,0.00,0.00,1.168
19332,52.07,6.31,0.27,23.81,78.90,117.79,141.29,188.47,164.27,117.00,31.16,116.74,23.29,0.00,0.00,0.00,15.50,23.16,0.00,0.00,0.00,0.00,0.00,0.00,0.00,0.00,0.00,0.00,0.00,1.168
19333,36.03,4.70,0.37,47.98,63.61,119.61,237.51,63.28,47.30,47.24,62.87,0.00,0.00,15.67,0.00,0.00,0.00,0.00,0.00,0.00,0.00,0.00,15.52,0.00,0.00,0.00,0.00,0.00,0.00,1.168
19334,39.80,4.22,0.16,23.89,63.50,119.00,118.36,78.96,118.00,117.80,94.04,23.49,23.43,0.00,0.00,0.00,15.54,0.00,0.00,0.00,0.00,0.00,0.00,0.00,0.00,0.00,0.00,0.00,0.00,1.168
19335,43.47,3.59,0.10,0.00,79.46,214.04,118.62,158.38,118.13,94.38,62.82,23.54,0.00,0.00,0.00,0.00,0.00,0.00,0.00,0.00,0.00,0.00,0.00,0.00,0.00,0.00,0.00,0.00,0.00,1.168
19336,51.52,5.51,0.19,24.06,63.73,143.35,119.12,111.47,213.90,47.42,141.95,141.86,23.58,0.00,0.00,0.00,0.00,0.00,0.00,0.00,0.00,0.00,0.00,0.00,0.00,0.00,0.00,0.00,0.00,1.168
19337,32.01,3.27,0.11,24.03,79.57,23.73,142.46,47.67,94.65,94.50,62.93,23.56,47.01,0.00,0.00,0.00,0.00,0.00,0.00,0.00,0.00,0.00,0.00,0.00,0.00,0.00,0.00,0.00,0.00,1.168
19338,38.34,3.65,0.12,47.97,63.52,119.05,71.24,189.90,94.50,70.85,31.40,23.55,23.49,31.34,0.00,0.00,0.00,0.00,0.00,0.00,0.00,0.00,0.00,0.00,0.00,0.00,0.00,0.00,0.00,1.168
19339,44.24,4.42,0.16,71.98,95.26,71.59,118.68,142.33,165.34,70.77,62.80,47.05,23.47,0.00,0.00,0.00,15.55,0.00,0.00,0.00,0.00,0.00,0.00,0.00,0.00,0.00,0.00,0.00,0.00,1.169
19340,43.53,4.58,0.15,72.07,31.88,47.80,71.44,142.71,236.95,71.08,110.27,47.22,23.55,15.71,0.00,0.00,0.00,0.00,0.00,0.00,0.00,0.00,0.00,0.00,0.00,0.00,0.00,0.00,0.00,1.169
19341,35.57,3.33,0.12,71.90,47.55,119.00,118.57,94.95,141.67,47.24,15.70,0.00,0.00,31.29,23.45,0.00,0.00,0.00,0.00,0.00,0.00,0.00,0.00,0.00,0.00,0.00,0.00,0.00,0.00,1.169
19342,35.94,3.81,0.13,71.96,15.89,47.92,94.92,142.27,70.87,94.48,94.26,47.07,23.47,15.66,0.00,0.00,0.00,0.00,0.00,0.00,0.00,0.00,0.00,0.00,0.00,0.00,0.00,0.00,0.00,1.169
19343,42.91,4.94,0.18,0.00,63.23,47.59,165.91,126.39,94.41,141.40,125.51,47.01,23.44,0.00,0.00,23.39,0.00,0.00,0.00,0.00,0.00,0.00,0.00,0.00,0.00,0.00,0.00,0.00,0.00,1.168
19344,54.38,5.59,0.18,23.94,0.00,166.31,118.66,157.73,354.29,94.40,62.78,47.04,46.92,15.61,0.00,0.00,0.00,0.00,0.00,0.00,0.00,0.00,0.00,0.00,0.00,0.00,0.00,0.00,0.00,1.168
19345,34.81,3.94,0.16,72.04,47.77,71.49,95.11,110.80,71.01,70.97,47.22,70.75,0.00,0.00,23.47,0.00,15.65,0.00,0.00,0.00,0.00,0.00,0.00,0.00,0.00,0.00,0.00,0.00,0.00,1.168
19346,45.42,5.03,0.20,71.95,15.83,23.96,142.42,221.77,141.79,141.61,125.63,0.00,0.00,0.00,0.00,0.00,0.00,23.35,0.00,0.00,0.00,0.00,0.00,0.00,0.00,0.00,0.00,0.00,0.00,1.168
19347,46.63,5.00,0.18,0.00,79.49,118.88,118.82,158.84,189.36,47.29,78.62,94.26,23.50,0.00,23.48,0.00,0.00,0.00,0.00,0.00,0.00,0.00,0.00,0.00,0.00,0.00,0.00,0.00,0.00,1.167
19348,31.28,3.25,0.11,24.06,47.66,48.04,118.97,79.48,118.55,47.29,47.24,47.18,47.07,0.00,0.00,0.00,0.00,0.00,0.00,0.00,0.00,0.00,0.00,0.00,0.00,0.00,0.00,0.00,0.00,1.168
19349,33.17,3.22,0.10,0.00,63.88,23.71,95.08,174.08,70.85,165.25,47.14,0.00,23.49,0.00,0.00,0.00,0.00,0.00,0.00,0.00,0.00,0.00,0.00,0.00,0.00,0.00,0.00,0.00,0.00,1.168
19350,48.53,5.57,0.20,47.98,31.73,23.71,118.74,174.44,236.39,0.00,204.30,70.64,46.98,15.63,0.00,0.00,0.00,0.00,0.00,0.00,0.00,0.00,0.00,0.00,0.00,0.00,0.00,0.00,0.00,1.168
19351,54.96,5.06,0.16,47.98,111.40,95.64,166.20,190.08,189.13,141.75,62.88,94.20,0.00,0.00,0.00,0.00,0.00,0.00,0.00,0.00,0.00,0.00,0.00,0.00,0.00,0.00,0.00,0.00,0.00,1.167
19352,46.61,5.06,0.18,119.96,31.73,0.00,95.01,205.90,165.41,94.49,94.28,47.09,46.97,31.31,0.00,0.00,0.00,0.00,0.00,0.00,0.00,0.00,0.00,0.00,0.00,0.00,0.00,0.00,0.00,1.167
19353,60.48,7.74,0.57,71.93,95.27,238.64,166.11,126.65,165.47,165.22,125.69,0.00,23.49,15.68,0.00,0.00,0.00,0.00,0.00,0.00,0.00,0.00,0.00,15.53,0.00,0.00,0.00,0.00,0.00,1.167
19354,54.65,5.38,0.17,24.02,63.70,214.98,71.38,127.25,237.00,165.75,94.53,70.82,23.54,0.00,0.00,0.00,0.00,0.00,0.00,0.00,0.00,0.00,0.00,0.00,0.00,0.00,0.00,0.00,0.00,1.168
19355,58.81,7.72,0.49,95.83,79.37,95.08,166.20,110.63,189.07,307.01,47.14,47.09,0.00,0.00,0.00,23.38,0.00,0.00,0.00,0.00,0.00,0.00,15.51,0.00,0.00,0.00,0.00,0.00,0.00,1.167
19356,51.68,7.27,0.47,0.00,63.61,118.81,118.85,158.33,189.05,141.70,172.82,23.55,0.00,31.31,0.00,0.00,0.00,0.00,0.00,0.00,0.00,0.00,15.54,0.00,0.00,0.00,0.00,0.00,0.00,1.168
19357,253.45,64.45,13.59,743.81,461.44,644.47,641.30,570.14,425.78,330.69,251.57,211.97,258.43,125.39,164.27,117.00,0.00,23.37,23.34,0.00,0.00,23.33,0.00,15.54,0.00,0.00,9.30,9.29,0.00,1.168
19358,448.72,77.30,5.96,1077.30,1284.50,1000.09,829.37,1011.16,802.37,565.69,376.38,446.53,421.99,265.73,210.68,233.64,124.42,163.27,23.28,15.52,69.87,0.00,0.00,15.50,18.58,0.00,0.00,0.00,0.00,1.167
19359,282.56,53.58,4.06,670.49,635.23,833.60,616.48,459.45,614.04,188.63,392.37,211.63,187.64,203.34,187.30,23.40,155.68,46.72,46.59,0.00,69.94,93.13,0.00,15.51,0.00,0.00,0.00,0.00,0.00,1.168
19360,194.43,27.52,1.48,385.64,559.08,310.96,476.95,476.43,285.00,284.77,268.36,283.89,259.55,62.92,47.15,70.49,15.65,0.00,47.03,31.24,23.43,0.00,0.00,0.00,0.00,0.00,0.00,0.00,0.00,1.168
19361,104.38,32.80,8.46,311.43,206.57,190.58,237.26,205.73,165.37,141.56,172.70,117.66,70.41,93.78,70.25,46.83,15.57,0.00,0.00,0.00,23.31,0.00,0.00,0.00,0.00,0.00,0.00,9.29,0.00,1.168
19362,84.18,13.19,0.84,144.06,191.06,95.41,237.65,237.54,189.39,165.38,125.76,70.68,70.50,93.95,0.00,0.00,0.00,0.00,0.00,15.55,46.71,0.00,0.00,0.00,0.00,0.00,0.00,0.00,0.00,1.168
19363,66.50,7.95,0.33,144.07,143.45,119.50,166.50,190.24,71.07,141.86,110.13,117.90,23.53,47.09,0.00,23.47,31.24,0.00,0.00,0.00,0.00,0.00,0.00,0.00,0.00,0.00,0.00,0.00,0.00,1.169
19364,55.35,8.25,0.53,96.07,95.21,119.42,166.24,158.69,94.65,70.85,78.65,47.13,94.03,62.69,0.00,0.00,0.00,0.00,0.00,0.00,0.00,23.34,0.00,0.00,0.00,0.00,0.00,0.00,0.00,1.169
19365,41.25,4.08,0.14,48.06,95.54,143.71,71.45,111.26,118.59,94.79,31.53,23.61,70.67,15.72,0.00,0.00,0.00,0.00,0.00,0.00,0.00,0.00,0.00,0.00,0.00,0.00,0.00,0.00,0.00,1.169
19366,30.41,3.09,0.12,47.96,63.45,95.07,47.42,94.90,118.17,47.22,47.13,0.00,23.48,0.00,0.00,23.43,0.00,0.00,0.00,0.00,0.00,0.00,0.00,0.00,0.00,0.00,0.00,0.00,0.00,1.169
19367,43.89,5.23,0.21,48.05,95.58,95.66,95.06,158.41,94.68,47.28,94.32,47.12,23.50,31.31,23.48,23.44,0.00,0.00,0.00,0.00,0.00,0.00,0.00,0.00,0.00,0.00,0.00,0.00,0.00,1.168
19368,57.10,9.27,0.59,48.28,79.98,72.02,119.35,159.24,142.54,237.37,63.20,47.34,47.22,62.91,0.00,47.01,0.00,0.00,0.00,0.00,0.00,0.00,15.62,0.00,0.00,0.00,0.00,0.00,0.00,1.169
19369,62.70,6.27,0.22,47.95,95.24,118.87,331.88,110.49,141.70,212.20,62.76,94.03,23.44,0.00,0.00,0.00,15.53,0.00,0.00,0.00,0.00,0.00,0.00,0.00,0.00,0.00,0.00,0.00,0.00,1.168
19370,50.77,7.75,0.42,0.00,79.54,47.62,71.11,110.57,141.69,259.45,172.63,47.04,46.92,15.61,0.00,0.00,0.00,0.00,0.00,0.00,23.29,0.00,0.00,0.00,0.00,0.00,0.00,0.00,0.00,1.168
19371,40.31,5.22,0.21,24.06,31.86,24.02,118.97,142.72,142.15,47.32,141.70,94.39,0.00,0.00,0.00,23.48,15.59,0.00,0.00,0.00,0.00,0.00,0.00,0.00,0.00,0.00,0.00,0.00,0.00,1.169
19372,42.37,3.78,0.11,72.16,15.94,71.29,166.51,142.75,189.67,94.65,47.26,47.21,0.00,0.00,0.00,0.00,0.00,0.00,0.00,0.00,0.00,0.00,0.00,0.00,0.00,0.00,0.00,0.00,0.00,1.169
19373,38.79,3.53,0.11,24.00,79.49,95.51,142.62,142.71,71.01,94.61,78.74,23.58,23.52,0.00,0.00,0.00,0.00,0.00,0.00,0.00,0.00,0.00,0.00,0.00,0.00,0.00,0.00,0.00,0.00,1.169
