NASA Data Processing/CAMP2Ex/LAS/CAMP2Ex-LARGE-LAS_P3B_20190827_R0.ict
78, 1001
Luke Ziemba
NASA Langley
In-situ Particle Size Distributions from the TSI LAS on the NASA P3B
NASA CAMP2Ex
1,1
2019,08,27,2020,05,5
1.0
Time_Start,Secs after midnight,Time of acquisition
30
1,1,1,1,1,1,1,1,1,1,1,1,1,1,1,1,1,1,1,1,1,1,1,1,1,1,1,1,1,1
-9999,-9999,-9999,-9999,-9999,-9999,-9999,-9999,-9999,-9999,-9999,-9999,-9999,-9999,-9999,-9999,-9999,-9999,-9999,-9999,-9999,-9999,-9999,-9999,-9999,-9999,-9999,-9999,-9999,-9999
nLAS, #/cm3, AerMP_NumConc_InSitu_RHd_Optical_AccutoCoarse_STP, Number_concentration_of_particles_in_air_integrated_over_reported_LAS_dry_optical_bins_wrt_AmmoniumSulfate
sLAS, um2/cm3, AerMP_SurfAreaConc_InSitu_RHd_Optical_AccutoCoarse_STP, Surface_area_concentration_of_particles_in_air_integrated_over_reported_LAS_dry_optical_bins_wrt_AmmoniumSulfate
vLAS, um3/cm3, AerMP_VolConc_InSitu_RHd_Optical_AccutoCoarse_STP, Volume_concentration_of_particles_in_air_integrated_over_reported_LAS_dry_optical_bins_wrt_AmmoniumSulfate
LAS_Bin01, #/cm3, None, number_size_distribution_of_particles_in_air_per_dlogDp_for_bin_center_optical_diameter_at_100nm_measured_by_LAS_AmmoniumSulfate
LAS_Bin02, #/cm3, None, number_size_distribution_of_particles_in_air_per_dlogDp_for_bin_center_optical_diameter_at_112nm_measured_by_LAS_AmmoniumSulfate
LAS_Bin03, #/cm3, None, number_size_distribution_of_particles_in_air_per_dlogDp_for_bin_center_optical_diameter_at_126nm_measured_by_LAS_AmmoniumSulfate
LAS_Bin04, #/cm3, None, number_size_distribution_of_particles_in_air_per_dlogDp_for_bin_center_optical_diameter_at_141nm_measured_by_LAS_AmmoniumSulfate
LAS_Bin05, #/cm3, None, number_size_distribution_of_particles_in_air_per_dlogDp_for_bin_center_optical_diameter_at_158nm_measured_by_LAS_AmmoniumSulfate
LAS_Bin06, #/cm3, None, number_size_distribution_of_particles_in_air_per_dlogDp_for_bin_center_optical_diameter_at_178nm_measured_by_LAS_AmmoniumSulfate
LAS_Bin07, #/cm3, None, number_size_distribution_of_particles_in_air_per_dlogDp_for_bin_center_optical_diameter_at_200nm_measured_by_LAS_AmmoniumSulfate
LAS_Bin08, #/cm3, None, number_size_distribution_of_particles_in_air_per_dlogDp_for_bin_center_optical_diameter_at_224nm_measured_by_LAS_AmmoniumSulfate
LAS_Bin09, #/cm3, None, number_size_distribution_of_particles_in_air_per_dlogDp_for_bin_center_optical_diameter_at_251nm_measured_by_LAS_AmmoniumSulfate
LAS_Bin10, #/cm3, None, number_size_distribution_of_particles_in_air_per_dlogDp_for_bin_center_optical_diameter_at_282nm_measured_by_LAS_AmmoniumSulfate
LAS_Bin11, #/cm3, None, number_size_distribution_of_particles_in_air_per_dlogDp_for_bin_center_optical_diameter_at_316nm_measured_by_LAS_AmmoniumSulfate
LAS_Bin12, #/cm3, None, number_size_distribution_of_particles_in_air_per_dlogDp_for_bin_center_optical_diameter_at_355nm_measured_by_LAS_AmmoniumSulfate
LAS_Bin13, #/cm3, None, number_size_distribution_of_particles_in_air_per_dlogDp_for_bin_center_optical_diameter_at_398nm_measured_by_LAS_AmmoniumSulfate
LAS_Bin14, #/cm3, None, number_size_distribution_of_particles_in_air_per_dlogDp_for_bin_center_optical_diameter_at_447nm_measured_by_LAS_AmmoniumSulfate
LAS_Bin15, #/cm3, None, number_size_distribution_of_particles_in_air_per_dlogDp_for_bin_center_optical_diameter_at_501nm_measured_by_LAS_AmmoniumSulfate
[...]
  - Integrated surface areas and volumes are calculated by assuming spherical particles
  - Data in this file is time synced to DLH water vapor
UNCERTAINTY: all data are 20%
ULOD_FLAG: -7777
ULOD_VALUE: N/A
LLOD_FLAG: -8888
LLOD_VALUE: N/A
DM_CONTACT_INFO: Michael Shook (michael.shook@nasa.gov)
PROJECT_INFO: CAMP2Ex 2019
STIPULATIONS_ON_USE: This is FINAL data. Users are strongly encouraged to consult the PI and/or DM prior to use.
OTHER_COMMENTS: dlogD for Diameters less than 1000 nm is 0.05 (20 channels per decade). For Diameters greater than or equal to 1000 nm, dlogD is 0.1 (10 channels per decade)
OTHER_COMMENTS: Data are processed with respect to mid-point ammonium-sulfate ((NH4)2SO4, AmmSO4) equivalent optical diameters and are rebinned to a standard binning scheme
OTHER_COMMENTS: Mid-point diameters (in nm) are:
		  100.0, 112.2, 125.9, 141.3, 158.5, 177.8, 199.5, 223.9, 251.2, 281.8, 316.2, 354.8, 398.1, 446.7, 501.2, 562.3, 631.0, 707.9, 794.3, 891.3, 1000.0, 1258.9, 1584.9, 1995.3, 2511.9, 3162.3
REVISION: R0
R0: STP calculations now use data from publicly available MetNav files, data is time synced to DLH
RC: Particle sizing now done with respect to ammonium sulfate
RB: Time sync to LARGE CNgt3nm applied
RA: None
*******************************************************************************************************************************
Time_Start,nLAS,sLAS,vLAS,LAS_Bin01,LAS_Bin02,LAS_Bin03,LAS_Bin04,LAS_Bin05,LAS_Bin06,LAS_Bin07,LAS_Bin08,LAS_Bin09,LAS_Bin10,LAS_Bin11,LAS_Bin12,LAS_Bin13,LAS_Bin14,LAS_Bin15,LAS_Bin16,LAS_Bin17,LAS_Bin18,LAS_Bin19,LAS_Bin20,LAS_Bin21,LAS_Bin22,LAS_Bin23,LAS_Bin24,LAS_Bin25,LAS_Bin26,stdPT
[from data line 17683]
18011,513.88,59.92,2.37,1174.17,905.53,1262.69,924.75,996.17,1015.54,1226.58,957.37,658.57,469.21,312.60,234.15,70.22,46.78,23.33,0.00,0.00,0.00,0.00,0.00,0.00,0.00,0.00,0.00,0.00,0.00,1.148
18012,398.65,46.84,2.12,1007.15,953.89,643.52,664.39,855.49,685.45,1038.60,738.35,541.37,563.49,140.96,46.88,46.75,15.57,0.00,0.00,15.55,0.00,0.00,0.00,15.52,0.00,0.00,0.00,0.00,0.00,1.148
18013,427.76,48.73,1.93,984.90,684.85,883.60,855.87,1030.42,1089.16,993.04,613.59,542.31,352.78,297.92,117.35,70.39,0.00,23.39,0.00,15.58,0.00,0.00,0.00,0.00,0.00,0.00,0.00,0.00,0.00,1.147
18014,487.22,54.51,2.81,1314.84,997.79,1330.12,1017.30,962.70,1083.58,964.70,704.58,469.24,444.66,265.28,46.76,93.30,31.02,0.00,0.00,0.00,0.00,0.00,0.00,0.00,9.28,0.00,0.00,0.00,0.00,1.148
18015,498.67,56.20,2.25,1178.77,1004.43,1219.77,1095.20,921.05,972.32,1112.92,913.91,566.68,447.52,219.71,117.51,117.48,46.97,23.49,0.00,15.58,0.00,0.00,0.00,0.00,0.00,0.00,0.00,0.00,0.00,1.148
18016,539.62,85.72,10.94,1340.45,1142.77,689.27,1042.62,1485.92,1085.59,1366.96,674.29,681.50,515.68,375.16,117.02,116.74,62.26,23.31,0.00,15.52,0.00,23.25,0.00,15.49,0.00,0.00,0.00,9.27,0.00,1.147
18017,580.32,64.40,2.57,1581.28,1269.94,999.06,1256.54,1344.84,1062.32,1132.01,1114.20,728.95,680.19,203.42,23.40,116.86,31.11,0.00,46.67,15.54,0.00,0.00,0.00,0.00,0.00,0.00,0.00,0.00,0.00,1.146
18018,567.51,78.75,10.17,1631.27,1223.61,1119.95,1234.08,1282.81,1418.51,731.79,1115.31,706.21,352.19,297.39,117.22,23.42,15.63,46.77,0.00,0.00,0.00,0.00,15.51,0.00,0.00,0.00,0.00,9.29,0.00,1.147
18019,531.18,60.60,2.74,1417.75,1195.27,1051.15,1212.71,1062.52,1066.24,1017.36,897.47,802.11,376.50,172.56,187.97,93.81,31.18,0.00,0.00,0.00,23.40,0.00,0.00,15.56,0.00,0.00,0.00,0.00,0.00,1.146
18020,526.76,59.20,2.54,1539.55,1100.40,1266.90,1024.22,969.04,1091.38,1066.13,803.96,685.09,447.72,172.90,117.61,187.93,31.26,0.00,0.00,15.61,0.00,0.00,15.59,0.00,0.00,0.00,0.00,0.00,0.00,1.145
18021,476.97,48.92,1.91,1508.61,1094.66,1022.69,947.77,1059.46,1014.73,871.92,721.39,517.04,421.97,218.96,70.19,0.00,46.68,0.00,0.00,0.00,23.31,0.00,0.00,0.00,0.00,0.00,0.00,0.00,0.00,1.146
18022,503.54,56.99,2.81,1612.29,1148.97,861.71,905.03,1206.81,1280.53,781.83,835.43,755.91,212.06,298.41,23.51,70.43,15.61,0.00,0.00,0.00,0.00,46.77,0.00,15.57,0.00,0.00,0.00,0.00,0.00,1.146
18023,542.73,58.80,2.35,1678.06,1049.65,1096.18,925.63,1250.60,1559.93,873.17,816.61,588.32,375.56,360.17,164.02,46.74,46.76,0.00,0.00,0.00,23.31,0.00,0.00,0.00,0.00,0.00,0.00,0.00,0.00,1.145
18024,587.09,83.20,10.11,1246.03,1080.82,1095.93,1185.54,1281.29,1487.79,1391.82,1067.42,846.80,539.65,281.70,93.73,93.53,31.23,0.00,0.00,0.00,0.00,0.00,0.00,0.00,0.00,0.00,0.00,9.28,0.00,1.144
18025,568.43,66.63,3.38,1487.40,1208.12,929.67,1139.42,1328.88,1276.64,1203.99,1068.37,588.60,634.04,281.88,140.60,23.38,15.63,0.00,0.00,0.00,23.35,0.00,0.00,0.00,9.31,0.00,0.00,0.00,0.00,1.145
18026,508.27,88.73,13.98,1316.70,872.90,761.92,947.61,1106.51,1274.59,1060.60,1082.18,775.60,398.53,328.39,93.65,46.78,46.80,0.00,0.00,0.00,0.00,0.00,15.48,0.00,0.00,0.00,9.27,9.28,0.00,1.145
18027,418.84,52.54,2.47,911.62,763.36,834.17,664.92,1029.69,1064.24,755.89,723.07,706.62,446.37,219.36,46.87,140.40,31.27,0.00,0.00,0.00,0.00,23.31,15.54,0.00,0.00,0.00,0.00,0.00,0.00,1.145
18028,455.00,51.11,2.13,1008.47,1034.61,1147.11,665.18,919.27,1088.41,1063.35,786.10,589.07,446.56,140.97,46.89,93.74,46.87,0.00,0.00,0.00,0.00,23.31,0.00,0.00,0.00,0.00,0.00,0.00,0.00,1.144
18029,451.41,51.98,2.24,1173.39,1094.84,929.11,687.20,837.52,1133.14,824.94,831.31,564.04,492.28,250.13,70.19,70.11,31.08,0.00,23.36,0.00,0.00,0.00,15.51,0.00,0.00,0.00,0.00,0.00,0.00,1.144
18030,541.46,64.41,2.99,1271.26,1208.53,1262.73,1044.72,1155.58,1110.95,1157.08,958.49,565.11,352.30,375.91,46.86,210.69,46.77,23.42,0.00,0.00,23.35,0.00,0.00,15.53,0.00,0.00,0.00,0.00,0.00,1.143
18031,556.50,67.93,2.97,1535.50,1113.54,1096.71,878.31,1282.25,1040.74,1133.42,1084.35,518.10,563.79,375.94,234.58,163.86,62.28,23.36,0.00,0.00,0.00,23.30,0.00,0.00,0.00,0.00,0.00,0.00,0.00,1.144
18032,545.06,60.74,2.61,1491.82,1116.77,1459.57,928.69,1111.95,1185.81,1042.25,882.64,566.87,518.32,377.12,94.15,70.51,15.68,0.00,0.00,0.00,23.40,0.00,15.56,0.00,0.00,0.00,0.00,0.00,0.00,1.143
18033,516.62,63.29,3.58,1372.68,1229.36,1243.66,691.22,1145.94,1187.24,972.03,725.67,803.73,353.68,330.00,117.62,46.95,31.38,23.45,23.42,0.00,0.00,0.00,0.00,15.59,9.34,0.00,0.00,0.00,0.00,1.143
18034,507.74,69.13,4.34,1058.55,941.37,883.36,1000.14,1064.36,1398.87,1089.48,835.24,732.08,447.54,266.98,258.62,93.90,31.30,0.00,0.00,15.60,0.00,0.00,0.00,0.00,18.67,0.00,0.00,0.00,0.00,1.143
18035,551.16,63.35,2.47,1297.39,1066.87,1097.43,974.93,919.60,1184.20,1418.97,1164.67,848.96,493.99,345.12,93.93,23.47,78.00,0.00,0.00,15.59,0.00,0.00,0.00,0.00,0.00,0.00,0.00,0.00,0.00,1.143
18036,528.58,60.41,2.36,1366.85,1111.86,858.68,806.62,1298.64,1252.63,1038.56,879.58,847.41,493.05,344.50,140.64,117.03,0.00,0.00,0.00,15.56,0.00,0.00,0.00,0.00,0.00,0.00,0.00,0.00,0.00,1.143
18037,527.44,61.98,3.18,1555.06,1173.82,951.14,1041.68,1264.09,778.07,1201.07,830.73,728.14,468.57,265.49,70.15,140.10,62.20,0.00,0.00,0.00,0.00,0.00,0.00,0.00,9.29,0.00,0.00,0.00,0.00,1.143
18038,537.34,57.95,2.15,1486.58,1175.81,927.62,996.68,1282.26,1158.35,967.86,911.06,706.14,633.93,360.03,46.88,93.60,0.00,0.00,0.00,0.00,0.00,0.00,0.00,0.00,0.00,0.00,0.00,0.00,0.00,1.142
18039,543.61,59.15,2.46,1511.72,1351.18,1097.31,878.87,1268.96,1158.46,1417.35,754.58,518.27,399.44,234.89,140.75,23.40,31.22,23.37,23.42,15.56,23.37,0.00,0.00,0.00,0.00,0.00,0.00,0.00,0.00,1.143
18040,390.91,45.65,2.18,1221.95,778.02,737.59,592.69,964.31,1038.80,754.72,596.23,423.29,211.11,250.22,117.03,23.35,31.22,23.33,23.37,15.52,0.00,0.00,0.00,15.51,0.00,0.00,0.00,0.00,0.00,1.144
18041,440.42,46.44,1.68,1104.32,970.52,907.25,926.46,951.31,899.60,803.50,802.11,636.39,470.19,219.43,93.88,23.45,0.00,0.00,0.00,0.00,0.00,0.00,0.00,0.00,0.00,0.00,0.00,0.00,0.00,1.143
18042,461.80,50.73,1.93,1320.20,1050.43,1027.00,665.02,1046.66,733.49,803.40,833.09,989.46,328.99,250.72,46.92,93.68,46.86,0.00,0.00,0.00,0.00,0.00,0.00,0.00,0.00,0.00,0.00,0.00,0.00,1.143
18043,477.79,55.08,2.16,1152.97,1050.89,904.45,760.28,983.72,1112.25,945.53,849.38,801.46,423.20,345.05,93.89,46.87,62.45,23.39,0.00,0.00,0.00,0.00,0.00,0.00,0.00,0.00,0.00,0.00,0.00,1.143
18044,497.80,56.07,2.31,1175.81,1113.41,1001.78,759.89,1029.97,1253.70,1157.56,880.31,612.56,540.53,282.17,46.92,46.84,15.57,23.37,0.00,0.00,0.00,0.00,15.53,0.00,0.00,0.00,0.00,0.00,0.00,1.144
18045,526.57,67.91,4.22,1244.01,1189.95,951.51,970.90,1185.14,1108.27,1107.00,1128.35,540.13,515.34,343.61,46.74,116.66,31.18,0.00,0.00,15.52,0.00,0.00,0.00,0.00,18.58,0.00,0.00,0.00,0.00,1.144
18046,605.61,64.24,2.60,1709.16,1101.29,1053.87,1334.57,1255.44,1400.26,1611.69,1072.55,756.33,400.79,298.72,47.07,23.47,31.32,0.00,0.00,0.00,0.00,0.00,0.00,15.59,0.00,0.00,0.00,0.00,0.00,1.143
18047,574.54,65.31,2.72,1344.53,1225.80,1289.56,1164.30,1157.37,1301.45,1253.01,990.88,636.37,446.68,329.28,211.18,70.27,15.57,0.00,0.00,31.13,23.35,0.00,0.00,0.00,0.00,0.00,0.00,0.00,0.00,1.143
18048,499.42,56.20,3.08,1631.02,1192.65,1168.50,949.40,966.30,1039.81,802.60,848.32,659.17,305.30,203.66,70.38,70.23,46.83,0.00,0.00,0.00,0.00,0.00,15.54,0.00,9.30,0.00,0.00,0.00,0.00,1.143
18049,504.80,55.76,2.25,1557.55,1080.95,832.56,1185.73,933.42,1039.41,1014.45,879.03,611.60,305.04,422.34,117.14,46.77,46.74,0.00,0.00,0.00,23.30,0.00,0.00,0.00,0.00,0.00,0.00,0.00,0.00,1.142
18050,511.73,56.37,2.28,1314.73,1061.84,1139.94,969.87,1105.05,1013.34,870.39,1221.25,703.91,397.88,234.11,116.84,46.65,15.57,0.00,0.00,0.00,0.00,23.22,0.00,0.00,0.00,0.00,0.00,0.00,0.00,1.143
18051,603.51,65.95,2.59,1939.06,1158.48,1166.98,1255.53,1264.94,1368.55,1060.70,925.25,658.03,586.02,312.70,210.67,70.02,77.84,0.00,0.00,15.52,0.00,0.00,0.00,0.00,0.00,0.00,0.00,0.00,0.00,1.143
18052,578.27,65.39,2.67,1662.62,1134.20,1316.94,882.36,1416.99,1258.63,1043.55,789.12,804.09,636.90,298.83,70.67,164.55,62.60,0.00,0.00,0.00,23.43,0.00,0.00,0.00,0.00,0.00,0.00,0.00,0.00,1.143
18053,530.07,54.28,2.03,1767.66,933.83,973.22,1229.17,1166.50,1130.08,1105.09,985.52,586.09,397.55,124.73,46.72,69.94,62.14,0.00,23.23,0.00,0.00,0.00,0.00,0.00,0.00,0.00,0.00,0.00,0.00,1.141
18054,490.60,52.71,1.96,1564.32,957.13,978.62,905.05,905.34,1043.80,829.20,1024.94,590.63,542.01,314.26,94.07,46.93,15.63,0.00,0.00,0.00,0.00,0.00,0.00,0.00,0.00,0.00,0.00,0.00,0.00,1.142
18055,523.34,56.12,2.17,1769.71,1030.85,1046.59,899.65,1105.36,1225.94,823.99,893.09,751.30,351.26,343.39,93.45,70.00,46.65,0.00,0.00,15.51,0.00,0.00,0.00,0.00,0.00,0.00,0.00,0.00,0.00,1.142
18056,534.15,59.16,2.40,1610.06,1083.64,1147.21,904.12,1300.94,1137.34,1017.42,787.13,754.94,400.03,203.99,117.45,70.38,62.64,70.21,0.00,15.59,0.00,0.00,0.00,0.00,0.00,0.00,0.00,0.00,0.00,1.142
18057,542.91,59.88,2.38,1728.34,1129.45,883.45,997.59,1300.35,1111.82,1015.83,990.64,612.57,517.02,329.06,93.81,46.80,62.40,0.00,23.42,15.57,0.00,0.00,0.00,0.00,0.00,0.00,0.00,0.00,0.00,1.141
18058,617.43,70.86,3.17,1916.57,1254.87,1476.48,1067.10,1313.42,1346.15,1179.22,784.83,540.96,656.86,406.88,140.49,140.24,62.32,0.00,46.76,0.00,0.00,0.00,0.00,15.51,0.00,0.00,0.00,0.00,0.00,1.142
18059,723.46,105.80,12.60,1795.55,1476.93,1378.21,1326.67,1517.13,1793.67,1743.94,1254.51,1080.93,515.70,218.78,70.18,116.78,77.76,46.69,0.00,0.00,0.00,0.00,0.00,0.00,18.58,0.00,0.00,9.27,0.00,1.142
18060,684.05,79.06,3.88,1762.93,1986.30,1104.47,1314.41,1577.99,1237.25,1569.18,1091.46,640.05,543.88,362.69,283.17,141.30,0.00,23.52,23.56,0.00,0.00,0.00,0.00,0.00,9.38,0.00,0.00,0.00,0.00,1.141
18061,612.53,61.85,2.32,1898.44,1337.25,1170.18,1473.89,1522.54,1089.23,1277.04,975.60,707.44,258.75,203.86,234.89,23.47,62.54,0.00,0.00,15.57,0.00,0.00,0.00,0.00,0.00,0.00,0.00,0.00,0.00,1.141
18062,601.73,66.36,2.85,1536.04,1224.79,1406.80,1092.70,1410.83,1419.65,1441.02,943.24,706.78,375.98,156.72,117.32,93.68,15.57,23.43,23.42,0.00,23.37,23.33,0.00,0.00,0.00,0.00,0.00,0.00,0.00,1.141
18063,577.69,68.35,2.87,1269.15,1174.36,1142.32,876.51,1232.62,1369.00,1508.43,1050.69,611.05,656.36,328.18,187.19,46.77,62.24,23.38,0.00,0.00,0.00,0.00,15.48,0.00,0.00,0.00,0.00,0.00,0.00,1.141
18064,560.50,57.50,2.09,1631.35,1256.88,1217.07,1163.45,997.68,1158.52,1275.33,895.75,612.28,587.25,219.22,164.14,0.00,31.14,0.00,0.00,0.00,0.00,0.00,0.00,0.00,0.00,0.00,0.00,0.00,0.00,1.141
18065,595.64,66.10,2.88,1730.56,1386.19,1218.83,1284.71,1285.57,1113.84,1254.00,850.19,519.06,658.94,266.79,140.93,93.87,46.82,46.88,0.00,0.00,0.00,0.00,0.00,15.56,0.00,0.00,0.00,0.00,0.00,1.141
18066,516.00,53.55,2.02,1653.04,1301.44,999.97,1161.74,1045.31,873.53,919.89,816.03,587.94,492.64,203.39,70.27,163.68,31.10,0.00,0.00,0.00,0.00,0.00,0.00,0.00,0.00,0.00,0.00,0.00,0.00,1.141
18067,510.35,77.12,10.02,1319.67,1001.46,835.04,902.05,1140.72,1205.95,1015.36,927.05,682.91,563.75,297.68,164.16,117.02,0.00,0.00,0.00,15.55,0.00,0.00,0.00,0.00,0.00,0.00,0.00,9.29,0.00,1.141
18068,578.58,83.99,10.38,1602.17,1077.60,1496.17,875.53,1199.80,1178.62,894.49,1112.21,868.51,702.37,296.74,93.46,116.65,15.58,0.00,0.00,0.00,0.00,23.23,0.00,0.00,0.00,0.00,0.00,9.26,0.00,1.140
18069,456.31,72.09,10.25,1082.58,972.64,764.23,857.03,1159.85,1067.35,899.90,787.89,590.35,541.76,157.04,164.56,0.00,31.35,0.00,0.00,0.00,0.00,0.00,15.56,15.56,0.00,0.00,0.00,9.32,0.00,1.141
18070,469.37,71.49,9.97,1317.09,1016.47,1094.12,710.94,948.06,967.56,872.22,909.74,658.17,398.59,234.43,140.38,23.34,46.81,0.00,0.00,15.51,0.00,0.00,15.51,0.00,0.00,0.00,0.00,9.28,0.00,1.141
18071,476.34,49.00,1.77,1316.81,1047.90,761.37,971.84,1106.02,1132.69,1107.80,799.88,611.05,304.76,218.74,93.55,23.34,31.13,0.00,0.00,0.00,0.00,0.00,0.00,0.00,0.00,0.00,0.00,0.00,0.00,1.140
18072,479.53,56.60,2.98,1171.58,1141.87,925.78,969.90,898.70,1366.89,800.05,767.25,563.15,608.53,187.21,46.70,70.05,15.58,23.28,0.00,15.48,0.00,0.00,0.00,0.00,9.27,0.00,0.00,0.00,0.00,1.140
18073,556.81,57.09,2.04,1516.72,1132.08,1269.83,953.10,1144.79,1495.07,1184.68,756.84,827.03,447.80,267.13,94.12,46.98,0.00,0.00,0.00,0.00,0.00,0.00,0.00,0.00,0.00,0.00,0.00,0.00,0.00,1.140
18074,561.29,64.44,2.65,1625.48,1109.81,855.03,1064.77,947.09,1319.82,1271.03,1143.24,797.90,491.56,374.40,140.18,23.31,15.58,23.28,0.00,0.00,0.00,23.22,0.00,0.00,0.00,0.00,0.00,0.00,0.00,1.140
18075,564.03,60.25,2.27,1486.53,1192.54,1143.76,1210.46,1393.64,1016.18,944.36,1005.30,941.46,539.99,187.88,117.17,70.22,15.55,0.00,0.00,15.54,0.00,0.00,0.00,0.00,0.00,0.00,0.00,0.00,0.00,1.140
18076,603.49,66.59,2.62,1297.23,1369.09,954.10,1307.59,1474.52,1539.04,1229.76,1054.42,825.34,470.41,376.44,23.46,70.26,31.30,23.39,0.00,0.00,23.39,0.00,0.00,0.00,0.00,0.00,0.00,0.00,0.00,1.141
18077,545.78,70.85,4.78,979.41,1203.72,1259.14,898.28,1198.69,1271.77,1316.91,876.25,867.65,467.82,265.14,116.74,93.25,77.65,0.00,0.00,0.00,0.00,0.00,0.00,0.00,0.00,11.58,0.00,0.00,0.00,1.141
18078,473.85,49.01,1.76,1175.41,1017.90,928.50,949.17,1044.68,1205.42,991.64,911.04,564.99,305.29,250.39,70.31,46.76,15.57,0.00,0.00,0.00,0.00,0.00,0.00,0.00,0.00,0.00,0.00,0.00,0.00,1.140
18079,556.16,61.46,2.60,1411.28,1379.14,1069.40,1136.02,1105.55,1202.42,965.25,1033.94,915.60,468.35,202.83,140.27,23.36,31.10,23.29,0.00,0.00,0.00,0.00,0.00,15.48,0.00,0.00,0.00,0.00,0.00,1.140
18080,579.30,63.58,2.41,1480.45,1297.73,1021.34,1275.78,1073.92,1318.23,1198.88,844.72,890.75,654.67,311.97,116.76,23.28,77.50,0.00,0.00,0.00,0.00,0.00,0.00,0.00,0.00,0.00,0.00,0.00,0.00,1.140
18081,541.61,66.28,3.24,1057.79,1242.73,1050.83,999.27,1126.52,1255.55,1372.57,897.46,873.05,400.17,266.96,117.54,70.35,46.94,0.00,0.00,0.00,0.00,23.37,15.55,15.56,0.00,0.00,0.00,0.00,0.00,1.139
18082,574.42,63.46,2.51,1507.04,1315.81,856.05,1112.78,1421.10,1273.56,1224.75,1018.88,751.62,468.57,328.10,70.19,46.65,31.13,0.00,46.62,15.51,0.00,0.00,0.00,0.00,0.00,0.00,0.00,0.00,0.00,1.137
18083,494.42,55.66,2.20,1342.69,859.09,1119.91,759.45,1061.40,1300.16,1038.73,974.10,470.90,281.83,297.61,234.43,117.01,15.63,0.00,0.00,15.54,0.00,0.00,0.00,0.00,0.00,0.00,0.00,0.00,0.00,1.138
18084,499.02,66.25,5.34,1202.32,1035.98,1337.10,737.56,1015.80,1280.06,1017.93,913.55,590.08,353.16,235.60,141.06,46.98,31.33,0.00,0.00,0.00,0.00,0.00,0.00,0.00,9.34,11.66,0.00,0.00,0.00,1.139
18085,590.74,66.78,2.78,1443.48,1499.10,1076.79,1118.53,1414.21,1280.79,876.02,1071.36,873.58,541.64,329.86,141.03,93.84,15.67,0.00,0.00,15.60,0.00,23.38,0.00,0.00,0.00,0.00,0.00,0.00,0.00,1.137
18086,509.79,56.06,2.19,1418.60,1147.04,1049.02,713.66,1221.58,1042.52,1064.92,1054.97,519.15,400.14,298.19,141.03,70.40,15.59,23.47,0.00,15.57,0.00,0.00,0.00,0.00,0.00,0.00,0.00,0.00,0.00,1.137
18087,525.71,58.81,2.40,1482.88,824.64,1045.53,994.08,1294.00,1084.24,1083.27,971.27,727.82,562.05,265.49,93.48,23.32,46.65,0.00,0.00,0.00,0.00,0.00,15.47,0.00,0.00,0.00,0.00,0.00,0.00,1.138
18088,601.14,67.59,2.75,1535.39,1287.37,1167.00,807.22,1283.61,1537.00,1416.91,1131.49,777.14,516.72,281.97,117.27,117.03,31.12,0.00,0.00,0.00,0.00,0.00,15.54,0.00,0.00,0.00,0.00,0.00,0.00,1.138
18089,503.96,54.14,2.00,1153.38,1130.83,906.93,808.82,1109.98,1397.31,1230.05,850.13,801.99,211.77,298.08,117.43,23.47,15.60,23.40,0.00,0.00,0.00,0.00,0.00,0.00,0.00,0.00,0.00,0.00,0.00,1.136
18090,549.05,62.37,2.43,1369.58,1178.74,978.30,903.57,1285.12,1018.34,1324.79,975.91,778.54,635.36,329.54,46.99,93.72,46.86,0.00,0.00,15.59,0.00,0.00,0.00,0.00,0.00,0.00,0.00,0.00,0.00,1.138
18091,528.51,58.43,2.24,1224.34,1226.57,931.39,974.10,967.36,1348.54,1299.75,912.22,801.27,399.59,250.83,117.25,70.26,31.23,0.00,0.00,15.57,0.00,0.00,0.00,0.00,0.00,0.00,0.00,0.00,0.00,1.137
18092,516.57,57.47,2.15,1075.19,1093.59,1092.55,803.94,1231.47,966.02,1270.53,1127.30,703.81,491.41,312.22,93.45,23.30,46.65,0.00,0.00,0.00,0.00,0.00,0.00,0.00,0.00,0.00,0.00,0.00,0.00,1.137
