NASA Data Processing/CAMP2Ex/LAS/CAMP2Ex-LARGE-LAS_P3B_20191003_R0.ict
78, 1001
Luke Ziemba
NASA Langley
In-situ Particle Size Distributions from the TSI LAS on the NASA P3B
NASA CAMP2Ex
1,1
2019,10,03,2020,05,5
1.0
Time_Start,Secs after midnight,Time of acquisition
30
1,1,1,1,1,1,1,1,1,1,1,1,1,1,1,1,1,1,1,1,1,1,1,1,1,1,1,1,1,1
-9999,-9999,-9999,-9999,-9999,-9999,-9999,-9999,-9999,-9999,-9999,-9999,-9999,-9999,-9999,-9999,-9999,-9999,-9999,-9999,-9999,-9999,-9999,-9999,-9999,-9999,-9999,-9999,-9999,-9999
nLAS, #/cm3, AerMP_NumConc_InSitu_RHd_Optical_AccutoCoarse_STP, Number_concentration_of_particles_in_air_integrated_over_reported_LAS_dry_optical_bins_wrt_AmmoniumSulfate
sLAS, um2/cm3, AerMP_SurfAreaConc_InSitu_RHd_Optical_AccutoCoarse_STP, Surface_area_concentration_of_particles_in_air_integrated_over_reported_LAS_dry_optical_bins_wrt_AmmoniumSulfate
vLAS, um3/cm3, AerMP_VolConc_InSitu_RHd_Optical_AccutoCoarse_STP, Volume_concentration_of_particles_in_air_integrated_over_reported_LAS_dry_optical_bins_wrt_AmmoniumSulfate
LAS_Bin01, #/cm3, None, number_size_distribution_of_particles_in_air_per_dlogDp_for_bin_center_optical_diameter_at_100nm_measured_by_LAS_AmmoniumSulfate
LAS_Bin02, #/cm3, None, number_size_distribution_of_particles_in_air_per_dlogDp_for_bin_center_optical_diameter_at_112nm_measured_by_LAS_AmmoniumSulfate
LAS_Bin03, #/cm3, None, number_size_distribution_of_particles_in_air_per_dlogDp_for_bin_center_optical_diameter_at_126nm_measured_by_LAS_AmmoniumSulfate
LAS_Bin04, #/cm3, None, number_size_distribution_of_particles_in_air_per_dlogDp_for_bin_center_optical_diameter_at_141nm_measured_by_LAS_AmmoniumSulfate
LAS_Bin05, #/cm3, None, number_size_distribution_of_particles_in_air_per_dlogDp_for_bin_center_optical_diameter_at_158nm_measured_by_LAS_AmmoniumSulfate
LAS_Bin06, #/cm3, None, number_size_distribution_of_particles_in_air_per_dlogDp_for_bin_center_optical_diameter_at_178nm_measured_by_LAS_AmmoniumSulfate
LAS_Bin07, #/cm3, None, number_size_distribution_of_particles_in_air_per_dlogDp_for_bin_center_optical_diameter_at_200nm_measured_by_LAS_AmmoniumSulfate
LAS_Bin08, #/cm3, None, number_size_distribution_of_particles_in_air_per_dlogDp_for_bin_center_optical_diameter_at_224nm_measured_by_LAS_AmmoniumSulfate
LAS_Bin09, #/cm3, None, number_size_distribution_of_particles_in_air_per_dlogDp_for_bin_center_optical_diameter_at_251nm_measured_by_LAS_AmmoniumSulfate
LAS_Bin10, #/cm3, None, number_size_distribution_of_particles_in_air_per_dlogDp_for_bin_center_optical_diameter_at_282nm_measured_by_LAS_AmmoniumSulfate
LAS_Bin11, #/cm3, None, number_size_distribution_of_particles_in_air_per_dlogDp_for_bin_center_optical_diameter_at_316nm_measured_by_LAS_AmmoniumSulfate
LAS_Bin12, #/cm3, None, number_size_distribution_of_particles_in_air_per_dlogDp_for_bin_center_optical_diameter_at_355nm_measured_by_LAS_AmmoniumSulfate
LAS_Bin13, #/cm3, None, number_size_distribution_of_particles_in_air_per_dlogDp_for_bin_center_optical_diameter_at_398nm_measured_by_LAS_AmmoniumSulfate
LAS_Bin14, #/cm3, None, number_size_distribution_of_particles_in_air_per_dlogDp_for_bin_center_optical_diameter_at_447nm_measured_by_LAS_AmmoniumSulfate
LAS_Bin15, #/cm3, None, number_size_distribution_of_particles_in_air_per_dlogDp_for_bin_center_optical_diameter_at_501nm_measured_by_LAS_AmmoniumSulfate
[...]
  - Integrated surface areas and volumes are calculated by assuming spherical particles
  - Data in this file is time synced to DLH water vapor
UNCERTAINTY: all data are 20%
ULOD_FLAG: -7777
ULOD_VALUE: N/A
LLOD_FLAG: -8888
LLOD_VALUE: N/A
DM_CONTACT_INFO: Michael Shook (michael.shook@nasa.gov)
PROJECT_INFO: CAMP2Ex 2019
STIPULATIONS_ON_USE: This is FINAL data. Users are strongly encouraged to consult the PI and/or DM prior to use.
OTHER_COMMENTS: dlogD for Diameters less than 1000 nm is 0.05 (20 channels per decade). For Diameters greater than or equal to 1000 nm, dlogD is 0.1 (10 channels per decade)
OTHER_COMMENTS: Data are processed with respect to mid-point ammonium-sulfate ((NH4)2SO4, AmmSO4) equivalent optical diameters and are rebinned to a standard binning scheme
OTHER_COMMENTS: Mid-point diameters (in nm) are:
		  100.0, 112.2, 125.9, 141.3, 158.5, 177.8, 199.5, 223.9, 251.2, 281.8, 316.2, 354.8, 398.1, 446.7, 501.2, 562.3, 631.0, 707.9, 794.3, 891.3, 1000.0, 1258.9, 1584.9, 1995.3, 2511.9, 3162.3
REVISION: R0
R0: STP calculations now use data from publicly available MetNav files, data is time synced to DLH
RC: Particle sizing now done with respect to ammonium sulfate
RB: Time sync to LARGE CNgt3nm applied
RA: None
*******************************************************************************************************************************
Time_Start,nLAS,sLAS,vLAS,LAS_Bin01,LAS_Bin02,LAS_Bin03,LAS_Bin04,LAS_Bin05,LAS_Bin06,LAS_Bin07,LAS_Bin08,LAS_Bin09,LAS_Bin10,LAS_Bin11,LAS_Bin12,LAS_Bin13,LAS_Bin14,LAS_Bin15,LAS_Bin16,LAS_Bin17,LAS_Bin18,LAS_Bin19,LAS_Bin20,LAS_Bin21,LAS_Bin22,LAS_Bin23,LAS_Bin24,LAS_Bin25,LAS_Bin26,stdPT
[from data line 10301]
92845,966.97,123.23,5.20,2380.57,1913.66,1768.90,1665.70,1968.66,1753.65,1585.91,1653.91,1817.56,1036.02,863.26,587.59,187.63,125.15,0.00,0.00,31.19,0.00,0.00,0.00,0.00,0.00,0.00,0.00,0.00,0.00,1.184
92846,954.08,131.45,6.31,2157.65,1748.68,1955.51,1518.58,1425.28,1867.53,2195.16,1664.98,1576.97,1126.93,908.06,351.59,257.36,218.48,23.41,0.00,31.06,23.35,0.00,15.51,15.51,0.00,0.00,0.00,0.00,0.00,1.184
92847,927.10,120.34,5.07,2687.02,1622.75,1858.52,1376.86,1109.35,1631.84,1936.75,1775.95,1672.02,1127.52,783.23,468.87,374.57,93.44,23.36,0.00,0.00,0.00,0.00,0.00,0.00,0.00,0.00,0.00,0.00,0.00,1.184
92848,930.97,123.14,5.29,2615.85,2004.69,1573.22,1187.77,1537.38,1443.03,1748.31,1917.93,1531.24,1033.89,940.29,586.58,374.51,109.19,0.00,0.00,15.54,0.00,0.00,0.00,0.00,0.00,0.00,0.00,0.00,0.00,1.183
92849,931.46,146.27,15.05,2115.26,2023.00,1697.11,1402.93,1522.06,1729.51,1656.09,1857.58,1674.93,1458.92,847.75,258.39,234.47,62.53,23.40,23.37,0.00,0.00,0.00,0.00,0.00,0.00,11.64,0.00,9.31,0.00,1.183
92850,951.51,135.57,6.00,2132.78,1683.70,1119.82,1422.43,1472.00,1841.82,1698.35,2213.25,2187.45,1360.79,844.94,562.16,233.73,186.97,23.33,23.38,0.00,23.33,0.00,0.00,0.00,0.00,0.00,0.00,0.00,0.00,1.183
92851,974.48,138.40,6.31,2138.50,1847.32,1552.49,1165.38,1522.29,1871.00,1656.18,2314.44,1934.41,1576.55,831.74,657.62,257.90,109.33,0.00,0.00,15.58,0.00,23.36,15.55,0.00,0.00,0.00,0.00,0.00,0.00,1.184
92852,892.04,119.99,4.99,2105.39,1586.08,1068.58,1397.32,1390.99,1627.32,1696.08,2178.88,2019.94,1218.28,765.30,467.68,233.40,62.26,23.36,0.00,0.00,0.00,0.00,0.00,0.00,0.00,0.00,0.00,0.00,0.00,1.184
92853,915.16,116.50,4.79,2207.74,1813.25,1718.93,1235.13,1315.73,1916.83,2008.28,1713.76,1460.76,1456.97,846.27,328.46,187.42,78.14,0.00,0.00,15.55,0.00,0.00,0.00,0.00,0.00,0.00,0.00,0.00,0.00,1.184
92854,906.82,114.78,4.68,1967.04,2100.21,1502.01,1400.85,1568.02,1749.73,1771.20,1948.85,1318.93,1268.60,767.55,469.10,257.57,46.83,0.00,0.00,0.00,0.00,0.00,0.00,0.00,0.00,0.00,0.00,0.00,0.00,1.183
92855,888.47,110.85,4.50,2109.68,1875.38,1619.18,1233.64,1551.16,1748.56,1793.42,1994.39,1388.40,1032.78,657.63,492.11,163.73,109.27,0.00,0.00,0.00,0.00,0.00,0.00,0.00,0.00,0.00,0.00,0.00,0.00,1.184
92856,868.63,111.92,4.91,2068.30,1770.01,1673.60,1618.57,1700.68,1374.71,1515.31,1732.97,1416.55,918.39,769.63,352.63,281.59,140.72,0.00,0.00,15.60,0.00,23.38,0.00,0.00,0.00,0.00,0.00,0.00,0.00,1.184
92857,824.93,108.42,5.31,1774.45,1844.54,1358.72,1471.24,1441.26,1678.27,1605.17,2026.26,988.67,962.66,547.96,445.31,210.67,93.69,0.00,0.00,31.06,0.00,0.00,0.00,0.00,9.30,0.00,0.00,0.00,0.00,1.184
92858,818.66,92.35,3.72,2425.92,1688.32,1694.17,1664.03,1585.91,1467.85,1631.31,1510.39,966.62,728.98,454.73,258.26,187.49,46.89,23.39,23.43,15.56,0.00,0.00,0.00,0.00,0.00,0.00,0.00,0.00,0.00,1.184
92859,804.29,93.95,3.79,2032.02,1695.93,1354.72,1727.38,1578.31,1696.99,1647.61,1440.97,1009.22,959.81,452.67,163.65,163.21,93.26,46.63,23.33,0.00,0.00,0.00,0.00,0.00,0.00,0.00,0.00,0.00,0.00,1.184
92860,822.85,91.95,3.60,2328.39,2100.75,1430.37,1638.99,1522.83,1655.90,1582.95,1210.65,1130.96,846.05,469.86,281.65,187.38,46.81,23.44,0.00,0.00,0.00,0.00,0.00,0.00,0.00,0.00,0.00,0.00,0.00,1.184
92861,818.41,91.42,3.63,1973.57,2202.31,1984.75,1357.48,1621.65,1613.30,1492.73,1229.82,1110.55,730.62,597.21,164.62,211.43,15.68,46.88,0.00,15.59,0.00,0.00,0.00,0.00,0.00,0.00,0.00,0.00,0.00,1.183
92862,875.14,97.02,3.91,2372.82,2256.34,1809.99,1542.29,1819.85,1842.57,1722.56,1287.60,988.17,704.05,594.56,351.45,116.97,46.85,0.00,23.39,0.00,23.30,0.00,0.00,0.00,0.00,0.00,0.00,0.00,0.00,1.184
92863,819.28,92.31,3.70,2644.33,2150.99,1719.49,1023.12,1573.17,1611.62,1396.29,1275.74,873.22,941.62,581.04,399.55,117.38,31.19,23.48,23.46,0.00,0.00,0.00,0.00,0.00,0.00,0.00,0.00,0.00,0.00,1.184
92864,802.48,95.41,3.85,2125.24,2072.25,1614.22,1181.44,1198.80,1765.54,1363.45,1345.35,1054.84,1145.62,561.04,419.99,116.44,62.12,23.32,0.00,0.00,0.00,0.00,0.00,0.00,0.00,0.00,0.00,0.00,0.00,1.184
92865,681.54,77.64,3.22,1944.53,1720.74,1385.47,1093.12,1282.93,1230.75,1370.78,927.92,1107.70,705.29,658.48,70.42,46.91,46.81,0.00,23.43,0.00,0.00,0.00,15.53,0.00,0.00,0.00,0.00,0.00,0.00,1.184
92866,693.70,84.22,3.76,1874.55,1641.39,1721.15,1379.45,1349.09,1066.17,1206.65,991.92,731.45,682.52,502.34,281.88,281.47,125.12,0.00,0.00,15.59,0.00,23.35,0.00,0.00,0.00,0.00,0.00,0.00,0.00,1.184
92867,666.43,72.80,2.88,1675.55,1681.21,1595.09,1515.91,1358.42,1297.65,966.18,987.82,775.32,703.04,375.07,187.14,116.85,46.79,23.31,23.28,0.00,0.00,0.00,0.00,0.00,0.00,0.00,0.00,0.00,0.00,1.184
92868,686.67,82.39,3.41,1512.19,1655.01,1720.31,1282.99,1426.48,1348.63,945.05,896.13,1083.83,681.58,501.46,351.88,187.43,140.44,0.00,0.00,0.00,0.00,0.00,0.00,0.00,0.00,0.00,0.00,0.00,0.00,1.184
92869,768.90,87.14,3.56,2298.38,1666.34,2164.93,1279.37,1470.18,1368.80,1437.76,1082.21,658.12,773.66,469.09,304.25,303.64,77.83,0.00,23.36,0.00,0.00,0.00,0.00,0.00,0.00,0.00,0.00,0.00,0.00,1.183
92870,708.84,83.42,3.57,2327.74,1893.26,1238.91,997.62,1442.52,1253.36,1346.53,958.81,942.21,657.85,532.62,234.52,234.11,46.73,0.00,23.41,46.65,0.00,0.00,0.00,0.00,0.00,0.00,0.00,0.00,0.00,1.184
92871,726.58,88.92,3.91,1893.64,1906.88,1165.61,1399.45,1203.35,1724.90,1368.69,958.01,964.80,751.12,532.04,281.23,257.35,62.32,0.00,46.71,0.00,0.00,0.00,15.50,0.00,0.00,0.00,0.00,0.00,0.00,1.184
92872,711.53,76.03,2.98,2177.94,2078.55,1567.79,1184.36,1517.12,1249.98,1131.01,877.91,822.21,702.96,562.53,187.14,93.37,62.22,0.00,0.00,15.53,0.00,0.00,0.00,0.00,0.00,0.00,0.00,0.00,0.00,1.184
92873,717.97,83.57,3.53,1801.74,1768.16,1863.06,1521.57,1443.67,1207.63,1158.60,912.87,849.01,729.27,454.84,305.21,164.04,93.87,46.79,23.44,15.58,0.00,0.00,0.00,0.00,0.00,0.00,0.00,0.00,0.00,1.184
92874,700.51,83.80,3.57,1731.19,1864.88,1648.74,1165.74,1460.07,1445.76,970.45,882.03,920.43,682.73,565.21,399.41,93.80,93.89,46.89,23.38,15.57,0.00,0.00,0.00,0.00,0.00,0.00,0.00,0.00,0.00,1.183
92875,779.38,88.35,3.56,2133.51,1828.28,2002.83,1637.19,1456.11,1275.72,1203.76,1115.11,1082.53,704.22,453.85,351.43,257.27,62.38,23.35,0.00,0.00,0.00,0.00,0.00,0.00,0.00,0.00,0.00,0.00,0.00,1.183
92876,757.84,87.87,3.65,1967.75,2084.10,1503.13,1519.78,1505.94,1324.40,1346.59,1131.83,895.20,751.93,470.11,328.28,187.35,78.08,23.43,23.34,15.54,0.00,0.00,0.00,0.00,0.00,0.00,0.00,0.00,0.00,1.183
92877,771.68,84.64,3.33,2351.05,2290.52,1502.83,1590.33,1314.48,1182.14,1369.62,1021.31,753.43,915.88,736.17,210.99,140.34,31.19,23.36,0.00,0.00,0.00,0.00,0.00,0.00,0.00,0.00,0.00,0.00,0.00,1.183
92878,821.71,94.55,3.84,2280.06,1765.96,1977.46,1425.23,1519.91,1561.01,1630.08,1210.54,1295.66,657.93,438.67,328.31,187.30,109.23,23.43,23.42,0.00,0.00,0.00,0.00,0.00,0.00,0.00,0.00,0.00,0.00,1.183
92879,781.63,85.16,3.33,2193.09,2173.18,1676.15,1407.15,1687.38,1401.73,1376.13,994.84,1017.39,707.99,487.79,235.57,164.62,109.63,0.00,0.00,0.00,0.00,0.00,0.00,0.00,0.00,0.00,0.00,0.00,0.00,1.184
92880,786.63,82.98,3.17,2034.08,2140.14,1925.65,1704.98,1374.67,1368.36,1531.50,1254.05,916.17,679.50,437.51,163.69,70.08,108.92,23.37,0.00,0.00,0.00,0.00,0.00,0.00,0.00,0.00,0.00,0.00,0.00,1.184
92881,720.12,83.14,3.57,2014.46,2082.81,1526.00,1495.38,1394.48,1489.51,1204.11,754.21,494.43,610.58,641.93,328.17,163.82,93.51,70.13,23.40,15.53,0.00,0.00,0.00,0.00,0.00,0.00,0.00,0.00,0.00,1.184
92882,764.91,79.25,3.00,2115.69,2119.28,1938.64,1617.88,1316.77,1327.30,1609.75,1070.87,731.64,517.93,486.67,234.88,164.12,46.86,0.00,0.00,0.00,0.00,0.00,0.00,0.00,0.00,0.00,0.00,0.00,0.00,1.183
92883,784.65,87.48,3.54,2674.87,1804.87,1638.63,1441.87,1813.97,1248.00,1199.25,1220.62,680.01,771.88,530.32,326.80,256.53,62.08,0.00,23.23,0.00,0.00,0.00,0.00,0.00,0.00,0.00,0.00,0.00,0.00,1.184
92884,761.20,88.34,3.58,1973.41,1723.13,1866.89,1310.11,1637.08,1280.90,1516.36,1103.68,779.64,942.56,440.05,235.39,305.25,109.53,0.00,0.00,0.00,0.00,0.00,0.00,0.00,0.00,0.00,0.00,0.00,0.00,1.183
92885,718.76,84.10,3.52,1962.00,1888.48,1759.37,1563.23,1343.78,1061.72,1154.19,893.61,657.76,820.11,515.83,257.27,396.89,77.72,23.31,0.00,0.00,0.00,0.00,0.00,0.00,0.00,0.00,0.00,0.00,0.00,1.183
92886,699.58,79.94,3.19,1895.93,1574.98,1572.37,1211.35,1441.47,1419.34,1110.52,1210.77,942.44,587.55,485.96,281.37,187.33,46.81,23.44,0.00,0.00,0.00,0.00,0.00,0.00,0.00,0.00,0.00,0.00,0.00,1.182
92887,718.38,81.57,3.34,2015.30,1892.43,1932.25,1519.60,1346.70,1135.04,850.27,801.57,1012.75,610.83,516.76,398.72,257.53,77.92,0.00,0.00,0.00,0.00,0.00,0.00,0.00,0.00,0.00,0.00,0.00,0.00,1.183
92888,667.97,78.69,3.35,1557.14,1873.61,1616.95,1564.72,1549.78,1086.03,731.09,815.91,681.93,633.28,500.51,280.99,327.27,124.64,0.00,0.00,15.52,0.00,0.00,0.00,0.00,0.00,0.00,0.00,0.00,0.00,1.183
92889,751.94,82.93,3.28,1825.13,2053.60,1887.29,1449.97,1412.34,1657.61,1158.49,1006.83,801.60,846.58,423.34,234.74,187.59,46.83,46.84,0.00,0.00,0.00,0.00,0.00,0.00,0.00,0.00,0.00,0.00,0.00,1.182
92890,777.99,92.55,3.95,2470.53,2114.30,1334.57,1329.28,1441.55,1465.30,1251.38,1099.81,1059.52,751.54,328.81,445.39,351.03,31.20,46.78,23.33,15.55,0.00,0.00,0.00,0.00,0.00,0.00,0.00,0.00,0.00,1.182
92891,802.89,87.92,3.54,2622.56,1802.31,1985.21,1762.11,1844.08,1067.37,1231.84,945.81,873.96,730.38,534.18,282.26,258.33,93.88,23.43,0.00,0.00,0.00,0.00,0.00,0.00,0.00,0.00,0.00,0.00,0.00,1.183
92892,801.14,89.94,3.69,2373.55,1940.88,1668.88,1637.47,1790.60,1300.33,1251.08,1351.07,847.52,774.96,469.83,351.60,140.42,78.03,23.36,0.00,0.00,23.32,0.00,0.00,0.00,0.00,0.00,0.00,0.00,0.00,1.182
92893,813.96,92.13,3.92,2232.73,1831.57,1790.55,1473.75,1903.09,1917.76,1252.86,1069.81,942.97,728.91,548.77,375.56,93.74,78.13,23.39,0.00,0.00,0.00,0.00,0.00,15.53,0.00,0.00,0.00,0.00,0.00,1.182
92894,737.71,83.20,3.44,2086.54,1986.82,1739.89,1186.55,1267.03,1678.42,1321.98,942.60,823.93,633.99,547.97,257.74,163.79,62.43,0.00,23.40,31.08,0.00,0.00,0.00,0.00,0.00,0.00,0.00,0.00,0.00,1.182
92895,789.39,90.25,3.71,2037.61,2048.97,1835.37,1613.25,1771.96,1299.18,1486.30,926.21,658.75,774.39,625.79,351.39,163.64,171.55,23.40,0.00,0.00,0.00,0.00,0.00,0.00,0.00,0.00,0.00,0.00,0.00,1.183
92896,734.97,81.75,3.31,1901.17,1818.74,1675.24,1643.91,1749.39,1613.30,900.38,1024.83,708.88,542.06,439.97,329.41,187.82,140.79,23.50,0.00,0.00,0.00,0.00,0.00,0.00,0.00,0.00,0.00,0.00,0.00,1.183
92897,799.96,79.50,3.05,2903.67,2337.00,1717.29,1519.81,1760.06,1514.01,1086.62,1006.16,706.68,540.42,469.94,234.64,70.28,109.14,0.00,23.42,0.00,0.00,0.00,0.00,0.00,0.00,0.00,0.00,0.00,0.00,1.183
92898,707.25,75.58,3.00,2021.12,1963.04,1960.86,1166.93,1461.16,1518.37,852.74,961.68,732.37,494.87,549.88,164.62,164.28,109.57,23.44,0.00,0.00,0.00,0.00,0.00,0.00,0.00,0.00,0.00,0.00,0.00,1.183
92899,701.91,76.65,3.16,2082.63,2063.31,1782.86,1232.17,1233.12,1439.45,918.95,752.80,987.01,585.99,515.81,210.59,140.22,46.69,0.00,23.36,0.00,23.31,0.00,0.00,0.00,0.00,0.00,0.00,0.00,0.00,1.183
92900,753.34,79.70,3.03,1853.96,1994.54,1891.62,1905.49,1430.05,1281.37,971.47,1261.68,945.19,612.83,550.20,211.76,94.01,62.69,0.00,0.00,0.00,0.00,0.00,0.00,0.00,0.00,0.00,0.00,0.00,0.00,1.183
92901,718.63,81.34,3.42,1939.66,1922.32,1714.36,1422.19,1375.21,1533.89,1107.99,1035.38,775.76,445.55,375.47,397.85,186.92,62.35,23.32,23.37,31.07,0.00,0.00,0.00,0.00,0.00,0.00,0.00,0.00,0.00,1.184
92902,760.01,100.02,10.92,2395.80,2351.22,1570.21,1422.78,1314.05,1299.30,1250.17,957.53,870.25,727.24,516.10,304.46,116.98,62.27,0.00,23.30,0.00,0.00,0.00,0.00,0.00,0.00,0.00,0.00,9.28,0.00,1.183
92903,718.58,77.38,3.03,2165.63,1770.30,1769.50,1715.05,1302.72,1209.37,947.41,1056.08,779.47,612.55,659.90,94.12,211.31,78.20,0.00,0.00,0.00,0.00,0.00,0.00,0.00,0.00,0.00,0.00,0.00,0.00,1.183
92904,717.67,77.19,3.10,2797.86,1631.86,1735.41,1159.51,1358.63,1320.52,1082.81,845.97,915.60,398.08,562.34,257.11,139.94,124.42,23.29,0.00,0.00,0.00,0.00,0.00,0.00,0.00,0.00,0.00,0.00,0.00,1.183
92905,750.66,76.04,2.90,2664.88,1910.10,1599.81,2043.27,1189.14,1135.89,1370.75,927.86,707.08,634.74,407.63,187.79,140.53,93.67,0.00,0.00,0.00,0.00,0.00,0.00,0.00,0.00,0.00,0.00,0.00,0.00,1.184
92906,773.04,101.81,11.18,2271.18,2362.39,1781.11,1584.94,1768.32,990.05,1247.33,923.87,774.41,795.86,437.09,256.96,69.96,108.84,46.62,0.00,0.00,0.00,23.24,0.00,0.00,0.00,0.00,0.00,9.26,0.00,1.184
92907,756.54,118.75,22.66,2693.64,1913.53,1624.86,1642.11,1571.97,1327.90,1112.68,850.75,661.02,494.48,533.67,258.53,211.23,187.74,0.00,23.39,0.00,0.00,0.00,0.00,0.00,0.00,0.00,0.00,0.00,11.64,1.183
92908,752.13,82.22,3.30,2320.80,1839.72,1973.91,1420.56,1707.25,1249.97,918.52,909.02,962.98,562.24,546.79,374.14,210.02,31.13,0.00,0.00,15.52,0.00,0.00,0.00,0.00,0.00,0.00,0.00,0.00,0.00,1.184
92909,740.33,120.43,23.39,2329.46,1927.01,1717.29,1711.13,1221.74,1277.95,1229.21,943.90,683.66,775.98,501.74,187.73,117.29,124.97,0.00,0.00,15.57,0.00,0.00,0.00,0.00,9.32,0.00,0.00,0.00,11.63,1.184
92910,743.07,80.30,3.14,2399.34,2003.89,1406.97,1282.51,1505.80,1608.11,1251.94,880.27,777.26,751.82,469.92,328.43,140.49,31.27,23.37,0.00,0.00,0.00,0.00,0.00,0.00,0.00,0.00,0.00,0.00,0.00,1.184
92911,726.04,80.64,3.27,2249.44,1839.99,1853.44,1326.27,1406.41,1392.03,1083.71,830.88,751.74,562.38,515.76,350.74,280.10,77.84,0.00,0.00,0.00,0.00,0.00,0.00,0.00,0.00,0.00,0.00,0.00,0.00,1.183
92912,744.24,101.75,11.17,1945.71,2485.43,1720.60,1283.84,1428.96,1397.33,1111.69,771.18,919.75,682.20,454.81,305.18,234.45,78.15,0.00,46.81,0.00,0.00,0.00,0.00,0.00,0.00,0.00,0.00,9.31,0.00,1.184
92913,742.78,83.31,3.56,2129.21,1839.39,1901.33,1585.88,1469.68,1438.78,1059.73,1050.04,657.52,772.94,328.19,280.64,186.76,46.76,46.65,23.34,15.52,23.26,0.00,0.00,0.00,0.00,0.00,0.00,0.00,0.00,1.184
92914,744.08,83.56,3.64,2060.66,2288.42,1286.81,1826.55,1361.48,1441.12,1061.44,1130.36,729.24,657.00,453.78,234.12,233.81,77.90,23.40,0.00,0.00,0.00,0.00,0.00,15.51,0.00,0.00,0.00,0.00,0.00,1.184
92915,726.61,80.86,3.25,2131.56,1984.00,1548.32,1611.62,1312.63,1393.11,966.63,941.46,799.40,750.42,484.87,304.27,233.73,46.77,23.32,0.00,0.00,0.00,0.00,0.00,0.00,0.00,0.00,0.00,0.00,0.00,1.184
92916,733.84,82.88,3.37,1897.89,2023.07,1718.07,1379.04,1633.90,1208.10,1300.82,849.70,801.77,823.28,360.68,328.65,281.50,46.85,0.00,23.44,0.00,0.00,0.00,0.00,0.00,0.00,0.00,0.00,0.00,0.00,1.184
92917,772.91,84.33,3.32,2034.80,2221.87,1710.98,1752.74,1500.55,1250.47,1272.08,1144.42,775.33,609.31,702.80,233.86,163.47,62.26,23.31,0.00,0.00,0.00,0.00,0.00,0.00,0.00,0.00,0.00,0.00,0.00,1.183
92918,743.84,81.53,3.38,2260.94,2216.62,1769.88,1546.92,1223.02,1493.92,970.76,945.46,613.87,706.52,581.13,164.60,281.57,78.19,0.00,0.00,0.00,23.39,0.00,0.00,0.00,0.00,0.00,0.00,0.00,0.00,1.184
92919,734.58,81.67,3.32,2158.96,2005.03,1596.98,1614.65,1315.27,1536.86,968.21,738.67,871.34,845.61,501.39,257.84,163.90,78.04,23.36,0.00,15.55,0.00,0.00,0.00,0.00,0.00,0.00,0.00,0.00,0.00,1.184
92920,768.22,84.46,3.45,2277.53,1924.13,1596.68,1637.52,1631.53,1488.72,1298.21,1067.97,729.67,727.81,532.24,140.57,187.24,46.80,23.35,23.40,31.09,0.00,0.00,0.00,0.00,0.00,0.00,0.00,0.00,0.00,1.184
92921,763.65,86.98,3.77,2381.68,2057.71,1578.66,1571.41,1540.14,1493.71,1184.05,992.79,566.77,612.43,534.19,329.18,328.71,62.49,0.00,0.00,15.58,0.00,23.39,0.00,0.00,0.00,0.00,0.00,0.00,0.00,1.183
92922,731.55,77.98,3.10,2228.96,1937.77,1665.14,1897.15,1440.78,1086.64,1061.63,1130.41,682.28,445.89,500.67,210.83,210.43,109.04,23.34,0.00,0.00,0.00,0.00,0.00,0.00,0.00,0.00,0.00,0.00,0.00,1.184
92923,776.06,86.66,4.15,2215.03,2329.90,1721.95,1358.45,1749.47,1329.60,1303.93,962.32,898.25,683.78,487.28,235.32,141.04,62.69,23.45,0.00,0.00,0.00,0.00,0.00,0.00,9.34,0.00,0.00,0.00,0.00,1.183
92924,748.96,82.15,3.33,2323.74,1779.26,2045.03,1469.62,1439.44,1204.73,1344.24,957.30,658.36,539.41,625.67,280.94,186.86,109.09,0.00,0.00,15.54,0.00,0.00,0.00,0.00,0.00,0.00,0.00,0.00,0.00,1.183
