NASA Data Processing/CAMP2Ex/LAS/CAMP2Ex-LARGE-LAS_P3B_20190925_R0.ict
78, 1001
Luke Ziemba
NASA Langley
In-situ Particle Size Distributions from the TSI LAS on the NASA P3B
NASA CAMP2Ex
1,1
2019,09,25,2020,05,5
1.0
Time_Start,Secs after midnight,Time of acquisition
30
1,1,1,1,1,1,1,1,1,1,1,1,1,1,1,1,1,1,1,1,1,1,1,1,1,1,1,1,1,1
-9999,-9999,-9999,-9999,-9999,-9999,-9999,-9999,-9999,-9999,-9999,-9999,-9999,-9999,-9999,-9999,-9999,-9999,-9999,-9999,-9999,-9999,-9999,-9999,-9999,-9999,-9999,-9999,-9999,-9999
nLAS, #/cm3, AerMP_NumConc_InSitu_RHd_Optical_AccutoCoarse_STP, Number_concentration_of_particles_in_air_integrated_over_reported_LAS_dry_optical_bins_wrt_AmmoniumSulfate
sLAS, um2/cm3, AerMP_SurfAreaConc_InSitu_RHd_Optical_AccutoCoarse_STP, Surface_area_concentration_of_particles_in_air_integrated_over_reported_LAS_dry_optical_bins_wrt_AmmoniumSulfate
vLAS, um3/cm3, AerMP_VolConc_InSitu_RHd_Optical_AccutoCoarse_STP, Volume_concentration_of_particles_in_air_integrated_over_reported_LAS_dry_optical_bins_wrt_AmmoniumSulfate
LAS_Bin01, #/cm3, None, number_size_distribution_of_particles_in_air_per_dlogDp_for_bin_center_optical_diameter_at_100nm_measured_by_LAS_AmmoniumSulfate
LAS_Bin02, #/cm3, None, number_size_distribution_of_particles_in_air_per_dlogDp_for_bin_center_optical_diameter_at_112nm_measured_by_LAS_AmmoniumSulfate
LAS_Bin03, #/cm3, None, number_size_distribution_of_particles_in_air_per_dlogDp_for_bin_center_optical_diameter_at_126nm_measured_by_LAS_AmmoniumSulfate
LAS_Bin04, #/cm3, None, number_size_distribution_of_particles_in_air_per_dlogDp_for_bin_center_optical_diameter_at_141nm_measured_by_LAS_AmmoniumSulfate
LAS_Bin05, #/cm3, None, number_size_distribution_of_particles_in_air_per_dlogDp_for_bin_center_optical_diameter_at_158nm_measured_by_LAS_AmmoniumSulfate
LAS_Bin06, #/cm3, None, number_size_distribution_of_particles_in_air_per_dlogDp_for_bin_center_optical_diameter_at_178nm_measured_by_LAS_AmmoniumSulfate
LAS_Bin07, #/cm3, None, number_size_distribution_of_particles_in_air_per_dlogDp_for_bin_center_optical_diameter_at_200nm_measured_by_LAS_AmmoniumSulfate
LAS_Bin08, #/cm3, None, number_size_distribution_of_particles_in_air_per_dlogDp_for_bin_center_optical_diameter_at_224nm_measured_by_LAS_AmmoniumSulfate
LAS_Bin09, #/cm3, None, number_size_distribution_of_particles_in_air_per_dlogDp_for_bin_center_optical_diameter_at_251nm_measured_by_LAS_AmmoniumSulfate
LAS_Bin10, #/cm3, None, number_size_distribution_of_particles_in_air_per_dlogDp_for_bin_center_optical_diameter_at_282nm_measured_by_LAS_AmmoniumSulfate
LAS_Bin11, #/cm3, None, number_size_distribution_of_particles_in_air_per_dlogDp_for_bin_center_optical_diameter_at_316nm_measured_by_LAS_AmmoniumSulfate
LAS_Bin12, #/cm3, None, number_size_distribution_of_particles_in_air_per_dlogDp_for_bin_center_optical_diameter_at_355nm_measured_by_LAS_AmmoniumSulfate
LAS_Bin13, #/cm3, None, number_size_distribution_of_particles_in_air_per_dlogDp_for_bin_center_optical_diameter_at_398nm_measured_by_LAS_AmmoniumSulfate
LAS_Bin14, #/cm3, None, number_size_distribution_of_particles_in_air_per_dlogDp_for_bin_center_optical_diameter_at_447nm_measured_by_LAS_AmmoniumSulfate
LAS_Bin15, #/cm3, None, number_size_distribution_of_particles_in_air_per_dlogDp_for_bin_center_optical_diameter_at_501nm_measured_by_LAS_AmmoniumSulfate
[...]
  - Integrated surface areas and volumes are calculated by assuming spherical particles
  - Data in this file is time synced to DLH water vapor
UNCERTAINTY: all data are 20%
ULOD_FLAG: -7777
ULOD_VALUE: N/A
LLOD_FLAG: -8888
LLOD_VALUE: N/A
DM_CONTACT_INFO: Michael Shook (michael.shook@nasa.gov)
PROJECT_INFO: CAMP2Ex 2019
STIPULATIONS_ON_USE: This is FINAL data. Users are strongly encouraged to consult the PI and/or DM prior to use.
OTHER_COMMENTS: dlogD for Diameters less than 1000 nm is 0.05 (20 channels per decade). For Diameters greater than or equal to 1000 nm, dlogD is 0.1 (10 channels per decade)
OTHER_COMMENTS: Data are processed with respect to mid-point ammonium-sulfate ((NH4)2SO4, AmmSO4) equivalent optical diameters and are rebinned to a standard binning scheme
OTHER_COMMENTS: Mid-point diameters (in nm) are:
		  100.0, 112.2, 125.9, 141.3, 158.5, 177.8, 199.5, 223.9, 251.2, 281.8, 316.2, 354.8, 398.1, 446.7, 501.2, 562.3, 631.0, 707.9, 794.3, 891.3, 1000.0, 1258.9, 1584.9, 1995.3, 2511.9, 3162.3
REVISION: R0
R0: STP calculations now use data from publicly available MetNav files, data is time synced to DLH
RC: Particle sizing now done with respect to ammonium sulfate
RB: Time sync to LARGE CNgt3nm applied
RA: None
*******************************************************************************************************************************
Time_Start,nLAS,sLAS,vLAS,LAS_Bin01,LAS_Bin02,LAS_Bin03,LAS_Bin04,LAS_Bin05,LAS_Bin06,LAS_Bin07,LAS_Bin08,LAS_Bin09,LAS_Bin10,LAS_Bin11,LAS_Bin12,LAS_Bin13,LAS_Bin14,LAS_Bin15,LAS_Bin16,LAS_Bin17,LAS_Bin18,LAS_Bin19,LAS_Bin20,LAS_Bin21,LAS_Bin22,LAS_Bin23,LAS_Bin24,LAS_Bin25,LAS_Bin26,stdPT
[from data line 22217]
32755,967.55,124.20,5.26,1925.37,1867.68,1746.25,2049.34,1924.68,2136.13,1564.17,1876.96,1370.80,1037.29,974.66,400.01,281.85,125.31,23.45,46.99,0.00,0.00,0.00,0.00,0.00,0.00,0.00,0.00,0.00,0.00,1.232
32756,922.82,145.77,13.92,1456.28,2026.32,1992.42,1748.62,1876.28,1694.59,1832.93,1360.62,1499.89,1098.66,810.59,349.94,465.86,124.20,46.56,0.00,0.00,0.00,23.19,0.00,30.91,0.00,0.00,0.00,9.25,0.00,1.232
32757,1017.88,140.89,8.08,1988.42,2143.20,2025.21,1921.42,2215.66,2031.17,1840.03,1915.21,1364.42,1267.09,782.30,281.07,350.81,93.39,23.34,0.00,15.55,0.00,46.55,0.00,15.51,18.60,0.00,0.00,0.00,0.00,1.231
32758,1057.13,127.15,5.15,2257.54,2116.99,2312.40,2020.28,2220.58,1988.42,2316.99,1604.49,1626.59,1081.65,768.27,375.59,328.04,78.03,46.77,0.00,0.00,0.00,0.00,0.00,0.00,0.00,0.00,0.00,0.00,0.00,1.231
32759,961.76,151.98,23.91,1919.10,2131.71,1980.40,1852.39,1726.45,2033.85,2291.15,1713.01,1154.01,939.71,704.70,351.94,304.48,62.36,23.36,23.33,0.00,0.00,0.00,0.00,0.00,0.00,0.00,0.00,0.00,11.61,1.230
32760,930.16,117.58,5.04,1733.86,2091.63,2011.61,1668.44,1668.18,1946.44,1777.98,1514.40,1323.80,1367.57,691.98,588.38,46.95,140.85,0.00,0.00,15.61,0.00,0.00,15.58,0.00,0.00,0.00,0.00,0.00,0.00,1.230
32761,1051.10,131.59,5.94,2078.85,2438.84,2066.37,2411.83,2161.55,1978.50,1834.70,1768.76,1501.02,1029.34,826.73,467.10,256.45,77.84,69.93,23.31,0.00,0.00,0.00,15.45,15.46,0.00,0.00,0.00,0.00,0.00,1.230
32762,927.20,120.52,5.93,1703.63,2194.31,1905.52,1852.00,1773.35,1655.15,1913.29,1524.80,1366.14,1151.27,704.83,422.19,234.15,62.43,23.37,23.34,0.00,0.00,0.00,15.54,0.00,9.31,0.00,0.00,0.00,0.00,1.229
32763,1008.77,128.70,5.61,1970.24,1992.36,2294.68,2330.78,2029.55,1611.12,1774.30,1700.24,1368.33,1364.87,863.23,375.78,257.91,171.90,0.00,0.00,46.75,23.37,0.00,0.00,0.00,0.00,0.00,0.00,0.00,0.00,1.229
32764,1071.90,129.76,5.45,2661.98,2543.75,2073.21,2159.78,2201.33,1583.68,2219.26,1602.43,1483.05,1056.64,971.00,421.88,280.77,109.10,46.77,0.00,0.00,23.32,0.00,0.00,0.00,0.00,0.00,0.00,0.00,0.00,1.228
32765,983.67,135.80,12.70,2036.66,1937.94,2213.93,2276.17,2482.06,2101.74,1438.98,1475.36,1317.06,774.20,782.21,327.85,327.37,108.95,23.39,0.00,15.53,0.00,0.00,15.50,0.00,0.00,0.00,0.00,9.28,0.00,1.227
32766,1055.42,125.15,5.02,2208.96,2420.03,2149.98,2115.35,2204.89,2011.86,2080.18,1730.41,1390.84,1340.32,705.41,375.52,210.84,140.44,23.39,0.00,0.00,0.00,0.00,0.00,0.00,0.00,0.00,0.00,0.00,0.00,1.227
32767,1180.83,142.08,6.22,2713.88,2612.16,2624.06,2709.39,2490.38,2367.03,2057.10,1730.66,1343.84,1034.67,925.12,492.92,140.57,265.71,23.39,23.43,15.56,23.38,23.35,0.00,0.00,0.00,0.00,0.00,0.00,0.00,1.226
32768,1235.27,148.96,6.80,3180.88,2949.53,2498.21,2650.93,2320.53,2097.99,2118.97,1817.35,1784.16,1311.29,1046.39,467.47,349.99,77.65,0.00,0.00,15.49,0.00,0.00,0.00,0.00,9.29,0.00,0.00,0.00,0.00,1.225
32769,1262.28,146.77,6.10,3133.67,2861.36,3306.89,2957.58,2436.33,1972.10,2230.51,1705.16,1490.61,920.42,1054.14,612.66,282.16,219.33,23.47,23.52,15.61,0.00,0.00,0.00,0.00,0.00,0.00,0.00,0.00,0.00,1.225
32770,1404.84,182.48,10.16,3772.13,3280.16,3081.51,2876.87,2666.40,2700.40,1844.73,2077.46,1816.00,1623.23,1035.22,563.52,398.46,218.94,23.40,46.81,0.00,0.00,0.00,15.54,0.00,27.98,0.00,0.00,0.00,0.00,1.223
32771,1460.01,165.19,6.84,4417.48,3641.89,3109.12,3427.01,2713.53,2472.32,2162.65,1986.67,1617.55,1402.96,1107.06,490.07,419.44,139.59,23.26,23.23,46.47,0.00,0.00,0.00,0.00,0.00,0.00,0.00,0.00,0.00,1.223
32772,1498.01,172.86,9.12,4606.24,3928.28,3576.67,3063.37,3042.40,2577.67,2102.26,2043.09,1719.27,1057.11,1002.47,679.97,327.64,140.36,46.85,0.00,0.00,0.00,23.30,0.00,0.00,0.00,11.63,0.00,0.00,0.00,1.223
32773,1454.93,171.81,7.27,4009.47,3150.82,3554.56,2756.31,3122.93,2532.07,2269.13,2091.63,1744.01,1575.03,1160.02,422.29,374.86,171.62,70.26,46.85,46.69,0.00,0.00,0.00,0.00,0.00,0.00,0.00,0.00,0.00,1.222
32774,1577.91,183.33,7.73,3897.29,4231.72,3871.64,3218.64,2938.07,2663.46,2494.85,2459.07,1549.07,1849.56,1217.96,467.31,373.19,171.27,116.49,0.00,15.49,0.00,23.22,0.00,0.00,0.00,0.00,0.00,0.00,0.00,1.221
32775,1397.42,165.56,7.32,3814.92,3578.64,3006.40,3039.85,2805.81,2152.32,2220.32,1776.10,2025.52,1362.57,1065.36,445.59,397.91,93.54,46.73,46.75,31.09,23.36,0.00,0.00,15.53,0.00,0.00,0.00,0.00,0.00,1.221
32776,1368.79,158.60,7.18,3395.87,3900.89,3134.64,2958.50,2621.78,2097.97,2283.65,2021.06,1737.25,1147.43,1014.94,607.73,163.25,202.20,46.70,23.34,0.00,0.00,0.00,0.00,0.00,9.28,0.00,0.00,0.00,0.00,1.220
32777,1494.67,175.95,7.84,4072.22,3953.69,3478.40,3057.54,2878.45,2573.62,2405.45,1914.27,1810.62,1454.18,1000.94,561.93,374.24,202.50,46.66,23.30,31.05,23.32,0.00,31.03,0.00,0.00,0.00,0.00,0.00,0.00,1.220
32778,1500.15,177.34,7.39,3585.16,3562.89,3303.92,3193.59,3061.34,2520.80,2776.56,2020.03,2064.91,1591.55,1030.40,584.27,513.23,155.47,23.34,0.00,0.00,0.00,0.00,15.46,0.00,0.00,0.00,0.00,0.00,0.00,1.219
32779,1478.51,161.61,6.59,4262.60,3462.77,3996.31,3265.28,2943.38,2350.40,2394.75,1940.47,1867.68,1013.94,1053.67,470.84,352.37,125.31,23.52,0.00,0.00,46.87,0.00,0.00,0.00,0.00,0.00,0.00,0.00,0.00,1.219
32780,1621.27,225.48,27.92,4475.13,4045.07,3756.80,3316.18,3288.49,2784.17,2592.13,2147.76,2020.57,1617.04,1250.23,444.37,397.04,186.71,0.00,23.28,0.00,0.00,23.27,15.48,0.00,9.29,0.00,0.00,0.00,11.59,1.218
32781,1598.16,186.81,8.12,4132.26,3901.81,3821.81,3685.20,3555.41,2534.78,2128.59,2187.39,1792.46,1670.27,1302.18,563.69,304.91,203.16,93.71,23.37,46.70,0.00,0.00,0.00,15.54,0.00,0.00,0.00,0.00,0.00,1.218
32782,1550.05,211.77,26.43,3979.14,3813.15,3954.50,3463.24,3292.29,2622.24,2076.32,2182.59,1741.11,1642.79,954.43,609.02,350.91,202.71,46.68,0.00,46.62,0.00,0.00,0.00,0.00,0.00,0.00,0.00,0.00,11.61,1.217
32783,1514.55,187.67,8.61,3656.42,3779.98,3227.99,3118.89,3130.15,2465.35,2604.93,2269.05,1865.49,1954.98,863.79,658.24,305.15,140.82,46.92,46.95,46.76,93.59,0.00,15.56,0.00,0.00,0.00,0.00,0.00,0.00,1.217
32784,1659.57,186.74,7.54,4662.00,4333.37,3942.59,3068.69,3636.07,2748.11,2342.41,2188.46,1981.89,1812.08,1192.44,657.85,469.33,124.99,0.00,0.00,31.16,0.00,0.00,0.00,0.00,0.00,0.00,0.00,0.00,0.00,1.216
32785,1758.63,207.36,8.94,5076.17,3874.79,4084.90,3689.59,3080.91,3248.96,3054.68,2568.82,1960.00,1884.31,1052.31,799.33,422.69,234.59,46.92,0.00,0.00,93.62,0.00,0.00,0.00,0.00,0.00,0.00,0.00,0.00,1.215
32786,1616.86,182.91,7.93,4726.85,4182.63,3812.04,3538.72,3027.46,2932.86,2338.81,2169.24,1766.64,1527.20,1002.92,680.11,374.53,93.65,93.60,0.00,31.13,0.00,23.33,0.00,15.53,0.00,0.00,0.00,0.00,0.00,1.215
32787,1749.96,215.01,12.53,5080.12,4226.96,3669.28,4079.80,3213.03,2645.83,2854.84,2920.35,2046.85,1619.30,1189.21,655.64,351.13,233.90,93.42,46.70,31.06,0.00,23.30,0.00,0.00,0.00,0.00,9.29,0.00,0.00,1.214
32788,1743.36,249.93,29.09,4269.14,4530.89,4171.78,3323.65,3390.65,2814.03,2503.15,2702.92,2401.89,1738.13,1347.14,867.60,421.23,202.88,70.27,46.74,0.00,0.00,23.30,0.00,0.00,9.31,0.00,0.00,0.00,11.61,1.213
32789,1636.33,221.97,19.73,4152.33,3578.75,4128.43,3657.46,3376.82,2460.54,2858.37,2279.85,1837.64,1903.40,1003.03,797.51,327.80,218.62,46.75,0.00,46.67,0.00,0.00,15.52,0.00,0.00,0.00,9.30,9.29,0.00,1.213
32790,1644.91,198.50,9.16,4471.08,4508.56,3607.51,3331.37,2953.58,2985.65,2508.62,2015.81,1864.36,1624.23,1412.22,775.53,469.22,281.47,46.83,0.00,0.00,23.41,0.00,0.00,0.00,9.33,0.00,0.00,0.00,0.00,1.212
32791,1711.63,211.45,9.14,4333.93,3983.36,4000.63,3412.75,3273.67,2620.31,2828.96,2400.17,2233.14,1993.02,1360.39,912.89,490.57,248.90,93.40,23.29,0.00,0.00,23.28,0.00,0.00,0.00,0.00,0.00,0.00,0.00,1.212
32792,1659.89,215.56,16.48,4646.39,3989.29,3617.13,4026.21,3164.34,3037.53,2393.81,2018.68,1654.33,1720.88,1304.59,706.08,587.33,187.61,23.45,46.91,15.62,0.00,23.38,0.00,15.59,0.00,0.00,0.00,9.33,0.00,1.212
32793,1657.70,202.42,8.92,4130.72,3852.67,3626.83,3826.50,3331.71,2698.76,2884.34,2391.33,1791.67,1810.61,1050.54,774.63,538.95,281.00,93.61,23.36,0.00,0.00,46.67,0.00,0.00,0.00,0.00,0.00,0.00,0.00,1.211
32794,1575.21,190.78,9.02,4298.54,4043.43,3367.77,2946.99,3425.45,2816.48,2647.75,1793.41,2027.33,1739.99,1034.43,539.96,421.73,187.35,93.67,23.43,31.12,46.76,0.00,0.00,0.00,9.32,0.00,0.00,0.00,0.00,1.210
32795,1536.86,183.56,7.71,3886.70,3975.14,3481.92,3229.00,3026.72,2483.53,2102.09,2011.70,2213.72,1573.93,1425.81,609.56,351.10,280.66,46.79,23.33,15.55,0.00,0.00,0.00,0.00,0.00,0.00,0.00,0.00,0.00,1.210
32796,1557.17,187.38,8.48,4523.76,4060.80,3284.79,3150.54,2609.15,2382.24,2709.62,2289.07,1926.57,1781.04,1093.75,584.92,420.42,171.39,70.05,23.28,15.52,0.00,0.00,31.01,15.48,0.00,0.00,0.00,0.00,0.00,1.211
32797,1506.00,188.85,14.83,4286.80,4073.20,3255.03,3313.43,2895.61,2587.43,2252.56,2271.90,1607.78,1226.33,1147.73,494.41,305.44,235.00,93.89,23.50,31.25,0.00,0.00,0.00,0.00,0.00,0.00,0.00,9.33,0.00,1.210
32798,1419.47,197.46,26.09,3627.45,4012.48,3653.63,2923.99,3235.42,2059.72,1915.38,2108.51,1391.17,1152.41,1113.65,469.66,398.32,171.79,70.30,23.44,15.57,0.00,23.35,0.00,0.00,0.00,0.00,0.00,0.00,11.62,1.210
32799,1485.61,254.58,46.52,3883.86,3529.07,3454.27,3226.75,2945.76,2788.65,1958.84,1759.06,1788.77,1666.82,1173.96,515.61,561.72,280.44,23.35,46.71,15.55,23.31,23.29,0.00,0.00,0.00,0.00,0.00,0.00,23.21,1.209
32800,1477.38,173.31,7.12,3679.57,3786.06,3395.26,2695.67,2683.31,2873.60,2611.15,2003.59,1946.80,1590.93,1013.84,607.21,373.17,217.62,46.54,23.24,0.00,0.00,0.00,0.00,0.00,0.00,0.00,0.00,0.00,0.00,1.210
32801,1377.09,162.26,6.97,3562.29,3510.35,3279.22,3120.22,2670.64,2348.13,2179.72,1702.81,1630.25,1178.37,1020.91,423.47,563.53,266.00,23.44,23.41,15.61,23.43,0.00,0.00,0.00,0.00,0.00,0.00,0.00,0.00,1.209
32802,1332.58,148.59,6.05,3618.42,3255.60,3336.48,2845.90,2673.86,2480.25,1981.41,1914.99,1340.75,1360.77,907.62,398.14,327.14,109.14,46.73,23.38,31.06,0.00,0.00,0.00,0.00,0.00,0.00,0.00,0.00,0.00,1.209
32803,1350.85,164.02,7.71,3700.61,3185.95,2816.33,2996.29,2570.29,2487.05,2105.43,2014.87,1462.37,1246.93,1176.45,727.89,257.95,156.12,70.38,0.00,0.00,0.00,23.36,0.00,0.00,9.33,0.00,0.00,0.00,0.00,1.210
32804,1376.58,198.13,26.28,3307.56,3511.05,3169.13,3509.89,2421.89,2386.16,2146.82,2072.29,1623.22,1220.14,1064.09,491.91,327.54,62.28,23.34,93.30,31.09,23.30,23.30,0.00,0.00,0.00,0.00,0.00,0.00,11.60,1.210
32805,1471.72,179.28,7.79,3317.88,3891.14,3467.57,2950.36,2938.33,2417.64,2225.26,2158.04,1959.22,1554.03,1209.03,681.54,328.38,187.68,46.84,23.46,31.17,46.79,0.00,0.00,0.00,0.00,0.00,0.00,0.00,0.00,1.210
32806,1612.25,195.95,9.14,4050.14,4209.41,3760.80,3628.98,2816.82,2811.38,2288.36,2103.50,2211.34,1572.20,1377.29,702.75,374.37,155.85,70.08,23.31,46.58,23.30,0.00,0.00,0.00,9.31,0.00,0.00,0.00,0.00,1.210
32807,1445.35,169.90,7.17,3962.97,3533.67,3485.19,2757.70,2585.13,2604.07,2435.91,2124.20,1744.89,1176.00,1286.04,446.01,398.24,250.00,93.63,0.00,0.00,23.39,0.00,0.00,0.00,0.00,0.00,0.00,0.00,0.00,1.210
32808,1418.50,167.94,7.19,3556.53,3425.25,3343.59,3092.56,2430.04,2535.42,2721.43,1936.91,1722.56,1388.69,1051.59,446.40,375.37,203.11,46.82,70.29,0.00,0.00,23.37,0.00,0.00,0.00,0.00,0.00,0.00,0.00,1.209
32809,1483.70,175.65,7.58,3924.63,3695.95,3398.53,3315.83,2844.38,2783.58,2332.36,1771.45,1362.51,1523.00,1281.00,654.91,513.71,202.35,0.00,23.27,31.00,0.00,0.00,15.50,0.00,0.00,0.00,0.00,0.00,0.00,1.210
32810,1594.23,182.97,7.86,4212.53,3861.46,4356.21,2953.94,3560.09,2633.93,2772.40,2112.83,1488.59,1249.12,1304.64,682.29,399.34,156.61,70.39,23.41,31.21,0.00,0.00,0.00,15.58,0.00,0.00,0.00,0.00,0.00,1.210
32811,1656.30,215.03,16.25,4356.98,4300.25,3425.44,3505.98,3099.13,3232.29,2591.96,2226.86,1856.43,1734.53,1422.41,631.55,397.15,140.07,70.06,69.92,31.03,0.00,0.00,0.00,15.50,0.00,0.00,0.00,9.27,0.00,1.209
32812,1814.31,228.69,16.78,4785.79,4940.81,4279.92,4118.59,3369.89,2537.17,3267.79,2505.54,2007.10,1413.11,1476.35,681.88,539.87,187.61,0.00,93.73,15.61,23.39,23.36,0.00,0.00,0.00,0.00,0.00,9.32,0.00,1.210
32813,2005.87,245.29,12.67,4901.27,5639.40,4967.88,3709.25,3712.86,3434.38,3263.85,2990.30,2547.18,1670.27,1380.76,939.32,445.45,359.45,70.25,0.00,0.00,46.72,0.00,0.00,15.55,0.00,11.64,0.00,0.00,0.00,1.210
32814,2076.87,242.44,10.35,5720.79,4999.61,4782.90,4666.78,4285.68,3232.35,3345.76,3010.91,1997.42,2109.62,1453.56,959.18,490.59,249.06,186.56,0.00,0.00,23.31,23.25,0.00,0.00,0.00,0.00,0.00,0.00,0.00,1.210
32815,1934.13,223.54,9.57,5154.51,5055.21,4672.87,4105.19,4021.71,3214.06,3044.84,2277.29,2424.13,1502.44,1267.71,984.35,678.15,140.32,46.70,23.32,31.06,23.31,0.00,15.50,0.00,0.00,0.00,0.00,0.00,0.00,1.210
32816,2001.60,263.36,24.77,5704.10,4893.45,4359.08,4721.28,3941.91,3591.24,2972.94,2574.69,1976.25,2299.76,1392.30,843.34,350.76,280.61,23.34,0.00,46.57,23.30,0.00,0.00,0.00,0.00,0.00,0.00,18.57,0.00,1.210
32817,2145.87,248.18,11.25,6004.23,5556.46,5059.22,4896.82,3996.93,3504.73,3546.27,3004.97,2074.72,2045.88,1457.95,751.24,515.58,218.65,187.30,46.79,15.56,0.00,0.00,15.54,0.00,9.33,0.00,0.00,0.00,0.00,1.210
32818,2161.68,231.13,9.35,5371.78,6105.55,6122.91,5293.02,4038.05,3640.22,3210.70,2608.27,2260.14,1643.83,1424.96,750.21,421.05,249.48,46.77,0.00,31.09,0.00,0.00,15.54,0.00,0.00,0.00,0.00,0.00,0.00,1.210
32819,2008.26,231.22,12.96,5912.70,6262.95,4609.27,4471.66,3602.68,3175.07,2555.13,2566.53,2241.40,2047.50,1239.47,610.82,445.39,296.80,23.41,46.91,15.57,0.00,23.35,0.00,0.00,0.00,0.00,9.31,0.00,0.00,1.209
32820,1823.24,200.88,8.26,5361.36,4471.53,4620.84,4150.98,3542.39,3053.65,2932.20,2247.93,2245.76,1260.00,1120.46,652.22,395.36,232.15,69.68,92.86,15.46,0.00,0.00,0.00,0.00,0.00,0.00,0.00,0.00,0.00,1.209
32821,1734.19,200.03,8.68,4893.39,4882.56,4263.08,3655.48,3312.64,2742.38,2597.33,2089.72,1742.42,1503.15,1331.14,867.53,444.67,202.48,23.36,46.81,15.55,70.00,0.00,0.00,0.00,0.00,0.00,0.00,0.00,0.00,1.208
32822,1642.19,175.64,7.11,5288.54,4366.48,4084.15,3616.63,3588.52,2038.02,2485.10,1858.28,2005.95,1247.57,1035.98,681.34,281.61,140.68,46.89,46.92,31.16,0.00,0.00,0.00,0.00,0.00,0.00,0.00,0.00,0.00,1.208
32823,1644.89,183.11,8.38,4457.23,4273.24,4429.50,3842.12,3069.16,3024.26,2335.48,2260.52,1740.80,1173.24,1173.76,609.08,233.86,140.19,46.80,0.00,0.00,46.67,23.30,0.00,0.00,9.31,0.00,0.00,0.00,0.00,1.207
32824,1863.50,227.16,10.62,4662.36,4939.99,4683.87,3519.61,3634.86,3174.00,2980.94,2440.28,1958.05,2070.76,1443.21,728.15,609.47,187.43,117.02,23.45,31.15,46.73,0.00,0.00,0.00,9.33,0.00,0.00,0.00,0.00,1.207
32825,1977.29,229.61,9.82,5282.65,5371.53,4895.37,3831.98,3614.21,3416.01,3435.35,2474.09,2088.38,1919.23,1544.71,747.68,419.92,279.60,93.24,116.47,0.00,0.00,0.00,15.46,0.00,0.00,0.00,0.00,0.00,0.00,1.206
32826,2021.52,235.07,9.92,4816.25,4972.35,4406.77,4766.52,3909.05,3874.33,3373.40,2542.93,2658.14,2275.87,1313.98,726.20,467.69,202.39,46.73,23.31,15.55,23.33,0.00,0.00,15.51,0.00,0.00,0.00,0.00,0.00,1.206
32827,2269.90,261.92,17.52,6644.31,6598.71,6048.91,5008.74,4022.53,3853.91,2857.40,2812.61,2472.35,1925.84,1268.52,890.96,608.32,280.66,23.36,46.73,15.55,0.00,0.00,0.00,0.00,0.00,0.00,0.00,9.29,0.00,1.206
32828,2343.01,251.98,10.59,7841.84,6613.24,5433.25,4936.37,5037.18,3735.04,2974.86,2717.86,2613.21,1714.23,1346.44,914.24,585.16,171.49,140.32,0.00,46.63,0.00,23.29,15.54,0.00,0.00,0.00,0.00,0.00,0.00,1.206
32829,2382.66,246.43,10.09,8041.60,6911.76,6129.96,5408.93,4614.34,3512.70,3294.77,2618.40,2032.62,1980.30,1430.86,847.25,469.87,281.63,0.00,23.49,15.59,23.44,0.00,0.00,15.59,0.00,0.00,0.00,0.00,0.00,1.205
32830,2727.66,293.67,18.33,8556.90,8056.90,7075.07,6025.65,5446.71,4843.69,3775.57,2952.49,2376.73,2065.55,1533.59,960.77,491.10,327.30,23.35,23.31,0.00,0.00,0.00,0.00,0.00,0.00,0.00,0.00,9.29,0.00,1.205
32831,2795.41,286.78,11.97,8820.75,8707.64,7243.31,5954.50,5586.71,4253.82,4130.01,3171.98,2611.98,2182.92,1455.25,866.91,467.71,311.58,70.03,23.39,31.10,0.00,0.00,0.00,0.00,9.30,0.00,0.00,0.00,0.00,1.204
32832,3091.15,323.08,16.25,9965.04,9504.60,8376.38,7223.66,6441.32,5042.51,3640.72,2831.66,2663.67,2045.61,1818.89,985.91,656.00,436.86,93.54,46.86,31.11,0.00,0.00,0.00,0.00,0.00,0.00,9.30,0.00,0.00,1.203
