NASA Data Processing/CAMP2Ex/LAS/CAMP2Ex-LARGE-LAS_P3B_20190925_R0.ict
78, 1001
Luke Ziemba
NASA Langley
In-situ Particle Size Distributions from the TSI LAS on the NASA P3B
NASA CAMP2Ex
1,1
2019,09,25,2020,05,5
1.0
Time_Start,Secs after midnight,Time of acquisition
30
1,1,1,1,1,1,1,1,1,1,1,1,1,1,1,1,1,1,1,1,1,1,1,1,1,1,1,1,1,1
-9999,-9999,-9999,-9999,-9999,-9999,-9999,-9999,-9999,-9999,-9999,-9999,-9999,-9999,-9999,-9999,-9999,-9999,-9999,-9999,-9999,-9999,-9999,-9999,-9999,-9999,-9999,-9999,-9999,-9999
nLAS, #/cm3, AerMP_NumConc_InSitu_RHd_Optical_AccutoCoarse_STP, Number_concentration_of_particles_in_air_integrated_over_reported_LAS_dry_optical_bins_wrt_AmmoniumSulfate
sLAS, um2/cm3, AerMP_SurfAreaConc_InSitu_RHd_Optical_AccutoCoarse_STP, Surface_area_concentration_of_particles_in_air_integrated_over_reported_LAS_dry_optical_bins_wrt_AmmoniumSulfate
vLAS, um3/cm3, AerMP_VolConc_InSitu_RHd_Optical_AccutoCoarse_STP, Volume_concentration_of_particles_in_air_integrated_over_reported_LAS_dry_optical_bins_wrt_AmmoniumSulfate
LAS_Bin01, #/cm3, None, number_size_distribution_of_particles_in_air_per_dlogDp_for_bin_center_optical_diameter_at_100nm_measured_by_LAS_AmmoniumSulfate
LAS_Bin02, #/cm3, None, number_size_distribution_of_particles_in_air_per_dlogDp_for_bin_center_optical_diameter_at_112nm_measured_by_LAS_AmmoniumSulfate
LAS_Bin03, #/cm3, None, number_size_distribution_of_particles_in_air_per_dlogDp_for_bin_center_optical_diameter_at_126nm_measured_by_LAS_AmmoniumSulfate
LAS_Bin04, #/cm3, None, number_size_distribution_of_particles_in_air_per_dlogDp_for_bin_center_optical_diameter_at_141nm_measured_by_LAS_AmmoniumSulfate
LAS_Bin05, #/cm3, None, number_size_distribution_of_particles_in_air_per_dlogDp_for_bin_center_optical_diameter_at_158nm_measured_by_LAS_AmmoniumSulfate
LAS_Bin06, #/cm3, None, number_size_distribution_of_particles_in_air_per_dlogDp_for_bin_center_optical_diameter_at_178nm_measured_by_LAS_AmmoniumSulfate
LAS_Bin07, #/cm3, None, number_size_distribution_of_particles_in_air_per_dlogDp_for_bin_center_optical_diameter_at_200nm_measured_by_LAS_AmmoniumSulfate
LAS_Bin08, #/cm3, None, number_size_distribution_of_particles_in_air_per_dlogDp_for_bin_center_optical_diameter_at_224nm_measured_by_LAS_AmmoniumSulfate
LAS_Bin09, #/cm3, None, number_size_distribution_of_particles_in_air_per_dlogDp_for_bin_center_optical_diameter_at_251nm_measured_by_LAS_AmmoniumSulfate
LAS_Bin10, #/cm3, None, number_size_distribution_of_particles_in_air_per_dlogDp_for_bin_center_optical_diameter_at_282nm_measured_by_LAS_AmmoniumSulfate
LAS_Bin11, #/cm3, None, number_size_distribution_of_particles_in_air_per_dlogDp_for_bin_center_optical_diameter_at_316nm_measured_by_LAS_AmmoniumSulfate
LAS_Bin12, #/cm3, None, number_size_distribution_of_particles_in_air_per_dlogDp_for_bin_center_optical_diameter_at_355nm_measured_by_LAS_AmmoniumSulfate
LAS_Bin13, #/cm3, None, number_size_distribution_of_particles_in_air_per_dlogDp_for_bin_center_optical_diameter_at_398nm_measured_by_LAS_AmmoniumSulfate
LAS_Bin14, #/cm3, None, number_size_distribution_of_particles_in_air_per_dlogDp_for_bin_center_optical_diameter_at_447nm_measured_by_LAS_AmmoniumSulfate
LAS_Bin15, #/cm3, None, number_size_distribution_of_particles_in_air_per_dlogDp_for_bin_center_optical_diameter_at_501nm_measured_by_LAS_AmmoniumSulfate
[...]
  - Integrated surface areas and volumes are calculated by assuming spherical particles
  - Data in this file is time synced to DLH water vapor
UNCERTAINTY: all data are 20%
ULOD_FLAG: -7777
ULOD_VALUE: N/A
LLOD_FLAG: -8888
LLOD_VALUE: N/A
DM_CONTACT_INFO: Michael Shook (michael.shook@nasa.gov)
PROJECT_INFO: CAMP2Ex 2019
STIPULATIONS_ON_USE: This is FINAL data. Users are strongly encouraged to consult the PI and/or DM prior to use.
OTHER_COMMENTS: dlogD for Diameters less than 1000 nm is 0.05 (20 channels per decade). For Diameters greater than or equal to 1000 nm, dlogD is 0.1 (10 channels per decade)
OTHER_COMMENTS: Data are processed with respect to mid-point ammonium-sulfate ((NH4)2SO4, AmmSO4) equivalent optical diameters and are rebinned to a standard binning scheme
OTHER_COMMENTS: Mid-point diameters (in nm) are:
		  100.0, 112.2, 125.9, 141.3, 158.5, 177.8, 199.5, 223.9, 251.2, 281.8, 316.2, 354.8, 398.1, 446.7, 501.2, 562.3, 631.0, 707.9, 794.3, 891.3, 1000.0, 1258.9, 1584.9, 1995.3, 2511.9, 3162.3
REVISION: R0
R0: STP calculations now use data from publicly available MetNav files, data is time synced to DLH
RC: Particle sizing now done with respect to ammonium sulfate
RB: Time sync to LARGE CNgt3nm applied
RA: None
*******************************************************************************************************************************
Time_Start,nLAS,sLAS,vLAS,LAS_Bin01,LAS_Bin02,LAS_Bin03,LAS_Bin04,LAS_Bin05,LAS_Bin06,LAS_Bin07,LAS_Bin08,LAS_Bin09,LAS_Bin10,LAS_Bin11,LAS_Bin12,LAS_Bin13,LAS_Bin14,LAS_Bin15,LAS_Bin16,LAS_Bin17,LAS_Bin18,LAS_Bin19,LAS_Bin20,LAS_Bin21,LAS_Bin22,LAS_Bin23,LAS_Bin24,LAS_Bin25,LAS_Bin26,stdPT
[from data line 16212]
26750,686.34,82.26,3.22,1175.17,1177.44,1526.00,1257.95,1346.89,1276.38,1818.34,1508.31,1083.07,751.50,548.29,93.75,116.96,31.26,0.00,0.00,15.53,0.00,0.00,0.00,0.00,0.00,0.00,0.00,0.00,0.00,1.154
26751,654.71,80.72,3.39,1033.53,1195.07,1217.81,998.88,1412.49,1681.97,1845.51,1401.39,967.39,564.86,298.25,305.35,93.73,46.81,0.00,0.00,15.59,0.00,0.00,15.54,0.00,0.00,0.00,0.00,0.00,0.00,1.154
26752,760.72,98.54,5.95,1368.74,1336.72,1646.17,1521.41,1442.09,1870.64,1631.19,1777.86,1084.49,705.45,439.17,117.33,117.16,93.63,23.45,0.00,15.57,0.00,0.00,0.00,0.00,0.00,11.64,0.00,0.00,0.00,1.153
26753,701.14,88.02,4.34,1272.79,1464.57,1336.18,1188.38,1475.32,1964.39,1489.48,1494.62,942.94,705.44,376.30,93.93,46.87,46.89,23.39,23.43,31.14,0.00,0.00,15.54,31.10,0.00,0.00,0.00,0.00,0.00,1.154
26754,707.06,88.86,3.93,1011.07,1468.96,1843.11,1215.66,1701.94,1448.17,1375.08,1151.78,1063.91,919.73,456.03,235.36,94.06,62.61,23.52,23.42,0.00,23.45,23.39,0.00,0.00,0.00,0.00,0.00,0.00,0.00,1.153
26755,684.24,85.42,3.65,1003.96,1156.14,1638.00,1206.79,1530.72,1461.20,1506.27,1628.78,962.28,749.14,343.40,280.52,139.99,31.10,0.00,0.00,31.00,0.00,0.00,15.46,0.00,0.00,0.00,0.00,0.00,0.00,1.152
26756,694.70,80.37,3.05,964.26,1199.25,1485.63,1527.04,1671.86,1663.35,1566.86,1484.76,757.41,849.93,425.19,188.59,47.01,62.77,0.00,0.00,0.00,0.00,0.00,0.00,0.00,0.00,0.00,0.00,0.00,0.00,1.152
26757,682.81,75.54,2.90,1031.17,1556.53,1645.08,1114.98,1835.88,1441.02,1581.45,1476.51,776.72,586.94,407.06,93.72,70.17,15.62,0.00,0.00,0.00,23.31,0.00,0.00,0.00,0.00,0.00,0.00,0.00,0.00,1.152
26758,690.65,80.36,3.10,1297.17,1146.09,1384.72,1331.71,1554.62,1752.39,1560.69,1211.86,1084.82,799.78,454.88,70.43,46.89,93.64,23.40,0.00,0.00,0.00,0.00,0.00,0.00,0.00,0.00,0.00,0.00,0.00,1.151
26759,731.76,88.60,3.73,1077.39,1221.26,1426.56,1705.94,1564.88,1581.22,1838.55,1819.18,940.13,773.59,343.99,117.07,116.71,46.70,23.32,0.00,0.00,23.28,0.00,15.49,0.00,0.00,0.00,0.00,0.00,0.00,1.151
26760,749.85,96.46,4.24,1172.61,1062.49,1521.09,1515.93,1800.74,1581.08,1813.99,1363.95,1292.16,820.17,500.02,257.22,163.41,46.59,46.61,23.35,0.00,0.00,0.00,0.00,15.48,0.00,0.00,0.00,0.00,0.00,1.150
26761,718.38,83.12,3.32,1369.96,1225.76,1289.60,1474.81,1793.62,1824.38,1656.40,1495.68,943.80,635.44,376.71,117.49,0.00,78.08,0.00,70.28,15.59,0.00,0.00,0.00,0.00,0.00,0.00,0.00,0.00,0.00,1.150
26762,730.44,97.97,7.25,1220.10,1315.94,1402.72,1373.45,1548.12,1698.14,1790.54,1661.53,1245.02,679.51,296.97,163.63,70.03,62.30,46.67,0.00,15.52,0.00,0.00,0.00,0.00,0.00,0.00,9.28,0.00,0.00,1.149
26763,748.50,95.91,5.27,1056.72,1496.18,1096.33,1829.79,1901.96,1916.99,1678.17,1163.88,1272.79,705.34,533.28,140.76,93.73,31.22,0.00,0.00,15.57,0.00,0.00,0.00,0.00,18.64,0.00,0.00,0.00,0.00,1.150
26764,706.70,83.52,3.21,1076.72,1363.73,1354.74,1137.00,1596.08,1863.64,1767.20,1348.20,1010.18,867.09,500.16,116.95,93.37,15.52,0.00,23.35,0.00,0.00,0.00,0.00,0.00,0.00,0.00,0.00,0.00,0.00,1.150
26765,680.73,79.19,3.26,1298.23,1163.61,1506.05,1284.94,1555.99,1682.86,1656.89,1212.67,1038.34,517.86,392.26,93.96,93.79,78.27,0.00,23.38,0.00,0.00,0.00,15.55,0.00,0.00,0.00,0.00,0.00,0.00,1.149
26766,726.68,110.15,11.77,1128.64,1416.22,1432.22,1140.74,1569.30,2130.51,1678.45,1305.68,1178.74,705.43,329.48,140.82,93.70,140.48,46.84,23.36,31.12,0.00,23.33,0.00,0.00,0.00,0.00,0.00,9.30,0.00,1.149
26767,677.14,79.74,3.07,1176.69,1289.50,1120.47,1331.09,1426.05,1515.13,1584.01,1557.49,1296.57,517.30,548.73,70.41,46.92,15.65,23.39,23.36,0.00,0.00,0.00,0.00,0.00,0.00,0.00,0.00,0.00,0.00,1.148
26768,734.37,107.06,11.25,1194.96,1124.96,1591.45,1537.99,1766.58,1531.15,1717.80,1299.52,1314.02,748.93,421.40,163.61,140.01,77.74,0.00,23.25,15.50,0.00,0.00,0.00,0.00,0.00,0.00,0.00,9.26,0.00,1.148
26769,728.02,91.51,4.51,1359.23,1106.41,1491.76,1439.57,1810.93,1598.18,1385.18,1359.07,1404.47,770.51,607.23,116.50,46.59,15.49,0.00,0.00,15.44,0.00,0.00,15.42,0.00,9.25,0.00,0.00,0.00,0.00,1.148
26770,723.85,89.71,3.76,1514.23,1083.18,1266.08,1094.64,1714.72,1848.32,1751.31,1574.73,1014.75,870.95,298.21,93.93,140.76,140.93,23.47,23.38,0.00,23.38,0.00,0.00,0.00,0.00,0.00,0.00,0.00,0.00,1.148
26771,784.05,103.21,5.26,1101.60,1429.59,1522.78,1492.80,1675.45,1769.87,2428.04,1380.38,1104.82,750.30,516.12,187.16,116.82,108.94,23.38,0.00,15.52,23.32,0.00,15.51,0.00,9.29,0.00,0.00,0.00,0.00,1.147
26772,706.78,84.53,3.32,1079.11,1129.17,1358.80,1519.44,1900.14,1489.37,1747.16,1398.40,824.08,751.51,516.76,257.99,117.01,31.19,0.00,0.00,15.54,0.00,0.00,0.00,0.00,0.00,0.00,0.00,0.00,0.00,1.148
26773,714.11,85.31,3.64,1083.03,1323.77,1482.92,1429.69,1350.87,1921.86,1706.35,1655.96,992.64,683.67,345.93,141.18,93.93,15.69,23.45,0.00,0.00,0.00,0.00,31.17,0.00,0.00,0.00,0.00,0.00,0.00,1.147
26774,681.67,79.06,3.00,1032.58,1210.78,1336.03,1212.38,1807.15,1728.34,1607.87,1353.02,895.88,776.02,360.85,140.79,140.57,31.19,0.00,0.00,0.00,0.00,0.00,0.00,0.00,0.00,0.00,0.00,0.00,0.00,1.147
26775,729.87,89.92,3.85,1203.35,1197.00,1387.13,1429.18,1938.06,1661.01,1563.83,1513.68,1228.63,730.62,267.24,282.35,0.00,93.86,46.94,0.00,31.21,0.00,23.40,0.00,0.00,0.00,0.00,0.00,0.00,0.00,1.147
26776,682.12,91.60,4.30,670.77,1096.19,1595.93,1280.81,1566.41,1511.42,1698.50,1428.76,964.60,915.21,391.47,210.80,163.70,46.73,23.34,0.00,15.55,46.61,0.00,0.00,15.52,0.00,0.00,0.00,0.00,0.00,1.147
26777,710.54,90.10,3.89,1196.05,1394.50,1140.17,1159.70,1706.85,1202.24,1813.32,1582.55,1244.42,960.24,484.11,116.85,116.64,62.17,0.00,0.00,15.51,0.00,0.00,0.00,15.48,0.00,0.00,0.00,0.00,0.00,1.146
26778,684.53,82.07,3.26,1152.14,1193.62,1336.99,1520.79,1600.51,1324.80,1535.93,1525.35,824.75,893.14,423.37,117.28,163.91,62.43,0.00,0.00,15.57,0.00,0.00,0.00,0.00,0.00,0.00,0.00,0.00,0.00,1.146
26779,736.45,87.08,3.48,1175.82,1113.26,1573.94,1709.96,1617.00,1915.76,1606.36,1367.60,1107.16,751.88,501.39,93.86,70.23,78.00,23.43,0.00,0.00,23.36,0.00,0.00,0.00,0.00,0.00,0.00,0.00,0.00,1.146
26780,683.82,83.56,3.59,1059.03,1084.71,1672.73,1167.55,1588.12,1612.98,1777.20,1261.47,945.23,683.51,424.54,164.67,140.95,31.26,46.89,0.00,0.00,0.00,0.00,0.00,15.59,0.00,0.00,0.00,0.00,0.00,1.145
26781,744.76,102.42,7.60,1169.83,1028.75,1685.50,1465.39,1782.13,1906.63,1575.39,1642.82,961.19,818.42,452.23,93.42,116.51,108.81,23.26,23.23,0.00,23.25,0.00,0.00,0.00,0.00,0.00,9.25,0.00,0.00,1.145
26782,714.49,97.16,5.11,1104.95,970.18,1362.45,1212.19,1887.02,1894.11,1678.90,1384.68,1037.58,635.06,517.68,375.64,93.72,31.16,23.39,23.44,0.00,0.00,23.33,15.56,0.00,9.32,0.00,0.00,0.00,0.00,1.145
26783,733.08,89.91,3.71,986.43,1514.85,1244.19,1500.24,1652.54,1897.53,1515.85,1639.20,1157.34,801.03,267.20,188.02,164.34,93.79,0.00,0.00,15.61,23.43,0.00,0.00,0.00,0.00,0.00,0.00,0.00,0.00,1.145
26784,715.11,88.89,4.26,1124.11,1299.47,1401.51,1444.03,1531.47,1744.41,1671.92,1582.25,1056.57,632.34,437.39,163.62,116.68,62.29,0.00,0.00,15.52,0.00,0.00,0.00,0.00,9.28,0.00,0.00,0.00,0.00,1.145
26785,690.02,101.80,11.67,1155.31,1180.91,1461.01,1501.05,1478.16,1423.42,1516.72,1639.95,1087.02,730.68,408.60,70.61,70.45,15.63,23.44,0.00,0.00,0.00,0.00,0.00,0.00,9.34,0.00,0.00,9.33,0.00,1.145
26786,663.06,79.79,3.09,958.81,1318.53,952.36,1186.15,1407.74,1748.69,1675.44,1523.17,1200.09,657.21,328.64,164.01,70.20,46.74,0.00,23.39,0.00,0.00,0.00,0.00,0.00,0.00,0.00,0.00,0.00,0.00,1.144
26787,672.34,91.29,7.04,1081.21,1210.92,1409.52,1498.02,1681.73,1515.78,1324.28,1337.74,896.15,564.55,423.50,258.30,93.73,109.33,23.46,0.00,0.00,0.00,0.00,0.00,0.00,0.00,0.00,9.31,0.00,0.00,1.145
26788,604.16,81.77,4.34,768.53,1034.67,835.76,1283.84,1649.81,1539.29,1277.20,1337.62,966.89,611.63,360.75,140.94,187.51,31.20,0.00,0.00,0.00,23.39,0.00,15.56,0.00,9.32,0.00,0.00,0.00,0.00,1.144
26789,705.29,108.64,12.58,1390.83,1192.87,1024.00,1566.62,1901.07,1843.45,1605.80,1571.23,517.96,681.03,360.32,187.60,93.58,31.20,0.00,23.40,15.53,23.35,23.30,15.54,0.00,9.31,0.00,0.00,9.29,0.00,1.144
26790,668.17,85.01,3.48,816.68,1178.42,1289.50,1260.27,1665.52,1658.22,1324.63,1212.06,1085.02,894.07,486.34,328.81,70.28,31.19,46.86,0.00,15.59,0.00,0.00,0.00,0.00,0.00,0.00,0.00,0.00,0.00,1.143
26791,654.79,89.19,4.13,958.11,984.04,1213.12,1185.07,1296.06,1700.00,1485.30,1490.44,940.33,750.42,531.77,304.35,116.83,15.60,70.03,0.00,15.51,0.00,23.26,15.51,0.00,0.00,0.00,0.00,0.00,0.00,1.143
26792,684.32,83.81,3.57,1200.42,1209.45,929.92,1235.31,1677.98,1822.38,1630.81,1415.58,1178.50,752.32,297.96,140.82,117.13,46.74,0.00,0.00,15.58,0.00,0.00,0.00,15.55,0.00,0.00,0.00,0.00,0.00,1.143
26793,691.13,80.08,3.15,934.63,1334.81,1571.53,1304.79,1646.90,1701.75,1604.84,1476.17,894.21,727.63,360.18,117.11,46.74,77.98,0.00,0.00,0.00,23.31,0.00,0.00,0.00,0.00,0.00,0.00,0.00,0.00,1.143
26794,756.53,110.13,11.34,1171.73,1284.53,1616.97,1396.85,1626.66,1556.00,2095.83,1535.70,1080.12,889.99,484.17,116.96,116.74,93.22,23.36,23.26,0.00,0.00,0.00,0.00,0.00,0.00,0.00,0.00,9.27,0.00,1.142
26795,804.68,103.33,4.41,1150.48,1271.07,1597.15,1328.29,1867.05,1677.96,2170.90,1648.70,1482.36,1056.15,375.62,164.00,93.56,124.79,23.34,23.31,15.52,0.00,23.30,0.00,0.00,0.00,0.00,0.00,0.00,0.00,1.142
26796,725.33,94.14,5.71,1052.61,1283.66,1305.66,1539.00,1927.72,1933.44,1366.06,1504.51,1127.28,679.32,375.04,163.72,139.99,62.16,23.30,0.00,0.00,0.00,0.00,0.00,0.00,0.00,11.59,0.00,0.00,0.00,1.141
26797,676.37,79.11,2.97,1057.48,1241.98,955.53,1451.05,1507.06,1705.61,1608.69,1621.49,1037.96,682.34,392.20,187.86,46.90,31.19,0.00,0.00,0.00,0.00,0.00,0.00,0.00,0.00,0.00,0.00,0.00,0.00,1.141
26798,683.54,81.96,3.31,1200.10,1112.73,1168.92,1354.38,1726.80,1561.40,1535.81,1619.29,1107.42,493.54,470.18,164.22,70.34,46.74,0.00,0.00,15.55,23.37,0.00,0.00,0.00,0.00,0.00,0.00,0.00,0.00,1.141
26799,651.34,83.92,3.68,744.41,1272.80,1120.96,1092.97,1569.10,1609.12,1441.84,1336.99,1272.64,963.85,282.14,70.35,117.17,46.74,46.82,23.35,0.00,0.00,0.00,0.00,15.54,0.00,0.00,0.00,0.00,0.00,1.141
26800,666.19,86.53,3.85,983.36,1175.87,1190.59,1139.57,1362.23,1750.13,1440.55,1445.58,1177.35,892.49,375.88,140.76,117.07,62.34,23.36,0.00,31.09,0.00,0.00,0.00,15.53,0.00,0.00,0.00,0.00,0.00,1.140
26801,675.64,92.34,4.95,1198.62,1143.33,1191.22,1233.85,1520.44,1488.29,1652.00,1272.04,941.34,1009.41,516.40,93.70,70.16,31.19,70.10,0.00,0.00,46.68,0.00,15.51,0.00,9.30,0.00,0.00,0.00,0.00,1.140
26802,710.92,91.48,3.95,982.59,1159.97,1309.26,1471.30,1709.41,1795.99,1699.46,1334.91,1106.13,539.92,516.73,234.36,163.75,77.92,46.76,46.71,0.00,23.31,0.00,0.00,0.00,0.00,0.00,0.00,0.00,0.00,1.140
26803,687.70,81.10,3.15,1339.63,919.72,1329.94,1468.27,1501.35,1603.69,1436.73,1676.91,1221.29,562.24,406.27,116.89,93.30,31.04,23.30,23.35,0.00,0.00,0.00,0.00,0.00,0.00,0.00,0.00,0.00,0.00,1.140
26804,704.25,85.95,3.40,937.20,795.77,1384.50,1308.15,1808.38,2013.75,1892.83,1369.75,1132.42,705.98,345.33,187.95,140.63,31.18,0.00,0.00,31.16,0.00,0.00,0.00,0.00,0.00,0.00,0.00,0.00,0.00,1.139
26805,668.96,92.34,7.18,1033.01,1098.95,1145.43,1616.98,1682.02,1634.05,1348.27,1385.12,825.57,705.82,580.49,164.37,70.32,46.80,0.00,0.00,0.00,0.00,23.34,0.00,0.00,0.00,0.00,9.31,0.00,0.00,1.139
26806,691.73,82.35,3.25,1004.68,1538.86,1403.52,1183.96,1563.74,1603.56,1625.07,1363.68,1056.94,632.56,453.10,233.81,93.44,31.13,23.30,23.27,0.00,0.00,0.00,0.00,0.00,0.00,0.00,0.00,0.00,0.00,1.139
26807,652.73,81.94,3.63,984.96,1210.81,1217.87,1070.54,1698.56,1468.91,1395.77,1369.73,1226.69,705.91,423.56,140.88,23.43,31.19,46.81,0.00,0.00,23.37,0.00,0.00,15.56,0.00,0.00,0.00,0.00,0.00,1.138
26808,648.37,79.92,3.19,884.98,1109.13,1213.30,1042.02,1452.47,1555.94,1743.07,1457.80,1174.34,609.11,390.43,187.07,70.07,46.66,0.00,0.00,31.02,0.00,0.00,0.00,0.00,0.00,0.00,0.00,0.00,0.00,1.138
26809,648.85,76.12,2.89,1052.29,1125.63,1188.93,1207.40,1672.95,1532.57,1389.03,1363.04,986.06,843.07,312.20,233.72,23.36,46.65,0.00,0.00,0.00,0.00,0.00,0.00,0.00,0.00,0.00,0.00,0.00,0.00,1.137
26810,685.36,84.54,3.66,1219.83,1173.01,1238.16,1231.31,1438.01,1863.31,1601.31,1473.12,1056.82,749.61,375.01,116.91,23.32,62.23,0.00,23.27,15.50,23.29,23.24,0.00,0.00,0.00,0.00,0.00,0.00,0.00,1.137
26811,683.33,83.79,3.60,1055.81,1145.49,1310.95,1567.26,1710.78,1560.48,1441.10,1100.16,1060.02,798.93,689.23,117.27,23.44,31.27,23.37,0.00,15.56,0.00,0.00,0.00,15.54,0.00,0.00,0.00,0.00,0.00,1.137
26812,701.93,81.20,3.13,1365.02,1079.72,1380.52,1564.12,1691.17,1793.70,1343.85,1239.20,1151.81,656.51,375.34,234.18,93.47,46.67,23.32,0.00,0.00,0.00,0.00,0.00,0.00,0.00,0.00,0.00,0.00,0.00,1.137
26813,716.89,109.33,11.69,1126.86,953.65,1239.45,1304.59,1819.45,1960.70,1722.49,1554.38,964.69,774.50,516.46,163.96,46.83,93.43,23.34,23.31,15.54,0.00,0.00,0.00,15.52,0.00,0.00,0.00,9.29,0.00,1.137
26814,682.13,79.55,3.06,1274.04,1194.67,1169.77,1070.47,1680.79,1800.53,1608.86,1621.71,825.81,658.96,470.99,117.49,117.30,15.61,0.00,0.00,15.57,0.00,0.00,0.00,0.00,0.00,0.00,0.00,0.00,0.00,1.136
26815,682.91,82.80,3.37,1076.47,1236.90,1378.85,1231.11,1691.14,1885.93,1248.06,1457.32,751.44,796.37,468.66,233.81,116.75,62.17,0.00,0.00,0.00,23.26,0.00,0.00,0.00,0.00,0.00,0.00,0.00,0.00,1.136
26816,698.04,81.80,3.24,1128.26,1512.20,1263.01,1212.11,1521.34,1822.72,1772.45,1305.50,1060.49,540.65,548.74,70.42,163.92,15.64,0.00,0.00,0.00,23.34,0.00,0.00,0.00,0.00,0.00,0.00,0.00,0.00,1.136
26817,721.68,85.74,3.34,885.05,1046.84,1617.78,1539.51,1944.32,1698.74,1601.67,1426.39,1174.41,843.42,375.11,46.78,93.36,93.48,46.67,0.00,0.00,0.00,0.00,0.00,0.00,0.00,0.00,0.00,0.00,0.00,1.136
26818,724.88,83.17,3.11,984.96,1384.51,1312.96,1521.52,1681.84,1610.44,2199.47,1353.32,1155.54,611.57,408.03,117.37,140.57,15.60,0.00,0.00,0.00,0.00,0.00,0.00,0.00,0.00,0.00,0.00,0.00,0.00,1.135
26819,732.12,82.83,3.07,961.82,1258.51,1767.45,1213.47,1665.86,1990.17,2082.65,1401.52,943.99,776.82,376.75,70.52,93.84,15.61,23.41,0.00,0.00,0.00,0.00,0.00,0.00,0.00,0.00,0.00,0.00,0.00,1.135
26820,645.03,79.08,3.29,1080.23,1273.33,1049.84,1211.86,1442.11,1846.25,1347.31,1226.69,895.62,681.77,486.11,211.17,46.86,31.24,0.00,46.85,0.00,23.38,0.00,0.00,0.00,0.00,0.00,0.00,0.00,0.00,1.134
26821,663.95,78.47,3.13,1126.17,1047.61,1167.51,1707.12,1835.68,1440.30,1485.82,1176.96,823.09,633.35,453.65,117.04,163.58,62.28,23.39,0.00,15.52,0.00,0.00,0.00,0.00,0.00,0.00,0.00,0.00,0.00,1.134
26822,712.70,89.99,3.83,933.50,1491.59,1070.75,1255.83,1785.40,1888.09,1531.78,1489.84,1245.52,679.81,406.66,233.95,93.45,62.40,46.69,0.00,15.51,0.00,23.25,0.00,0.00,0.00,0.00,0.00,0.00,0.00,1.134
26823,706.58,112.63,12.71,1174.73,1001.72,1381.67,1305.82,1852.83,1371.59,2313.96,1162.60,941.78,681.06,438.59,164.10,140.39,78.02,0.00,46.73,0.00,0.00,23.32,15.52,0.00,9.31,0.00,0.00,9.29,0.00,1.133
26824,680.08,79.27,3.04,1151.07,1096.69,1308.68,1329.20,1377.41,1938.24,1487.31,1492.34,1059.28,821.81,297.49,140.67,46.80,15.55,23.41,0.00,15.55,0.00,0.00,0.00,0.00,0.00,0.00,0.00,0.00,0.00,1.134
26825,730.26,90.69,4.35,1176.28,1464.38,1241.67,1591.83,1760.18,1798.38,1276.10,1509.55,1272.58,775.75,360.67,164.25,70.26,77.95,23.38,23.43,0.00,0.00,0.00,0.00,0.00,9.31,0.00,0.00,0.00,0.00,1.134
26826,720.81,98.64,5.72,1029.27,1301.53,1331.66,1397.97,1596.70,1674.98,1602.05,1599.05,1362.63,726.48,468.73,70.17,93.42,46.71,23.37,0.00,31.03,0.00,23.25,0.00,0.00,18.58,0.00,0.00,0.00,0.00,1.133
26827,727.36,88.69,3.56,1153.25,1162.71,1359.31,1474.19,1536.52,1775.62,1915.51,1510.81,825.35,870.31,643.18,187.72,46.89,62.42,0.00,0.00,0.00,23.39,0.00,0.00,0.00,0.00,0.00,0.00,0.00,0.00,1.132
26828,713.80,80.70,3.11,1604.21,1253.50,1284.80,1421.92,1485.51,1817.27,1697.35,1411.70,963.78,656.54,406.63,187.16,0.00,46.69,0.00,23.37,15.54,0.00,0.00,0.00,0.00,0.00,0.00,0.00,0.00,0.00,1.133
26829,703.56,91.00,4.60,1028.86,1411.76,1163.62,1681.78,1406.56,1603.52,1531.31,1520.62,1174.62,749.83,453.34,93.57,93.41,77.70,23.31,23.35,0.00,0.00,0.00,15.50,0.00,9.28,0.00,0.00,0.00,0.00,1.132
26830,705.83,113.20,12.43,1295.77,1256.75,953.21,1329.78,1409.72,1892.08,1511.49,1383.10,1012.75,1033.70,595.42,140.72,117.00,93.48,23.37,0.00,31.12,0.00,0.00,0.00,0.00,9.31,0.00,0.00,9.29,0.00,1.132
