NASA Data Processing/CAMP2Ex/LAS/CAMP2Ex-LARGE-LAS_P3B_20190929_R0.ict
78, 1001
Luke Ziemba
NASA Langley
In-situ Particle Size Distributions from the TSI LAS on the NASA P3B
NASA CAMP2Ex
1,1
2019,09,29,2020,05,5
1.0
Time_Start,Secs after midnight,Time of acquisition
30
1,1,1,1,1,1,1,1,1,1,1,1,1,1,1,1,1,1,1,1,1,1,1,1,1,1,1,1,1,1
-9999,-9999,-9999,-9999,-9999,-9999,-9999,-9999,-9999,-9999,-9999,-9999,-9999,-9999,-9999,-9999,-9999,-9999,-9999,-9999,-9999,-9999,-9999,-9999,-9999,-9999,-9999,-9999,-9999,-9999
nLAS, #/cm3, AerMP_NumConc_InSitu_RHd_Optical_AccutoCoarse_STP, Number_concentration_of_particles_in_air_integrated_over_reported_LAS_dry_optical_bins_wrt_AmmoniumSulfate
sLAS, um2/cm3, AerMP_SurfAreaConc_InSitu_RHd_Optical_AccutoCoarse_STP, Surface_area_concentration_of_particles_in_air_integrated_over_reported_LAS_dry_optical_bins_wrt_AmmoniumSulfate
vLAS, um3/cm3, AerMP_VolConc_InSitu_RHd_Optical_AccutoCoarse_STP, Volume_concentration_of_particles_in_air_integrated_over_reported_LAS_dry_optical_bins_wrt_AmmoniumSulfate
LAS_Bin01, #/cm3, None, number_size_distribution_of_particles_in_air_per_dlogDp_for_bin_center_optical_diameter_at_100nm_measured_by_LAS_AmmoniumSulfate
LAS_Bin02, #/cm3, None, number_size_distribution_of_particles_in_air_per_dlogDp_for_bin_center_optical_diameter_at_112nm_measured_by_LAS_AmmoniumSulfate
LAS_Bin03, #/cm3, None, number_size_distribution_of_particles_in_air_per_dlogDp_for_bin_center_optical_diameter_at_126nm_measured_by_LAS_AmmoniumSulfate
LAS_Bin04, #/cm3, None, number_size_distribution_of_particles_in_air_per_dlogDp_for_bin_center_optical_diameter_at_141nm_measured_by_LAS_AmmoniumSulfate
LAS_Bin05, #/cm3, None, number_size_distribution_of_particles_in_air_per_dlogDp_for_bin_center_optical_diameter_at_158nm_measured_by_LAS_AmmoniumSulfate
LAS_Bin06, #/cm3, None, number_size_distribution_of_particles_in_air_per_dlogDp_for_bin_center_optical_diameter_at_178nm_measured_by_LAS_AmmoniumSulfate
LAS_Bin07, #/cm3, None, number_size_distribution_of_particles_in_air_per_dlogDp_for_bin_center_optical_diameter_at_200nm_measured_by_LAS_AmmoniumSulfate
LAS_Bin08, #/cm3, None, number_size_distribution_of_particles_in_air_per_dlogDp_for_bin_center_optical_diameter_at_224nm_measured_by_LAS_AmmoniumSulfate
LAS_Bin09, #/cm3, None, number_size_distribution_of_particles_in_air_per_dlogDp_for_bin_center_optical_diameter_at_251nm_measured_by_LAS_AmmoniumSulfate
LAS_Bin10, #/cm3, None, number_size_distribution_of_particles_in_air_per_dlogDp_for_bin_center_optical_diameter_at_282nm_measured_by_LAS_AmmoniumSulfate
LAS_Bin11, #/cm3, None, number_size_distribution_of_particles_in_air_per_dlogDp_for_bin_center_optical_diameter_at_316nm_measured_by_LAS_AmmoniumSulfate
LAS_Bin12, #/cm3, None, number_size_distribution_of_particles_in_air_per_dlogDp_for_bin_center_optical_diameter_at_355nm_measured_by_LAS_AmmoniumSulfate
LAS_Bin13, #/cm3, None, number_size_distribution_of_particles_in_air_per_dlogDp_for_bin_center_optical_diameter_at_398nm_measured_by_LAS_AmmoniumSulfate
LAS_Bin14, #/cm3, None, number_size_distribution_of_particles_in_air_per_dlogDp_for_bin_center_optical_diameter_at_447nm_measured_by_LAS_AmmoniumSulfate
LAS_Bin15, #/cm3, None, number_size_distribution_of_particles_in_air_per_dlogDp_for_bin_center_optical_diameter_at_501nm_measured_by_LAS_AmmoniumSulfate
[...]
  - Integrated surface areas and volumes are calculated by assuming spherical particles
  - Data in this file is time synced to DLH water vapor
UNCERTAINTY: all data are 20%
ULOD_FLAG: -7777
ULOD_VALUE: N/A
LLOD_FLAG: -8888
LLOD_VALUE: N/A
DM_CONTACT_INFO: Michael Shook (michael.shook@nasa.gov)
PROJECT_INFO: CAMP2Ex 2019
STIPULATIONS_ON_USE: This is FINAL data. Users are strongly encouraged to consult the PI and/or DM prior to use.
OTHER_COMMENTS: dlogD for Diameters less than 1000 nm is 0.05 (20 channels per decade). For Diameters greater than or equal to 1000 nm, dlogD is 0.1 (10 channels per decade)
OTHER_COMMENTS: Data are processed with respect to mid-point ammonium-sulfate ((NH4)2SO4, AmmSO4) equivalent optical diameters and are rebinned to a standard binning scheme
OTHER_COMMENTS: Mid-point diameters (in nm) are:
		  100.0, 112.2, 125.9, 141.3, 158.5, 177.8, 199.5, 223.9, 251.2, 281.8, 316.2, 354.8, 398.1, 446.7, 501.2, 562.3, 631.0, 707.9, 794.3, 891.3, 1000.0, 1258.9, 1584.9, 1995.3, 2511.9, 3162.3
REVISION: R0
R0: STP calculations now use data from publicly available MetNav files, data is time synced to DLH
RC: Particle sizing now done with respect to ammonium sulfate
RB: Time sync to LARGE CNgt3nm applied
RA: None
*******************************************************************************************************************************
Time_Start,nLAS,sLAS,vLAS,LAS_Bin01,LAS_Bin02,LAS_Bin03,LAS_Bin04,LAS_Bin05,LAS_Bin06,LAS_Bin07,LAS_Bin08,LAS_Bin09,LAS_Bin10,LAS_Bin11,LAS_Bin12,LAS_Bin13,LAS_Bin14,LAS_Bin15,LAS_Bin16,LAS_Bin17,LAS_Bin18,LAS_Bin19,LAS_Bin20,LAS_Bin21,LAS_Bin22,LAS_Bin23,LAS_Bin24,LAS_Bin25,LAS_Bin26,stdPT
[from data line 12568]
21504,106.73,19.32,1.75,191.87,158.99,214.74,142.31,332.69,189.04,330.29,188.42,164.66,93.87,15.61,23.44,0.00,31.11,0.00,0.00,15.55,23.33,0.00,0.00,0.00,9.30,0.00,0.00,0.00,0.00,1.117
21505,113.65,14.95,0.77,71.98,158.86,286.29,355.95,237.33,236.48,259.77,282.74,94.18,211.36,47.01,0.00,0.00,15.63,0.00,0.00,0.00,0.00,0.00,15.51,0.00,0.00,0.00,0.00,0.00,0.00,1.118
21506,81.02,14.63,1.42,23.95,158.70,190.39,237.30,189.91,141.89,236.11,219.91,94.17,23.48,31.34,0.00,23.43,15.63,0.00,0.00,15.55,0.00,0.00,0.00,0.00,9.31,0.00,0.00,0.00,0.00,1.118
21507,116.69,12.08,0.44,264.05,286.33,191.05,261.34,316.63,236.67,212.51,235.87,188.46,70.50,31.36,23.48,0.00,15.58,0.00,0.00,0.00,0.00,0.00,0.00,0.00,0.00,0.00,0.00,0.00,0.00,1.118
21508,102.39,13.95,0.78,143.56,238.08,261.07,189.28,205.45,188.67,258.99,234.96,117.39,117.10,15.58,0.00,23.36,15.51,23.35,0.00,0.00,0.00,0.00,15.47,0.00,0.00,0.00,0.00,0.00,0.00,1.117
21509,110.56,13.28,0.70,311.30,238.28,238.40,355.28,190.01,141.63,259.19,125.42,164.48,93.76,31.24,23.42,0.00,15.60,0.00,0.00,0.00,0.00,23.25,0.00,0.00,0.00,0.00,0.00,0.00,0.00,1.117
21510,113.66,15.09,0.95,312.35,270.46,262.37,261.36,333.29,142.08,212.74,141.57,188.57,70.54,15.64,0.00,0.00,0.00,0.00,0.00,15.57,23.38,23.35,0.00,0.00,0.00,0.00,0.00,0.00,0.00,1.117
21511,107.85,14.67,1.03,191.62,285.56,286.54,189.67,300.79,259.64,283.03,172.63,94.08,0.00,15.65,23.44,0.00,0.00,0.00,0.00,15.53,23.33,0.00,0.00,15.51,0.00,0.00,0.00,0.00,0.00,1.118
21512,124.64,20.49,1.95,431.76,333.22,285.65,213.54,142.29,283.52,188.82,204.11,188.29,46.96,62.61,23.42,23.42,15.55,0.00,0.00,15.55,0.00,0.00,0.00,15.52,9.31,0.00,0.00,0.00,0.00,1.117
21513,112.94,13.09,0.56,240.55,190.96,286.87,238.08,222.51,355.77,189.45,173.35,141.69,141.32,0.00,23.53,23.50,15.62,0.00,0.00,15.58,0.00,0.00,0.00,0.00,0.00,0.00,0.00,0.00,0.00,1.118
21514,121.80,18.09,1.02,214.88,158.09,237.04,307.31,204.89,329.65,305.55,219.00,164.10,70.15,62.37,46.72,46.56,31.00,0.00,0.00,15.47,0.00,23.19,0.00,0.00,0.00,0.00,0.00,0.00,0.00,1.118
21515,123.81,14.53,0.63,385.16,207.54,167.89,261.95,428.65,166.16,237.06,236.52,189.09,23.57,78.62,23.55,23.47,31.27,0.00,0.00,15.62,0.00,0.00,0.00,0.00,0.00,0.00,0.00,0.00,0.00,1.118
21516,134.80,14.02,0.54,335.46,318.00,381.80,260.90,285.11,283.30,330.31,141.28,117.61,117.31,46.93,23.44,23.36,31.16,0.00,0.00,0.00,0.00,0.00,0.00,0.00,0.00,0.00,0.00,0.00,0.00,1.117
21517,127.21,14.22,0.77,384.38,413.59,262.49,261.58,269.51,189.58,331.14,188.84,94.33,47.05,47.10,0.00,23.47,0.00,0.00,0.00,15.58,0.00,0.00,15.54,0.00,0.00,0.00,0.00,0.00,0.00,1.118
21518,122.11,15.70,0.85,384.82,287.23,143.17,261.97,269.82,308.22,189.42,267.91,118.06,47.12,47.12,0.00,47.00,46.92,0.00,0.00,0.00,0.00,23.39,0.00,0.00,0.00,0.00,0.00,0.00,0.00,1.119
21519,133.22,15.28,0.86,453.97,285.19,308.58,189.20,315.51,235.54,352.87,219.17,164.21,46.79,31.19,0.00,46.64,0.00,0.00,0.00,0.00,0.00,0.00,0.00,15.47,0.00,0.00,0.00,0.00,0.00,1.119
21520,145.69,16.96,0.80,385.11,271.85,382.84,381.23,317.76,261.22,213.31,283.91,165.44,165.04,15.69,0.00,0.00,15.69,0.00,23.42,31.22,0.00,0.00,0.00,0.00,0.00,0.00,0.00,0.00,0.00,1.118
21521,139.86,19.41,1.03,191.01,221.39,142.11,354.60,362.83,447.27,234.97,375.33,210.96,93.52,77.91,23.32,0.00,0.00,23.25,0.00,15.49,0.00,23.19,0.00,0.00,0.00,0.00,0.00,0.00,0.00,1.119
21522,143.45,19.46,1.16,334.81,364.41,308.63,331.24,189.69,424.40,329.70,297.68,70.44,23.42,46.90,23.40,0.00,31.05,46.71,0.00,0.00,23.29,23.23,0.00,0.00,0.00,0.00,0.00,0.00,0.00,1.118
21523,123.25,33.39,8.67,264.14,413.65,405.09,261.17,174.04,142.08,378.17,251.62,47.12,47.01,0.00,0.00,0.00,15.59,0.00,0.00,0.00,0.00,46.65,0.00,0.00,0.00,0.00,0.00,9.30,0.00,1.118
21524,171.85,34.36,5.08,551.81,397.34,358.33,284.92,317.15,283.94,425.26,235.76,259.09,70.48,47.04,0.00,23.44,78.06,23.43,23.41,15.56,23.33,0.00,0.00,0.00,0.00,0.00,9.30,0.00,0.00,1.118
21525,129.71,20.20,1.27,336.01,286.59,238.79,237.50,253.49,354.85,212.64,220.15,164.93,94.00,47.05,0.00,0.00,15.64,23.44,46.84,15.57,46.68,0.00,0.00,0.00,0.00,0.00,0.00,0.00,0.00,1.118
21526,116.58,23.25,2.57,334.73,269.33,190.15,236.62,237.43,235.89,188.43,203.70,187.84,70.27,15.62,23.36,23.32,31.05,46.71,0.00,0.00,0.00,0.00,0.00,0.00,18.57,0.00,0.00,0.00,0.00,1.118
21527,123.21,30.10,5.14,409.22,191.41,383.39,214.46,254.58,166.05,213.29,252.21,165.34,23.56,31.44,23.50,0.00,31.23,0.00,23.48,15.58,0.00,46.76,0.00,0.00,0.00,0.00,9.32,0.00,0.00,1.118
21528,115.37,11.06,0.44,526.44,174.86,427.98,94.72,189.46,306.48,188.42,141.14,117.43,70.27,31.25,23.37,0.00,0.00,0.00,0.00,15.52,0.00,0.00,0.00,0.00,0.00,0.00,0.00,0.00,0.00,1.118
21529,150.26,19.08,1.07,503.46,349.92,381.60,308.38,347.95,259.89,117.98,282.57,164.68,117.34,31.28,23.44,23.36,31.18,0.00,23.39,15.52,0.00,23.30,0.00,0.00,0.00,0.00,0.00,0.00,0.00,1.118
21530,163.85,23.56,1.99,457.45,510.95,455.11,309.82,381.45,166.26,331.87,315.45,94.56,70.74,78.60,23.52,0.00,0.00,0.00,0.00,15.61,46.86,0.00,0.00,0.00,9.34,0.00,0.00,0.00,0.00,1.117
21531,146.90,20.35,1.62,503.60,397.79,238.84,332.33,205.99,259.85,283.35,188.52,282.49,117.41,31.29,46.88,0.00,15.56,0.00,0.00,15.53,0.00,0.00,0.00,0.00,9.31,0.00,0.00,0.00,0.00,1.118
21532,152.19,14.42,0.51,552.49,365.91,334.14,356.57,396.72,189.19,165.48,251.73,212.19,164.60,15.69,23.49,0.00,15.65,0.00,0.00,0.00,0.00,0.00,0.00,0.00,0.00,0.00,0.00,0.00,0.00,1.118
21533,133.47,19.39,1.24,311.52,254.36,167.32,497.97,363.90,212.57,212.19,235.46,70.55,234.60,15.65,0.00,0.00,0.00,0.00,23.38,31.06,23.33,0.00,15.52,0.00,0.00,0.00,0.00,0.00,0.00,1.118
21534,127.78,16.39,0.86,406.61,285.13,238.28,165.72,268.57,235.88,400.40,94.03,258.34,70.29,46.90,23.40,0.00,0.00,0.00,23.34,15.51,23.26,0.00,0.00,0.00,0.00,0.00,0.00,0.00,0.00,1.119
21535,154.24,32.05,3.34,312.47,286.65,286.84,380.75,301.52,355.28,331.26,236.08,235.90,94.13,47.02,46.95,23.43,15.61,23.46,0.00,31.15,23.37,0.00,15.57,0.00,18.66,0.00,0.00,0.00,0.00,1.117
21536,154.57,44.22,9.99,432.42,270.54,285.37,309.11,427.91,189.21,307.37,283.25,306.50,94.06,31.39,0.00,23.46,31.18,23.39,0.00,0.00,23.35,0.00,0.00,15.54,9.33,0.00,0.00,9.30,0.00,1.119
21537,127.68,13.16,0.53,456.63,302.51,238.60,190.36,349.65,213.32,283.88,236.23,94.37,117.68,15.71,23.48,0.00,15.66,0.00,0.00,15.57,0.00,0.00,0.00,0.00,0.00,0.00,0.00,0.00,0.00,1.118
21538,133.64,17.28,0.82,477.19,268.58,213.71,212.42,251.85,164.59,352.13,218.71,187.29,116.76,62.31,46.59,23.30,30.94,0.00,46.47,0.00,0.00,0.00,0.00,0.00,0.00,0.00,0.00,0.00,0.00,1.118
21539,130.95,14.85,0.62,384.22,270.55,333.76,261.30,126.76,236.58,378.15,220.28,117.84,211.56,15.64,0.00,23.45,15.64,0.00,23.35,0.00,0.00,0.00,0.00,0.00,0.00,0.00,0.00,0.00,0.00,1.118
21540,134.68,36.63,8.73,385.45,159.38,191.64,286.39,270.79,237.41,427.11,315.84,118.32,94.42,78.62,47.13,0.00,31.31,0.00,0.00,15.63,0.00,0.00,15.59,0.00,0.00,0.00,0.00,9.33,0.00,1.118
21541,128.55,26.80,3.55,264.06,397.93,262.27,190.06,317.06,260.43,259.89,204.41,188.51,117.51,0.00,23.45,0.00,0.00,0.00,0.00,15.55,0.00,46.63,0.00,0.00,0.00,11.63,0.00,0.00,0.00,1.119
21542,126.33,17.58,1.46,383.85,318.05,238.62,308.52,222.19,236.16,212.55,204.27,141.27,164.39,47.01,0.00,0.00,31.12,0.00,0.00,0.00,0.00,0.00,0.00,0.00,9.31,0.00,0.00,0.00,0.00,1.119
21543,116.41,17.62,1.61,359.56,333.80,166.88,237.19,301.10,260.00,212.39,251.22,47.06,46.95,0.00,23.41,0.00,46.79,0.00,0.00,0.00,23.34,0.00,0.00,0.00,9.30,0.00,0.00,0.00,0.00,1.119
21544,121.41,40.09,6.99,167.68,270.04,166.49,165.81,300.64,306.95,282.92,235.27,164.58,93.82,78.23,23.43,23.40,31.11,0.00,0.00,15.51,23.32,23.29,0.00,0.00,18.59,0.00,9.28,0.00,0.00,1.119
21545,149.79,36.26,6.10,336.79,430.62,454.84,214.28,237.90,355.74,284.15,220.57,165.29,117.76,0.00,23.53,23.50,31.22,0.00,23.39,0.00,0.00,23.38,15.56,0.00,9.33,0.00,9.32,0.00,0.00,1.119
21546,138.61,37.08,6.38,481.05,191.34,357.63,166.72,270.10,166.13,378.87,236.33,188.89,117.76,94.26,23.53,0.00,15.62,0.00,0.00,0.00,0.00,0.00,31.14,15.56,9.34,0.00,9.32,0.00,0.00,1.120
21547,118.69,29.24,3.32,312.43,286.98,310.45,166.58,205.93,189.57,260.38,173.24,70.79,94.16,31.42,70.48,23.48,15.61,23.41,46.92,15.59,23.41,0.00,15.55,0.00,18.67,0.00,0.00,0.00,0.00,1.120
21548,126.05,15.34,0.88,286.57,348.55,427.55,189.13,220.87,211.93,164.56,266.05,211.02,93.54,46.84,0.00,23.33,15.56,0.00,0.00,0.00,0.00,0.00,0.00,15.47,0.00,0.00,0.00,0.00,0.00,1.120
21549,133.31,20.71,1.34,408.08,366.14,166.87,237.55,269.62,283.90,236.31,204.47,141.40,94.02,62.76,46.93,46.86,31.15,0.00,0.00,0.00,46.72,23.34,0.00,0.00,0.00,0.00,0.00,0.00,0.00,1.121
21550,132.42,15.09,0.88,480.17,349.79,430.07,309.03,237.61,283.90,212.73,110.11,94.28,0.00,62.72,0.00,0.00,15.59,0.00,0.00,15.58,46.73,0.00,0.00,0.00,0.00,0.00,0.00,0.00,0.00,1.120
21551,137.34,18.26,1.02,432.31,270.65,262.96,142.63,332.64,378.60,189.07,283.19,235.76,94.06,15.70,46.96,0.00,0.00,0.00,0.00,15.56,46.74,0.00,0.00,0.00,0.00,0.00,0.00,0.00,0.00,1.121
21552,130.01,23.91,3.18,478.93,238.16,238.57,379.36,316.34,212.52,212.21,125.54,141.07,117.28,62.56,0.00,0.00,31.09,0.00,0.00,0.00,0.00,23.29,0.00,0.00,0.00,11.61,0.00,0.00,0.00,1.120
21553,119.22,12.89,0.51,312.29,334.57,286.30,237.63,269.41,213.08,165.61,188.90,141.53,94.11,47.11,70.49,0.00,0.00,23.40,0.00,0.00,0.00,0.00,0.00,0.00,0.00,0.00,0.00,0.00,0.00,1.121
21554,109.24,11.29,0.46,430.06,253.64,285.50,94.60,267.81,235.61,188.14,156.54,117.28,46.80,46.75,0.00,23.34,15.52,23.27,0.00,0.00,0.00,0.00,0.00,0.00,0.00,0.00,0.00,0.00,0.00,1.121
21555,117.57,17.85,1.58,312.73,271.72,262.92,190.43,270.14,213.44,260.51,189.17,188.98,117.79,31.43,0.00,0.00,0.00,0.00,0.00,0.00,23.40,0.00,0.00,0.00,9.34,0.00,0.00,0.00,0.00,1.121
21556,129.46,21.70,2.16,311.87,334.14,381.10,118.67,379.64,307.37,212.43,251.35,141.27,46.98,15.68,0.00,0.00,15.63,0.00,23.40,0.00,0.00,0.00,15.51,15.52,9.31,0.00,0.00,0.00,0.00,1.122
21557,102.63,29.55,4.50,240.47,286.54,166.74,190.14,238.02,213.24,141.86,157.42,165.11,70.57,31.40,0.00,23.47,15.60,0.00,23.44,31.14,0.00,0.00,0.00,15.54,9.32,11.64,0.00,0.00,0.00,1.122
21558,145.21,28.16,4.72,239.79,317.85,381.65,355.96,301.02,401.89,401.33,172.79,164.82,70.46,31.33,0.00,0.00,15.63,0.00,0.00,15.54,0.00,0.00,15.54,0.00,0.00,0.00,9.30,0.00,0.00,1.122
21559,104.64,36.26,8.47,240.87,159.57,191.73,333.64,174.90,308.69,237.05,157.79,47.28,94.31,31.47,0.00,47.00,15.64,0.00,0.00,0.00,0.00,0.00,15.57,0.00,0.00,0.00,18.67,0.00,0.00,1.122
21560,94.98,10.69,0.50,264.08,222.73,333.40,166.31,190.03,165.57,94.48,188.70,94.24,117.50,31.36,0.00,0.00,0.00,0.00,0.00,31.13,0.00,0.00,0.00,0.00,0.00,0.00,0.00,0.00,0.00,1.123
21561,123.58,19.19,1.59,336.28,206.70,262.59,166.26,349.11,260.10,165.40,235.91,282.82,70.52,31.36,23.49,23.41,15.59,0.00,23.43,0.00,0.00,0.00,0.00,0.00,9.32,0.00,0.00,0.00,0.00,1.123
21562,105.23,14.44,0.70,167.62,174.85,214.27,260.69,205.32,259.44,212.11,125.46,211.52,93.77,62.59,70.23,0.00,15.60,0.00,0.00,31.04,0.00,0.00,0.00,0.00,0.00,0.00,0.00,0.00,0.00,1.123
21563,108.70,13.64,0.65,168.08,111.24,286.14,190.06,285.07,260.37,425.63,173.03,70.72,94.06,47.08,23.49,0.00,15.60,0.00,0.00,0.00,23.38,0.00,0.00,0.00,0.00,0.00,0.00,0.00,0.00,1.123
21564,113.87,22.43,4.30,527.78,286.76,285.90,189.94,237.71,47.24,165.37,298.68,70.67,70.47,62.71,0.00,0.00,0.00,0.00,0.00,15.54,0.00,0.00,0.00,0.00,0.00,0.00,9.30,0.00,0.00,1.124
21565,109.39,14.98,0.85,192.03,190.65,357.14,237.48,142.39,141.78,377.88,220.00,23.54,117.44,140.95,0.00,0.00,15.56,0.00,0.00,15.53,0.00,0.00,15.52,0.00,0.00,0.00,0.00,0.00,0.00,1.124
21566,91.73,48.46,19.89,168.04,206.57,190.89,118.84,269.62,236.73,212.75,188.76,70.71,47.02,31.32,0.00,23.45,0.00,0.00,23.35,0.00,23.35,0.00,0.00,0.00,0.00,0.00,0.00,0.00,11.63,1.124
21567,88.78,9.31,0.36,216.23,223.34,286.83,95.08,158.81,165.90,212.89,157.41,141.52,94.11,0.00,0.00,0.00,0.00,23.40,0.00,0.00,0.00,0.00,0.00,0.00,0.00,0.00,0.00,0.00,0.00,1.124
21568,132.47,20.20,1.24,480.06,238.45,286.22,261.22,189.99,260.27,94.54,188.67,212.06,188.00,47.00,70.40,23.44,46.86,23.37,0.00,0.00,23.34,0.00,15.52,0.00,0.00,0.00,0.00,0.00,0.00,1.125
21569,104.01,16.02,1.11,289.02,191.68,382.91,119.20,175.16,213.67,213.32,94.65,165.48,94.31,15.74,23.52,23.52,15.69,0.00,23.42,0.00,0.00,23.39,15.57,0.00,0.00,0.00,0.00,0.00,0.00,1.126
21570,112.01,17.75,1.24,120.22,239.22,334.19,237.97,206.53,284.21,213.06,236.20,117.99,141.23,15.66,0.00,0.00,15.66,0.00,23.46,15.58,23.37,0.00,0.00,15.55,0.00,0.00,0.00,0.00,0.00,1.125
21571,120.94,17.69,1.16,288.85,254.96,191.80,333.26,301.83,237.27,260.51,252.20,94.46,47.11,47.14,23.50,0.00,15.68,0.00,0.00,0.00,46.85,23.39,0.00,0.00,0.00,0.00,0.00,0.00,0.00,1.125
21572,110.89,43.16,10.93,239.38,206.45,166.47,189.58,205.65,330.69,235.74,141.20,164.58,117.27,31.24,46.79,0.00,77.78,0.00,0.00,0.00,23.29,0.00,0.00,0.00,0.00,11.60,0.00,9.28,0.00,1.126
21573,92.58,8.96,0.31,119.52,142.78,261.24,307.66,205.01,306.48,188.33,172.28,70.41,46.83,15.58,0.00,0.00,15.53,0.00,0.00,0.00,0.00,0.00,0.00,0.00,0.00,0.00,0.00,0.00,0.00,1.126
21574,104.06,17.19,1.59,167.17,221.87,308.46,283.74,205.07,235.32,188.15,187.74,164.13,0.00,31.21,0.00,0.00,0.00,0.00,69.77,0.00,0.00,0.00,0.00,0.00,9.27,0.00,0.00,0.00,0.00,1.125
21575,123.96,14.74,0.85,264.28,318.21,238.63,285.56,237.91,355.40,331.34,157.47,165.18,23.54,47.07,0.00,23.44,15.59,0.00,0.00,0.00,0.00,0.00,0.00,15.56,0.00,0.00,0.00,0.00,0.00,1.126
21576,102.32,12.92,0.60,239.93,206.69,190.67,261.18,221.46,118.17,259.70,172.82,164.81,140.90,0.00,0.00,0.00,0.00,46.77,23.33,0.00,0.00,0.00,0.00,0.00,0.00,0.00,0.00,0.00,0.00,1.126
21577,108.48,15.94,0.97,167.71,158.77,261.91,213.55,205.76,259.94,283.12,251.22,117.65,93.88,31.34,46.83,23.37,15.62,23.41,0.00,0.00,0.00,0.00,0.00,15.51,0.00,0.00,0.00,0.00,0.00,1.127
21578,103.27,19.06,2.07,192.48,254.79,215.07,357.03,334.06,165.92,189.49,94.56,70.86,70.68,47.17,0.00,0.00,0.00,0.00,23.48,0.00,0.00,0.00,15.56,15.58,9.33,0.00,0.00,0.00,0.00,1.127
21579,102.80,20.04,1.69,142.99,268.77,213.30,212.22,204.80,258.58,117.30,140.48,233.96,116.69,31.05,23.28,0.00,0.00,0.00,0.00,15.46,23.17,23.17,15.44,15.42,0.00,0.00,0.00,0.00,0.00,1.127
21580,113.61,14.92,0.71,241.26,111.88,239.51,143.33,318.64,333.08,379.97,173.88,118.41,70.87,47.25,0.00,0.00,31.34,47.12,0.00,15.64,0.00,0.00,0.00,0.00,0.00,0.00,0.00,0.00,0.00,1.128
21581,115.14,18.75,1.27,119.37,300.77,213.73,141.76,393.84,188.32,329.11,156.42,187.54,46.76,62.31,46.65,46.61,15.49,0.00,0.00,15.48,23.25,0.00,0.00,15.45,0.00,0.00,0.00,0.00,0.00,1.128
21582,129.92,19.86,1.61,311.41,253.93,261.15,284.39,221.53,259.77,282.99,172.61,305.64,164.16,0.00,0.00,0.00,15.54,46.71,0.00,0.00,0.00,0.00,0.00,0.00,9.29,0.00,0.00,0.00,0.00,1.128
21583,98.32,13.10,0.75,216.54,223.53,263.13,190.39,253.90,94.86,260.45,141.85,94.48,94.22,47.12,0.00,23.50,46.85,0.00,0.00,0.00,0.00,0.00,15.56,0.00,0.00,0.00,0.00,0.00,0.00,1.128
21584,108.91,22.41,3.11,263.61,222.25,189.98,189.68,252.97,259.79,283.14,188.40,141.12,70.39,46.99,23.41,0.00,0.00,0.00,0.00,0.00,0.00,23.28,0.00,0.00,0.00,11.61,0.00,0.00,0.00,1.129
21585,133.46,48.26,11.63,312.19,429.63,285.26,261.51,317.05,165.82,165.47,330.31,94.28,23.51,78.44,46.94,23.41,0.00,0.00,23.43,0.00,0.00,70.00,0.00,0.00,0.00,11.63,0.00,9.30,0.00,1.129
21586,93.11,16.93,1.25,168.49,207.48,120.03,166.87,174.84,166.15,260.66,283.91,118.17,23.58,31.42,0.00,46.94,15.63,0.00,23.49,15.59,23.44,0.00,0.00,15.57,0.00,0.00,0.00,0.00,0.00,1.129
21587,89.93,16.55,1.48,239.58,158.83,47.62,260.76,236.93,236.23,188.69,109.87,70.56,117.29,46.88,0.00,23.40,15.54,0.00,0.00,0.00,0.00,0.00,15.49,31.01,0.00,0.00,0.00,0.00,0.00,1.129
21588,98.24,20.71,2.97,143.70,285.64,261.69,237.10,189.74,212.44,212.19,172.61,94.05,46.91,15.64,0.00,0.00,31.07,0.00,23.37,15.53,0.00,0.00,0.00,0.00,0.00,11.61,0.00,0.00,0.00,1.130
21589,105.40,15.58,0.89,239.51,238.17,310.29,260.58,331.41,47.14,70.77,203.97,117.53,70.34,46.89,23.42,23.39,46.74,0.00,46.73,31.05,0.00,0.00,0.00,0.00,0.00,0.00,0.00,0.00,0.00,1.130
