NASA Data Processing/CAMP2Ex/LAS/CAMP2Ex-LARGE-LAS_P3B_20191005_R0.ict
78, 1001
Luke Ziemba
NASA Langley
In-situ Particle Size Distributions from the TSI LAS on the NASA P3B
NASA CAMP2Ex
1,1
2019,10,05,2020,05,5
1.0
Time_Start,Secs after midnight,Time of acquisition
30
1,1,1,1,1,1,1,1,1,1,1,1,1,1,1,1,1,1,1,1,1,1,1,1,1,1,1,1,1,1
-9999,-9999,-9999,-9999,-9999,-9999,-9999,-9999,-9999,-9999,-9999,-9999,-9999,-9999,-9999,-9999,-9999,-9999,-9999,-9999,-9999,-9999,-9999,-9999,-9999,-9999,-9999,-9999,-9999,-9999
nLAS, #/cm3, AerMP_NumConc_InSitu_RHd_Optical_AccutoCoarse_STP, Number_concentration_of_particles_in_air_integrated_over_reported_LAS_dry_optical_bins_wrt_AmmoniumSulfate
sLAS, um2/cm3, AerMP_SurfAreaConc_InSitu_RHd_Optical_AccutoCoarse_STP, Surface_area_concentration_of_particles_in_air_integrated_over_reported_LAS_dry_optical_bins_wrt_AmmoniumSulfate
vLAS, um3/cm3, AerMP_VolConc_InSitu_RHd_Optical_AccutoCoarse_STP, Volume_concentration_of_particles_in_air_integrated_over_reported_LAS_dry_optical_bins_wrt_AmmoniumSulfate
LAS_Bin01, #/cm3, None, number_size_distribution_of_particles_in_air_per_dlogDp_for_bin_center_optical_diameter_at_100nm_measured_by_LAS_AmmoniumSulfate
LAS_Bin02, #/cm3, None, number_size_distribution_of_particles_in_air_per_dlogDp_for_bin_center_optical_diameter_at_112nm_measured_by_LAS_AmmoniumSulfate
LAS_Bin03, #/cm3, None, number_size_distribution_of_particles_in_air_per_dlogDp_for_bin_center_optical_diameter_at_126nm_measured_by_LAS_AmmoniumSulfate
LAS_Bin04, #/cm3, None, number_size_distribution_of_particles_in_air_per_dlogDp_for_bin_center_optical_diameter_at_141nm_measured_by_LAS_AmmoniumSulfate
LAS_Bin05, #/cm3, None, number_size_distribution_of_particles_in_air_per_dlogDp_for_bin_center_optical_diameter_at_158nm_measured_by_LAS_AmmoniumSulfate
LAS_Bin06, #/cm3, None, number_size_distribution_of_particles_in_air_per_dlogDp_for_bin_center_optical_diameter_at_178nm_measured_by_LAS_AmmoniumSulfate
LAS_Bin07, #/cm3, None, number_size_distribution_of_particles_in_air_per_dlogDp_for_bin_center_optical_diameter_at_200nm_measured_by_LAS_AmmoniumSulfate
LAS_Bin08, #/cm3, None, number_size_distribution_of_particles_in_air_per_dlogDp_for_bin_center_optical_diameter_at_224nm_measured_by_LAS_AmmoniumSulfate
LAS_Bin09, #/cm3, None, number_size_distribution_of_particles_in_air_per_dlogDp_for_bin_center_optical_diameter_at_251nm_measured_by_LAS_AmmoniumSulfate
LAS_Bin10, #/cm3, None, number_size_distribution_of_particles_in_air_per_dlogDp_for_bin_center_optical_diameter_at_282nm_measured_by_LAS_AmmoniumSulfate
LAS_Bin11, #/cm3, None, number_size_distribution_of_particles_in_air_per_dlogDp_for_bin_center_optical_diameter_at_316nm_measured_by_LAS_AmmoniumSulfate
LAS_Bin12, #/cm3, None, number_size_distribution_of_particles_in_air_per_dlogDp_for_bin_center_optical_diameter_at_355nm_measured_by_LAS_AmmoniumSulfate
LAS_Bin13, #/cm3, None, number_size_distribution_of_particles_in_air_per_dlogDp_for_bin_center_optical_diameter_at_398nm_measured_by_LAS_AmmoniumSulfate
LAS_Bin14, #/cm3, None, number_size_distribution_of_particles_in_air_per_dlogDp_for_bin_center_optical_diameter_at_447nm_measured_by_LAS_AmmoniumSulfate
LAS_Bin15, #/cm3, None, number_size_distribution_of_particles_in_air_per_dlogDp_for_bin_center_optical_diameter_at_501nm_measured_by_LAS_AmmoniumSulfate
[...]
  - Integrated surface areas and volumes are calculated by assuming spherical particles
  - Data in this file is time synced to DLH water vapor
UNCERTAINTY: all data are 20%
ULOD_FLAG: -7777
ULOD_VALUE: N/A
LLOD_FLAG: -8888
LLOD_VALUE: N/A
DM_CONTACT_INFO: Michael Shook (michael.shook@nasa.gov)
PROJECT_INFO: CAMP2Ex 2019
STIPULATIONS_ON_USE: This is FINAL data. Users are strongly encouraged to consult the PI and/or DM prior to use.
OTHER_COMMENTS: dlogD for Diameters less than 1000 nm is 0.05 (20 channels per decade). For Diameters greater than or equal to 1000 nm, dlogD is 0.1 (10 channels per decade)
OTHER_COMMENTS: Data are processed with respect to mid-point ammonium-sulfate ((NH4)2SO4, AmmSO4) equivalent optical diameters and are rebinned to a standard binning scheme
OTHER_COMMENTS: Mid-point diameters (in nm) are:
		  100.0, 112.2, 125.9, 141.3, 158.5, 177.8, 199.5, 223.9, 251.2, 281.8, 316.2, 354.8, 398.1, 446.7, 501.2, 562.3, 631.0, 707.9, 794.3, 891.3, 1000.0, 1258.9, 1584.9, 1995.3, 2511.9, 3162.3
REVISION: R0
R0: STP calculations now use data from publicly available MetNav files, data is time synced to DLH
RC: Particle sizing now done with respect to ammonium sulfate
RB: Time sync to LARGE CNgt3nm applied
RA: None
*******************************************************************************************************************************
Time_Start,nLAS,sLAS,vLAS,LAS_Bin01,LAS_Bin02,LAS_Bin03,LAS_Bin04,LAS_Bin05,LAS_Bin06,LAS_Bin07,LAS_Bin08,LAS_Bin09,LAS_Bin10,LAS_Bin11,LAS_Bin12,LAS_Bin13,LAS_Bin14,LAS_Bin15,LAS_Bin16,LAS_Bin17,LAS_Bin18,LAS_Bin19,LAS_Bin20,LAS_Bin21,LAS_Bin22,LAS_Bin23,LAS_Bin24,LAS_Bin25,LAS_Bin26,stdPT
[from data line 21126]
26634,2195.01,248.95,10.22,5086.06,5138.55,5153.28,4867.89,4961.13,4493.89,3826.67,2782.29,2708.74,1902.98,1268.93,820.81,468.26,233.66,116.96,46.75,0.00,0.00,23.31,0.00,0.00,0.00,0.00,0.00,0.00,0.00,1.207
26635,1756.54,202.64,8.33,3552.56,4057.54,4794.91,3848.27,3802.54,3383.14,3001.03,2484.49,2144.40,1527.77,971.74,750.86,445.02,233.97,70.19,46.77,15.55,0.00,0.00,0.00,0.00,0.00,0.00,0.00,0.00,0.00,1.204
26636,1663.59,187.66,7.64,3532.80,3998.32,4060.62,3520.16,3826.89,3482.59,2886.36,2266.86,2028.97,1717.86,1082.68,211.42,187.68,281.30,140.50,23.45,0.00,23.40,0.00,0.00,0.00,0.00,0.00,0.00,0.00,0.00,1.204
26637,1608.50,176.92,7.09,2996.45,4163.34,4073.17,3843.90,3690.20,3378.96,2454.19,2450.01,2047.44,1126.70,954.92,421.80,304.16,202.64,23.35,0.00,15.55,0.00,23.29,0.00,0.00,0.00,0.00,0.00,0.00,0.00,1.203
26638,1560.14,171.28,7.04,3154.64,4070.03,4092.63,3813.55,3546.80,3157.11,2512.78,2555.68,1276.58,990.39,770.65,635.62,305.49,187.98,70.42,0.00,15.61,46.90,0.00,0.00,0.00,0.00,0.00,0.00,0.00,0.00,1.202
26639,1495.97,165.73,6.74,3356.48,3528.26,3310.17,3511.93,3356.14,3214.41,2667.32,2324.81,1482.95,1267.91,1017.12,445.41,234.01,140.27,23.41,23.32,0.00,0.00,0.00,0.00,15.53,0.00,0.00,0.00,0.00,0.00,1.200
26640,1430.08,192.54,25.21,3231.63,3030.81,3353.69,3435.01,3335.27,2878.49,2639.49,2070.08,1480.55,1570.61,765.91,304.31,303.64,155.66,23.31,0.00,0.00,0.00,0.00,0.00,0.00,0.00,0.00,0.00,0.00,11.59,1.200
26641,1542.38,173.72,7.11,3293.36,3394.30,3487.30,3949.26,3842.51,2630.42,3100.41,2047.53,1864.48,1341.83,738.02,611.08,328.37,109.54,23.41,46.76,15.60,0.00,23.37,0.00,0.00,0.00,0.00,0.00,0.00,0.00,1.199
26642,1539.72,169.26,6.74,3748.38,3599.73,3678.38,3353.21,3443.72,3529.50,2672.90,1904.72,1556.86,1317.62,863.10,540.17,304.87,187.56,46.80,46.89,0.00,0.00,0.00,0.00,0.00,0.00,0.00,0.00,0.00,0.00,1.198
26643,1433.98,165.61,7.44,3655.13,3125.19,3179.49,3118.41,3350.97,2489.39,2841.25,2126.91,1676.23,1224.52,942.36,329.00,328.49,187.63,46.91,23.47,15.58,0.00,0.00,0.00,0.00,9.34,0.00,0.00,0.00,0.00,1.198
26644,1449.91,164.05,6.77,3106.99,3389.97,3539.79,3335.05,3630.20,2826.93,2470.13,1800.18,1360.60,1450.74,1076.58,467.10,326.58,139.78,23.33,23.24,15.49,0.00,0.00,15.46,0.00,0.00,0.00,0.00,0.00,0.00,1.197
26645,1531.38,173.55,7.12,3550.52,3466.27,3118.61,3585.44,3627.95,3405.29,2598.13,2137.21,1742.74,1385.97,939.69,492.49,351.20,140.53,0.00,46.74,15.56,0.00,23.30,0.00,0.00,0.00,0.00,0.00,0.00,0.00,1.196
26646,1524.13,161.12,6.18,3622.43,3642.34,3787.44,3798.54,3421.81,3311.01,2054.56,1932.81,1836.77,1503.30,782.99,351.82,234.05,187.23,0.00,0.00,15.54,0.00,0.00,0.00,0.00,0.00,0.00,0.00,0.00,0.00,1.196
26647,1646.14,200.94,14.93,3753.57,3880.50,3539.42,4069.69,3347.56,3369.19,3224.15,2490.22,1807.13,1310.93,999.27,607.52,256.52,170.94,23.28,23.33,31.01,0.00,0.00,0.00,0.00,0.00,0.00,0.00,9.26,0.00,1.195
26648,1701.72,187.40,7.43,3791.15,3817.26,3984.58,4155.56,3849.12,3453.25,3354.22,2294.79,1931.39,1409.59,830.26,492.46,444.90,93.51,70.10,46.67,15.56,0.00,0.00,0.00,0.00,0.00,0.00,0.00,0.00,0.00,1.194
26649,1497.27,165.01,6.89,3188.29,3909.43,3910.23,3369.30,3610.16,3095.78,2289.24,2182.87,1506.18,1056.38,782.59,351.41,374.19,187.16,46.70,0.00,15.55,69.96,0.00,0.00,0.00,0.00,0.00,0.00,0.00,0.00,1.194
26650,1654.86,215.01,22.73,3878.40,3817.17,3972.45,3696.07,4025.44,3610.46,3012.44,2225.42,1631.87,1533.39,833.84,353.25,234.97,109.61,70.45,0.00,15.60,23.43,0.00,0.00,15.59,0.00,0.00,0.00,18.66,0.00,1.193
26651,1647.32,175.77,7.64,4385.68,4129.97,3762.17,4055.65,3671.83,3614.70,2548.01,2355.03,1458.67,1196.84,719.79,445.11,350.85,186.89,0.00,23.39,0.00,23.30,0.00,0.00,0.00,9.31,0.00,0.00,0.00,0.00,1.192
26652,1835.98,208.78,11.74,4146.91,4514.83,4502.13,4080.74,4718.74,3544.04,3587.08,2387.20,1670.84,1361.44,1032.73,585.70,233.95,264.71,23.41,0.00,31.08,0.00,0.00,15.51,0.00,0.00,0.00,9.29,0.00,0.00,1.191
26653,1830.76,209.89,8.66,4191.03,4359.97,3926.36,3885.68,4309.79,3703.99,3367.07,2508.90,2388.18,1297.21,1195.21,776.97,446.60,125.26,46.92,47.01,15.60,0.00,23.40,0.00,0.00,0.00,0.00,0.00,0.00,0.00,1.191
26654,1782.42,199.57,8.25,4113.99,4740.83,4159.75,3502.78,3949.22,4031.49,3225.68,2397.24,1737.40,1451.99,983.88,537.62,443.49,233.21,23.35,46.60,46.50,23.29,0.00,0.00,0.00,0.00,0.00,0.00,0.00,0.00,1.190
26655,1790.54,200.96,8.37,3877.45,4551.28,3780.50,3932.70,4405.20,4035.65,3200.79,2224.52,1844.06,1745.03,896.35,823.79,234.98,109.85,46.97,47.00,15.60,23.45,0.00,0.00,15.59,0.00,0.00,0.00,0.00,0.00,1.189
26656,1697.03,190.59,7.59,3552.83,4057.31,3816.69,3182.79,4439.15,3999.06,2953.83,2531.62,1649.51,1433.78,1128.68,609.93,281.11,249.86,23.44,0.00,31.11,0.00,0.00,0.00,0.00,0.00,0.00,0.00,0.00,0.00,1.188
26657,1660.21,184.43,7.62,3674.77,3598.60,3748.75,4089.47,4141.06,3575.73,3050.87,2360.47,1886.51,1011.46,909.65,493.11,304.64,234.34,70.18,23.36,15.58,0.00,0.00,0.00,15.55,0.00,0.00,0.00,0.00,0.00,1.188
26658,1645.28,182.45,7.35,3668.31,3909.23,4196.04,3654.19,3468.54,3379.53,2785.32,2324.77,2189.02,1291.27,892.22,585.96,350.92,155.97,23.35,0.00,15.53,0.00,0.00,15.51,0.00,0.00,0.00,0.00,0.00,0.00,1.187
26659,1705.01,190.97,7.55,3190.55,4086.32,3813.87,4201.67,3912.95,3640.89,2951.40,2467.15,2213.39,1620.66,970.99,492.26,257.42,234.01,0.00,0.00,46.65,0.00,0.00,0.00,0.00,0.00,0.00,0.00,0.00,0.00,1.187
26660,1849.34,203.88,7.94,3969.74,4485.78,4445.71,3597.89,4391.52,3748.40,3554.72,2772.85,2042.38,1966.94,890.02,560.95,256.83,264.27,23.29,0.00,15.49,0.00,0.00,0.00,0.00,0.00,0.00,0.00,0.00,0.00,1.186
26661,1864.26,208.07,8.27,4430.70,3888.57,3783.61,4407.99,4270.21,3989.28,3724.56,3137.70,1833.61,1641.39,969.83,585.18,210.21,280.19,69.97,46.73,15.51,0.00,0.00,0.00,0.00,0.00,0.00,0.00,0.00,0.00,1.185
26662,1862.72,220.20,9.85,4137.14,3821.22,4089.77,3882.37,4690.06,4220.04,3273.09,2491.30,2324.47,1592.57,1405.82,724.76,256.78,186.62,23.29,69.86,0.00,46.58,0.00,0.00,0.00,9.29,0.00,0.00,0.00,0.00,1.184
26663,1849.71,226.83,16.09,4366.70,4024.46,3860.80,4392.86,4039.84,4328.26,3283.21,2671.87,2096.15,1362.57,1096.67,679.95,491.66,171.53,46.73,46.82,15.55,0.00,0.00,0.00,0.00,0.00,0.00,0.00,9.29,0.00,1.183
26664,1631.50,180.14,7.03,3527.22,3437.13,3409.95,4250.95,3786.68,3855.08,2692.92,2404.90,2025.75,1362.70,799.01,469.06,421.36,124.92,46.74,0.00,15.54,0.00,0.00,0.00,0.00,0.00,0.00,0.00,0.00,0.00,1.182
26665,1625.38,186.00,7.67,3647.31,3164.67,3933.85,3324.78,3676.47,3429.62,3070.95,2876.66,2096.59,1409.83,767.89,469.17,374.70,187.17,23.43,23.42,15.54,0.00,0.00,0.00,15.54,0.00,0.00,0.00,0.00,0.00,1.181
26666,1639.76,174.09,6.65,3725.55,3935.91,3870.39,3901.20,3762.01,3365.04,3218.73,2125.87,1887.84,1271.05,800.72,352.43,351.72,203.20,23.47,0.00,0.00,0.00,0.00,0.00,0.00,0.00,0.00,0.00,0.00,0.00,1.180
26667,1586.20,172.96,6.77,3062.22,3964.65,4039.96,3693.53,3790.27,3066.16,2802.96,2288.42,1832.04,1335.44,1015.24,327.55,280.15,108.84,46.60,70.04,0.00,0.00,0.00,0.00,0.00,0.00,0.00,0.00,0.00,0.00,1.179
26668,1579.75,173.35,6.81,3647.78,3373.11,3908.87,3562.34,3487.22,3477.48,2977.04,2295.43,1602.03,1362.98,830.55,492.61,374.64,171.79,0.00,0.00,31.10,0.00,0.00,0.00,0.00,0.00,0.00,0.00,0.00,0.00,1.179
26669,1526.15,167.18,6.82,3296.86,3510.08,3826.77,3549.94,3258.38,2871.32,3175.21,2507.06,1677.61,1272.67,848.72,376.43,164.49,93.87,0.00,23.41,31.21,0.00,23.38,15.57,0.00,0.00,0.00,0.00,0.00,0.00,1.178
26670,1463.81,161.35,6.29,3279.34,3268.28,3305.29,2961.38,3492.83,3208.84,2898.60,2414.85,1503.79,1125.00,984.45,421.17,186.78,186.83,0.00,23.36,15.53,0.00,0.00,0.00,0.00,0.00,0.00,0.00,0.00,0.00,1.177
26671,1382.42,151.13,5.83,3489.12,2966.75,2773.16,3215.15,3082.60,2964.35,2581.90,2238.27,1488.15,1295.86,801.25,258.66,328.70,140.95,23.50,0.00,0.00,0.00,0.00,0.00,0.00,0.00,0.00,0.00,0.00,0.00,1.177
26672,1578.28,169.92,6.84,3701.64,3617.50,3512.24,3759.24,3904.76,3649.28,2720.68,2031.17,1557.23,1435.59,768.92,469.94,257.94,109.33,23.47,0.00,31.16,0.00,0.00,0.00,15.56,0.00,0.00,0.00,0.00,0.00,1.177
26673,1713.58,188.13,7.45,3650.58,3979.47,3960.23,4088.72,3902.08,3883.71,3026.79,2187.33,1980.66,1646.34,1003.99,493.14,234.31,140.74,70.18,0.00,0.00,0.00,23.33,0.00,0.00,0.00,0.00,0.00,0.00,0.00,1.176
26674,1550.24,170.84,6.78,3118.19,3847.19,3218.30,3062.10,4040.43,3309.59,3281.88,2168.38,2095.54,1385.60,720.43,421.99,93.58,155.95,0.00,23.40,15.55,46.67,0.00,0.00,0.00,0.00,0.00,0.00,0.00,0.00,1.175
26675,1479.67,180.94,14.25,3493.35,3156.69,3424.12,3434.20,3619.98,3018.98,2779.56,2116.02,1667.79,1171.55,859.35,397.53,116.73,186.79,93.40,0.00,15.52,0.00,23.24,0.00,0.00,0.00,0.00,0.00,9.27,0.00,1.175
26676,1528.51,166.00,6.39,3299.02,3560.21,3638.04,3264.97,3705.58,3133.21,2963.46,2129.58,2033.05,1155.43,770.63,400.11,305.54,187.84,23.51,0.00,0.00,0.00,0.00,0.00,0.00,0.00,0.00,0.00,0.00,0.00,1.173
26677,1483.04,173.97,10.41,3368.95,3430.85,3756.79,3048.46,3860.94,3107.22,2202.92,1907.45,1984.23,1343.06,816.88,376.29,164.50,187.59,23.43,46.88,0.00,0.00,0.00,15.59,0.00,0.00,0.00,9.32,0.00,0.00,1.173
26678,1428.23,164.46,7.21,3437.87,3522.04,3536.50,3402.38,2858.03,2464.57,2555.68,2252.07,1368.79,1200.54,690.84,634.39,328.50,187.57,0.00,46.84,15.60,23.41,23.37,15.55,0.00,0.00,0.00,0.00,0.00,0.00,1.172
26679,1405.41,149.68,5.78,3468.78,3867.89,3112.84,3006.89,2905.34,3207.48,2260.51,1974.49,1596.83,1218.02,562.35,444.21,280.18,155.66,46.65,0.00,0.00,0.00,0.00,0.00,0.00,0.00,0.00,0.00,0.00,0.00,1.172
26680,1415.72,158.95,6.50,2781.60,3765.13,3144.28,3369.58,3231.12,2883.24,2384.20,1979.29,1788.98,1338.32,751.31,375.08,257.34,171.47,23.35,23.40,0.00,46.69,0.00,0.00,0.00,0.00,0.00,0.00,0.00,0.00,1.171
26681,1477.56,166.04,6.79,3474.47,3289.42,3645.74,3367.52,3924.90,2598.55,2383.06,1915.19,1764.44,1079.42,829.46,632.41,374.11,202.47,23.40,23.31,0.00,23.33,0.00,0.00,0.00,0.00,0.00,0.00,0.00,0.00,1.170
26682,1620.61,175.04,6.79,4173.68,3657.23,4338.22,3418.64,3279.19,3145.03,3046.56,2090.02,1883.92,1432.85,861.52,562.71,327.75,171.51,23.36,0.00,0.00,0.00,0.00,0.00,0.00,0.00,0.00,0.00,0.00,0.00,1.169
26683,1523.97,166.51,6.60,3784.74,3223.31,3524.93,3438.51,3370.71,3495.18,2853.67,2134.62,1293.53,1571.75,923.01,421.46,280.61,93.48,46.67,0.00,0.00,0.00,23.27,0.00,0.00,0.00,0.00,0.00,0.00,0.00,1.169
26684,1441.41,166.20,7.52,3323.21,3281.12,3210.29,3052.92,3441.97,3252.90,2730.88,1895.23,1455.33,1287.73,889.89,420.74,349.86,139.86,23.35,0.00,31.03,23.25,0.00,0.00,0.00,9.28,0.00,0.00,0.00,0.00,1.169
26685,1533.77,181.67,14.71,3586.69,3606.31,3421.17,3573.36,3878.72,3440.66,3056.76,1955.26,1630.44,966.33,801.57,305.84,281.79,109.68,0.00,0.00,0.00,23.44,0.00,0.00,0.00,9.34,0.00,0.00,9.32,0.00,1.168
26686,1748.53,195.54,7.81,3945.36,3501.22,4041.48,4402.12,4184.27,3629.75,3319.47,2240.10,1924.84,1475.14,1108.56,537.47,303.43,279.80,46.58,0.00,31.01,0.00,0.00,0.00,0.00,0.00,0.00,0.00,0.00,0.00,1.167
26687,1799.62,195.37,7.70,4083.06,4221.08,4394.52,4136.97,4570.03,3480.89,3168.61,2517.81,1768.60,1434.80,1082.11,469.75,351.62,218.91,23.39,70.17,0.00,0.00,0.00,0.00,0.00,0.00,0.00,0.00,0.00,0.00,1.167
26688,1742.45,195.52,7.75,3759.06,3810.32,3852.96,4052.45,4000.73,3989.59,3276.37,2588.37,1833.47,1289.54,1125.58,561.84,397.09,264.86,23.32,23.37,0.00,0.00,0.00,0.00,0.00,0.00,0.00,0.00,0.00,0.00,1.166
26689,1724.47,181.49,6.88,3893.65,3887.73,4661.77,3925.61,3921.23,3389.19,3502.80,2504.08,1604.72,1294.61,1004.55,422.99,257.94,171.76,46.82,0.00,0.00,0.00,0.00,0.00,0.00,0.00,0.00,0.00,0.00,0.00,1.166
26690,1781.75,194.90,7.90,3623.92,4423.55,4174.54,4061.39,4407.04,4045.05,3165.87,2531.22,1625.60,1456.94,1034.24,516.02,257.60,187.24,93.67,0.00,15.54,0.00,0.00,0.00,15.54,0.00,0.00,0.00,0.00,0.00,1.165
26691,1837.98,210.67,8.55,3999.64,4238.31,3830.90,3888.16,4460.32,3896.81,2994.78,2950.37,2492.69,1571.52,1110.49,679.21,397.25,187.10,0.00,23.30,15.52,0.00,23.27,0.00,0.00,0.00,0.00,0.00,0.00,0.00,1.164
26692,1679.64,220.91,27.56,4069.94,4341.53,3686.10,3885.07,3928.53,3394.66,2939.77,2350.79,1725.84,1155.54,1147.80,541.45,258.60,94.00,0.00,0.00,0.00,0.00,0.00,15.60,15.59,9.35,0.00,0.00,0.00,11.66,1.163
26693,1589.21,185.92,9.34,3647.70,3435.63,3866.00,3467.87,3153.31,3619.98,2741.19,2484.31,1767.08,1762.62,846.29,492.69,210.92,249.77,0.00,0.00,15.57,0.00,0.00,0.00,0.00,0.00,11.63,0.00,0.00,0.00,1.162
26694,1597.28,182.92,8.37,3551.94,3817.78,3792.51,3967.14,3661.03,3241.85,2599.39,2264.33,1672.99,1410.22,909.12,375.46,281.14,234.14,46.75,46.69,31.12,0.00,23.34,0.00,0.00,9.32,0.00,0.00,0.00,0.00,1.161
26695,1484.76,168.79,8.81,3360.93,3564.47,3958.30,3397.88,3343.43,2698.35,2505.27,2139.20,1696.99,1481.14,705.36,492.86,210.85,62.46,23.38,0.00,15.57,0.00,0.00,0.00,15.54,0.00,11.64,0.00,0.00,0.00,1.160
26696,1485.43,167.59,6.71,3110.64,3489.18,3588.29,3576.68,3365.96,2547.85,2591.40,2398.72,1902.91,1312.25,640.70,561.60,303.59,280.01,23.37,0.00,15.53,0.00,0.00,0.00,0.00,0.00,0.00,0.00,0.00,0.00,1.160
26697,1600.97,174.01,6.76,3659.54,4036.98,3778.35,3264.72,3659.54,3133.52,2986.44,2318.64,2009.11,1367.43,911.94,353.00,375.77,125.34,0.00,23.49,15.60,0.00,0.00,0.00,0.00,0.00,0.00,0.00,0.00,0.00,1.159
26698,1609.62,178.69,7.24,4085.17,4045.81,3677.55,3258.82,3824.37,2606.07,3028.40,2219.85,2170.46,1223.65,941.63,540.14,351.72,125.12,46.81,0.00,0.00,46.77,0.00,0.00,0.00,0.00,0.00,0.00,0.00,0.00,1.159
26699,1622.13,176.92,7.21,3857.56,3954.80,4404.49,3675.96,3497.78,2953.37,2736.68,2213.51,1858.46,1384.48,907.42,421.70,327.27,155.80,23.34,23.31,0.00,23.33,23.30,0.00,0.00,0.00,0.00,0.00,0.00,0.00,1.158
26700,1524.54,166.71,6.81,3991.47,4049.11,3317.54,3688.85,3382.01,2654.25,2248.85,2220.80,1770.26,1318.43,800.61,470.07,305.19,187.67,23.42,46.77,0.00,0.00,0.00,15.56,0.00,0.00,0.00,0.00,0.00,0.00,1.158
26701,1537.86,169.77,6.91,3441.97,3896.71,3990.57,3643.77,3095.57,2874.83,2588.06,2113.91,2017.97,1357.44,608.58,514.02,373.13,155.38,23.28,46.57,0.00,0.00,0.00,15.48,0.00,0.00,0.00,0.00,0.00,0.00,1.157
26702,1572.57,162.33,6.12,3709.70,4373.94,4092.34,3337.44,3994.08,2683.09,2347.84,2256.53,1678.85,1273.66,927.51,400.35,235.12,93.98,46.92,0.00,0.00,0.00,0.00,0.00,0.00,0.00,0.00,0.00,0.00,0.00,1.157
26703,1601.33,187.95,9.61,3872.58,3666.38,3631.92,3594.37,3049.89,3532.70,2959.71,2347.63,1770.84,1554.40,1036.57,446.67,352.05,125.13,46.91,0.00,0.00,0.00,0.00,15.58,0.00,0.00,11.65,0.00,0.00,0.00,1.156
26704,1433.76,160.58,6.41,3026.96,3121.64,3487.90,3828.23,3268.23,2368.21,2672.68,2250.45,1226.36,1552.52,988.48,422.72,234.40,124.97,70.25,0.00,31.17,0.00,0.00,0.00,0.00,0.00,0.00,0.00,0.00,0.00,1.156
26705,1448.75,157.78,6.09,3070.55,3736.52,3336.29,3109.38,3136.65,2884.36,2620.77,2404.07,1977.74,1268.22,626.47,328.21,257.54,202.70,0.00,0.00,15.56,0.00,0.00,0.00,0.00,0.00,0.00,0.00,0.00,0.00,1.155
26706,1493.32,155.48,5.86,3616.44,4048.83,3449.71,3532.79,3292.13,2999.27,2452.36,1992.80,1763.54,1008.50,750.86,608.72,256.97,93.44,0.00,0.00,0.00,0.00,0.00,0.00,0.00,0.00,0.00,0.00,0.00,0.00,1.155
26707,1432.52,156.55,6.16,3118.23,3705.40,3957.10,2825.24,2945.73,2742.87,2550.23,2388.54,1483.56,1197.88,829.98,375.22,327.69,109.20,70.15,23.33,0.00,0.00,0.00,0.00,0.00,0.00,0.00,0.00,0.00,0.00,1.154
26708,1509.49,158.35,6.14,3715.50,3670.68,3646.39,3416.06,3372.19,3095.65,2855.58,2072.79,1811.96,1079.76,735.69,304.61,210.47,140.37,0.00,23.31,15.55,23.31,0.00,0.00,0.00,0.00,0.00,0.00,0.00,0.00,1.154
26709,1446.94,162.03,6.42,3301.09,3550.44,3779.74,3101.41,2938.71,2594.35,2284.49,2100.02,1878.72,1522.56,952.89,444.27,303.42,140.05,23.36,23.34,0.00,0.00,0.00,0.00,0.00,0.00,0.00,0.00,0.00,0.00,1.153
26710,1520.73,173.52,7.82,3632.43,3620.22,3418.20,3428.61,3288.35,2916.93,2628.61,2458.56,1818.45,1295.60,895.42,446.87,422.45,109.59,0.00,0.00,0.00,0.00,0.00,0.00,15.57,9.34,0.00,0.00,0.00,0.00,1.153
26711,1454.73,161.18,6.57,3257.40,3556.15,3118.45,3461.52,3289.41,2927.45,2664.86,2244.00,1599.07,1266.59,797.52,421.56,257.03,171.28,46.72,0.00,0.00,0.00,0.00,0.00,15.51,0.00,0.00,0.00,0.00,0.00,1.152
