NASA Data Processing/CAMP2Ex/LAS/CAMP2Ex-LARGE-LAS_P3B_20191005_R0.ict
78, 1001
Luke Ziemba
NASA Langley
In-situ Particle Size Distributions from the TSI LAS on the NASA P3B
NASA CAMP2Ex
1,1
2019,10,05,2020,05,5
1.0
Time_Start,Secs after midnight,Time of acquisition
30
1,1,1,1,1,1,1,1,1,1,1,1,1,1,1,1,1,1,1,1,1,1,1,1,1,1,1,1,1,1
-9999,-9999,-9999,-9999,-9999,-9999,-9999,-9999,-9999,-9999,-9999,-9999,-9999,-9999,-9999,-9999,-9999,-9999,-9999,-9999,-9999,-9999,-9999,-9999,-9999,-9999,-9999,-9999,-9999,-9999
nLAS, #/cm3, AerMP_NumConc_InSitu_RHd_Optical_AccutoCoarse_STP, Number_concentration_of_particles_in_air_integrated_over_reported_LAS_dry_optical_bins_wrt_AmmoniumSulfate
sLAS, um2/cm3, AerMP_SurfAreaConc_InSitu_RHd_Optical_AccutoCoarse_STP, Surface_area_concentration_of_particles_in_air_integrated_over_reported_LAS_dry_optical_bins_wrt_AmmoniumSulfate
vLAS, um3/cm3, AerMP_VolConc_InSitu_RHd_Optical_AccutoCoarse_STP, Volume_concentration_of_particles_in_air_integrated_over_reported_LAS_dry_optical_bins_wrt_AmmoniumSulfate
LAS_Bin01, #/cm3, None, number_size_distribution_of_particles_in_air_per_dlogDp_for_bin_center_optical_diameter_at_100nm_measured_by_LAS_AmmoniumSulfate
LAS_Bin02, #/cm3, None, number_size_distribution_of_particles_in_air_per_dlogDp_for_bin_center_optical_diameter_at_112nm_measured_by_LAS_AmmoniumSulfate
LAS_Bin03, #/cm3, None, number_size_distribution_of_particles_in_air_per_dlogDp_for_bin_center_optical_diameter_at_126nm_measured_by_LAS_AmmoniumSulfate
LAS_Bin04, #/cm3, None, number_size_distribution_of_particles_in_air_per_dlogDp_for_bin_center_optical_diameter_at_141nm_measured_by_LAS_AmmoniumSulfate
LAS_Bin05, #/cm3, None, number_size_distribution_of_particles_in_air_per_dlogDp_for_bin_center_optical_diameter_at_158nm_measured_by_LAS_AmmoniumSulfate
LAS_Bin06, #/cm3, None, number_size_distribution_of_particles_in_air_per_dlogDp_for_bin_center_optical_diameter_at_178nm_measured_by_LAS_AmmoniumSulfate
LAS_Bin07, #/cm3, None, number_size_distribution_of_particles_in_air_per_dlogDp_for_bin_center_optical_diameter_at_200nm_measured_by_LAS_AmmoniumSulfate
LAS_Bin08, #/cm3, None, number_size_distribution_of_particles_in_air_per_dlogDp_for_bin_center_optical_diameter_at_224nm_measured_by_LAS_AmmoniumSulfate
LAS_Bin09, #/cm3, None, number_size_distribution_of_particles_in_air_per_dlogDp_for_bin_center_optical_diameter_at_251nm_measured_by_LAS_AmmoniumSulfate
LAS_Bin10, #/cm3, None, number_size_distribution_of_particles_in_air_per_dlogDp_for_bin_center_optical_diameter_at_282nm_measured_by_LAS_AmmoniumSulfate
LAS_Bin11, #/cm3, None, number_size_distribution_of_particles_in_air_per_dlogDp_for_bin_center_optical_diameter_at_316nm_measured_by_LAS_AmmoniumSulfate
LAS_Bin12, #/cm3, None, number_size_distribution_of_particles_in_air_per_dlogDp_for_bin_center_optical_diameter_at_355nm_measured_by_LAS_AmmoniumSulfate
LAS_Bin13, #/cm3, None, number_size_distribution_of_particles_in_air_per_dlogDp_for_bin_center_optical_diameter_at_398nm_measured_by_LAS_AmmoniumSulfate
LAS_Bin14, #/cm3, None, number_size_distribution_of_particles_in_air_per_dlogDp_for_bin_center_optical_diameter_at_447nm_measured_by_LAS_AmmoniumSulfate
LAS_Bin15, #/cm3, None, number_size_distribution_of_particles_in_air_per_dlogDp_for_bin_center_optical_diameter_at_501nm_measured_by_LAS_AmmoniumSulfate
[...]
  - Integrated surface areas and volumes are calculated by assuming spherical particles
  - Data in this file is time synced to DLH water vapor
UNCERTAINTY: all data are 20%
ULOD_FLAG: -7777
ULOD_VALUE: N/A
LLOD_FLAG: -8888
LLOD_VALUE: N/A
DM_CONTACT_INFO: Michael Shook (michael.shook@nasa.gov)
PROJECT_INFO: CAMP2Ex 2019
STIPULATIONS_ON_USE: This is FINAL data. Users are strongly encouraged to consult the PI and/or DM prior to use.
OTHER_COMMENTS: dlogD for Diameters less than 1000 nm is 0.05 (20 channels per decade). For Diameters greater than or equal to 1000 nm, dlogD is 0.1 (10 channels per decade)
OTHER_COMMENTS: Data are processed with respect to mid-point ammonium-sulfate ((NH4)2SO4, AmmSO4) equivalent optical diameters and are rebinned to a standard binning scheme
OTHER_COMMENTS: Mid-point diameters (in nm) are:
		  100.0, 112.2, 125.9, 141.3, 158.5, 177.8, 199.5, 223.9, 251.2, 281.8, 316.2, 354.8, 398.1, 446.7, 501.2, 562.3, 631.0, 707.9, 794.3, 891.3, 1000.0, 1258.9, 1584.9, 1995.3, 2511.9, 3162.3
REVISION: R0
R0: STP calculations now use data from publicly available MetNav files, data is time synced to DLH
RC: Particle sizing now done with respect to ammonium sulfate
RB: Time sync to LARGE CNgt3nm applied
RA: None
*******************************************************************************************************************************
Time_Start,nLAS,sLAS,vLAS,LAS_Bin01,LAS_Bin02,LAS_Bin03,LAS_Bin04,LAS_Bin05,LAS_Bin06,LAS_Bin07,LAS_Bin08,LAS_Bin09,LAS_Bin10,LAS_Bin11,LAS_Bin12,LAS_Bin13,LAS_Bin14,LAS_Bin15,LAS_Bin16,LAS_Bin17,LAS_Bin18,LAS_Bin19,LAS_Bin20,LAS_Bin21,LAS_Bin22,LAS_Bin23,LAS_Bin24,LAS_Bin25,LAS_Bin26,stdPT
[from data line 6185]
11693,62.10,7.44,0.31,71.95,79.59,191.44,166.43,111.05,142.08,189.05,110.07,94.28,23.52,15.64,0.00,23.41,0.00,23.45,0.00,0.00,0.00,0.00,0.00,0.00,0.00,0.00,0.00,0.00,0.00,1.138
11694,66.42,6.55,0.22,48.01,127.31,95.17,261.49,206.18,189.18,70.92,220.20,70.70,23.51,15.64,0.00,0.00,0.00,0.00,0.00,0.00,0.00,0.00,0.00,0.00,0.00,0.00,0.00,0.00,0.00,1.138
11695,57.32,8.66,0.56,120.11,79.54,119.37,118.78,142.72,118.23,165.32,125.78,70.67,23.50,15.63,0.00,0.00,0.00,23.37,0.00,0.00,0.00,23.33,0.00,0.00,0.00,0.00,0.00,0.00,0.00,1.138
11696,65.67,6.20,0.20,71.94,127.31,214.61,237.57,142.53,71.09,189.09,141.57,47.13,70.52,0.00,0.00,0.00,0.00,0.00,0.00,0.00,0.00,0.00,0.00,0.00,0.00,0.00,0.00,0.00,0.00,1.137
11697,71.45,48.02,20.05,96.06,158.84,119.14,142.44,174.06,118.27,212.68,204.40,23.56,94.02,0.00,0.00,0.00,0.00,23.38,0.00,0.00,23.37,0.00,15.53,0.00,0.00,0.00,0.00,0.00,11.62,1.137
11698,66.44,6.58,0.22,96.07,159.13,166.86,118.72,142.47,94.71,330.89,94.37,70.70,23.50,31.33,0.00,0.00,0.00,0.00,0.00,0.00,0.00,0.00,0.00,0.00,0.00,0.00,0.00,0.00,0.00,1.137
11699,61.89,6.10,0.21,71.84,142.89,190.33,23.67,157.57,282.97,188.45,125.46,23.50,0.00,15.64,0.00,0.00,15.55,0.00,0.00,0.00,0.00,0.00,0.00,0.00,0.00,0.00,0.00,0.00,0.00,1.137
11700,50.71,5.32,0.22,144.22,95.63,71.24,118.88,158.91,142.23,94.59,94.45,47.17,23.53,0.00,0.00,0.00,0.00,23.40,0.00,0.00,0.00,0.00,0.00,0.00,0.00,0.00,0.00,0.00,0.00,1.137
11701,59.54,5.32,0.17,95.63,110.79,142.90,165.85,173.65,212.11,94.17,125.34,46.96,23.43,0.00,0.00,0.00,0.00,0.00,0.00,0.00,0.00,0.00,0.00,0.00,0.00,0.00,0.00,0.00,0.00,1.138
11702,76.45,9.06,0.43,47.80,126.88,332.38,236.87,189.56,165.13,117.76,156.72,46.97,23.43,31.23,0.00,0.00,15.52,23.30,0.00,15.50,0.00,0.00,0.00,0.00,0.00,0.00,0.00,0.00,0.00,1.138
11703,58.47,8.27,0.51,23.97,111.30,95.67,237.58,142.55,141.94,165.40,125.73,47.12,0.00,31.37,23.44,0.00,0.00,0.00,0.00,0.00,0.00,23.33,0.00,0.00,0.00,0.00,0.00,0.00,0.00,1.138
11704,62.57,5.91,0.19,96.12,127.30,143.74,190.12,190.24,165.82,70.98,157.30,47.15,47.03,15.65,0.00,0.00,0.00,0.00,0.00,0.00,0.00,0.00,0.00,0.00,0.00,0.00,0.00,0.00,0.00,1.137
11705,48.50,4.94,0.18,95.66,63.58,142.79,47.32,173.90,164.90,117.61,62.63,70.39,0.00,15.61,0.00,0.00,15.52,0.00,0.00,0.00,0.00,0.00,0.00,0.00,0.00,0.00,0.00,0.00,0.00,1.138
11706,78.87,18.74,2.85,96.26,127.61,334.82,143.01,174.89,118.70,142.14,141.87,47.24,141.39,15.68,47.05,0.00,0.00,0.00,23.40,0.00,0.00,0.00,0.00,0.00,0.00,11.66,0.00,0.00,0.00,1.137
11707,69.77,5.94,0.18,120.19,111.79,286.35,71.29,190.55,237.03,260.31,94.45,0.00,23.54,0.00,0.00,0.00,0.00,0.00,0.00,0.00,0.00,0.00,0.00,0.00,0.00,0.00,0.00,0.00,0.00,1.137
11708,67.95,25.04,7.93,167.37,126.84,94.83,213.21,158.02,164.90,188.37,78.34,70.45,46.85,15.64,0.00,0.00,15.59,0.00,0.00,0.00,0.00,0.00,0.00,0.00,0.00,0.00,0.00,9.27,0.00,1.138
11709,67.24,7.79,0.31,24.07,127.36,119.33,190.31,95.14,284.64,165.66,204.75,70.80,23.54,15.71,0.00,0.00,0.00,23.41,0.00,0.00,0.00,0.00,0.00,0.00,0.00,0.00,0.00,0.00,0.00,1.137
11710,47.88,7.32,0.59,48.08,175.30,95.46,71.33,126.76,189.37,70.91,47.18,47.15,23.52,31.39,0.00,0.00,15.59,0.00,0.00,0.00,0.00,0.00,0.00,15.53,0.00,0.00,0.00,0.00,0.00,1.137
11711,85.22,8.01,0.27,96.20,127.75,262.26,309.58,301.55,165.92,189.42,126.04,47.22,47.10,15.71,0.00,0.00,15.62,0.00,0.00,0.00,0.00,0.00,0.00,0.00,0.00,0.00,0.00,0.00,0.00,1.137
11712,64.60,6.10,0.19,72.11,95.51,143.92,142.81,143.26,284.52,189.42,173.27,47.21,0.00,0.00,0.00,0.00,0.00,0.00,0.00,0.00,0.00,0.00,0.00,0.00,0.00,0.00,0.00,0.00,0.00,1.137
11713,61.84,7.68,0.31,23.91,126.74,71.76,189.49,142.41,259.52,117.91,109.74,94.00,0.00,15.65,46.80,23.34,15.53,0.00,0.00,0.00,0.00,0.00,0.00,0.00,0.00,0.00,0.00,0.00,0.00,1.137
11714,66.88,8.30,0.36,72.10,143.31,95.58,71.47,222.21,260.61,189.45,78.75,118.01,23.55,0.00,0.00,23.49,15.67,23.48,0.00,0.00,0.00,0.00,0.00,0.00,0.00,0.00,0.00,0.00,0.00,1.138
11715,69.17,7.97,0.47,95.92,190.45,167.12,165.92,205.72,259.96,117.99,141.30,0.00,0.00,15.65,0.00,0.00,0.00,0.00,0.00,0.00,0.00,23.28,0.00,0.00,0.00,0.00,0.00,0.00,0.00,1.137
11716,68.11,10.52,1.16,143.72,174.60,143.10,165.89,189.78,236.12,94.33,94.16,70.55,0.00,31.32,0.00,0.00,0.00,0.00,0.00,0.00,0.00,0.00,0.00,0.00,9.30,0.00,0.00,0.00,0.00,1.137
11717,72.31,8.25,0.34,24.09,111.87,168.48,167.05,334.47,213.97,94.93,189.63,23.68,94.49,0.00,0.00,0.00,0.00,0.00,23.54,0.00,0.00,0.00,0.00,0.00,0.00,0.00,0.00,0.00,0.00,1.137
11718,80.35,10.51,0.52,168.06,79.41,167.50,213.95,238.27,165.91,283.78,125.86,0.00,47.04,31.39,0.00,23.42,15.58,0.00,46.80,0.00,0.00,0.00,0.00,0.00,0.00,0.00,0.00,0.00,0.00,1.137
11719,89.23,8.58,0.28,119.86,31.72,166.15,356.02,332.51,283.44,212.56,141.41,47.08,93.92,0.00,0.00,0.00,0.00,0.00,0.00,0.00,0.00,0.00,0.00,0.00,0.00,0.00,0.00,0.00,0.00,1.137
11720,76.36,7.96,0.29,24.03,159.33,262.56,261.48,142.93,236.75,189.03,94.34,47.13,47.01,15.69,0.00,46.85,0.00,0.00,0.00,0.00,0.00,0.00,0.00,0.00,0.00,0.00,0.00,0.00,0.00,1.137
11721,71.95,9.56,0.64,95.97,95.35,190.61,95.10,222.03,284.04,165.46,94.37,141.41,23.51,15.64,0.00,0.00,0.00,0.00,0.00,0.00,0.00,0.00,0.00,15.53,0.00,0.00,0.00,0.00,0.00,1.137
11722,77.90,9.29,0.41,168.08,174.88,119.66,95.02,206.17,307.45,141.77,78.62,117.80,94.00,15.69,0.00,0.00,15.59,0.00,23.34,0.00,0.00,0.00,0.00,0.00,0.00,0.00,0.00,0.00,0.00,1.137
11723,73.42,8.63,0.36,71.89,127.19,118.99,260.92,269.12,188.98,165.16,62.82,70.60,23.47,31.28,0.00,46.79,31.12,0.00,0.00,0.00,0.00,0.00,0.00,0.00,0.00,0.00,0.00,0.00,0.00,1.137
11724,59.38,6.43,0.29,72.03,79.49,167.24,261.50,237.44,142.13,94.62,47.20,0.00,23.52,0.00,23.50,23.42,0.00,0.00,0.00,15.58,0.00,0.00,0.00,0.00,0.00,0.00,0.00,0.00,0.00,1.137
11725,64.94,8.27,0.59,96.08,79.75,143.23,166.40,254.23,213.01,189.15,78.64,23.58,23.52,15.65,0.00,0.00,0.00,0.00,0.00,0.00,0.00,0.00,0.00,15.55,0.00,0.00,0.00,0.00,0.00,1.137
11726,78.65,9.63,0.55,119.92,111.31,95.63,285.02,221.79,354.60,141.76,78.57,47.10,46.98,31.36,23.43,0.00,0.00,0.00,0.00,0.00,0.00,0.00,15.52,0.00,0.00,0.00,0.00,0.00,0.00,1.137
11727,73.30,19.61,4.17,143.98,79.74,215.04,213.69,142.62,141.86,165.39,78.60,117.79,70.50,31.35,46.88,0.00,0.00,0.00,0.00,0.00,0.00,0.00,0.00,0.00,0.00,0.00,9.30,0.00,0.00,1.137
11728,73.01,6.86,0.22,168.48,127.74,167.70,166.64,222.53,118.56,236.75,94.55,118.04,23.54,15.71,0.00,0.00,0.00,0.00,0.00,0.00,0.00,0.00,0.00,0.00,0.00,0.00,0.00,0.00,0.00,1.137
11729,78.50,28.24,8.37,96.56,144.02,191.66,238.88,286.93,333.00,71.28,47.43,23.70,47.28,31.55,0.00,0.00,0.00,0.00,23.48,0.00,0.00,0.00,15.64,0.00,0.00,0.00,0.00,9.35,0.00,1.137
11730,80.80,13.55,1.30,72.09,127.64,95.48,190.19,332.82,212.93,212.71,157.38,47.15,70.55,31.40,46.96,0.00,0.00,0.00,0.00,0.00,0.00,0.00,0.00,0.00,9.32,0.00,0.00,0.00,0.00,1.137
11731,71.41,8.80,0.51,95.89,142.78,166.45,165.92,252.71,212.46,165.03,78.43,94.02,0.00,31.28,0.00,0.00,0.00,0.00,0.00,0.00,0.00,23.28,0.00,0.00,0.00,0.00,0.00,0.00,0.00,1.137
11732,68.59,8.15,0.41,24.04,143.64,239.16,238.24,142.79,237.34,118.47,110.36,47.25,0.00,15.73,23.54,0.00,0.00,0.00,0.00,31.19,0.00,0.00,0.00,0.00,0.00,0.00,0.00,0.00,0.00,1.137
11733,73.61,8.49,0.38,168.11,127.31,23.74,237.84,238.34,260.41,94.56,157.37,94.32,0.00,15.65,23.46,0.00,15.60,0.00,0.00,15.58,0.00,0.00,0.00,0.00,0.00,0.00,0.00,0.00,0.00,1.137
11734,69.78,6.89,0.24,71.80,142.81,119.02,213.10,236.98,306.62,94.22,94.04,23.49,46.85,0.00,46.74,0.00,0.00,0.00,0.00,0.00,0.00,0.00,0.00,0.00,0.00,0.00,0.00,0.00,0.00,1.137
11735,71.45,6.23,0.19,192.44,143.51,167.74,119.02,206.33,261.12,142.09,78.78,94.46,23.56,0.00,0.00,0.00,0.00,0.00,0.00,0.00,0.00,0.00,0.00,0.00,0.00,0.00,0.00,0.00,0.00,1.137
11736,76.38,9.36,0.49,120.03,111.48,310.10,142.60,237.85,213.06,47.25,110.16,117.86,47.03,31.29,0.00,0.00,15.59,0.00,0.00,0.00,23.35,0.00,0.00,0.00,0.00,0.00,0.00,0.00,0.00,1.137
11737,67.14,8.57,0.41,23.96,111.45,213.90,71.15,285.48,236.53,188.96,47.15,0.00,70.48,46.98,0.00,0.00,0.00,23.42,23.41,0.00,0.00,0.00,0.00,0.00,0.00,0.00,0.00,0.00,0.00,1.137
11738,56.93,5.99,0.20,24.04,79.47,119.74,71.29,237.47,212.97,165.58,125.90,47.15,23.52,31.40,0.00,0.00,0.00,0.00,0.00,0.00,0.00,0.00,0.00,0.00,0.00,0.00,0.00,0.00,0.00,1.136
11739,76.08,7.34,0.24,143.47,142.92,71.19,142.01,316.01,188.64,282.57,94.02,93.93,46.85,0.00,0.00,0.00,0.00,0.00,0.00,0.00,0.00,0.00,0.00,0.00,0.00,0.00,0.00,0.00,0.00,1.137
11740,71.62,9.92,0.56,96.14,143.52,47.77,285.47,174.52,142.22,189.33,78.75,188.76,47.08,0.00,0.00,0.00,0.00,0.00,0.00,15.57,23.37,0.00,0.00,0.00,0.00,0.00,0.00,0.00,0.00,1.136
11741,62.81,7.44,0.32,72.01,127.11,166.52,71.32,237.62,189.08,118.09,110.02,47.11,47.00,31.32,0.00,0.00,15.58,23.43,0.00,0.00,0.00,0.00,0.00,0.00,0.00,0.00,0.00,0.00,0.00,1.137
11742,80.62,8.19,0.30,191.87,127.03,142.53,237.30,190.11,165.51,307.00,78.60,94.20,23.49,15.67,23.47,0.00,15.63,0.00,0.00,0.00,0.00,0.00,0.00,0.00,0.00,0.00,0.00,0.00,0.00,1.136
11743,66.49,6.42,0.26,96.06,79.44,238.92,261.09,221.58,141.94,188.89,31.41,23.55,23.48,0.00,0.00,0.00,0.00,0.00,23.41,0.00,0.00,0.00,0.00,0.00,0.00,0.00,0.00,0.00,0.00,1.137
11744,75.73,10.97,0.64,71.91,47.69,119.29,189.83,284.47,236.45,141.65,157.09,117.71,70.45,31.25,0.00,0.00,31.18,0.00,0.00,0.00,0.00,0.00,15.53,0.00,0.00,0.00,0.00,0.00,0.00,1.136
11745,84.46,13.71,1.33,71.77,142.52,95.41,236.93,284.14,235.98,306.35,188.11,46.99,46.87,0.00,0.00,0.00,0.00,0.00,0.00,15.50,0.00,0.00,0.00,0.00,9.29,0.00,0.00,0.00,0.00,1.137
11746,75.18,8.02,0.30,96.20,127.39,214.74,71.26,332.56,189.50,165.57,125.89,117.91,0.00,15.70,0.00,46.89,0.00,0.00,0.00,0.00,0.00,0.00,0.00,0.00,0.00,0.00,0.00,0.00,0.00,1.136
11747,57.39,6.88,0.27,23.87,63.50,47.50,118.23,236.51,259.14,117.67,125.23,93.84,23.40,0.00,0.00,23.30,15.57,0.00,0.00,0.00,0.00,0.00,0.00,0.00,0.00,0.00,0.00,0.00,0.00,1.136
11748,78.27,17.55,1.89,24.02,111.27,166.54,190.05,269.01,165.54,236.23,141.42,94.23,70.48,15.68,0.00,0.00,15.58,0.00,0.00,0.00,0.00,46.64,0.00,0.00,9.32,0.00,0.00,0.00,0.00,1.136
11749,60.37,13.71,1.58,24.09,16.02,191.87,190.51,190.78,71.20,236.93,141.86,70.88,0.00,0.00,0.00,23.46,0.00,0.00,0.00,15.61,0.00,0.00,15.59,0.00,9.34,0.00,0.00,0.00,0.00,1.137
11750,77.20,25.36,7.92,95.94,142.89,190.96,118.67,237.42,307.25,188.90,220.00,0.00,23.48,0.00,0.00,0.00,0.00,0.00,0.00,0.00,0.00,0.00,0.00,0.00,0.00,0.00,0.00,9.29,0.00,1.137
11751,68.79,12.76,1.39,168.39,191.38,48.10,214.56,222.32,118.65,165.84,94.61,23.62,47.13,0.00,23.51,0.00,0.00,0.00,23.48,15.61,0.00,0.00,0.00,0.00,9.34,0.00,0.00,0.00,0.00,1.136
11752,73.86,8.08,0.33,71.47,47.30,190.41,236.01,251.79,187.95,258.29,93.78,93.65,0.00,31.12,0.00,0.00,0.00,0.00,0.00,15.46,0.00,0.00,0.00,0.00,0.00,0.00,0.00,0.00,0.00,1.137
11753,91.36,12.92,0.82,120.06,111.63,167.03,166.45,317.05,426.22,141.87,157.40,117.94,23.53,15.70,0.00,23.43,0.00,0.00,0.00,0.00,23.40,0.00,15.55,0.00,0.00,0.00,0.00,0.00,0.00,1.137
11754,83.22,7.70,0.24,144.25,63.64,167.45,285.60,380.59,189.66,118.37,204.77,70.83,23.55,15.67,0.00,0.00,0.00,0.00,0.00,0.00,0.00,0.00,0.00,0.00,0.00,0.00,0.00,0.00,0.00,1.136
11755,71.01,7.40,0.26,47.91,79.53,142.84,237.14,331.69,118.23,188.60,125.55,47.03,46.91,31.32,23.40,0.00,0.00,0.00,0.00,0.00,0.00,0.00,0.00,0.00,0.00,0.00,0.00,0.00,0.00,1.137
11756,82.18,9.63,0.42,143.89,63.65,190.94,213.56,222.03,307.23,141.63,204.28,23.54,46.97,31.35,23.43,0.00,15.57,0.00,0.00,15.53,0.00,0.00,0.00,0.00,0.00,0.00,0.00,0.00,0.00,1.136
11757,90.43,8.89,0.29,47.75,126.62,189.57,307.14,252.25,282.49,329.17,218.96,0.00,0.00,31.20,23.36,0.00,0.00,0.00,0.00,0.00,0.00,0.00,0.00,0.00,0.00,0.00,0.00,0.00,0.00,1.136
11758,82.66,7.57,0.24,143.93,142.97,142.83,190.01,348.76,283.85,165.33,125.78,47.12,46.99,15.69,0.00,0.00,0.00,0.00,0.00,0.00,0.00,0.00,0.00,0.00,0.00,0.00,0.00,0.00,0.00,1.137
11759,75.33,10.50,0.55,120.35,111.72,191.68,95.32,270.36,142.26,236.96,78.84,70.91,94.30,31.42,0.00,0.00,0.00,23.45,23.42,15.59,0.00,0.00,0.00,0.00,0.00,0.00,0.00,0.00,0.00,1.136
11760,80.27,8.88,0.36,47.86,206.11,165.88,165.57,299.33,282.65,117.60,140.95,46.93,93.63,15.57,0.00,0.00,0.00,0.00,23.25,0.00,0.00,0.00,0.00,0.00,0.00,0.00,0.00,0.00,0.00,1.136
11761,90.87,10.78,0.67,167.83,79.46,190.86,213.47,348.25,283.56,283.14,125.60,70.60,23.48,15.66,0.00,0.00,0.00,0.00,0.00,0.00,0.00,0.00,0.00,15.51,0.00,0.00,0.00,0.00,0.00,1.136
11762,77.61,7.75,0.32,47.86,285.60,260.91,47.27,236.31,259.15,258.83,62.63,23.47,23.40,31.25,0.00,0.00,0.00,0.00,0.00,15.50,0.00,0.00,0.00,0.00,0.00,0.00,0.00,0.00,0.00,1.136
11763,67.75,6.07,0.21,167.85,191.18,167.14,190.03,158.62,118.35,165.42,110.11,47.13,0.00,15.69,0.00,23.45,0.00,0.00,0.00,0.00,0.00,0.00,0.00,0.00,0.00,0.00,0.00,0.00,0.00,1.137
11764,59.88,5.70,0.20,72.18,79.91,239.01,214.20,174.63,118.56,94.67,94.50,47.22,47.10,0.00,0.00,0.00,15.60,0.00,0.00,0.00,0.00,0.00,0.00,0.00,0.00,0.00,0.00,0.00,0.00,1.137
11765,79.66,10.68,0.69,48.21,79.81,214.96,214.60,222.49,237.40,331.79,63.09,94.56,23.58,0.00,47.04,0.00,0.00,0.00,0.00,0.00,0.00,0.00,0.00,15.59,0.00,0.00,0.00,0.00,0.00,1.137
11766,68.75,5.79,0.17,119.89,143.16,118.94,189.68,300.32,212.61,94.33,172.64,23.52,0.00,0.00,0.00,0.00,0.00,0.00,0.00,0.00,0.00,0.00,0.00,0.00,0.00,0.00,0.00,0.00,0.00,1.136
11767,77.96,10.19,0.52,24.07,159.27,190.92,190.40,190.58,355.58,165.67,78.78,94.42,47.09,0.00,0.00,0.00,0.00,23.42,23.46,15.60,0.00,0.00,0.00,0.00,0.00,0.00,0.00,0.00,0.00,1.136
11768,82.36,9.57,0.35,119.79,47.56,94.95,165.88,269.02,118.02,471.53,156.86,117.57,46.91,0.00,23.40,0.00,15.61,0.00,0.00,0.00,0.00,0.00,0.00,0.00,0.00,0.00,0.00,0.00,0.00,1.136
11769,79.10,10.13,0.67,72.03,95.54,143.22,213.93,317.00,236.76,260.03,141.61,70.74,0.00,0.00,0.00,0.00,15.58,0.00,0.00,0.00,0.00,0.00,0.00,15.55,0.00,0.00,0.00,0.00,0.00,1.136
11770,95.06,9.04,0.32,192.19,159.31,310.25,214.07,253.58,236.74,307.35,110.14,0.00,23.53,78.41,0.00,0.00,15.58,0.00,0.00,0.00,0.00,0.00,0.00,0.00,0.00,0.00,0.00,0.00,0.00,1.137
11771,68.82,7.27,0.25,48.10,47.91,190.72,166.30,317.11,118.43,141.86,173.15,94.33,47.05,31.39,0.00,0.00,0.00,0.00,0.00,0.00,0.00,0.00,0.00,0.00,0.00,0.00,0.00,0.00,0.00,1.136
11772,80.52,10.51,0.59,119.89,95.19,142.48,142.53,237.56,283.76,212.52,125.71,141.27,46.98,46.98,0.00,0.00,0.00,0.00,0.00,0.00,0.00,0.00,15.54,0.00,0.00,0.00,0.00,0.00,0.00,1.137
11773,80.50,9.72,0.54,95.82,63.52,261.49,142.36,300.63,330.47,165.13,141.27,23.51,46.92,15.66,0.00,0.00,0.00,0.00,0.00,0.00,0.00,23.29,0.00,0.00,0.00,0.00,0.00,0.00,0.00,1.137
11774,80.93,9.41,0.38,119.86,174.97,71.36,189.70,347.98,165.48,165.25,141.37,94.15,93.92,15.67,0.00,0.00,15.62,23.35,0.00,0.00,0.00,0.00,0.00,0.00,0.00,0.00,0.00,0.00,0.00,1.137
11775,79.94,8.80,0.37,96.12,111.37,167.04,261.65,237.95,260.59,141.91,141.66,94.36,47.07,0.00,23.47,0.00,0.00,0.00,0.00,15.58,0.00,0.00,0.00,0.00,0.00,0.00,0.00,0.00,0.00,1.136
11776,87.38,8.58,0.28,24.05,79.56,214.45,237.75,364.38,355.27,165.49,204.53,47.16,23.52,31.40,0.00,0.00,0.00,0.00,0.00,0.00,0.00,0.00,0.00,0.00,0.00,0.00,0.00,0.00,0.00,1.137
11777,79.06,20.20,4.22,71.86,174.41,262.11,166.01,142.00,236.16,141.55,235.50,47.05,46.94,0.00,23.44,0.00,0.00,0.00,0.00,15.55,0.00,0.00,0.00,0.00,0.00,0.00,9.28,0.00,0.00,1.137
11778,76.29,6.58,0.21,71.92,142.84,262.13,355.73,237.35,165.40,94.38,78.52,70.58,23.46,0.00,23.41,0.00,0.00,0.00,0.00,0.00,0.00,0.00,0.00,0.00,0.00,0.00,0.00,0.00,0.00,1.136
11779,90.44,8.77,0.30,119.80,174.67,310.41,213.31,189.59,283.42,259.28,78.44,70.55,70.37,15.66,0.00,23.35,0.00,0.00,0.00,0.00,0.00,0.00,0.00,0.00,0.00,0.00,0.00,0.00,0.00,1.136
11780,66.84,8.73,0.51,72.02,127.70,118.94,142.57,190.45,236.79,165.55,141.57,94.31,23.51,0.00,0.00,0.00,0.00,0.00,0.00,0.00,0.00,23.33,0.00,0.00,0.00,0.00,0.00,0.00,0.00,1.137
11781,84.45,8.78,0.29,143.75,111.28,71.33,213.47,206.04,259.78,306.81,251.17,70.59,23.46,31.28,0.00,0.00,0.00,0.00,0.00,0.00,0.00,0.00,0.00,0.00,0.00,0.00,0.00,0.00,0.00,1.136
11782,80.64,9.02,0.39,95.99,127.52,118.85,285.02,316.90,212.86,189.03,125.78,70.67,23.50,0.00,0.00,0.00,31.20,0.00,0.00,15.57,0.00,0.00,0.00,0.00,0.00,0.00,0.00,0.00,0.00,1.136
