NASA Data Processing/CAMP2Ex/LAS/CAMP2Ex-LARGE-LAS_P3B_20191003_R0.ict
78, 1001
Luke Ziemba
NASA Langley
In-situ Particle Size Distributions from the TSI LAS on the NASA P3B
NASA CAMP2Ex
1,1
2019,10,03,2020,05,5
1.0
Time_Start,Secs after midnight,Time of acquisition
30
1,1,1,1,1,1,1,1,1,1,1,1,1,1,1,1,1,1,1,1,1,1,1,1,1,1,1,1,1,1
-9999,-9999,-9999,-9999,-9999,-9999,-9999,-9999,-9999,-9999,-9999,-9999,-9999,-9999,-9999,-9999,-9999,-9999,-9999,-9999,-9999,-9999,-9999,-9999,-9999,-9999,-9999,-9999,-9999,-9999
nLAS, #/cm3, AerMP_NumConc_InSitu_RHd_Optical_AccutoCoarse_STP, Number_concentration_of_particles_in_air_integrated_over_reported_LAS_dry_optical_bins_wrt_AmmoniumSulfate
sLAS, um2/cm3, AerMP_SurfAreaConc_InSitu_RHd_Optical_AccutoCoarse_STP, Surface_area_concentration_of_particles_in_air_integrated_over_reported_LAS_dry_optical_bins_wrt_AmmoniumSulfate
vLAS, um3/cm3, AerMP_VolConc_InSitu_RHd_Optical_AccutoCoarse_STP, Volume_concentration_of_particles_in_air_integrated_over_reported_LAS_dry_optical_bins_wrt_AmmoniumSulfate
LAS_Bin01, #/cm3, None, number_size_distribution_of_particles_in_air_per_dlogDp_for_bin_center_optical_diameter_at_100nm_measured_by_LAS_AmmoniumSulfate
LAS_Bin02, #/cm3, None, number_size_distribution_of_particles_in_air_per_dlogDp_for_bin_center_optical_diameter_at_112nm_measured_by_LAS_AmmoniumSulfate
LAS_Bin03, #/cm3, None, number_size_distribution_of_particles_in_air_per_dlogDp_for_bin_center_optical_diameter_at_126nm_measured_by_LAS_AmmoniumSulfate
LAS_Bin04, #/cm3, None, number_size_distribution_of_particles_in_air_per_dlogDp_for_bin_center_optical_diameter_at_141nm_measured_by_LAS_AmmoniumSulfate
LAS_Bin05, #/cm3, None, number_size_distribution_of_particles_in_air_per_dlogDp_for_bin_center_optical_diameter_at_158nm_measured_by_LAS_AmmoniumSulfate
LAS_Bin06, #/cm3, None, number_size_distribution_of_particles_in_air_per_dlogDp_for_bin_center_optical_diameter_at_178nm_measured_by_LAS_AmmoniumSulfate
LAS_Bin07, #/cm3, None, number_size_distribution_of_particles_in_air_per_dlogDp_for_bin_center_optical_diameter_at_200nm_measured_by_LAS_AmmoniumSulfate
LAS_Bin08, #/cm3, None, number_size_distribution_of_particles_in_air_per_dlogDp_for_bin_center_optical_diameter_at_224nm_measured_by_LAS_AmmoniumSulfate
LAS_Bin09, #/cm3, None, number_size_distribution_of_particles_in_air_per_dlogDp_for_bin_center_optical_diameter_at_251nm_measured_by_LAS_AmmoniumSulfate
LAS_Bin10, #/cm3, None, number_size_distribution_of_particles_in_air_per_dlogDp_for_bin_center_optical_diameter_at_282nm_measured_by_LAS_AmmoniumSulfate
LAS_Bin11, #/cm3, None, number_size_distribution_of_particles_in_air_per_dlogDp_for_bin_center_optical_diameter_at_316nm_measured_by_LAS_AmmoniumSulfate
LAS_Bin12, #/cm3, None, number_size_distribution_of_particles_in_air_per_dlogDp_for_bin_center_optical_diameter_at_355nm_measured_by_LAS_AmmoniumSulfate
LAS_Bin13, #/cm3, None, number_size_distribution_of_particles_in_air_per_dlogDp_for_bin_center_optical_diameter_at_398nm_measured_by_LAS_AmmoniumSulfate
LAS_Bin14, #/cm3, None, number_size_distribution_of_particles_in_air_per_dlogDp_for_bin_center_optical_diameter_at_447nm_measured_by_LAS_AmmoniumSulfate
LAS_Bin15, #/cm3, None, number_size_distribution_of_particles_in_air_per_dlogDp_for_bin_center_optical_diameter_at_501nm_measured_by_LAS_AmmoniumSulfate
[...]
  - Integrated surface areas and volumes are calculated by assuming spherical particles
  - Data in this file is time synced to DLH water vapor
UNCERTAINTY: all data are 20%
ULOD_FLAG: -7777
ULOD_VALUE: N/A
LLOD_FLAG: -8888
LLOD_VALUE: N/A
DM_CONTACT_INFO: Michael Shook (michael.shook@nasa.gov)
PROJECT_INFO: CAMP2Ex 2019
STIPULATIONS_ON_USE: This is FINAL data. Users are strongly encouraged to consult the PI and/or DM prior to use.
OTHER_COMMENTS: dlogD for Diameters less than 1000 nm is 0.05 (20 channels per decade). For Diameters greater than or equal to 1000 nm, dlogD is 0.1 (10 channels per decade)
OTHER_COMMENTS: Data are processed with respect to mid-point ammonium-sulfate ((NH4)2SO4, AmmSO4) equivalent optical diameters and are rebinned to a standard binning scheme
OTHER_COMMENTS: Mid-point diameters (in nm) are:
		  100.0, 112.2, 125.9, 141.3, 158.5, 177.8, 199.5, 223.9, 251.2, 281.8, 316.2, 354.8, 398.1, 446.7, 501.2, 562.3, 631.0, 707.9, 794.3, 891.3, 1000.0, 1258.9, 1584.9, 1995.3, 2511.9, 3162.3
REVISION: R0
R0: STP calculations now use data from publicly available MetNav files, data is time synced to DLH
RC: Particle sizing now done with respect to ammonium sulfate
RB: Time sync to LARGE CNgt3nm applied
RA: None
*******************************************************************************************************************************
Time_Start,nLAS,sLAS,vLAS,LAS_Bin01,LAS_Bin02,LAS_Bin03,LAS_Bin04,LAS_Bin05,LAS_Bin06,LAS_Bin07,LAS_Bin08,LAS_Bin09,LAS_Bin10,LAS_Bin11,LAS_Bin12,LAS_Bin13,LAS_Bin14,LAS_Bin15,LAS_Bin16,LAS_Bin17,LAS_Bin18,LAS_Bin19,LAS_Bin20,LAS_Bin21,LAS_Bin22,LAS_Bin23,LAS_Bin24,LAS_Bin25,LAS_Bin26,stdPT
[from data line 10220]
92764,777.09,79.15,3.08,2228.02,2080.78,2214.11,1446.52,1803.80,1605.77,1108.69,1004.54,752.67,469.21,312.97,210.78,116.98,140.18,46.79,0.00,0.00,0.00,0.00,0.00,0.00,0.00,0.00,0.00,0.00,0.00,1.183
92765,858.18,89.72,3.51,2188.18,2566.38,1936.48,1665.89,1937.13,1754.44,1633.36,1102.78,755.43,706.42,455.48,164.57,187.74,46.89,23.48,23.39,15.58,0.00,0.00,0.00,0.00,0.00,0.00,0.00,0.00,0.00,1.183
92766,876.14,97.30,4.23,2639.19,2147.33,1791.94,1876.18,1631.46,1987.19,1583.11,1194.89,801.05,822.51,532.60,164.25,210.82,78.09,0.00,23.34,0.00,23.34,0.00,0.00,15.54,0.00,0.00,0.00,0.00,0.00,1.182
92767,836.69,93.80,3.65,2299.58,1937.34,1762.29,1232.97,1598.64,2054.67,1698.29,1208.70,940.83,914.97,547.33,374.71,93.48,46.71,23.33,0.00,0.00,0.00,0.00,0.00,0.00,0.00,0.00,0.00,0.00,0.00,1.182
92768,965.88,117.55,5.46,2446.41,2115.09,1621.35,1804.30,1979.72,2009.51,1959.92,1791.23,1248.09,939.53,751.64,351.55,93.64,186.97,0.00,0.00,0.00,0.00,0.00,0.00,0.00,9.32,0.00,0.00,0.00,0.00,1.182
92769,1010.51,118.91,4.87,2899.85,1938.54,2023.60,1755.28,1899.47,1984.42,2524.37,1569.99,1294.00,844.79,610.09,491.83,140.24,140.30,70.08,23.31,0.00,0.00,0.00,0.00,0.00,0.00,0.00,0.00,0.00,0.00,1.181
92770,946.28,112.55,4.62,2503.12,2106.44,2227.00,1309.79,1907.58,1778.76,1918.69,1466.02,1228.47,1036.84,644.02,352.85,258.31,140.94,46.87,0.00,0.00,0.00,0.00,0.00,0.00,0.00,0.00,0.00,0.00,0.00,1.182
92771,994.49,118.72,4.84,2688.82,2354.39,2149.96,1497.24,1426.42,2295.54,1772.90,1525.76,1484.94,1246.09,705.52,234.71,374.77,109.29,23.38,0.00,0.00,0.00,0.00,0.00,0.00,0.00,0.00,0.00,0.00,0.00,1.182
92772,983.58,110.12,4.28,2462.38,2551.33,2092.31,1703.78,2005.46,2121.43,1694.92,1378.31,1150.09,1310.98,608.95,350.50,163.31,77.90,0.00,0.00,0.00,0.00,0.00,0.00,0.00,0.00,0.00,0.00,0.00,0.00,1.182
92773,969.72,107.28,4.19,2422.15,2448.27,2479.62,1376.78,2012.82,1937.89,1841.48,1586.58,1153.52,892.30,735.61,281.31,163.75,15.57,0.00,46.72,0.00,0.00,0.00,0.00,0.00,0.00,0.00,0.00,0.00,0.00,1.182
92774,950.55,110.00,4.42,2671.06,2105.90,1889.25,1619.46,2049.42,1873.71,1942.85,1355.71,1015.85,1107.51,597.07,376.26,281.82,125.15,0.00,0.00,0.00,0.00,0.00,0.00,0.00,0.00,0.00,0.00,0.00,0.00,1.182
92775,894.35,99.30,3.95,2181.36,2288.76,1975.10,1802.65,1898.98,1677.63,1675.18,1491.56,1058.81,633.66,594.50,421.85,46.74,77.86,23.40,23.39,15.52,0.00,0.00,0.00,0.00,0.00,0.00,0.00,0.00,0.00,1.182
92776,914.56,103.06,4.77,2589.04,2321.95,2357.43,1423.69,1758.48,1678.82,1722.96,1507.82,964.96,845.15,547.90,328.12,187.18,15.62,0.00,23.40,0.00,0.00,0.00,0.00,0.00,9.31,0.00,0.00,0.00,0.00,1.182
92777,908.70,101.40,4.02,2164.56,2599.12,1723.08,1714.07,1795.45,2228.12,1799.55,1323.52,849.94,612.30,628.38,329.08,281.56,125.25,0.00,0.00,0.00,0.00,0.00,0.00,0.00,0.00,0.00,0.00,0.00,0.00,1.182
92778,914.09,99.40,3.87,2392.15,2062.48,2116.48,2059.70,1926.15,1909.60,1507.25,1347.83,1033.23,936.93,374.94,304.01,163.34,124.37,23.36,0.00,0.00,0.00,0.00,0.00,0.00,0.00,0.00,0.00,0.00,0.00,1.183
92779,982.71,126.95,8.77,2658.99,2620.92,1595.18,1873.12,1945.09,2101.32,1603.80,1537.74,1293.39,1055.51,609.86,327.77,257.17,77.92,23.33,23.38,15.52,0.00,0.00,15.52,0.00,0.00,0.00,9.29,0.00,0.00,1.182
92780,1024.80,116.42,4.79,2975.74,2880.44,2386.61,1685.73,2059.86,1608.43,1629.88,1603.47,1130.72,916.33,767.71,422.23,234.04,155.89,0.00,23.42,15.54,0.00,0.00,0.00,0.00,0.00,0.00,0.00,0.00,0.00,1.182
92781,999.90,115.04,4.79,3089.33,2460.29,1807.95,1611.57,2040.19,2030.82,1886.48,1631.73,987.48,961.50,594.16,468.12,350.62,62.23,0.00,0.00,0.00,0.00,0.00,15.49,0.00,0.00,0.00,0.00,0.00,0.00,1.182
92782,988.04,115.40,5.37,2501.05,2822.61,1817.36,2023.41,1873.92,1991.76,1586.41,1575.53,1274.97,965.57,675.46,282.16,281.56,31.22,23.48,0.00,15.59,0.00,0.00,0.00,0.00,9.33,0.00,0.00,0.00,0.00,1.182
92783,952.99,114.12,4.67,2899.99,2383.03,1787.36,1470.50,1661.03,1605.93,1604.48,1601.62,1294.01,985.67,970.42,421.62,280.58,93.46,0.00,0.00,0.00,0.00,0.00,0.00,0.00,0.00,0.00,0.00,0.00,0.00,1.182
92784,899.68,113.02,7.98,2614.51,2416.46,1882.61,1614.24,1710.86,2033.36,1062.56,1382.62,1106.60,821.93,626.61,398.59,140.39,93.66,46.78,23.33,0.00,0.00,0.00,0.00,0.00,0.00,0.00,9.29,0.00,0.00,1.183
92785,905.26,100.90,4.01,2547.01,2357.81,2078.54,1736.31,1681.46,1445.14,1608.70,1353.90,1203.20,870.66,674.91,258.47,140.76,124.96,0.00,23.45,0.00,0.00,0.00,0.00,0.00,0.00,0.00,0.00,0.00,0.00,1.183
92786,938.83,105.46,4.33,2751.78,2379.70,2209.52,1634.06,1658.32,1698.71,2002.37,1238.47,1104.13,702.95,656.50,397.70,256.96,46.67,0.00,0.00,15.51,23.27,0.00,0.00,0.00,0.00,0.00,0.00,0.00,0.00,1.183
92787,990.28,114.01,5.35,2576.91,2616.55,1889.60,2025.98,1859.70,2159.74,2086.14,1388.18,1087.38,895.97,581.61,353.03,141.04,78.19,0.00,23.42,0.00,23.45,0.00,0.00,0.00,9.34,0.00,0.00,0.00,0.00,1.182
92788,934.88,106.45,4.25,2516.05,2541.98,1952.15,1588.99,1868.15,1771.73,1415.39,1616.75,1105.55,891.57,703.85,374.74,257.20,93.44,0.00,0.00,0.00,0.00,0.00,0.00,0.00,0.00,0.00,0.00,0.00,0.00,1.182
92789,956.80,110.24,4.57,2946.84,2414.10,1881.65,1588.52,1581.28,1912.81,1485.97,1459.63,1575.80,1102.59,516.11,327.95,233.76,93.56,0.00,0.00,0.00,0.00,0.00,15.49,0.00,0.00,0.00,0.00,0.00,0.00,1.182
92790,1009.18,113.90,4.40,2357.80,2505.22,2104.63,1714.93,2224.73,1778.95,2155.97,1639.61,1322.97,1178.20,644.31,305.87,187.88,62.60,0.00,0.00,0.00,0.00,0.00,0.00,0.00,0.00,0.00,0.00,0.00,0.00,1.182
92791,948.17,106.42,4.24,2663.93,2288.79,1714.23,1781.03,2028.25,1986.65,1630.11,1508.93,1342.62,916.26,579.58,187.57,187.28,62.42,70.23,0.00,15.56,0.00,0.00,0.00,0.00,0.00,0.00,0.00,0.00,0.00,1.182
92792,940.46,103.21,3.97,2236.27,2263.31,2221.78,1761.53,1778.59,2228.58,1704.51,1528.15,1133.18,894.83,502.62,282.04,164.26,109.50,0.00,0.00,0.00,0.00,0.00,0.00,0.00,0.00,0.00,0.00,0.00,0.00,1.183
92793,900.52,97.70,3.86,2593.45,2452.94,1814.96,1758.96,1997.41,1585.86,1820.39,1038.39,919.44,870.06,548.72,352.13,164.03,46.95,0.00,46.79,0.00,0.00,0.00,0.00,0.00,0.00,0.00,0.00,0.00,0.00,1.183
92794,953.96,100.83,3.82,2807.46,2544.32,2050.90,1638.60,1711.39,1845.66,1984.63,1525.06,1390.00,587.55,532.96,164.20,187.32,109.19,0.00,0.00,0.00,0.00,0.00,0.00,0.00,0.00,0.00,0.00,0.00,0.00,1.183
92795,1054.04,112.10,4.41,3194.74,2802.71,2338.00,2471.78,2046.69,2154.66,1347.70,1510.38,943.05,893.58,533.17,375.60,328.17,140.58,0.00,0.00,0.00,0.00,0.00,0.00,0.00,0.00,0.00,0.00,0.00,0.00,1.183
92796,976.54,110.04,4.81,2666.75,2611.89,2554.20,1831.06,2189.13,1799.76,1277.16,1259.25,1273.63,611.69,642.88,469.66,140.73,93.81,70.26,0.00,0.00,0.00,23.34,15.56,0.00,0.00,0.00,0.00,0.00,0.00,1.183
92797,982.00,106.68,4.87,2252.96,2749.12,2688.12,2087.36,2262.04,1700.61,1509.96,1365.87,1270.48,727.48,422.54,327.89,163.60,77.89,0.00,0.00,15.52,0.00,0.00,0.00,0.00,9.30,0.00,0.00,0.00,0.00,1.183
92798,920.62,96.97,3.89,2933.18,2438.26,1959.71,2023.18,2112.51,1707.04,1278.23,1118.39,967.89,871.22,361.07,282.13,281.57,31.29,0.00,23.39,0.00,23.38,0.00,0.00,0.00,0.00,0.00,0.00,0.00,0.00,1.183
92799,925.56,120.54,11.88,2304.85,2498.54,1814.28,2043.72,2028.74,1964.97,1607.46,1289.99,919.37,728.91,611.41,422.51,164.11,78.11,0.00,0.00,0.00,0.00,0.00,15.56,0.00,0.00,0.00,0.00,9.30,0.00,1.183
92800,929.27,102.36,4.12,2662.42,2670.40,1977.26,1874.78,2027.80,1583.75,1392.89,1335.40,941.69,727.93,516.89,468.76,233.94,171.47,0.00,0.00,0.00,0.00,0.00,0.00,0.00,0.00,0.00,0.00,0.00,0.00,1.183
92801,869.78,98.02,4.06,2599.13,2201.63,1865.03,1738.71,1732.62,1993.42,947.74,1229.62,1015.89,871.90,518.63,305.75,164.24,125.33,46.88,23.48,15.61,0.00,0.00,0.00,0.00,0.00,0.00,0.00,0.00,0.00,1.183
92802,828.90,92.62,3.74,2134.32,2479.67,1644.42,1495.05,1773.21,1417.86,1392.64,1398.19,1153.45,633.96,485.61,257.79,163.73,78.02,23.35,46.72,0.00,0.00,0.00,0.00,0.00,0.00,0.00,0.00,0.00,0.00,1.184
92803,912.43,105.26,4.34,2164.05,2486.32,1864.71,1855.58,1587.36,1824.74,1775.26,1401.78,1014.84,1177.05,408.13,376.06,140.73,125.17,0.00,23.38,0.00,23.38,0.00,0.00,0.00,0.00,0.00,0.00,0.00,0.00,1.183
92804,1011.02,118.06,4.71,2746.70,2348.05,1842.92,1955.00,1749.91,1828.48,1779.00,1957.31,1513.81,1226.84,582.10,376.86,164.58,125.37,23.53,0.00,0.00,0.00,0.00,0.00,0.00,0.00,0.00,0.00,0.00,0.00,1.184
92805,996.34,125.73,5.13,2706.41,1730.39,1593.54,1446.11,1407.64,2029.98,2216.23,2322.16,1716.32,1336.70,766.44,327.74,210.33,77.87,23.32,0.00,15.51,0.00,0.00,0.00,0.00,0.00,0.00,0.00,0.00,0.00,1.183
92806,1108.02,140.05,5.60,2787.86,1959.70,1504.59,1403.30,1904.02,2344.89,2602.72,2440.37,2194.13,1459.03,957.24,328.91,164.15,109.43,0.00,0.00,0.00,0.00,0.00,0.00,0.00,0.00,0.00,0.00,0.00,0.00,1.183
92807,1050.22,134.34,5.40,2093.08,2010.44,1915.03,1285.99,1700.05,2134.38,2321.29,2711.05,1842.26,1507.81,864.16,282.20,258.35,78.34,0.00,0.00,0.00,0.00,0.00,0.00,0.00,0.00,0.00,0.00,0.00,0.00,1.183
92808,970.32,129.18,5.47,2203.46,1619.18,1569.48,1445.93,1517.93,1983.25,2169.29,2228.15,1692.97,1266.49,969.84,304.40,257.05,93.45,46.65,23.30,15.54,0.00,0.00,0.00,0.00,0.00,0.00,0.00,0.00,0.00,1.184
92809,1027.39,126.30,5.35,2748.19,1822.79,1942.38,1693.99,1895.36,2043.47,2373.31,1721.52,1514.63,1463.55,740.22,235.73,141.11,125.49,23.54,46.97,0.00,0.00,0.00,15.59,0.00,0.00,0.00,0.00,0.00,0.00,1.183
92810,1011.31,117.87,4.68,2536.00,2140.99,2187.06,1704.53,1926.66,1768.21,2214.05,1771.01,1737.86,890.18,734.29,374.14,116.76,77.82,23.30,23.34,0.00,0.00,0.00,0.00,0.00,0.00,0.00,0.00,0.00,0.00,1.183
92811,955.85,137.61,13.32,2141.36,2040.12,1673.18,2000.30,1604.00,2110.58,1894.99,1765.26,1487.94,1060.13,644.03,352.73,187.79,78.21,23.49,0.00,15.60,0.00,0.00,0.00,0.00,9.33,0.00,0.00,9.32,0.00,1.183
92812,933.16,117.38,4.87,2563.26,1826.73,1666.65,1209.23,1882.60,1723.59,1556.93,1852.14,1670.08,1196.57,782.29,421.48,163.57,109.19,23.34,0.00,15.53,0.00,0.00,0.00,0.00,0.00,0.00,0.00,0.00,0.00,1.183
92813,964.33,120.12,5.15,2139.78,2024.16,1671.85,1689.43,1682.11,2062.16,2295.88,1779.86,1463.34,988.80,753.47,399.58,187.80,109.44,23.42,0.00,0.00,0.00,0.00,0.00,15.55,0.00,0.00,0.00,0.00,0.00,1.183
92814,949.95,118.17,5.01,2522.15,1847.46,1838.31,1497.74,1823.93,1799.27,1773.56,1904.10,1532.78,917.34,752.82,352.07,257.88,140.69,0.00,0.00,15.57,23.39,0.00,0.00,0.00,0.00,0.00,0.00,0.00,0.00,1.183
92815,957.07,120.75,5.04,2605.19,1836.67,1613.62,1537.36,1673.10,1743.73,1788.08,2160.74,1360.82,1216.97,920.84,280.37,256.41,62.14,69.89,0.00,15.48,0.00,0.00,0.00,0.00,0.00,0.00,0.00,0.00,0.00,1.184
92816,1038.65,127.04,5.16,2334.26,2138.15,1913.87,1619.67,2001.47,2277.38,2558.50,1812.72,1322.78,1295.83,612.88,470.47,281.92,109.59,0.00,23.48,0.00,0.00,0.00,0.00,0.00,0.00,0.00,0.00,0.00,0.00,1.184
92817,938.38,118.32,4.77,2106.34,1792.66,1333.14,1468.29,1675.97,1815.98,2238.02,2053.72,1855.86,1171.60,593.82,421.04,140.03,77.79,0.00,23.35,0.00,0.00,0.00,0.00,0.00,0.00,0.00,0.00,0.00,0.00,1.183
92818,981.58,131.72,5.61,2088.24,1767.01,1623.05,1401.77,1488.74,1845.42,2315.96,2248.77,2026.61,1245.78,674.16,445.77,257.67,93.62,70.14,23.35,15.55,0.00,0.00,0.00,0.00,0.00,0.00,0.00,0.00,0.00,1.184
92819,1019.59,129.75,5.23,2321.31,1904.40,1450.60,1444.38,1593.80,2146.81,2709.26,1928.12,1996.77,1569.93,734.28,327.54,116.70,124.64,23.37,0.00,0.00,0.00,0.00,0.00,0.00,0.00,0.00,0.00,0.00,0.00,1.184
92820,972.77,134.06,5.80,2232.82,1607.17,1693.43,1045.51,1552.37,1821.98,2245.26,2075.73,1861.70,1574.83,893.29,398.84,257.62,93.54,46.76,23.42,31.15,0.00,0.00,0.00,0.00,0.00,0.00,0.00,0.00,0.00,1.184
92821,941.14,130.86,5.62,2162.32,1577.07,1193.29,927.35,1522.66,1966.07,2176.77,1983.50,2217.42,1458.85,894.61,305.33,281.46,109.41,23.40,0.00,0.00,23.37,0.00,0.00,0.00,0.00,0.00,0.00,0.00,0.00,1.184
92822,1028.74,132.58,5.44,2325.68,2193.63,1762.77,1138.64,1456.13,2126.90,2360.47,2528.77,1529.91,1479.06,939.21,468.76,140.25,77.94,23.41,23.32,0.00,0.00,0.00,0.00,0.00,0.00,0.00,0.00,0.00,0.00,1.184
92823,1021.20,130.06,5.20,2282.35,2006.48,1601.04,1307.53,1569.41,2131.10,2317.37,2360.29,1791.96,1552.29,847.13,493.12,117.13,46.90,0.00,0.00,0.00,0.00,0.00,0.00,0.00,0.00,0.00,0.00,0.00,0.00,1.183
92824,967.33,125.11,5.17,2158.04,1907.57,1645.61,1447.41,1487.54,1796.02,2077.12,2152.04,1930.06,1291.25,720.11,328.07,210.70,171.75,23.41,0.00,0.00,0.00,0.00,0.00,0.00,0.00,0.00,0.00,0.00,0.00,1.184
92825,964.12,129.43,5.51,2307.85,1945.10,1290.42,1451.36,1269.01,1564.27,2177.44,2251.90,1958.80,1577.19,816.26,258.49,257.95,46.94,46.89,46.92,15.59,0.00,0.00,0.00,0.00,0.00,0.00,0.00,0.00,0.00,1.184
92826,956.77,140.51,8.04,2279.23,1892.76,1169.06,1068.27,1298.12,1938.86,2101.94,2404.45,1954.49,1080.47,1034.03,469.05,234.10,140.46,0.00,46.81,0.00,0.00,0.00,0.00,0.00,0.00,11.63,0.00,0.00,0.00,1.184
92827,993.94,140.34,6.72,2472.89,1909.63,1121.87,1045.35,1504.48,1727.13,2505.63,2327.86,1862.02,1739.72,815.23,422.40,187.31,171.78,23.44,23.35,0.00,0.00,0.00,0.00,0.00,9.32,0.00,0.00,0.00,0.00,1.184
92828,1021.19,137.72,5.83,2538.03,1919.91,1475.42,1326.85,1501.57,1816.52,2121.16,2384.11,2068.19,1476.89,844.26,468.03,350.43,62.40,46.75,23.28,0.00,0.00,0.00,0.00,0.00,0.00,0.00,0.00,0.00,0.00,1.184
92829,1006.44,130.79,5.34,2393.23,1872.13,1357.23,1516.11,1564.06,1958.04,1979.39,2304.68,2373.04,1312.36,797.11,397.85,186.85,93.40,23.31,0.00,0.00,0.00,0.00,0.00,0.00,0.00,0.00,0.00,0.00,0.00,1.183
92830,946.76,128.31,5.70,2593.25,1941.51,1430.20,974.14,1425.43,1633.21,2056.37,1918.71,1791.12,1339.90,846.62,539.68,351.50,78.06,0.00,0.00,0.00,0.00,0.00,0.00,15.54,0.00,0.00,0.00,0.00,0.00,1.184
92831,818.66,106.46,4.64,2083.97,1604.11,1285.56,948.33,1344.55,1487.45,1933.84,1867.47,1387.44,1149.35,813.28,234.24,140.22,62.38,0.00,0.00,15.53,0.00,0.00,0.00,15.51,0.00,0.00,0.00,0.00,0.00,1.184
92832,872.70,118.49,5.12,2087.79,1797.72,1478.37,1210.74,1141.27,1654.90,1771.50,1681.82,1578.04,1386.13,767.66,445.65,257.49,124.83,46.73,23.41,0.00,0.00,0.00,0.00,0.00,0.00,0.00,0.00,0.00,0.00,1.184
92833,858.63,111.27,4.67,2183.32,1749.44,1572.61,1163.23,1314.77,1395.41,1795.20,1791.57,1483.78,1292.06,751.76,398.72,117.18,93.47,46.79,23.33,0.00,0.00,0.00,0.00,0.00,0.00,0.00,0.00,0.00,0.00,1.184
92834,896.70,118.31,5.03,1991.94,1783.50,1668.76,1093.05,1615.20,1679.33,1890.00,1823.83,1719.83,1104.44,736.47,375.16,281.09,78.00,70.12,23.34,0.00,0.00,0.00,0.00,0.00,0.00,0.00,0.00,0.00,0.00,1.184
92835,907.33,121.33,5.13,2237.82,1803.01,1363.88,1356.95,1287.34,1588.99,1989.65,1796.91,1724.23,1272.22,879.73,399.72,281.76,140.92,23.49,0.00,0.00,0.00,0.00,0.00,0.00,0.00,0.00,0.00,0.00,0.00,1.183
92836,964.81,121.83,4.97,2608.74,1872.60,1546.11,1137.03,1691.69,2052.71,2026.42,1662.03,1926.84,1312.54,719.22,374.28,256.98,109.00,0.00,0.00,0.00,0.00,0.00,0.00,0.00,0.00,0.00,0.00,0.00,0.00,1.183
92837,954.79,115.90,4.73,2504.76,2043.24,1890.38,1501.50,1638.33,1613.81,2110.06,1719.69,1560.35,1155.50,629.14,400.16,211.50,78.30,23.52,0.00,15.61,0.00,0.00,0.00,0.00,0.00,0.00,0.00,0.00,0.00,1.183
92838,951.83,117.64,5.62,2571.13,1912.64,1814.47,1688.49,1729.69,1800.23,1797.88,1825.98,1627.70,1035.30,674.80,281.85,140.61,93.90,0.00,0.00,0.00,0.00,23.34,0.00,0.00,9.33,0.00,0.00,0.00,0.00,1.183
92839,981.99,116.99,4.78,2730.01,2493.12,1593.38,1895.94,1691.42,1557.79,1579.60,1976.83,1598.60,1078.68,828.82,234.10,280.30,62.35,0.00,23.37,15.51,0.00,0.00,0.00,0.00,0.00,0.00,0.00,0.00,0.00,1.183
92840,1010.37,127.85,5.41,2792.94,2441.71,1819.60,1477.12,1589.39,1732.06,1848.77,1671.64,1748.80,1320.09,785.50,564.72,164.38,203.66,23.45,23.49,0.00,0.00,0.00,0.00,0.00,0.00,0.00,0.00,0.00,0.00,1.183
92841,948.39,117.61,4.91,2301.75,1971.07,1929.97,1708.00,1661.98,1890.81,1699.16,1711.74,1317.89,1267.64,719.66,421.73,210.63,62.36,46.70,46.71,0.00,0.00,0.00,0.00,0.00,0.00,0.00,0.00,0.00,0.00,1.184
92842,957.63,116.09,4.74,2503.41,1962.98,2224.14,1572.30,1795.58,1542.41,1611.61,1782.03,1252.44,1437.82,723.04,494.20,164.42,47.06,23.50,0.00,15.62,0.00,0.00,0.00,0.00,0.00,0.00,0.00,0.00,0.00,1.184
92843,934.07,116.86,4.86,2635.33,1969.07,1737.55,1280.65,1819.47,1771.52,1509.32,1647.99,1340.66,1431.11,657.06,468.46,303.98,62.40,46.73,0.00,0.00,0.00,0.00,0.00,0.00,0.00,0.00,0.00,0.00,0.00,1.183
