NASA Data Processing/CAMP2Ex/LAS/CAMP2Ex-LARGE-LAS_P3B_20190827_R0.ict
78, 1001
Luke Ziemba
NASA Langley
In-situ Particle Size Distributions from the TSI LAS on the NASA P3B
NASA CAMP2Ex
1,1
2019,08,27,2020,05,5
1.0
Time_Start,Secs after midnight,Time of acquisition
30
1,1,1,1,1,1,1,1,1,1,1,1,1,1,1,1,1,1,1,1,1,1,1,1,1,1,1,1,1,1
-9999,-9999,-9999,-9999,-9999,-9999,-9999,-9999,-9999,-9999,-9999,-9999,-9999,-9999,-9999,-9999,-9999,-9999,-9999,-9999,-9999,-9999,-9999,-9999,-9999,-9999,-9999,-9999,-9999,-9999
nLAS, #/cm3, AerMP_NumConc_InSitu_RHd_Optical_AccutoCoarse_STP, Number_concentration_of_particles_in_air_integrated_over_reported_LAS_dry_optical_bins_wrt_AmmoniumSulfate
sLAS, um2/cm3, AerMP_SurfAreaConc_InSitu_RHd_Optical_AccutoCoarse_STP, Surface_area_concentration_of_particles_in_air_integrated_over_reported_LAS_dry_optical_bins_wrt_AmmoniumSulfate
vLAS, um3/cm3, AerMP_VolConc_InSitu_RHd_Optical_AccutoCoarse_STP, Volume_concentration_of_particles_in_air_integrated_over_reported_LAS_dry_optical_bins_wrt_AmmoniumSulfate
LAS_Bin01, #/cm3, None, number_size_distribution_of_particles_in_air_per_dlogDp_for_bin_center_optical_diameter_at_100nm_measured_by_LAS_AmmoniumSulfate
LAS_Bin02, #/cm3, None, number_size_distribution_of_particles_in_air_per_dlogDp_for_bin_center_optical_diameter_at_112nm_measured_by_LAS_AmmoniumSulfate
LAS_Bin03, #/cm3, None, number_size_distribution_of_particles_in_air_per_dlogDp_for_bin_center_optical_diameter_at_126nm_measured_by_LAS_AmmoniumSulfate
LAS_Bin04, #/cm3, None, number_size_distribution_of_particles_in_air_per_dlogDp_for_bin_center_optical_diameter_at_141nm_measured_by_LAS_AmmoniumSulfate
LAS_Bin05, #/cm3, None, number_size_distribution_of_particles_in_air_per_dlogDp_for_bin_center_optical_diameter_at_158nm_measured_by_LAS_AmmoniumSulfate
LAS_Bin06, #/cm3, None, number_size_distribution_of_particles_in_air_per_dlogDp_for_bin_center_optical_diameter_at_178nm_measured_by_LAS_AmmoniumSulfate
LAS_Bin07, #/cm3, None, number_size_distribution_of_particles_in_air_per_dlogDp_for_bin_center_optical_diameter_at_200nm_measured_by_LAS_AmmoniumSulfate
LAS_Bin08, #/cm3, None, number_size_distribution_of_particles_in_air_per_dlogDp_for_bin_center_optical_diameter_at_224nm_measured_by_LAS_AmmoniumSulfate
LAS_Bin09, #/cm3, None, number_size_distribution_of_particles_in_air_per_dlogDp_for_bin_center_optical_diameter_at_251nm_measured_by_LAS_AmmoniumSulfate
LAS_Bin10, #/cm3, None, number_size_distribution_of_particles_in_air_per_dlogDp_for_bin_center_optical_diameter_at_282nm_measured_by_LAS_AmmoniumSulfate
LAS_Bin11, #/cm3, None, number_size_distribution_of_particles_in_air_per_dlogDp_for_bin_center_optical_diameter_at_316nm_measured_by_LAS_AmmoniumSulfate
LAS_Bin12, #/cm3, None, number_size_distribution_of_particles_in_air_per_dlogDp_for_bin_center_optical_diameter_at_355nm_measured_by_LAS_AmmoniumSulfate
LAS_Bin13, #/cm3, None, number_size_distribution_of_particles_in_air_per_dlogDp_for_bin_center_optical_diameter_at_398nm_measured_by_LAS_AmmoniumSulfate
LAS_Bin14, #/cm3, None, number_size_distribution_of_particles_in_air_per_dlogDp_for_bin_center_optical_diameter_at_447nm_measured_by_LAS_AmmoniumSulfate
LAS_Bin15, #/cm3, None, number_size_distribution_of_particles_in_air_per_dlogDp_for_bin_center_optical_diameter_at_501nm_measured_by_LAS_AmmoniumSulfate
[...]
  - Integrated surface areas and volumes are calculated by assuming spherical particles
  - Data in this file is time synced to DLH water vapor
UNCERTAINTY: all data are 20%
ULOD_FLAG: -7777
ULOD_VALUE: N/A
LLOD_FLAG: -8888
LLOD_VALUE: N/A
DM_CONTACT_INFO: Michael Shook (michael.shook@nasa.gov)
PROJECT_INFO: CAMP2Ex 2019
STIPULATIONS_ON_USE: This is FINAL data. Users are strongly encouraged to consult the PI and/or DM prior to use.
OTHER_COMMENTS: dlogD for Diameters less than 1000 nm is 0.05 (20 channels per decade). For Diameters greater than or equal to 1000 nm, dlogD is 0.1 (10 channels per decade)
OTHER_COMMENTS: Data are processed with respect to mid-point ammonium-sulfate ((NH4)2SO4, AmmSO4) equivalent optical diameters and are rebinned to a standard binning scheme
OTHER_COMMENTS: Mid-point diameters (in nm) are:
		  100.0, 112.2, 125.9, 141.3, 158.5, 177.8, 199.5, 223.9, 251.2, 281.8, 316.2, 354.8, 398.1, 446.7, 501.2, 562.3, 631.0, 707.9, 794.3, 891.3, 1000.0, 1258.9, 1584.9, 1995.3, 2511.9, 3162.3
REVISION: R0
R0: STP calculations now use data from publicly available MetNav files, data is time synced to DLH
RC: Particle sizing now done with respect to ammonium sulfate
RB: Time sync to LARGE CNgt3nm applied
RA: None
*******************************************************************************************************************************
Time_Start,nLAS,sLAS,vLAS,LAS_Bin01,LAS_Bin02,LAS_Bin03,LAS_Bin04,LAS_Bin05,LAS_Bin06,LAS_Bin07,LAS_Bin08,LAS_Bin09,LAS_Bin10,LAS_Bin11,LAS_Bin12,LAS_Bin13,LAS_Bin14,LAS_Bin15,LAS_Bin16,LAS_Bin17,LAS_Bin18,LAS_Bin19,LAS_Bin20,LAS_Bin21,LAS_Bin22,LAS_Bin23,LAS_Bin24,LAS_Bin25,LAS_Bin26,stdPT
[from data line 1682]
2010,263.05,59.50,10.30,982.79,731.11,572.50,427.13,364.53,354.61,377.86,329.91,164.79,281.77,156.61,93.84,117.04,93.42,70.06,46.72,46.65,0.00,0.00,31.02,0.00,0.00,0.00,0.00,9.29,0.00,2.178
2011,257.46,62.40,10.28,815.73,716.37,834.46,427.32,380.41,283.62,448.73,172.93,259.10,187.95,156.56,46.94,70.32,140.27,23.37,70.16,15.54,46.69,0.00,0.00,15.53,0.00,0.00,18.60,0.00,0.00,2.178
2012,234.80,66.52,14.22,791.80,524.81,619.27,522.45,332.82,307.28,472.29,235.76,164.83,281.84,125.30,23.43,70.20,31.21,23.42,23.33,31.10,23.32,23.30,0.00,31.06,0.00,0.00,9.30,9.29,0.00,2.179
2013,223.02,67.57,17.15,839.34,604.20,549.07,379.61,380.50,212.52,401.33,188.50,258.93,187.83,78.29,70.28,70.23,46.81,23.42,93.45,15.56,23.35,0.00,0.00,0.00,0.00,0.00,0.00,18.58,0.00,2.178
2014,257.28,59.56,10.79,768.39,668.69,716.71,475.33,602.74,284.04,259.99,346.00,188.59,141.08,188.11,187.72,93.83,62.46,46.89,0.00,31.12,23.35,23.32,0.00,0.00,9.32,0.00,0.00,9.30,0.00,2.180
2015,204.88,29.67,1.96,791.92,668.54,620.68,451.61,348.95,307.52,118.12,157.17,117.81,117.50,78.35,0.00,70.24,46.81,70.12,0.00,62.24,70.11,0.00,0.00,0.00,0.00,0.00,0.00,0.00,0.00,2.180
2016,267.21,74.41,14.03,935.62,731.37,501.09,498.63,537.90,425.67,306.97,314.30,235.53,164.44,109.70,164.08,140.52,62.34,23.36,23.33,15.55,23.33,23.32,46.60,0.00,9.31,11.63,0.00,9.29,0.00,2.180
2017,292.67,52.32,4.46,983.79,921.96,763.30,332.26,475.46,615.11,377.93,330.13,164.88,46.99,156.62,211.07,46.83,156.10,93.65,70.08,46.66,23.33,0.00,0.00,0.00,18.62,0.00,0.00,0.00,0.00,2.181
2018,259.77,94.64,26.35,983.25,763.20,571.90,664.49,475.07,401.83,330.50,204.19,141.22,93.91,109.61,70.37,70.22,93.46,46.76,23.40,46.62,0.00,0.00,15.53,15.53,9.31,0.00,0.00,27.87,0.00,2.181
2019,218.88,56.82,6.76,503.74,699.49,595.09,379.99,412.90,212.92,188.93,267.14,164.85,187.90,188.07,93.77,70.21,202.68,46.73,23.41,46.66,0.00,0.00,0.00,0.00,46.57,0.00,0.00,0.00,0.00,2.182
2020,200.76,29.14,1.86,767.86,429.41,525.70,522.35,475.14,283.78,141.80,220.15,164.89,47.00,109.57,23.47,117.11,46.84,23.37,23.42,0.00,93.43,0.00,0.00,0.00,0.00,0.00,0.00,0.00,0.00,2.182
2021,202.22,50.54,9.91,575.55,731.14,525.19,355.93,396.19,283.50,259.56,125.67,94.12,211.27,93.94,46.87,116.90,62.29,23.35,23.32,31.11,0.00,69.88,0.00,0.00,0.00,0.00,0.00,9.28,0.00,2.183
2022,226.72,79.25,23.79,791.66,620.19,596.41,380.04,507.04,330.86,283.37,188.60,235.50,46.98,93.96,46.93,70.26,93.63,93.57,23.41,46.65,23.33,0.00,15.54,0.00,0.00,11.63,0.00,0.00,11.61,2.183
2023,246.28,115.40,41.70,863.66,540.36,595.63,427.09,269.04,496.20,306.93,251.32,306.01,187.83,187.75,46.88,93.60,124.72,70.24,23.40,31.10,23.35,0.00,15.51,0.00,9.31,0.00,0.00,0.00,23.22,2.183
2024,237.18,54.64,7.38,863.49,715.46,572.34,427.30,317.19,189.14,259.78,345.72,164.82,211.35,156.52,117.32,93.63,93.46,46.78,23.33,46.62,23.32,23.32,15.54,0.00,9.31,0.00,9.29,0.00,0.00,2.184
2025,272.53,61.02,10.35,864.03,858.05,690.98,474.77,301.08,401.96,212.50,392.90,306.14,281.88,140.92,23.43,187.29,78.05,93.51,70.07,15.56,0.00,23.30,15.54,0.00,0.00,0.00,0.00,9.29,0.00,2.184
2026,242.90,44.15,3.78,935.75,651.41,523.34,403.64,395.60,354.80,306.91,251.38,235.46,234.86,93.91,93.75,117.01,78.04,0.00,70.21,15.55,46.67,0.00,0.00,31.06,9.31,0.00,0.00,0.00,0.00,2.184
2027,239.53,43.95,4.10,911.50,794.44,381.04,427.01,412.17,378.01,236.11,361.24,94.17,164.35,187.87,70.34,140.46,78.02,23.35,23.32,31.11,23.35,0.00,0.00,15.51,18.62,0.00,0.00,0.00,0.00,2.185
2028,198.04,29.07,1.75,575.47,540.20,619.43,427.22,332.38,141.78,330.64,251.36,70.63,211.34,156.61,70.32,0.00,155.78,0.00,0.00,31.09,23.32,23.30,0.00,0.00,0.00,0.00,0.00,0.00,0.00,2.185
2029,244.36,42.81,3.97,671.60,906.91,524.47,379.82,475.28,331.10,472.28,282.89,141.30,211.39,93.95,140.73,70.25,46.84,23.36,0.00,15.55,23.32,23.30,15.54,0.00,18.63,0.00,0.00,0.00,0.00,2.185
2030,222.15,49.32,6.97,767.75,620.89,476.02,403.56,269.35,473.00,283.34,220.03,235.49,140.92,172.30,117.27,70.26,15.63,46.73,0.00,31.08,46.68,0.00,0.00,15.53,9.32,0.00,9.29,0.00,0.00,2.185
2031,232.65,81.22,21.43,911.54,541.36,570.46,451.00,490.91,283.76,259.71,219.91,306.08,93.94,125.25,140.67,0.00,109.24,0.00,23.40,15.55,23.35,0.00,15.51,15.53,0.00,0.00,9.29,18.58,0.00,2.185
2032,209.21,68.83,21.32,575.63,636.39,429.58,498.49,570.32,260.16,188.84,204.26,188.37,117.41,109.58,93.82,46.81,78.09,23.36,23.33,77.73,23.35,0.00,15.52,0.00,0.00,0.00,0.00,0.00,11.61,2.186
2033,199.87,45.83,6.68,743.39,619.98,595.74,331.98,253.50,283.50,330.34,172.70,117.66,93.89,46.85,140.54,46.79,15.62,23.35,23.32,46.63,23.31,23.29,15.51,31.04,0.00,0.00,9.29,0.00,0.00,2.187
2034,170.11,166.15,67.16,575.70,365.26,333.75,356.21,348.32,141.94,283.42,235.78,188.39,46.98,93.90,70.33,46.87,46.77,23.42,46.74,62.15,0.00,0.00,15.51,0.00,0.00,0.00,9.29,27.88,23.23,2.187
2035,172.04,81.60,28.91,744.33,589.43,357.32,379.80,269.35,165.54,189.05,172.90,70.67,70.49,109.67,23.47,46.83,62.35,0.00,46.68,46.65,23.36,0.00,31.06,0.00,0.00,0.00,0.00,9.29,11.62,2.186
2036,163.06,105.09,39.65,527.78,413.48,500.50,427.26,190.27,307.36,236.19,62.85,235.48,23.48,62.70,23.47,46.82,46.68,0.00,23.41,31.10,23.32,0.00,0.00,0.00,0.00,0.00,9.30,18.58,11.62,2.188
2037,104.91,78.16,30.07,431.65,174.91,238.65,142.45,221.73,165.61,118.06,78.53,117.73,46.97,62.65,93.79,70.20,46.73,0.00,23.41,0.00,0.00,0.00,0.00,0.00,0.00,11.62,0.00,9.29,11.61,2.186
2038,90.36,33.54,8.90,335.88,302.27,166.56,189.98,110.92,189.25,118.09,62.89,94.25,47.00,0.00,46.92,0.00,31.15,23.37,23.34,15.57,0.00,0.00,31.09,0.00,0.00,0.00,0.00,9.30,0.00,2.187
2039,77.60,13.89,1.10,431.76,190.39,143.54,166.19,158.25,47.35,47.22,94.25,0.00,23.48,15.63,70.35,70.24,31.20,0.00,23.33,0.00,0.00,23.32,15.51,0.00,0.00,0.00,0.00,0.00,0.00,2.188
2040,83.98,16.52,1.35,336.01,350.32,262.20,94.96,158.64,47.31,23.64,47.15,0.00,46.99,78.42,93.83,0.00,46.73,0.00,0.00,0.00,70.10,23.31,0.00,0.00,0.00,0.00,0.00,0.00,0.00,2.187
2041,93.39,14.09,0.93,264.05,302.18,191.05,237.51,253.22,94.62,118.14,31.44,117.78,23.50,62.62,46.92,46.84,31.22,0.00,0.00,31.13,0.00,0.00,15.55,0.00,0.00,0.00,0.00,0.00,0.00,2.188
2042,83.74,42.36,12.34,359.57,191.03,166.43,213.64,142.56,70.95,141.62,62.84,47.08,0.00,15.67,93.80,46.76,46.77,0.00,0.00,15.55,23.32,0.00,0.00,0.00,0.00,0.00,9.29,9.29,0.00,2.188
2043,51.15,24.50,8.00,119.95,111.22,71.64,189.96,142.61,47.28,118.07,31.42,70.63,0.00,62.66,23.46,0.00,0.00,0.00,0.00,15.55,0.00,0.00,0.00,0.00,0.00,0.00,0.00,9.29,0.00,2.189
2044,40.42,3.91,0.16,120.10,127.29,142.86,142.39,95.14,23.69,0.00,78.62,23.56,0.00,15.68,0.00,23.45,15.57,0.00,0.00,0.00,0.00,0.00,0.00,0.00,0.00,0.00,0.00,0.00,0.00,2.189
2045,49.22,18.85,3.64,192.00,127.38,190.23,47.49,95.02,70.86,47.27,47.15,23.55,46.98,31.35,0.00,0.00,0.00,0.00,23.34,0.00,0.00,0.00,0.00,0.00,9.31,11.63,0.00,0.00,0.00,2.189
2046,32.13,2.92,0.11,144.10,111.26,71.74,47.49,47.69,94.70,23.63,47.20,23.58,0.00,15.65,0.00,0.00,15.60,0.00,0.00,0.00,0.00,0.00,0.00,0.00,0.00,0.00,0.00,0.00,0.00,2.189
2047,24.86,3.72,0.17,24.00,95.22,71.61,0.00,47.57,23.60,47.21,31.40,47.07,46.95,15.66,0.00,46.84,0.00,0.00,0.00,0.00,0.00,0.00,0.00,0.00,0.00,0.00,0.00,0.00,0.00,2.191
2048,31.50,20.69,7.78,191.84,127.11,47.93,47.52,63.55,47.21,0.00,31.42,23.54,0.00,31.24,0.00,0.00,0.00,0.00,0.00,0.00,0.00,0.00,0.00,0.00,0.00,0.00,0.00,9.29,0.00,2.190
2049,28.47,4.31,0.23,95.96,79.65,47.68,47.49,31.77,94.52,23.63,31.45,23.55,0.00,0.00,23.47,23.43,46.82,0.00,0.00,0.00,0.00,0.00,0.00,0.00,0.00,0.00,0.00,0.00,0.00,2.190
2050,37.89,45.57,20.01,119.76,111.26,142.46,23.76,63.52,23.67,23.62,47.13,23.54,0.00,0.00,23.42,23.42,62.31,0.00,0.00,0.00,23.35,23.31,0.00,0.00,0.00,0.00,0.00,0.00,11.61,2.191
2051,60.83,57.07,22.53,191.89,143.09,238.38,71.20,63.15,94.45,47.26,78.57,23.55,23.48,31.31,23.43,46.86,15.58,0.00,46.81,15.56,0.00,0.00,15.54,0.00,0.00,11.62,0.00,0.00,11.61,2.192
2052,53.89,7.90,0.54,263.98,238.57,142.50,47.48,158.41,0.00,47.23,47.13,0.00,0.00,0.00,23.43,23.38,15.58,46.78,0.00,0.00,23.32,0.00,0.00,0.00,0.00,0.00,0.00,0.00,0.00,2.194
2053,85.42,27.36,8.10,504.12,239.01,214.62,23.79,126.89,70.97,141.85,94.37,70.72,70.53,31.36,46.91,23.41,31.22,0.00,0.00,0.00,0.00,0.00,0.00,0.00,0.00,0.00,0.00,9.30,0.00,2.193
2054,95.00,9.18,0.38,311.79,413.33,190.93,189.74,126.40,236.39,141.63,62.85,94.17,93.92,0.00,0.00,0.00,15.57,0.00,23.32,0.00,0.00,0.00,0.00,0.00,0.00,0.00,0.00,0.00,0.00,2.194
2055,109.09,36.84,9.41,431.61,365.44,309.97,118.76,221.30,118.10,118.00,94.28,70.63,70.44,15.62,23.43,116.95,31.13,0.00,23.32,15.53,0.00,0.00,0.00,0.00,9.31,0.00,0.00,9.29,0.00,2.194
2056,106.08,13.26,0.69,479.84,317.65,190.51,261.17,126.62,165.66,141.77,94.34,47.11,70.47,78.35,46.91,23.44,15.58,23.37,23.34,15.57,0.00,0.00,0.00,0.00,0.00,0.00,0.00,0.00,0.00,2.194
2057,96.20,21.37,2.33,287.73,349.70,214.56,165.97,126.58,212.78,165.19,47.12,94.14,46.95,31.32,23.45,23.42,15.55,0.00,46.63,15.54,0.00,23.29,0.00,15.52,9.30,0.00,0.00,0.00,0.00,2.195
2058,96.81,16.15,1.11,239.97,318.05,261.55,237.50,126.65,70.90,94.45,188.54,70.63,70.46,78.26,46.86,0.00,46.75,46.78,0.00,0.00,23.32,0.00,15.54,0.00,0.00,0.00,0.00,0.00,0.00,2.195
2059,111.47,100.96,37.56,383.49,365.64,214.37,237.36,205.82,94.62,70.81,94.28,94.17,23.48,62.67,0.00,93.57,62.37,23.42,23.40,15.53,23.35,46.61,15.54,0.00,9.31,0.00,0.00,18.58,11.61,2.196
2060,80.37,55.25,22.26,383.84,191.00,190.71,94.96,95.26,260.12,70.89,110.01,47.09,46.97,15.68,0.00,0.00,15.56,0.00,23.33,0.00,0.00,0.00,15.52,0.00,0.00,11.63,0.00,0.00,11.61,2.195
2061,52.37,10.28,1.22,119.96,174.97,214.32,94.97,110.74,71.00,47.21,62.82,0.00,46.96,0.00,23.46,46.84,15.62,0.00,0.00,0.00,0.00,0.00,0.00,0.00,9.30,0.00,0.00,0.00,0.00,2.196
2062,54.64,7.48,0.39,191.96,127.24,119.63,118.72,190.25,23.68,70.91,78.61,23.56,0.00,15.68,46.91,23.39,15.58,46.74,0.00,0.00,0.00,0.00,0.00,0.00,0.00,0.00,0.00,0.00,0.00,2.197
2063,35.98,6.09,0.44,119.80,127.22,71.62,94.97,47.50,23.60,23.59,47.09,47.08,46.96,31.24,0.00,0.00,0.00,0.00,0.00,15.53,23.31,0.00,0.00,0.00,0.00,0.00,0.00,0.00,0.00,2.197
2064,47.19,6.53,0.42,239.90,206.99,71.46,71.27,79.41,71.04,0.00,47.21,47.14,0.00,15.68,0.00,70.32,0.00,0.00,0.00,0.00,23.38,0.00,0.00,0.00,0.00,0.00,0.00,0.00,0.00,2.197
2065,73.02,20.74,4.51,287.94,191.14,214.22,47.45,205.93,70.99,165.37,62.88,70.67,46.99,15.67,46.91,0.00,0.00,0.00,0.00,0.00,0.00,0.00,0.00,15.54,0.00,0.00,9.30,0.00,0.00,2.198
2066,82.06,6.33,0.20,383.53,254.31,190.69,166.15,190.51,118.24,165.24,47.13,70.64,23.48,31.36,0.00,0.00,0.00,0.00,0.00,0.00,0.00,0.00,0.00,0.00,0.00,0.00,0.00,0.00,0.00,2.197
2067,60.05,23.34,7.88,287.97,254.47,119.89,118.66,63.59,47.30,47.21,110.00,94.21,0.00,15.63,23.44,0.00,0.00,0.00,0.00,0.00,0.00,0.00,0.00,0.00,0.00,0.00,0.00,9.29,0.00,2.198
2068,59.05,26.67,8.15,191.88,190.92,71.40,142.38,110.89,47.30,94.48,62.86,47.10,70.48,15.68,46.87,23.44,0.00,23.43,23.41,0.00,0.00,0.00,0.00,0.00,0.00,0.00,0.00,9.29,0.00,2.198
2069,68.42,8.91,0.43,191.96,206.59,95.89,142.45,126.81,212.84,94.46,78.56,23.55,46.98,31.36,23.47,23.43,46.72,23.36,0.00,0.00,0.00,0.00,0.00,0.00,0.00,0.00,0.00,0.00,0.00,2.199
2070,59.42,7.28,0.44,359.74,142.85,142.71,142.29,110.93,0.00,94.45,15.72,0.00,93.92,31.29,0.00,0.00,31.19,0.00,0.00,0.00,23.31,0.00,0.00,0.00,0.00,0.00,0.00,0.00,0.00,2.197
2071,60.68,98.47,46.54,167.95,270.95,190.73,47.44,79.07,94.52,47.23,78.58,70.65,0.00,15.68,0.00,23.39,46.77,0.00,0.00,15.55,0.00,0.00,0.00,0.00,0.00,0.00,0.00,9.29,23.22,2.198
2072,77.84,31.87,9.22,239.90,222.28,238.05,142.40,174.27,165.43,70.81,109.99,70.63,23.48,15.67,0.00,0.00,31.13,0.00,0.00,0.00,0.00,0.00,15.51,0.00,9.30,0.00,0.00,9.29,0.00,2.199
2073,104.14,14.85,1.02,503.80,286.08,167.07,261.24,95.27,118.37,236.22,94.30,47.12,117.47,62.63,0.00,0.00,15.57,23.37,0.00,15.54,23.33,0.00,15.52,0.00,0.00,0.00,0.00,0.00,0.00,2.197
2074,112.09,23.17,2.36,335.76,365.99,333.00,166.14,269.41,189.25,94.44,78.60,70.66,23.50,31.34,93.81,23.44,46.71,23.36,23.41,15.55,23.33,0.00,0.00,15.53,9.31,0.00,0.00,0.00,0.00,2.197
2075,82.12,22.48,2.90,215.79,333.42,166.95,166.16,127.11,94.55,94.40,94.25,23.54,70.44,78.24,70.31,0.00,15.63,0.00,0.00,15.55,23.35,0.00,15.53,0.00,18.62,0.00,0.00,0.00,0.00,2.199
2076,93.47,12.24,0.70,479.54,334.01,167.18,165.98,142.75,47.33,94.44,94.21,141.22,0.00,31.28,70.26,23.42,31.10,0.00,0.00,46.64,0.00,0.00,0.00,0.00,0.00,0.00,0.00,0.00,0.00,2.200
2077,89.96,35.04,9.04,359.93,286.47,190.53,189.91,110.84,165.61,0.00,125.75,23.56,93.98,31.35,23.48,46.84,46.77,0.00,0.00,46.68,0.00,23.31,15.55,0.00,0.00,0.00,0.00,9.30,0.00,2.200
2078,100.59,19.91,2.00,479.74,238.76,166.19,166.20,126.79,70.89,165.30,109.99,164.82,70.46,109.51,0.00,23.38,62.34,0.00,23.33,0.00,0.00,0.00,0.00,15.52,9.31,0.00,0.00,0.00,0.00,2.200
2079,78.81,12.78,1.07,359.54,238.69,238.83,189.86,110.82,23.67,23.59,94.24,23.54,70.43,78.25,46.91,0.00,46.75,0.00,0.00,0.00,0.00,0.00,15.53,15.51,0.00,0.00,0.00,0.00,0.00,2.200
2080,79.90,13.93,1.18,216.05,127.23,262.67,94.93,237.75,141.96,94.54,109.98,70.66,70.47,46.93,46.90,46.78,0.00,0.00,0.00,0.00,0.00,0.00,0.00,31.07,0.00,0.00,0.00,0.00,0.00,2.200
2081,103.05,55.30,21.09,408.00,270.37,261.95,237.42,174.22,94.69,94.50,204.36,23.56,23.49,31.36,70.36,46.89,31.15,0.00,0.00,0.00,46.73,0.00,0.00,0.00,9.31,0.00,0.00,0.00,11.62,2.200
2082,102.17,29.66,4.52,455.43,317.76,261.72,166.05,142.27,141.94,70.86,94.24,23.54,23.47,109.57,46.88,23.38,46.71,23.35,0.00,15.55,23.35,0.00,15.51,0.00,9.30,11.62,0.00,0.00,0.00,2.201
2083,79.15,11.43,0.73,240.01,206.54,262.65,190.00,79.22,189.24,70.84,62.86,47.10,70.47,78.33,23.43,0.00,15.58,0.00,0.00,0.00,46.72,0.00,0.00,0.00,0.00,0.00,0.00,0.00,0.00,2.200
2084,71.07,52.24,17.00,167.90,254.22,189.82,118.62,94.57,94.53,23.59,78.54,70.61,46.94,62.66,46.87,23.37,31.14,46.70,0.00,15.55,0.00,0.00,0.00,0.00,9.30,0.00,0.00,18.58,0.00,2.201
2085,67.24,44.75,19.65,239.86,302.11,119.32,94.91,94.77,70.90,141.66,47.14,47.09,23.48,31.31,23.43,23.39,46.71,0.00,0.00,15.56,0.00,0.00,0.00,0.00,0.00,0.00,0.00,0.00,11.61,2.201
2086,60.41,49.71,20.41,143.92,238.24,95.35,71.25,126.80,47.29,94.46,94.28,23.55,0.00,62.70,70.33,23.39,46.75,0.00,0.00,15.56,0.00,0.00,15.51,15.53,0.00,0.00,0.00,0.00,11.61,2.201
2087,65.86,33.48,9.37,239.82,190.59,94.78,71.17,158.35,94.54,94.42,109.96,23.53,70.44,15.67,23.42,23.38,15.57,0.00,0.00,31.10,23.31,0.00,0.00,0.00,9.30,0.00,0.00,9.29,0.00,2.200
2088,65.57,67.67,28.34,239.97,174.86,119.38,237.51,110.84,0.00,70.92,0.00,70.68,94.00,31.36,23.44,46.84,15.64,0.00,0.00,15.57,0.00,0.00,0.00,0.00,9.31,0.00,0.00,9.30,11.62,2.200
2089,43.30,3.54,0.15,215.91,175.05,167.22,47.47,111.06,47.34,23.59,31.40,0.00,23.48,0.00,0.00,0.00,0.00,23.42,0.00,0.00,0.00,0.00,0.00,0.00,0.00,0.00,0.00,0.00,0.00,2.201
2090,51.03,6.99,0.57,239.71,174.89,71.06,118.53,78.95,70.90,70.77,62.78,70.57,0.00,31.28,0.00,0.00,15.62,0.00,0.00,0.00,0.00,0.00,0.00,15.52,0.00,0.00,0.00,0.00,0.00,2.202
2091,60.67,5.19,0.18,264.04,143.13,238.43,118.80,111.07,71.04,70.90,94.32,23.55,46.98,15.63,0.00,0.00,15.56,0.00,0.00,0.00,0.00,0.00,0.00,0.00,0.00,0.00,0.00,0.00,0.00,2.202
2092,51.25,10.66,1.29,239.89,127.09,214.61,71.22,63.51,23.60,23.62,78.58,23.54,46.96,46.96,0.00,0.00,31.20,0.00,0.00,15.55,0.00,0.00,0.00,0.00,9.31,0.00,0.00,0.00,0.00,2.202
2093,43.49,8.88,0.73,239.88,79.68,71.36,23.71,78.99,141.75,0.00,47.10,23.54,46.96,0.00,0.00,70.22,0.00,0.00,0.00,0.00,23.31,23.29,0.00,0.00,0.00,0.00,0.00,0.00,0.00,2.203
2094,40.68,6.63,0.42,47.96,158.82,71.89,118.65,94.86,70.94,23.59,62.83,23.54,0.00,46.92,46.88,23.42,0.00,0.00,0.00,0.00,23.35,0.00,0.00,0.00,0.00,0.00,0.00,0.00,0.00,2.203
2095,75.17,18.05,1.82,239.93,127.08,308.99,118.74,63.23,94.71,70.83,47.17,47.09,70.47,31.30,70.33,117.07,31.14,0.00,23.33,0.00,23.36,0.00,0.00,0.00,9.31,0.00,0.00,0.00,0.00,2.204
2096,81.85,70.37,28.52,336.03,270.87,142.62,142.61,158.55,94.72,47.27,62.92,117.83,23.51,15.69,46.97,46.86,0.00,23.38,46.77,0.00,0.00,0.00,0.00,0.00,9.32,0.00,0.00,9.30,11.62,2.204
2097,82.81,102.02,46.84,239.80,270.09,356.90,142.44,142.55,70.96,70.83,94.34,23.55,23.48,47.02,23.43,23.43,0.00,0.00,23.41,15.55,23.35,0.00,0.00,0.00,0.00,0.00,0.00,9.29,23.23,2.204
