NASA Data Processing/CAMP2Ex/LAS/CAMP2Ex-LARGE-LAS_P3B_20190925_R0.ict
78, 1001
Luke Ziemba
NASA Langley
In-situ Particle Size Distributions from the TSI LAS on the NASA P3B
NASA CAMP2Ex
1,1
2019,09,25,2020,05,5
1.0
Time_Start,Secs after midnight,Time of acquisition
30
1,1,1,1,1,1,1,1,1,1,1,1,1,1,1,1,1,1,1,1,1,1,1,1,1,1,1,1,1,1
-9999,-9999,-9999,-9999,-9999,-9999,-9999,-9999,-9999,-9999,-9999,-9999,-9999,-9999,-9999,-9999,-9999,-9999,-9999,-9999,-9999,-9999,-9999,-9999,-9999,-9999,-9999,-9999,-9999,-9999
nLAS, #/cm3, AerMP_NumConc_InSitu_RHd_Optical_AccutoCoarse_STP, Number_concentration_of_particles_in_air_integrated_over_reported_LAS_dry_optical_bins_wrt_AmmoniumSulfate
sLAS, um2/cm3, AerMP_SurfAreaConc_InSitu_RHd_Optical_AccutoCoarse_STP, Surface_area_concentration_of_particles_in_air_integrated_over_reported_LAS_dry_optical_bins_wrt_AmmoniumSulfate
vLAS, um3/cm3, AerMP_VolConc_InSitu_RHd_Optical_AccutoCoarse_STP, Volume_concentration_of_particles_in_air_integrated_over_reported_LAS_dry_optical_bins_wrt_AmmoniumSulfate
LAS_Bin01, #/cm3, None, number_size_distribution_of_particles_in_air_per_dlogDp_for_bin_center_optical_diameter_at_100nm_measured_by_LAS_AmmoniumSulfate
LAS_Bin02, #/cm3, None, number_size_distribution_of_particles_in_air_per_dlogDp_for_bin_center_optical_diameter_at_112nm_measured_by_LAS_AmmoniumSulfate
LAS_Bin03, #/cm3, None, number_size_distribution_of_particles_in_air_per_dlogDp_for_bin_center_optical_diameter_at_126nm_measured_by_LAS_AmmoniumSulfate
LAS_Bin04, #/cm3, None, number_size_distribution_of_particles_in_air_per_dlogDp_for_bin_center_optical_diameter_at_141nm_measured_by_LAS_AmmoniumSulfate
LAS_Bin05, #/cm3, None, number_size_distribution_of_particles_in_air_per_dlogDp_for_bin_center_optical_diameter_at_158nm_measured_by_LAS_AmmoniumSulfate
LAS_Bin06, #/cm3, None, number_size_distribution_of_particles_in_air_per_dlogDp_for_bin_center_optical_diameter_at_178nm_measured_by_LAS_AmmoniumSulfate
LAS_Bin07, #/cm3, None, number_size_distribution_of_particles_in_air_per_dlogDp_for_bin_center_optical_diameter_at_200nm_measured_by_LAS_AmmoniumSulfate
LAS_Bin08, #/cm3, None, number_size_distribution_of_particles_in_air_per_dlogDp_for_bin_center_optical_diameter_at_224nm_measured_by_LAS_AmmoniumSulfate
LAS_Bin09, #/cm3, None, number_size_distribution_of_particles_in_air_per_dlogDp_for_bin_center_optical_diameter_at_251nm_measured_by_LAS_AmmoniumSulfate
LAS_Bin10, #/cm3, None, number_size_distribution_of_particles_in_air_per_dlogDp_for_bin_center_optical_diameter_at_282nm_measured_by_LAS_AmmoniumSulfate
LAS_Bin11, #/cm3, None, number_size_distribution_of_particles_in_air_per_dlogDp_for_bin_center_optical_diameter_at_316nm_measured_by_LAS_AmmoniumSulfate
LAS_Bin12, #/cm3, None, number_size_distribution_of_particles_in_air_per_dlogDp_for_bin_center_optical_diameter_at_355nm_measured_by_LAS_AmmoniumSulfate
LAS_Bin13, #/cm3, None, number_size_distribution_of_particles_in_air_per_dlogDp_for_bin_center_optical_diameter_at_398nm_measured_by_LAS_AmmoniumSulfate
LAS_Bin14, #/cm3, None, number_size_distribution_of_particles_in_air_per_dlogDp_for_bin_center_optical_diameter_at_447nm_measured_by_LAS_AmmoniumSulfate
LAS_Bin15, #/cm3, None, number_size_distribution_of_particles_in_air_per_dlogDp_for_bin_center_optical_diameter_at_501nm_measured_by_LAS_AmmoniumSulfate
[...]
  - Integrated surface areas and volumes are calculated by assuming spherical particles
  - Data in this file is time synced to DLH water vapor
UNCERTAINTY: all data are 20%
ULOD_FLAG: -7777
ULOD_VALUE: N/A
LLOD_FLAG: -8888
LLOD_VALUE: N/A
DM_CONTACT_INFO: Michael Shook (michael.shook@nasa.gov)
PROJECT_INFO: CAMP2Ex 2019
STIPULATIONS_ON_USE: This is FINAL data. Users are strongly encouraged to consult the PI and/or DM prior to use.
OTHER_COMMENTS: dlogD for Diameters less than 1000 nm is 0.05 (20 channels per decade). For Diameters greater than or equal to 1000 nm, dlogD is 0.1 (10 channels per decade)
OTHER_COMMENTS: Data are processed with respect to mid-point ammonium-sulfate ((NH4)2SO4, AmmSO4) equivalent optical diameters and are rebinned to a standard binning scheme
OTHER_COMMENTS: Mid-point diameters (in nm) are:
		  100.0, 112.2, 125.9, 141.3, 158.5, 177.8, 199.5, 223.9, 251.2, 281.8, 316.2, 354.8, 398.1, 446.7, 501.2, 562.3, 631.0, 707.9, 794.3, 891.3, 1000.0, 1258.9, 1584.9, 1995.3, 2511.9, 3162.3
REVISION: R0
R0: STP calculations now use data from publicly available MetNav files, data is time synced to DLH
RC: Particle sizing now done with respect to ammonium sulfate
RB: Time sync to LARGE CNgt3nm applied
RA: None
*******************************************************************************************************************************
Time_Start,nLAS,sLAS,vLAS,LAS_Bin01,LAS_Bin02,LAS_Bin03,LAS_Bin04,LAS_Bin05,LAS_Bin06,LAS_Bin07,LAS_Bin08,LAS_Bin09,LAS_Bin10,LAS_Bin11,LAS_Bin12,LAS_Bin13,LAS_Bin14,LAS_Bin15,LAS_Bin16,LAS_Bin17,LAS_Bin18,LAS_Bin19,LAS_Bin20,LAS_Bin21,LAS_Bin22,LAS_Bin23,LAS_Bin24,LAS_Bin25,LAS_Bin26,stdPT
[from data line 17759]
28297,546.38,65.32,2.67,1035.41,1180.57,1196.91,953.24,1097.19,1352.47,1019.17,962.00,898.15,612.97,251.48,164.73,93.94,46.87,46.96,0.00,15.62,0.00,0.00,0.00,0.00,0.00,0.00,0.00,0.00,0.00,1.175
28298,536.92,65.22,2.68,598.87,889.43,927.06,1114.48,1155.96,1346.04,1839.47,1020.09,893.66,422.23,328.48,46.87,93.51,46.76,0.00,0.00,0.00,0.00,0.00,15.52,0.00,0.00,0.00,0.00,0.00,0.00,1.176
28299,531.28,63.88,2.51,814.38,1047.57,949.94,853.16,1344.59,1368.80,1178.53,1082.33,846.15,422.00,421.98,116.98,140.15,15.60,23.38,0.00,0.00,0.00,0.00,0.00,0.00,0.00,0.00,0.00,0.00,0.00,1.176
28300,603.39,74.58,2.89,843.43,1038.98,1007.42,1001.98,1401.45,1259.29,1566.14,1357.89,1301.39,613.64,440.75,70.74,117.73,47.05,0.00,0.00,0.00,0.00,0.00,0.00,0.00,0.00,0.00,0.00,0.00,0.00,1.176
28301,577.47,86.97,10.32,766.01,1174.32,1141.47,1090.04,1329.03,1250.46,1390.56,1066.43,869.54,914.22,265.83,163.80,93.45,15.60,0.00,0.00,0.00,0.00,0.00,0.00,0.00,0.00,0.00,0.00,9.27,0.00,1.176
28302,550.91,67.60,2.74,1271.21,810.80,690.51,949.61,1362.79,1253.22,1204.54,1383.06,989.15,469.83,250.67,258.03,46.83,46.83,0.00,0.00,31.12,0.00,0.00,0.00,0.00,0.00,0.00,0.00,0.00,0.00,1.176
28303,577.18,69.75,2.71,866.44,1084.34,861.14,1310.04,1319.10,1233.42,1350.71,1182.59,1181.44,400.68,424.57,188.20,93.96,46.93,0.00,0.00,0.00,0.00,0.00,0.00,0.00,0.00,0.00,0.00,0.00,0.00,1.176
28304,620.72,74.24,2.85,1153.79,1019.71,930.83,1260.78,1507.32,1516.16,1253.96,1102.03,1274.02,635.39,502.29,140.96,117.20,0.00,0.00,0.00,0.00,0.00,0.00,0.00,0.00,0.00,0.00,0.00,0.00,0.00,1.176
28305,604.78,89.71,6.53,1077.55,809.35,1095.15,1066.54,1312.71,1487.35,1532.63,1317.89,916.94,633.22,438.01,187.26,70.14,62.37,23.39,0.00,0.00,23.32,0.00,0.00,0.00,9.29,11.61,0.00,0.00,0.00,1.176
28306,610.71,73.50,2.89,1013.24,975.27,1294.02,1145.81,1354.06,1426.36,1258.65,1343.19,1136.67,496.02,456.72,165.01,117.73,15.72,0.00,0.00,15.64,0.00,0.00,0.00,0.00,0.00,0.00,0.00,0.00,0.00,1.176
28307,618.90,83.94,5.32,985.23,940.37,1049.85,1213.00,1285.41,1563.66,1726.70,1196.24,1108.55,494.04,564.79,47.01,140.73,15.60,23.46,0.00,0.00,0.00,0.00,0.00,0.00,0.00,11.64,0.00,0.00,0.00,1.175
28308,612.26,72.41,2.79,982.09,952.97,1189.71,1114.33,1406.37,1652.51,1391.39,1286.62,1058.12,633.27,328.55,116.99,70.06,15.54,46.78,0.00,0.00,0.00,0.00,0.00,0.00,0.00,0.00,0.00,0.00,0.00,1.175
28309,595.92,83.62,4.60,912.98,780.43,1002.71,1118.22,1364.26,1349.88,1561.23,1180.69,1085.10,729.38,549.10,94.03,93.80,15.60,23.46,0.00,0.00,0.00,23.36,0.00,15.56,9.33,0.00,0.00,0.00,0.00,1.175
28310,600.72,76.26,3.33,1248.64,716.70,1025.49,831.80,1379.66,1585.64,1654.59,1226.88,895.77,705.36,376.54,258.12,46.82,0.00,23.45,23.43,0.00,0.00,0.00,0.00,15.55,0.00,0.00,0.00,0.00,0.00,1.176
28311,615.12,74.20,2.95,885.07,966.83,1213.46,1159.95,1689.96,1579.94,1201.25,1410.42,1033.33,468.47,296.82,163.72,116.66,46.66,69.90,0.00,0.00,0.00,0.00,0.00,0.00,0.00,0.00,0.00,0.00,0.00,1.175
28312,589.43,78.69,3.43,722.20,1021.58,980.55,1167.80,1272.06,1352.98,1327.93,1246.25,898.30,966.73,440.08,211.95,23.48,109.72,0.00,23.50,0.00,0.00,23.41,0.00,0.00,0.00,0.00,0.00,0.00,0.00,1.175
28313,610.25,76.11,3.42,1344.58,1034.96,1170.09,1069.91,1173.79,1656.82,1371.25,1227.05,777.93,611.39,501.77,46.95,23.46,78.13,23.45,46.79,0.00,23.38,23.35,0.00,0.00,0.00,0.00,0.00,0.00,0.00,1.175
28314,603.15,74.58,2.93,718.84,1047.86,1000.24,1019.84,1218.23,1842.01,1486.21,1538.32,893.93,516.23,422.52,257.63,46.77,31.11,0.00,23.31,0.00,0.00,0.00,0.00,0.00,0.00,0.00,0.00,0.00,0.00,1.175
28315,638.53,80.19,3.41,600.60,1034.78,1239.94,1402.83,1205.36,1822.96,1844.30,1416.09,754.53,682.03,501.81,93.92,46.83,78.03,0.00,0.00,31.14,0.00,0.00,15.54,0.00,0.00,0.00,0.00,0.00,0.00,1.175
28316,609.79,84.15,4.54,888.41,1082.31,834.72,1140.93,1331.63,1964.62,1253.04,1148.39,919.47,776.07,454.86,140.83,140.58,62.44,0.00,0.00,0.00,0.00,23.33,15.53,0.00,9.32,0.00,0.00,0.00,0.00,1.176
28317,608.49,76.43,3.13,1027.78,965.88,974.09,1277.18,1293.59,1508.20,1482.36,1205.66,750.89,842.55,514.97,140.20,70.05,77.72,0.00,23.25,15.48,0.00,0.00,0.00,0.00,0.00,0.00,0.00,0.00,0.00,1.176
28318,299.59,35.89,1.37,383.69,429.41,715.50,569.74,617.92,685.03,779.12,612.65,588.52,399.18,62.64,70.28,46.85,31.20,0.00,0.00,0.00,0.00,0.00,0.00,0.00,0.00,0.00,0.00,0.00,0.00,1.176
28319,7.11,1.39,0.08,0.00,31.90,0.00,0.00,31.71,23.68,0.00,15.76,0.00,0.00,0.00,23.53,0.00,15.68,0.00,0.00,0.00,0.00,0.00,0.00,0.00,0.00,0.00,0.00,0.00,0.00,1.175
28320,719.14,92.11,4.48,1052.72,1142.12,1212.41,1254.92,2053.27,1414.84,2237.31,1567.27,892.40,726.16,499.66,93.48,93.29,62.11,0.00,46.69,15.52,0.00,0.00,0.00,0.00,9.29,0.00,0.00,0.00,0.00,1.175
28321,2289.29,566.19,86.47,3617.97,4162.33,4215.55,4245.41,4335.93,4653.89,4104.72,3532.17,3199.38,2346.53,2112.08,1241.32,1099.14,981.50,443.86,350.07,388.39,163.27,186.30,124.08,77.54,37.22,23.23,9.28,9.28,23.21,1.175
28322,2503.32,632.37,85.14,4179.52,4107.77,5133.93,4707.68,4359.85,3954.53,4043.90,3934.28,3372.17,3363.61,2196.06,1502.77,1594.01,1358.42,632.33,561.64,264.69,93.56,186.77,155.47,139.91,55.95,0.00,0.00,55.83,0.00,1.174
28323,1193.75,260.97,26.31,2182.34,2034.41,2314.11,2444.49,2106.25,1773.01,1747.43,2262.62,1294.98,1409.09,1205.82,843.89,631.95,717.48,304.03,116.79,171.04,116.61,69.95,31.03,0.00,27.93,11.62,0.00,9.29,0.00,1.175
28324,567.64,139.13,22.20,959.98,795.90,1002.51,1211.90,1061.74,1206.69,1276.16,990.60,754.09,634.64,360.38,187.80,210.77,296.55,117.08,23.35,46.70,93.40,23.32,15.52,46.60,0.00,0.00,0.00,18.60,0.00,1.176
28325,430.70,119.61,22.43,577.08,748.66,692.40,642.51,1062.63,734.78,1017.56,755.83,849.50,635.56,188.49,187.89,93.74,203.13,0.00,0.00,15.60,46.81,70.09,31.12,0.00,0.00,11.65,0.00,18.62,0.00,1.175
28326,241.91,34.08,1.73,505.05,334.94,501.94,499.95,396.26,758.96,402.63,409.73,472.31,94.23,141.41,117.57,46.95,93.86,23.49,0.00,15.58,0.00,23.39,0.00,0.00,0.00,0.00,0.00,0.00,0.00,1.175
28327,157.25,23.73,1.17,311.48,222.34,285.45,308.09,316.50,212.51,400.98,266.84,235.18,211.13,140.66,70.24,70.12,62.44,0.00,0.00,31.05,0.00,0.00,0.00,0.00,0.00,0.00,0.00,0.00,0.00,1.175
28328,156.62,21.86,1.23,288.86,175.43,549.93,214.44,413.83,213.50,355.62,347.06,212.71,70.74,110.05,94.18,46.95,0.00,0.00,23.49,0.00,0.00,0.00,0.00,15.58,0.00,0.00,0.00,0.00,0.00,1.174
28329,114.02,29.12,4.70,143.84,143.22,95.56,237.13,284.53,377.97,259.57,204.19,94.13,93.90,109.50,70.25,70.16,31.19,46.70,0.00,0.00,0.00,0.00,0.00,0.00,0.00,0.00,9.29,0.00,0.00,1.175
28330,234.96,52.27,9.84,310.02,458.60,332.56,589.91,441.03,493.64,492.85,577.87,421.36,256.84,140.11,93.21,23.29,15.49,0.00,0.00,15.47,0.00,0.00,0.00,0.00,9.26,0.00,0.00,9.24,0.00,1.175
28331,367.52,78.12,13.61,529.62,782.64,406.68,619.64,779.33,972.91,734.93,772.92,661.84,518.70,330.21,47.08,70.52,62.62,0.00,23.50,0.00,0.00,0.00,0.00,0.00,0.00,0.00,9.33,9.33,0.00,1.175
28332,502.61,65.54,2.83,669.79,776.54,855.57,1183.96,1011.24,1249.76,1036.34,1363.32,680.99,562.19,327.98,116.90,46.69,62.24,23.30,69.87,15.51,0.00,0.00,0.00,0.00,0.00,0.00,0.00,0.00,0.00,1.175
28333,513.55,86.31,10.66,622.77,904.74,808.83,1019.40,1091.45,1133.58,1249.81,1349.41,752.46,586.37,250.21,327.78,70.10,15.56,46.72,0.00,0.00,0.00,23.27,0.00,0.00,0.00,0.00,0.00,9.28,0.00,1.176
28334,610.84,86.73,4.55,1254.24,959.23,790.54,1121.76,1290.53,1283.86,1472.04,1453.52,1112.72,566.77,472.39,141.49,70.63,78.52,0.00,46.91,15.65,0.00,70.30,0.00,15.61,0.00,0.00,0.00,0.00,0.00,1.175
28335,644.52,97.33,10.97,910.70,968.68,904.86,1517.95,1581.62,1700.69,1604.20,1412.96,894.07,657.16,453.89,93.75,116.92,15.62,0.00,0.00,15.55,0.00,23.30,0.00,0.00,0.00,0.00,0.00,9.28,0.00,1.175
28336,641.58,77.63,3.10,1271.97,1049.24,1025.18,1259.05,1283.73,1608.77,1653.65,1430.67,918.79,446.50,485.74,211.09,117.03,0.00,46.81,23.34,0.00,0.00,0.00,0.00,0.00,0.00,0.00,0.00,0.00,0.00,1.175
28337,621.41,103.72,13.12,959.66,906.36,1048.73,1020.79,1251.00,1655.39,1794.84,1618.72,753.59,657.73,422.93,117.20,117.03,15.63,46.73,0.00,0.00,0.00,0.00,0.00,0.00,0.00,11.63,0.00,9.29,0.00,1.175
28338,644.51,81.82,3.35,1053.86,1048.48,1095.07,1161.60,1375.77,1582.24,1556.40,1223.98,1081.72,867.86,422.37,187.23,163.71,31.08,0.00,23.30,15.53,0.00,0.00,0.00,0.00,0.00,0.00,0.00,0.00,0.00,1.175
28339,616.35,90.26,4.35,790.01,809.28,879.89,924.13,1565.76,1651.48,1225.20,1348.23,1080.71,960.80,468.73,327.53,116.75,62.20,23.31,23.28,31.03,23.27,0.00,0.00,15.48,0.00,0.00,0.00,0.00,0.00,1.175
28340,664.13,90.06,4.44,989.09,1087.72,1031.51,1217.46,1465.21,1355.18,1638.56,1453.87,1089.28,1133.75,456.83,165.01,94.16,47.05,23.49,0.00,15.62,0.00,0.00,0.00,0.00,9.36,0.00,0.00,0.00,0.00,1.175
28341,615.09,75.19,2.96,887.82,986.40,1216.38,1163.04,1377.86,1773.23,1180.58,1162.90,988.95,892.49,360.13,93.72,140.40,77.94,0.00,0.00,0.00,0.00,0.00,0.00,0.00,0.00,0.00,0.00,0.00,0.00,1.175
28342,623.16,78.11,3.49,1054.60,906.03,1121.03,1044.13,1487.72,1725.26,1345.50,1460.87,1035.57,563.43,469.48,140.65,23.42,46.81,0.00,0.00,0.00,0.00,23.29,0.00,15.52,0.00,0.00,0.00,0.00,0.00,1.174
28343,683.71,86.68,3.60,936.70,859.66,1194.31,1307.43,1634.36,1775.41,1584.48,1825.10,801.67,964.27,423.30,211.30,70.30,46.88,23.39,0.00,0.00,0.00,0.00,15.56,0.00,0.00,0.00,0.00,0.00,0.00,1.174
28344,662.46,82.76,3.42,1149.98,983.97,1310.47,1138.36,1376.50,1700.23,1438.65,1240.00,1081.88,1102.58,484.87,163.96,0.00,31.22,23.33,0.00,0.00,0.00,23.27,0.00,0.00,0.00,0.00,0.00,0.00,0.00,1.174
28345,42.10,5.56,0.22,95.63,63.36,23.91,23.65,79.07,70.77,212.07,62.65,46.96,117.13,46.86,0.00,0.00,0.00,0.00,0.00,0.00,0.00,0.00,0.00,0.00,0.00,0.00,0.00,0.00,0.00,1.174
28346,104.30,13.50,0.53,120.54,95.97,96.12,143.10,382.35,356.58,237.27,157.98,189.37,188.90,78.68,23.59,0.00,15.64,0.00,0.00,0.00,0.00,0.00,0.00,0.00,0.00,0.00,0.00,0.00,0.00,1.174
28347,1058.11,133.02,5.62,1674.77,1680.16,1521.04,2296.53,2479.19,2687.90,2237.09,2366.23,1667.36,1218.04,687.43,420.90,140.17,31.11,0.00,23.34,0.00,0.00,0.00,30.95,0.00,0.00,0.00,0.00,0.00,0.00,1.174
28348,1037.65,175.90,28.40,1821.65,1716.32,1573.46,1779.20,2231.09,2692.76,2713.58,2402.40,1435.25,1290.87,641.77,23.41,233.68,124.77,0.00,0.00,15.54,0.00,0.00,0.00,15.52,0.00,0.00,9.29,0.00,11.61,1.174
28349,749.87,101.46,5.35,1079.00,1017.67,1261.88,1471.62,1773.60,2080.42,1770.61,1932.17,941.61,774.85,563.64,70.31,46.85,31.13,46.77,46.80,31.11,0.00,23.29,15.51,0.00,9.31,0.00,0.00,0.00,0.00,1.174
28350,388.74,44.41,1.67,745.97,670.09,812.20,691.01,683.02,972.68,1161.30,756.78,590.67,282.80,251.46,70.53,70.53,15.68,0.00,0.00,0.00,0.00,0.00,0.00,0.00,0.00,0.00,0.00,0.00,0.00,1.174
28351,250.92,33.22,1.43,143.87,413.17,549.02,569.54,633.76,520.13,542.96,439.79,517.87,328.70,219.18,70.34,23.42,15.62,0.00,0.00,31.09,0.00,0.00,0.00,0.00,0.00,0.00,0.00,0.00,0.00,1.174
28352,220.11,32.20,1.66,263.74,350.03,405.07,427.24,348.64,543.59,613.90,486.96,306.07,281.81,156.66,70.32,93.62,15.63,0.00,0.00,0.00,23.32,0.00,15.54,0.00,0.00,0.00,0.00,0.00,0.00,1.174
28353,198.24,37.35,4.90,168.29,334.69,286.66,404.42,524.22,426.62,496.96,456.63,235.96,258.91,188.42,140.92,23.48,0.00,0.00,0.00,0.00,0.00,0.00,0.00,0.00,0.00,0.00,9.32,0.00,0.00,1.173
28354,303.30,50.95,2.92,263.02,253.43,475.83,449.57,583.26,942.94,800.49,704.94,657.30,304.40,281.12,116.86,46.63,15.51,93.22,0.00,15.50,23.25,23.25,0.00,15.48,0.00,0.00,0.00,0.00,0.00,1.174
28355,687.73,130.24,15.52,384.01,810.81,1143.31,1305.32,1521.42,1607.23,1841.61,1602.69,1318.47,1103.78,532.46,234.45,163.91,78.03,0.00,0.00,31.07,0.00,0.00,0.00,15.53,9.31,11.62,0.00,9.29,0.00,1.174
28356,545.14,82.94,4.15,407.58,667.67,785.65,1281.71,1125.08,992.62,1416.78,1461.19,1130.13,727.98,501.17,140.67,0.00,93.52,46.72,23.33,31.12,23.32,46.61,0.00,0.00,0.00,0.00,0.00,0.00,0.00,1.173
28357,318.45,46.46,2.23,214.70,347.15,474.49,684.79,740.68,917.31,704.74,812.76,585.55,350.43,280.41,93.29,46.61,46.52,23.24,0.00,30.93,0.00,0.00,15.43,0.00,0.00,0.00,0.00,0.00,0.00,1.173
28358,196.51,48.82,6.14,120.07,206.71,238.17,237.73,428.39,402.40,591.04,566.46,377.27,188.16,203.80,117.35,46.93,78.08,23.39,23.44,0.00,23.39,23.33,15.53,0.00,0.00,0.00,9.31,0.00,0.00,1.174
28359,148.33,22.35,1.18,168.37,255.20,215.50,309.66,206.39,308.33,426.13,456.87,236.09,164.84,62.85,93.97,0.00,0.00,23.48,0.00,15.60,0.00,23.38,0.00,0.00,0.00,0.00,0.00,0.00,0.00,1.174
28360,193.71,25.82,1.03,215.01,285.55,237.25,236.39,442.02,494.61,541.06,516.66,375.38,280.84,171.61,23.38,23.35,31.09,0.00,0.00,0.00,0.00,0.00,0.00,0.00,0.00,0.00,0.00,0.00,0.00,1.174
28361,363.05,53.61,2.74,504.94,573.49,549.57,452.37,810.40,782.25,923.48,724.69,731.84,588.69,329.65,164.54,70.48,0.00,0.00,23.39,0.00,0.00,0.00,15.58,15.57,0.00,0.00,0.00,0.00,0.00,1.174
28362,535.70,75.53,3.28,816.70,668.46,644.25,736.80,887.48,1396.60,1512.91,1242.81,1178.72,870.05,438.96,117.33,117.15,0.00,46.78,0.00,15.55,23.38,0.00,0.00,0.00,0.00,0.00,0.00,0.00,0.00,1.174
28363,228.88,31.42,1.33,431.02,238.00,380.81,379.36,458.71,401.29,589.59,549.13,376.17,398.68,234.59,46.82,46.79,0.00,46.71,0.00,0.00,0.00,0.00,0.00,0.00,0.00,0.00,0.00,0.00,0.00,1.174
28364,7.86,1.18,0.05,0.00,0.00,23.70,0.00,0.00,47.28,0.00,15.70,47.09,23.48,0.00,0.00,0.00,0.00,0.00,0.00,0.00,0.00,0.00,0.00,0.00,0.00,0.00,0.00,0.00,0.00,1.175
28365,733.07,100.18,4.27,959.77,1065.43,1001.21,1092.23,1695.31,1489.70,2244.19,1446.00,1389.62,1245.17,485.88,328.39,140.49,31.22,23.43,0.00,0.00,0.00,23.31,0.00,0.00,0.00,0.00,0.00,0.00,0.00,1.174
28366,1104.45,147.73,6.36,1627.61,1650.56,1830.76,1848.06,2070.97,2383.23,2686.41,2838.46,2138.56,1500.28,859.89,350.91,116.79,93.37,46.63,0.00,31.05,0.00,0.00,0.00,15.49,0.00,0.00,0.00,0.00,0.00,1.174
28367,837.98,130.78,12.70,1175.81,1161.88,1311.92,1401.47,2125.22,1726.25,2055.53,1933.92,1766.92,869.45,705.20,187.68,187.32,78.01,0.00,0.00,15.54,23.37,0.00,0.00,15.54,0.00,0.00,0.00,9.30,0.00,1.174
28368,524.33,74.00,3.82,697.93,813.47,766.32,762.60,1096.52,1423.67,1090.13,1450.73,945.19,707.12,408.70,117.64,93.96,78.25,0.00,0.00,15.59,0.00,0.00,0.00,0.00,9.35,0.00,0.00,0.00,0.00,1.173
28369,321.48,38.47,1.48,571.40,442.04,639.44,542.07,770.54,821.48,820.59,546.07,444.19,419.75,342.30,46.53,0.00,0.00,23.19,0.00,0.00,0.00,0.00,0.00,0.00,0.00,0.00,0.00,0.00,0.00,1.174
28370,317.89,111.84,21.74,434.05,574.88,503.26,477.46,557.59,689.47,664.98,663.60,662.98,401.51,220.56,188.66,0.00,47.10,0.00,23.54,31.27,46.94,0.00,0.00,15.60,46.80,11.69,9.35,9.34,0.00,1.173
28371,322.23,123.61,22.04,311.99,461.82,287.39,403.86,761.21,757.15,780.06,692.11,565.67,446.69,235.15,140.86,70.27,109.08,23.38,46.78,62.24,23.35,93.33,15.53,31.08,18.64,34.90,0.00,9.30,0.00,1.172
28372,290.42,174.78,51.17,310.67,332.72,355.82,638.60,551.68,659.46,588.16,673.22,680.27,187.19,187.31,93.44,69.98,46.59,46.54,46.63,61.95,46.50,0.00,30.94,15.47,18.55,34.74,9.26,18.51,11.57,1.174
28373,341.31,102.75,17.10,240.90,159.72,478.99,429.09,874.42,759.52,734.97,962.46,780.24,542.44,235.93,188.39,70.49,31.32,93.95,23.42,46.87,23.45,46.81,31.18,15.59,9.34,0.00,9.34,9.33,0.00,1.173
28374,363.71,134.60,32.51,167.78,158.82,381.70,688.50,665.29,1016.53,1039.17,989.97,753.55,540.22,282.01,187.63,46.77,93.59,23.42,46.74,31.10,23.36,0.00,15.54,15.53,9.31,23.25,9.30,0.00,11.61,1.174
28375,264.99,60.10,6.99,191.62,127.32,308.88,260.78,632.42,614.05,849.14,643.50,588.00,398.81,344.25,163.90,46.72,31.08,23.33,0.00,15.54,0.00,23.27,0.00,0.00,9.30,0.00,9.29,0.00,0.00,1.174
28376,187.30,34.86,1.86,71.96,174.76,214.85,261.07,316.40,331.07,613.80,329.87,541.34,375.62,203.40,164.08,23.38,31.12,23.41,0.00,46.60,23.31,0.00,0.00,0.00,0.00,0.00,0.00,0.00,0.00,1.174
28377,139.09,22.88,1.09,47.95,111.37,190.57,166.37,316.67,331.24,378.08,314.52,400.59,258.52,156.62,23.45,0.00,15.57,23.38,46.84,0.00,0.00,0.00,0.00,0.00,0.00,0.00,0.00,0.00,0.00,1.174
28378,183.73,35.10,2.92,167.05,332.02,379.14,283.29,487.59,258.55,563.69,406.42,140.53,373.82,124.73,23.31,0.00,15.50,0.00,0.00,15.47,46.40,23.20,15.46,0.00,9.26,0.00,0.00,0.00,0.00,1.174
