NASA Data Processing/CAMP2Ex/LAS/CAMP2Ex-LARGE-LAS_P3B_20190827_R0.ict
78, 1001
Luke Ziemba
NASA Langley
In-situ Particle Size Distributions from the TSI LAS on the NASA P3B
NASA CAMP2Ex
1,1
2019,08,27,2020,05,5
1.0
Time_Start,Secs after midnight,Time of acquisition
30
1,1,1,1,1,1,1,1,1,1,1,1,1,1,1,1,1,1,1,1,1,1,1,1,1,1,1,1,1,1
-9999,-9999,-9999,-9999,-9999,-9999,-9999,-9999,-9999,-9999,-9999,-9999,-9999,-9999,-9999,-9999,-9999,-9999,-9999,-9999,-9999,-9999,-9999,-9999,-9999,-9999,-9999,-9999,-9999,-9999
nLAS, #/cm3, AerMP_NumConc_InSitu_RHd_Optical_AccutoCoarse_STP, Number_concentration_of_particles_in_air_integrated_over_reported_LAS_dry_optical_bins_wrt_AmmoniumSulfate
sLAS, um2/cm3, AerMP_SurfAreaConc_InSitu_RHd_Optical_AccutoCoarse_STP, Surface_area_concentration_of_particles_in_air_integrated_over_reported_LAS_dry_optical_bins_wrt_AmmoniumSulfate
vLAS, um3/cm3, AerMP_VolConc_InSitu_RHd_Optical_AccutoCoarse_STP, Volume_concentration_of_particles_in_air_integrated_over_reported_LAS_dry_optical_bins_wrt_AmmoniumSulfate
LAS_Bin01, #/cm3, None, number_size_distribution_of_particles_in_air_per_dlogDp_for_bin_center_optical_diameter_at_100nm_measured_by_LAS_AmmoniumSulfate
LAS_Bin02, #/cm3, None, number_size_distribution_of_particles_in_air_per_dlogDp_for_bin_center_optical_diameter_at_112nm_measured_by_LAS_AmmoniumSulfate
LAS_Bin03, #/cm3, None, number_size_distribution_of_particles_in_air_per_dlogDp_for_bin_center_optical_diameter_at_126nm_measured_by_LAS_AmmoniumSulfate
LAS_Bin04, #/cm3, None, number_size_distribution_of_particles_in_air_per_dlogDp_for_bin_center_optical_diameter_at_141nm_measured_by_LAS_AmmoniumSulfate
LAS_Bin05, #/cm3, None, number_size_distribution_of_particles_in_air_per_dlogDp_for_bin_center_optical_diameter_at_158nm_measured_by_LAS_AmmoniumSulfate
LAS_Bin06, #/cm3, None, number_size_distribution_of_particles_in_air_per_dlogDp_for_bin_center_optical_diameter_at_178nm_measured_by_LAS_AmmoniumSulfate
LAS_Bin07, #/cm3, None, number_size_distribution_of_particles_in_air_per_dlogDp_for_bin_center_optical_diameter_at_200nm_measured_by_LAS_AmmoniumSulfate
LAS_Bin08, #/cm3, None, number_size_distribution_of_particles_in_air_per_dlogDp_for_bin_center_optical_diameter_at_224nm_measured_by_LAS_AmmoniumSulfate
LAS_Bin09, #/cm3, None, number_size_distribution_of_particles_in_air_per_dlogDp_for_bin_center_optical_diameter_at_251nm_measured_by_LAS_AmmoniumSulfate
LAS_Bin10, #/cm3, None, number_size_distribution_of_particles_in_air_per_dlogDp_for_bin_center_optical_diameter_at_282nm_measured_by_LAS_AmmoniumSulfate
LAS_Bin11, #/cm3, None, number_size_distribution_of_particles_in_air_per_dlogDp_for_bin_center_optical_diameter_at_316nm_measured_by_LAS_AmmoniumSulfate
LAS_Bin12, #/cm3, None, number_size_distribution_of_particles_in_air_per_dlogDp_for_bin_center_optical_diameter_at_355nm_measured_by_LAS_AmmoniumSulfate
LAS_Bin13, #/cm3, None, number_size_distribution_of_particles_in_air_per_dlogDp_for_bin_center_optical_diameter_at_398nm_measured_by_LAS_AmmoniumSulfate
LAS_Bin14, #/cm3, None, number_size_distribution_of_particles_in_air_per_dlogDp_for_bin_center_optical_diameter_at_447nm_measured_by_LAS_AmmoniumSulfate
LAS_Bin15, #/cm3, None, number_size_distribution_of_particles_in_air_per_dlogDp_for_bin_center_optical_diameter_at_501nm_measured_by_LAS_AmmoniumSulfate
[...]
  - Integrated surface areas and volumes are calculated by assuming spherical particles
  - Data in this file is time synced to DLH water vapor
UNCERTAINTY: all data are 20%
ULOD_FLAG: -7777
ULOD_VALUE: N/A
LLOD_FLAG: -8888
LLOD_VALUE: N/A
DM_CONTACT_INFO: Michael Shook (michael.shook@nasa.gov)
PROJECT_INFO: CAMP2Ex 2019
STIPULATIONS_ON_USE: This is FINAL data. Users are strongly encouraged to consult the PI and/or DM prior to use.
OTHER_COMMENTS: dlogD for Diameters less than 1000 nm is 0.05 (20 channels per decade). For Diameters greater than or equal to 1000 nm, dlogD is 0.1 (10 channels per decade)
OTHER_COMMENTS: Data are processed with respect to mid-point ammonium-sulfate ((NH4)2SO4, AmmSO4) equivalent optical diameters and are rebinned to a standard binning scheme
OTHER_COMMENTS: Mid-point diameters (in nm) are:
		  100.0, 112.2, 125.9, 141.3, 158.5, 177.8, 199.5, 223.9, 251.2, 281.8, 316.2, 354.8, 398.1, 446.7, 501.2, 562.3, 631.0, 707.9, 794.3, 891.3, 1000.0, 1258.9, 1584.9, 1995.3, 2511.9, 3162.3
REVISION: R0
R0: STP calculations now use data from publicly available MetNav files, data is time synced to DLH
RC: Particle sizing now done with respect to ammonium sulfate
RB: Time sync to LARGE CNgt3nm applied
RA: None
*******************************************************************************************************************************
Time_Start,nLAS,sLAS,vLAS,LAS_Bin01,LAS_Bin02,LAS_Bin03,LAS_Bin04,LAS_Bin05,LAS_Bin06,LAS_Bin07,LAS_Bin08,LAS_Bin09,LAS_Bin10,LAS_Bin11,LAS_Bin12,LAS_Bin13,LAS_Bin14,LAS_Bin15,LAS_Bin16,LAS_Bin17,LAS_Bin18,LAS_Bin19,LAS_Bin20,LAS_Bin21,LAS_Bin22,LAS_Bin23,LAS_Bin24,LAS_Bin25,LAS_Bin26,stdPT
[from data line 16883]
17211,69.41,7.69,0.49,312.01,301.80,143.10,166.35,190.55,0.00,70.86,31.44,0.00,94.00,15.69,46.89,0.00,0.00,0.00,0.00,0.00,0.00,0.00,15.52,0.00,0.00,0.00,0.00,0.00,0.00,1.548
17212,68.56,9.08,0.84,263.57,397.27,190.83,71.14,111.01,94.51,94.32,31.39,23.53,46.94,15.62,0.00,0.00,0.00,0.00,0.00,0.00,0.00,0.00,15.53,15.51,0.00,0.00,0.00,0.00,0.00,1.548
17213,53.22,3.36,0.10,311.95,190.83,189.94,47.49,221.98,47.36,23.63,15.71,0.00,0.00,0.00,0.00,0.00,15.58,0.00,0.00,0.00,0.00,0.00,0.00,0.00,0.00,0.00,0.00,0.00,0.00,1.547
17214,71.87,5.11,0.18,431.63,270.61,190.63,166.14,142.76,47.33,70.80,94.24,0.00,0.00,0.00,0.00,0.00,0.00,23.35,0.00,0.00,0.00,0.00,0.00,0.00,0.00,0.00,0.00,0.00,0.00,1.545
17215,70.55,5.78,0.25,359.20,365.53,190.20,142.26,63.45,70.87,70.71,31.40,23.51,46.91,31.32,0.00,0.00,0.00,0.00,0.00,15.54,0.00,0.00,0.00,0.00,0.00,0.00,0.00,0.00,0.00,1.544
17216,64.71,4.46,0.13,263.88,350.03,119.61,95.03,158.79,118.21,94.48,47.14,0.00,46.99,0.00,0.00,0.00,0.00,0.00,0.00,0.00,0.00,0.00,0.00,0.00,0.00,0.00,0.00,0.00,0.00,1.544
17217,52.77,3.56,0.10,167.93,270.49,95.42,213.63,142.65,23.63,70.87,31.44,23.56,0.00,15.68,0.00,0.00,0.00,0.00,0.00,0.00,0.00,0.00,0.00,0.00,0.00,0.00,0.00,0.00,0.00,1.543
17218,71.03,4.77,0.15,407.34,270.32,214.52,166.04,126.79,94.57,23.58,31.39,47.06,0.00,15.67,23.41,0.00,0.00,0.00,0.00,0.00,0.00,0.00,0.00,0.00,0.00,0.00,0.00,0.00,0.00,1.542
17219,61.48,4.22,0.12,263.88,318.09,119.06,166.16,79.32,94.58,94.43,62.83,0.00,0.00,31.31,0.00,0.00,0.00,0.00,0.00,0.00,0.00,0.00,0.00,0.00,0.00,0.00,0.00,0.00,0.00,1.540
17220,72.51,4.84,0.13,119.88,318.01,285.88,356.01,189.80,23.66,70.81,15.70,47.06,23.48,0.00,0.00,0.00,0.00,0.00,0.00,0.00,0.00,0.00,0.00,0.00,0.00,0.00,0.00,0.00,0.00,1.540
17221,65.47,5.04,0.17,335.80,254.47,214.67,94.96,95.22,47.22,94.42,62.83,70.64,23.49,0.00,0.00,0.00,15.58,0.00,0.00,0.00,0.00,0.00,0.00,0.00,0.00,0.00,0.00,0.00,0.00,1.540
17222,59.18,4.36,0.14,288.14,191.21,238.81,95.03,47.70,118.33,47.26,110.04,23.56,0.00,0.00,23.48,0.00,0.00,0.00,0.00,0.00,0.00,0.00,0.00,0.00,0.00,0.00,0.00,0.00,0.00,1.538
17223,65.39,4.50,0.14,287.65,317.87,189.75,166.02,142.47,70.90,23.58,62.78,0.00,23.46,0.00,0.00,23.37,0.00,0.00,0.00,0.00,0.00,0.00,0.00,0.00,0.00,0.00,0.00,0.00,0.00,1.539
17224,79.85,23.92,7.88,287.58,334.22,333.57,261.04,63.39,141.79,47.24,31.41,23.53,23.48,15.62,0.00,0.00,15.55,0.00,0.00,0.00,0.00,0.00,0.00,0.00,0.00,0.00,0.00,9.28,0.00,1.538
17225,77.42,6.09,0.22,432.16,286.41,143.13,237.52,189.90,47.32,70.85,15.72,23.57,23.51,15.69,46.96,0.00,15.64,0.00,0.00,0.00,0.00,0.00,0.00,0.00,0.00,0.00,0.00,0.00,0.00,1.537
17226,67.46,4.47,0.13,311.91,349.80,166.79,142.45,95.03,70.86,118.10,47.19,0.00,47.00,0.00,0.00,0.00,0.00,0.00,0.00,0.00,0.00,0.00,0.00,0.00,0.00,0.00,0.00,0.00,0.00,1.538
17227,65.16,4.45,0.13,360.14,239.43,190.05,190.07,126.97,23.63,47.26,15.74,47.12,47.02,15.69,0.00,0.00,0.00,0.00,0.00,0.00,0.00,0.00,0.00,0.00,0.00,0.00,0.00,0.00,0.00,1.536
17228,58.41,3.58,0.10,336.03,174.85,286.59,142.40,47.52,70.84,47.20,0.00,47.10,0.00,15.63,0.00,0.00,0.00,0.00,0.00,0.00,0.00,0.00,0.00,0.00,0.00,0.00,0.00,0.00,0.00,1.535
17229,68.38,4.96,0.17,336.45,159.10,263.26,285.35,79.25,94.84,94.53,15.73,0.00,0.00,0.00,0.00,23.42,15.58,0.00,0.00,0.00,0.00,0.00,0.00,0.00,0.00,0.00,0.00,0.00,0.00,1.534
17230,82.51,6.15,0.20,479.59,254.96,214.16,142.30,142.45,118.26,188.92,15.71,23.55,23.48,0.00,46.90,0.00,0.00,0.00,0.00,0.00,0.00,0.00,0.00,0.00,0.00,0.00,0.00,0.00,0.00,1.533
17231,57.90,3.67,0.10,311.44,206.39,166.84,166.00,110.91,70.90,70.73,15.70,23.52,0.00,15.65,0.00,0.00,0.00,0.00,0.00,0.00,0.00,0.00,0.00,0.00,0.00,0.00,0.00,0.00,0.00,1.532
17232,61.58,3.51,0.09,383.57,318.15,214.32,118.73,47.57,23.60,47.21,31.42,23.54,23.47,0.00,0.00,0.00,0.00,0.00,0.00,0.00,0.00,0.00,0.00,0.00,0.00,0.00,0.00,0.00,0.00,1.533
17233,57.50,5.50,0.23,263.85,317.98,119.31,47.53,63.53,118.18,47.19,15.70,70.64,0.00,31.34,0.00,23.43,31.26,0.00,0.00,0.00,0.00,0.00,0.00,0.00,0.00,0.00,0.00,0.00,0.00,1.531
17234,68.59,5.50,0.19,311.56,174.76,238.81,189.90,110.93,141.81,94.39,31.44,0.00,23.47,15.67,23.46,0.00,15.57,0.00,0.00,0.00,0.00,0.00,0.00,0.00,0.00,0.00,0.00,0.00,0.00,1.531
17235,64.32,4.56,0.13,311.98,174.87,262.51,71.24,174.50,118.45,70.87,15.72,47.12,23.51,15.68,0.00,0.00,0.00,0.00,0.00,0.00,0.00,0.00,0.00,0.00,0.00,0.00,0.00,0.00,0.00,1.532
17236,62.21,4.91,0.17,239.81,254.23,237.74,142.33,126.78,94.53,0.00,47.11,23.54,0.00,31.29,46.87,0.00,0.00,0.00,0.00,0.00,0.00,0.00,0.00,0.00,0.00,0.00,0.00,0.00,0.00,1.530
17237,44.91,3.26,0.11,216.11,127.39,238.88,23.74,126.77,47.40,47.24,31.46,23.57,0.00,0.00,0.00,0.00,15.59,0.00,0.00,0.00,0.00,0.00,0.00,0.00,0.00,0.00,0.00,0.00,0.00,1.529
17238,61.88,4.51,0.15,287.84,302.11,214.41,142.35,63.23,47.29,70.80,31.41,23.54,0.00,31.31,0.00,23.39,0.00,0.00,0.00,0.00,0.00,0.00,0.00,0.00,0.00,0.00,0.00,0.00,0.00,1.529
17239,71.36,4.48,0.13,287.45,397.10,213.78,142.20,174.40,118.12,47.15,0.00,23.51,0.00,0.00,23.42,0.00,0.00,0.00,0.00,0.00,0.00,0.00,0.00,0.00,0.00,0.00,0.00,0.00,0.00,1.528
17240,71.87,6.25,0.34,384.13,286.06,142.89,237.62,95.39,142.06,23.65,78.64,0.00,23.51,0.00,0.00,0.00,0.00,0.00,0.00,0.00,23.38,0.00,0.00,0.00,0.00,0.00,0.00,0.00,0.00,1.528
17241,62.76,4.34,0.13,240.12,350.53,167.18,95.02,142.67,23.64,118.18,47.19,47.14,23.52,0.00,0.00,0.00,0.00,0.00,0.00,0.00,0.00,0.00,0.00,0.00,0.00,0.00,0.00,0.00,0.00,1.526
17242,52.70,4.14,0.13,119.88,206.75,238.08,118.76,142.76,47.28,47.22,62.84,23.54,23.49,0.00,23.46,0.00,0.00,0.00,0.00,0.00,0.00,0.00,0.00,0.00,0.00,0.00,0.00,0.00,0.00,1.525
17243,54.84,3.52,0.09,264.02,206.81,143.20,118.87,190.63,71.05,23.63,31.44,47.15,0.00,0.00,0.00,0.00,0.00,0.00,0.00,0.00,0.00,0.00,0.00,0.00,0.00,0.00,0.00,0.00,0.00,1.525
17244,70.66,5.24,0.16,264.25,254.84,214.41,237.90,142.84,71.05,118.20,15.74,23.58,23.51,46.94,0.00,0.00,0.00,0.00,0.00,0.00,0.00,0.00,0.00,0.00,0.00,0.00,0.00,0.00,0.00,1.525
17245,62.32,4.26,0.13,263.80,318.59,238.15,23.77,142.46,94.65,70.84,47.16,23.55,0.00,0.00,23.47,0.00,0.00,0.00,0.00,0.00,0.00,0.00,0.00,0.00,0.00,0.00,0.00,0.00,0.00,1.523
17246,59.96,3.60,0.09,288.00,206.53,190.58,142.45,237.73,47.39,23.62,62.89,0.00,0.00,0.00,0.00,0.00,0.00,0.00,0.00,0.00,0.00,0.00,0.00,0.00,0.00,0.00,0.00,0.00,0.00,1.524
17247,67.74,6.64,0.33,287.64,238.03,167.15,284.65,95.09,47.19,70.78,31.39,47.06,23.48,0.00,23.42,0.00,0.00,23.34,0.00,15.53,0.00,0.00,0.00,0.00,0.00,0.00,0.00,0.00,0.00,1.524
17248,48.06,3.03,0.08,192.16,286.17,143.15,95.09,79.39,47.39,47.27,47.17,0.00,23.51,0.00,0.00,0.00,0.00,0.00,0.00,0.00,0.00,0.00,0.00,0.00,0.00,0.00,0.00,0.00,0.00,1.522
17249,51.52,4.11,0.14,239.69,269.92,143.22,71.26,31.71,47.26,47.20,47.10,47.08,70.42,15.62,0.00,0.00,0.00,0.00,0.00,0.00,0.00,0.00,0.00,0.00,0.00,0.00,0.00,0.00,0.00,1.525
17250,58.29,4.87,0.17,263.98,238.40,71.45,142.49,126.93,118.37,23.65,62.93,70.72,0.00,0.00,46.94,0.00,0.00,0.00,0.00,0.00,0.00,0.00,0.00,0.00,0.00,0.00,0.00,0.00,0.00,1.524
17251,66.91,4.80,0.15,215.58,333.46,214.25,189.45,142.35,70.76,70.69,62.74,0.00,0.00,15.65,0.00,23.34,0.00,0.00,0.00,0.00,0.00,0.00,0.00,0.00,0.00,0.00,0.00,0.00,0.00,1.524
17252,64.75,4.08,0.11,288.25,190.91,262.15,214.01,158.58,47.35,70.92,47.22,0.00,0.00,15.70,0.00,0.00,0.00,0.00,0.00,0.00,0.00,0.00,0.00,0.00,0.00,0.00,0.00,0.00,0.00,1.524
17253,77.02,5.20,0.16,311.80,381.35,238.91,261.28,111.28,70.90,70.83,31.44,23.55,0.00,15.68,0.00,23.43,0.00,0.00,0.00,0.00,0.00,0.00,0.00,0.00,0.00,0.00,0.00,0.00,0.00,1.522
17254,56.00,4.75,0.21,240.00,238.63,215.59,118.70,47.73,94.50,47.26,31.43,23.56,47.01,0.00,0.00,0.00,0.00,0.00,0.00,15.56,0.00,0.00,0.00,0.00,0.00,0.00,0.00,0.00,0.00,1.522
17255,64.35,5.25,0.20,312.11,270.90,95.71,94.96,206.56,118.24,23.62,94.37,47.14,0.00,0.00,0.00,0.00,0.00,23.44,0.00,0.00,0.00,0.00,0.00,0.00,0.00,0.00,0.00,0.00,0.00,1.522
17256,78.57,6.97,0.25,264.08,286.75,238.98,166.34,253.69,47.42,70.93,62.93,94.31,0.00,15.65,46.96,23.42,0.00,0.00,0.00,0.00,0.00,0.00,0.00,0.00,0.00,0.00,0.00,0.00,0.00,1.522
17257,98.53,6.41,0.20,696.10,381.58,167.07,166.23,158.15,189.24,94.53,62.92,23.56,0.00,15.69,0.00,0.00,15.64,0.00,0.00,0.00,0.00,0.00,0.00,0.00,0.00,0.00,0.00,0.00,0.00,1.522
17258,83.69,5.84,0.18,335.59,397.18,334.00,142.23,158.48,118.16,47.22,62.79,0.00,23.46,31.32,23.41,0.00,0.00,0.00,0.00,0.00,0.00,0.00,0.00,0.00,0.00,0.00,0.00,0.00,0.00,1.522
17259,77.76,5.22,0.14,239.77,270.53,262.43,308.65,174.68,141.91,70.85,47.14,23.55,0.00,15.68,0.00,0.00,0.00,0.00,0.00,0.00,0.00,0.00,0.00,0.00,0.00,0.00,0.00,0.00,0.00,1.522
17260,78.27,5.47,0.18,335.95,429.51,239.39,142.57,158.52,70.96,23.65,78.62,23.57,47.02,0.00,0.00,0.00,15.59,0.00,0.00,0.00,0.00,0.00,0.00,0.00,0.00,0.00,0.00,0.00,0.00,1.521
17261,72.74,6.28,0.27,288.47,286.57,215.19,214.15,174.81,94.87,0.00,126.00,0.00,0.00,15.72,0.00,0.00,15.60,0.00,23.38,0.00,0.00,0.00,0.00,0.00,0.00,0.00,0.00,0.00,0.00,1.521
17262,72.49,5.32,0.17,311.68,396.80,190.01,118.52,79.37,70.84,141.56,31.40,70.58,0.00,15.66,23.41,0.00,0.00,0.00,0.00,0.00,0.00,0.00,0.00,0.00,0.00,0.00,0.00,0.00,0.00,1.522
17263,66.50,4.67,0.13,167.80,285.95,190.76,213.31,79.01,259.83,70.75,15.69,23.52,23.46,0.00,0.00,0.00,0.00,0.00,0.00,0.00,0.00,0.00,0.00,0.00,0.00,0.00,0.00,0.00,0.00,1.522
17264,84.87,6.72,0.27,479.50,381.17,166.66,94.87,237.40,70.93,47.24,125.68,47.08,0.00,31.34,0.00,0.00,0.00,0.00,0.00,15.55,0.00,0.00,0.00,0.00,0.00,0.00,0.00,0.00,0.00,1.521
17265,72.98,5.90,0.20,215.96,270.31,263.28,261.25,79.10,71.00,118.14,31.42,117.79,0.00,15.69,0.00,0.00,15.64,0.00,0.00,0.00,0.00,0.00,0.00,0.00,0.00,0.00,0.00,0.00,0.00,1.521
17266,56.34,4.16,0.14,359.54,190.55,261.92,71.15,31.71,23.60,70.81,31.40,23.53,0.00,15.67,46.87,0.00,0.00,0.00,0.00,0.00,0.00,0.00,0.00,0.00,0.00,0.00,0.00,0.00,0.00,1.519
17267,68.28,5.10,0.18,311.94,222.62,167.55,190.00,205.84,118.27,94.50,31.44,0.00,0.00,0.00,0.00,0.00,0.00,23.36,0.00,0.00,0.00,0.00,0.00,0.00,0.00,0.00,0.00,0.00,0.00,1.518
17268,77.57,9.97,1.14,359.97,334.50,214.54,261.22,95.24,23.69,94.51,78.58,47.12,0.00,0.00,0.00,23.40,0.00,0.00,0.00,0.00,0.00,0.00,0.00,0.00,9.31,0.00,0.00,0.00,0.00,1.517
17269,59.41,4.31,0.13,239.52,174.59,261.98,142.19,110.63,141.79,23.60,15.69,0.00,46.91,31.30,0.00,0.00,0.00,0.00,0.00,0.00,0.00,0.00,0.00,0.00,0.00,0.00,0.00,0.00,0.00,1.519
17270,90.02,9.42,0.49,336.05,159.07,573.13,166.08,47.54,212.78,23.64,62.87,70.67,70.48,15.63,0.00,23.44,15.64,0.00,0.00,0.00,23.36,0.00,0.00,0.00,0.00,0.00,0.00,0.00,0.00,1.519
17271,74.64,5.20,0.16,431.96,206.45,214.75,213.62,142.98,47.24,118.10,15.73,47.11,23.50,31.32,0.00,0.00,0.00,0.00,0.00,0.00,0.00,0.00,0.00,0.00,0.00,0.00,0.00,0.00,0.00,1.517
17272,78.49,8.42,0.52,383.52,333.73,214.56,142.37,126.92,23.60,118.05,78.55,23.53,46.95,31.33,0.00,23.37,0.00,0.00,0.00,0.00,0.00,23.31,0.00,0.00,0.00,0.00,0.00,0.00,0.00,1.516
17273,75.45,5.31,0.16,336.10,350.19,190.84,142.49,190.58,47.26,118.17,47.20,23.56,47.01,15.68,0.00,0.00,0.00,0.00,0.00,0.00,0.00,0.00,0.00,0.00,0.00,0.00,0.00,0.00,0.00,1.518
17274,57.94,4.41,0.17,311.87,222.48,166.83,189.99,63.27,71.01,47.23,15.72,23.56,23.50,0.00,0.00,0.00,0.00,23.44,0.00,0.00,0.00,0.00,0.00,0.00,0.00,0.00,0.00,0.00,0.00,1.516
17275,82.66,5.13,0.14,455.86,238.89,334.41,237.51,79.51,118.31,118.14,31.43,23.56,0.00,15.67,0.00,0.00,0.00,0.00,0.00,0.00,0.00,0.00,0.00,0.00,0.00,0.00,0.00,0.00,0.00,1.517
17276,68.18,4.78,0.14,311.48,190.62,309.71,142.25,95.24,141.66,47.18,62.79,0.00,46.93,15.65,0.00,0.00,0.00,0.00,0.00,0.00,0.00,0.00,0.00,0.00,0.00,0.00,0.00,0.00,0.00,1.517
17277,64.71,4.59,0.14,384.02,254.53,118.85,142.52,111.18,94.62,23.64,78.59,23.56,47.00,15.69,0.00,0.00,0.00,0.00,0.00,0.00,0.00,0.00,0.00,0.00,0.00,0.00,0.00,0.00,0.00,1.517
17278,88.48,6.46,0.20,407.58,334.37,285.99,47.42,285.49,141.83,118.03,62.83,23.54,23.48,15.62,23.46,0.00,0.00,0.00,0.00,0.00,0.00,0.00,0.00,0.00,0.00,0.00,0.00,0.00,0.00,1.517
17279,76.59,5.43,0.16,216.19,318.46,190.79,380.44,110.72,142.25,23.67,62.96,47.18,23.53,15.71,0.00,0.00,0.00,0.00,0.00,0.00,0.00,0.00,0.00,0.00,0.00,0.00,0.00,0.00,0.00,1.516
17280,66.64,4.78,0.15,239.81,317.74,262.50,166.13,126.78,47.20,70.76,15.70,47.07,0.00,15.66,0.00,23.42,0.00,0.00,0.00,0.00,0.00,0.00,0.00,0.00,0.00,0.00,0.00,0.00,0.00,1.516
17281,73.54,4.57,0.13,432.22,382.09,142.92,118.71,142.90,118.45,0.00,62.92,47.15,23.51,0.00,0.00,0.00,0.00,0.00,0.00,0.00,0.00,0.00,0.00,0.00,0.00,0.00,0.00,0.00,0.00,1.515
17282,69.85,7.17,0.55,287.92,270.63,190.80,261.45,126.75,141.87,47.25,15.71,0.00,0.00,15.69,0.00,23.40,0.00,0.00,0.00,0.00,0.00,0.00,0.00,15.52,0.00,0.00,0.00,0.00,0.00,1.514
17283,68.30,6.30,0.29,312.24,334.62,191.18,118.81,0.00,118.38,141.87,31.45,23.57,23.51,31.38,0.00,23.41,0.00,0.00,0.00,15.57,0.00,0.00,0.00,0.00,0.00,0.00,0.00,0.00,0.00,1.513
17284,60.75,40.20,19.33,383.93,143.25,166.75,166.23,126.93,94.59,47.26,47.15,0.00,0.00,15.67,0.00,0.00,0.00,0.00,0.00,0.00,0.00,0.00,0.00,0.00,0.00,0.00,0.00,0.00,11.62,1.513
17285,73.74,5.01,0.16,478.77,333.45,237.64,94.72,95.11,23.63,70.66,31.35,23.50,46.87,15.64,23.38,0.00,0.00,0.00,0.00,0.00,0.00,0.00,0.00,0.00,0.00,0.00,0.00,0.00,0.00,1.513
17286,93.25,7.32,0.29,575.52,302.08,285.77,95.01,205.81,94.63,118.05,78.57,47.10,23.48,15.63,0.00,0.00,0.00,0.00,23.40,0.00,0.00,0.00,0.00,0.00,0.00,0.00,0.00,0.00,0.00,1.512
17287,78.72,7.54,0.47,312.40,334.61,334.50,142.77,158.93,94.73,47.34,62.99,0.00,23.54,31.37,0.00,0.00,15.61,0.00,0.00,0.00,0.00,0.00,15.55,0.00,0.00,0.00,0.00,0.00,0.00,1.511
17288,86.51,5.98,0.18,239.75,397.60,310.89,308.72,174.32,141.96,47.24,47.14,23.55,23.49,0.00,0.00,0.00,15.56,0.00,0.00,0.00,0.00,0.00,0.00,0.00,0.00,0.00,0.00,0.00,0.00,1.511
17289,67.34,7.29,0.46,263.73,238.49,190.79,142.36,126.68,141.73,118.00,31.41,23.52,23.46,0.00,23.41,0.00,0.00,0.00,0.00,0.00,0.00,23.30,0.00,0.00,0.00,0.00,0.00,0.00,0.00,1.510
17290,81.75,6.95,0.25,360.23,382.11,119.19,166.30,206.32,70.98,47.28,110.08,70.72,47.03,15.70,23.46,0.00,15.58,0.00,0.00,0.00,0.00,0.00,0.00,0.00,0.00,0.00,0.00,0.00,0.00,1.509
17291,76.02,8.23,0.44,168.04,349.72,238.19,166.16,142.71,118.16,70.85,125.74,47.10,23.50,31.30,0.00,0.00,15.56,0.00,0.00,0.00,23.36,0.00,0.00,0.00,0.00,0.00,0.00,0.00,0.00,1.508
17292,69.94,6.34,0.41,384.46,286.61,119.02,190.29,95.33,165.79,47.35,47.23,47.19,0.00,0.00,0.00,0.00,0.00,0.00,0.00,0.00,0.00,0.00,15.54,0.00,0.00,0.00,0.00,0.00,0.00,1.508
17293,71.85,5.03,0.15,215.98,334.17,310.40,95.00,206.20,118.30,47.25,31.44,23.55,23.49,31.31,0.00,0.00,0.00,0.00,0.00,0.00,0.00,0.00,0.00,0.00,0.00,0.00,0.00,0.00,0.00,1.506
17294,65.37,5.19,0.19,239.59,174.65,357.30,142.28,126.58,70.88,94.35,47.09,0.00,0.00,15.65,0.00,23.40,15.56,0.00,0.00,0.00,0.00,0.00,0.00,0.00,0.00,0.00,0.00,0.00,0.00,1.505
17295,74.70,4.55,0.12,407.94,254.74,429.30,94.91,79.06,94.62,0.00,62.87,47.12,23.49,0.00,0.00,0.00,0.00,0.00,0.00,0.00,0.00,0.00,0.00,0.00,0.00,0.00,0.00,0.00,0.00,1.504
17296,73.38,5.99,0.21,287.79,366.06,190.75,94.98,205.91,94.66,47.24,62.88,23.55,23.49,31.26,23.44,0.00,15.58,0.00,0.00,0.00,0.00,0.00,0.00,0.00,0.00,0.00,0.00,0.00,0.00,1.503
17297,69.32,4.57,0.13,359.15,317.66,118.87,165.95,94.92,141.58,94.31,47.09,23.51,23.45,0.00,0.00,0.00,0.00,0.00,0.00,0.00,0.00,0.00,0.00,0.00,0.00,0.00,0.00,0.00,0.00,1.502
17298,80.55,8.14,0.46,455.68,254.53,262.33,189.81,158.41,70.96,23.63,47.12,47.10,0.00,31.34,23.43,0.00,0.00,23.36,0.00,0.00,23.32,0.00,0.00,0.00,0.00,0.00,0.00,0.00,0.00,1.502
17299,73.16,5.67,0.17,215.63,206.52,213.61,189.69,174.06,188.98,165.07,47.06,23.51,23.45,15.66,0.00,0.00,0.00,0.00,0.00,0.00,0.00,0.00,0.00,0.00,0.00,0.00,0.00,0.00,0.00,1.501
17300,76.53,5.41,0.16,191.80,333.92,334.20,189.79,189.96,94.56,70.81,15.70,70.63,23.49,15.66,0.00,0.00,0.00,0.00,0.00,0.00,0.00,0.00,0.00,0.00,0.00,0.00,0.00,0.00,0.00,1.500
17301,71.81,6.52,0.25,240.11,254.66,215.47,190.11,95.19,118.47,118.20,78.66,47.16,0.00,46.99,0.00,0.00,31.23,0.00,0.00,0.00,0.00,0.00,0.00,0.00,0.00,0.00,0.00,0.00,0.00,1.500
