NASA Data Processing/CAMP2Ex/LAS/CAMP2Ex-LARGE-LAS_P3B_20191003_R0.ict
78, 1001
Luke Ziemba
NASA Langley
In-situ Particle Size Distributions from the TSI LAS on the NASA P3B
NASA CAMP2Ex
1,1
2019,10,03,2020,05,5
1.0
Time_Start,Secs after midnight,Time of acquisition
30
1,1,1,1,1,1,1,1,1,1,1,1,1,1,1,1,1,1,1,1,1,1,1,1,1,1,1,1,1,1
-9999,-9999,-9999,-9999,-9999,-9999,-9999,-9999,-9999,-9999,-9999,-9999,-9999,-9999,-9999,-9999,-9999,-9999,-9999,-9999,-9999,-9999,-9999,-9999,-9999,-9999,-9999,-9999,-9999,-9999
nLAS, #/cm3, AerMP_NumConc_InSitu_RHd_Optical_AccutoCoarse_STP, Number_concentration_of_particles_in_air_integrated_over_reported_LAS_dry_optical_bins_wrt_AmmoniumSulfate
sLAS, um2/cm3, AerMP_SurfAreaConc_InSitu_RHd_Optical_AccutoCoarse_STP, Surface_area_concentration_of_particles_in_air_integrated_over_reported_LAS_dry_optical_bins_wrt_AmmoniumSulfate
vLAS, um3/cm3, AerMP_VolConc_InSitu_RHd_Optical_AccutoCoarse_STP, Volume_concentration_of_particles_in_air_integrated_over_reported_LAS_dry_optical_bins_wrt_AmmoniumSulfate
LAS_Bin01, #/cm3, None, number_size_distribution_of_particles_in_air_per_dlogDp_for_bin_center_optical_diameter_at_100nm_measured_by_LAS_AmmoniumSulfate
LAS_Bin02, #/cm3, None, number_size_distribution_of_particles_in_air_per_dlogDp_for_bin_center_optical_diameter_at_112nm_measured_by_LAS_AmmoniumSulfate
LAS_Bin03, #/cm3, None, number_size_distribution_of_particles_in_air_per_dlogDp_for_bin_center_optical_diameter_at_126nm_measured_by_LAS_AmmoniumSulfate
LAS_Bin04, #/cm3, None, number_size_distribution_of_particles_in_air_per_dlogDp_for_bin_center_optical_diameter_at_141nm_measured_by_LAS_AmmoniumSulfate
LAS_Bin05, #/cm3, None, number_size_distribution_of_particles_in_air_per_dlogDp_for_bin_center_optical_diameter_at_158nm_measured_by_LAS_AmmoniumSulfate
LAS_Bin06, #/cm3, None, number_size_distribution_of_particles_in_air_per_dlogDp_for_bin_center_optical_diameter_at_178nm_measured_by_LAS_AmmoniumSulfate
LAS_Bin07, #/cm3, None, number_size_distribution_of_particles_in_air_per_dlogDp_for_bin_center_optical_diameter_at_200nm_measured_by_LAS_AmmoniumSulfate
LAS_Bin08, #/cm3, None, number_size_distribution_of_particles_in_air_per_dlogDp_for_bin_center_optical_diameter_at_224nm_measured_by_LAS_AmmoniumSulfate
LAS_Bin09, #/cm3, None, number_size_distribution_of_particles_in_air_per_dlogDp_for_bin_center_optical_diameter_at_251nm_measured_by_LAS_AmmoniumSulfate
LAS_Bin10, #/cm3, None, number_size_distribution_of_particles_in_air_per_dlogDp_for_bin_center_optical_diameter_at_282nm_measured_by_LAS_AmmoniumSulfate
LAS_Bin11, #/cm3, None, number_size_distribution_of_particles_in_air_per_dlogDp_for_bin_center_optical_diameter_at_316nm_measured_by_LAS_AmmoniumSulfate
LAS_Bin12, #/cm3, None, number_size_distribution_of_particles_in_air_per_dlogDp_for_bin_center_optical_diameter_at_355nm_measured_by_LAS_AmmoniumSulfate
LAS_Bin13, #/cm3, None, number_size_distribution_of_particles_in_air_per_dlogDp_for_bin_center_optical_diameter_at_398nm_measured_by_LAS_AmmoniumSulfate
LAS_Bin14, #/cm3, None, number_size_distribution_of_particles_in_air_per_dlogDp_for_bin_center_optical_diameter_at_447nm_measured_by_LAS_AmmoniumSulfate
LAS_Bin15, #/cm3, None, number_size_distribution_of_particles_in_air_per_dlogDp_for_bin_center_optical_diameter_at_501nm_measured_by_LAS_AmmoniumSulfate
[...]
  - Integrated surface areas and volumes are calculated by assuming spherical particles
  - Data in this file is time synced to DLH water vapor
UNCERTAINTY: all data are 20%
ULOD_FLAG: -7777
ULOD_VALUE: N/A
LLOD_FLAG: -8888
LLOD_VALUE: N/A
DM_CONTACT_INFO: Michael Shook (michael.shook@nasa.gov)
PROJECT_INFO: CAMP2Ex 2019
STIPULATIONS_ON_USE: This is FINAL data. Users are strongly encouraged to consult the PI and/or DM prior to use.
OTHER_COMMENTS: dlogD for Diameters less than 1000 nm is 0.05 (20 channels per decade). For Diameters greater than or equal to 1000 nm, dlogD is 0.1 (10 channels per decade)
OTHER_COMMENTS: Data are processed with respect to mid-point ammonium-sulfate ((NH4)2SO4, AmmSO4) equivalent optical diameters and are rebinned to a standard binning scheme
OTHER_COMMENTS: Mid-point diameters (in nm) are:
		  100.0, 112.2, 125.9, 141.3, 158.5, 177.8, 199.5, 223.9, 251.2, 281.8, 316.2, 354.8, 398.1, 446.7, 501.2, 562.3, 631.0, 707.9, 794.3, 891.3, 1000.0, 1258.9, 1584.9, 1995.3, 2511.9, 3162.3
REVISION: R0
R0: STP calculations now use data from publicly available MetNav files, data is time synced to DLH
RC: Particle sizing now done with respect to ammonium sulfate
RB: Time sync to LARGE CNgt3nm applied
RA: None
*******************************************************************************************************************************
Time_Start,nLAS,sLAS,vLAS,LAS_Bin01,LAS_Bin02,LAS_Bin03,LAS_Bin04,LAS_Bin05,LAS_Bin06,LAS_Bin07,LAS_Bin08,LAS_Bin09,LAS_Bin10,LAS_Bin11,LAS_Bin12,LAS_Bin13,LAS_Bin14,LAS_Bin15,LAS_Bin16,LAS_Bin17,LAS_Bin18,LAS_Bin19,LAS_Bin20,LAS_Bin21,LAS_Bin22,LAS_Bin23,LAS_Bin24,LAS_Bin25,LAS_Bin26,stdPT
[from data line 3731]
86275,226.57,25.83,1.00,526.16,586.66,428.32,425.99,378.95,612.89,306.01,391.65,328.66,257.58,124.87,116.94,46.67,0.00,0.00,0.00,0.00,0.00,0.00,0.00,0.00,0.00,0.00,0.00,0.00,0.00,1.129
86276,236.81,29.72,1.37,623.45,588.72,500.36,522.46,443.58,378.23,377.94,377.27,235.53,281.94,188.08,70.38,70.22,15.56,0.00,46.83,15.57,0.00,0.00,0.00,0.00,0.00,0.00,0.00,0.00,0.00,1.128
86277,210.45,25.28,1.03,383.48,508.94,500.53,332.31,538.10,448.79,259.53,361.05,282.29,281.58,172.09,46.85,46.77,46.74,0.00,0.00,0.00,0.00,0.00,0.00,0.00,0.00,0.00,0.00,0.00,0.00,1.128
86278,241.29,28.62,1.25,479.28,603.93,761.76,569.18,458.79,354.26,330.16,361.04,329.34,164.22,203.45,117.07,23.36,31.10,0.00,23.38,15.53,0.00,0.00,0.00,0.00,0.00,0.00,0.00,0.00,0.00,1.127
86279,244.86,28.76,1.19,744.00,445.16,667.61,427.55,428.22,378.47,567.18,298.74,353.41,211.53,94.07,140.81,117.14,0.00,23.37,0.00,0.00,0.00,0.00,0.00,0.00,0.00,0.00,0.00,0.00,0.00,1.127
86280,199.81,21.63,0.83,455.93,397.85,500.88,427.74,523.20,496.97,283.57,220.16,235.67,305.55,47.02,23.48,46.81,31.29,0.00,0.00,0.00,0.00,0.00,0.00,0.00,0.00,0.00,0.00,0.00,0.00,1.127
86281,217.97,27.33,1.24,432.50,668.71,405.40,404.01,380.43,426.23,425.54,330.43,282.94,235.18,188.27,70.42,70.34,15.60,0.00,0.00,0.00,23.36,0.00,0.00,0.00,0.00,0.00,0.00,0.00,0.00,1.127
86282,220.25,42.06,4.62,239.71,523.95,547.92,521.98,491.22,519.96,448.38,376.98,211.83,140.89,93.95,70.30,93.69,31.25,0.00,0.00,15.53,0.00,23.29,0.00,31.04,0.00,11.62,0.00,0.00,0.00,1.126
86283,215.10,32.87,2.21,408.15,429.58,357.39,356.35,602.69,402.36,307.10,392.99,424.10,235.01,172.42,93.85,23.45,31.28,23.37,23.34,0.00,0.00,0.00,0.00,0.00,9.32,0.00,0.00,0.00,0.00,1.126
86284,190.44,21.93,0.88,480.34,541.97,358.20,285.18,396.97,473.41,236.44,346.14,188.64,188.15,156.87,93.96,46.88,15.60,0.00,0.00,0.00,0.00,0.00,0.00,0.00,0.00,0.00,0.00,0.00,0.00,1.126
86285,213.73,25.02,1.05,455.33,476.19,643.83,450.53,412.07,496.14,353.91,298.33,164.71,117.36,156.50,93.72,93.61,62.42,0.00,0.00,0.00,0.00,0.00,0.00,0.00,0.00,0.00,0.00,0.00,0.00,1.125
86286,215.22,23.82,0.90,551.30,381.19,428.77,284.63,522.15,519.84,542.70,471.10,258.82,140.84,78.22,70.27,23.37,31.11,0.00,0.00,0.00,0.00,0.00,0.00,0.00,0.00,0.00,0.00,0.00,0.00,1.126
86287,261.83,28.92,1.16,740.24,523.02,570.40,661.83,472.99,423.54,540.83,453.69,304.76,257.23,202.73,23.36,0.00,46.58,0.00,0.00,15.48,0.00,0.00,0.00,0.00,0.00,0.00,0.00,0.00,0.00,1.125
86288,221.27,26.84,1.12,528.63,493.27,501.78,451.75,491.84,402.54,331.14,267.54,282.99,211.71,313.68,70.44,23.47,31.24,23.40,0.00,0.00,0.00,0.00,0.00,0.00,0.00,0.00,0.00,0.00,0.00,1.125
86289,272.18,31.36,1.30,910.50,492.89,523.84,711.12,506.63,448.76,518.95,313.92,352.80,187.67,250.41,117.09,70.12,15.61,0.00,23.30,0.00,0.00,0.00,0.00,0.00,0.00,0.00,0.00,0.00,0.00,1.124
86290,221.89,26.29,1.34,623.60,508.80,571.76,498.60,618.16,331.03,259.70,188.54,235.43,328.76,125.33,23.43,93.62,15.56,0.00,0.00,0.00,0.00,0.00,0.00,15.53,0.00,0.00,0.00,0.00,0.00,1.124
86291,232.88,26.95,1.07,649.86,526.55,551.17,190.56,492.30,522.03,473.94,346.93,378.12,212.14,172.93,47.06,46.94,47.00,0.00,0.00,0.00,0.00,0.00,0.00,0.00,0.00,0.00,0.00,0.00,0.00,1.124
86292,228.57,25.43,0.96,553.25,462.45,452.86,594.98,555.39,260.77,378.68,409.59,401.29,282.56,125.71,46.98,46.89,0.00,0.00,0.00,0.00,0.00,0.00,0.00,0.00,0.00,0.00,0.00,0.00,0.00,1.124
86293,214.83,25.26,1.06,621.76,411.81,428.43,520.81,520.84,306.43,329.72,344.68,234.80,234.24,171.88,93.57,46.69,15.52,0.00,0.00,15.49,0.00,0.00,0.00,0.00,0.00,0.00,0.00,0.00,0.00,1.123
86294,217.48,26.42,1.09,409.05,541.74,358.97,642.52,603.25,260.78,307.71,236.37,236.12,400.42,125.68,141.05,70.40,15.62,0.00,0.00,0.00,0.00,0.00,0.00,0.00,0.00,0.00,0.00,0.00,0.00,1.123
86295,227.64,29.41,1.36,649.06,446.33,358.33,642.14,301.68,473.70,425.76,330.59,306.64,211.75,125.52,93.92,117.18,15.59,23.46,0.00,31.16,0.00,0.00,0.00,0.00,0.00,0.00,0.00,0.00,0.00,1.123
86296,221.52,26.74,1.16,671.82,540.73,334.63,475.06,585.99,402.11,307.09,235.76,235.54,258.45,141.03,93.79,70.27,31.22,46.86,0.00,0.00,0.00,0.00,0.00,0.00,0.00,0.00,0.00,0.00,0.00,1.122
86297,200.70,25.10,1.00,384.06,254.56,310.21,451.26,444.20,378.59,637.90,345.89,259.15,211.51,203.82,70.37,46.84,15.64,0.00,0.00,0.00,0.00,0.00,0.00,0.00,0.00,0.00,0.00,0.00,0.00,1.122
86298,210.82,25.70,1.17,602.32,574.63,430.75,286.27,365.72,475.14,260.85,441.90,212.87,235.92,204.57,23.54,46.98,31.40,0.00,0.00,0.00,23.46,0.00,0.00,0.00,0.00,0.00,0.00,0.00,0.00,1.122
86299,254.54,33.75,1.80,647.75,588.52,453.16,783.65,396.06,378.13,401.52,424.30,282.63,375.90,93.96,117.25,70.22,15.63,23.37,0.00,0.00,0.00,23.30,15.52,0.00,0.00,0.00,0.00,0.00,0.00,1.122
86300,229.59,27.08,1.16,527.72,588.28,595.99,450.93,347.52,496.41,424.99,282.82,400.24,140.90,125.28,117.24,23.43,31.15,23.36,0.00,15.55,0.00,0.00,0.00,0.00,0.00,0.00,0.00,0.00,0.00,1.121
86301,220.03,25.98,1.11,647.27,571.58,476.32,403.14,379.90,377.89,448.26,235.52,305.82,187.73,187.87,23.41,116.96,15.62,0.00,23.38,0.00,0.00,0.00,0.00,0.00,0.00,0.00,0.00,0.00,0.00,1.121
86302,223.21,29.53,1.38,574.54,475.75,475.87,355.42,505.96,424.80,377.06,313.68,305.53,187.55,218.84,70.20,70.12,46.68,23.32,23.36,15.53,0.00,0.00,0.00,0.00,0.00,0.00,0.00,0.00,0.00,1.121
86303,202.38,26.39,1.10,408.36,365.88,286.87,475.24,412.32,378.81,378.14,283.14,494.99,211.59,156.75,70.40,93.73,31.29,0.00,0.00,0.00,0.00,0.00,0.00,0.00,0.00,0.00,0.00,0.00,0.00,1.121
86304,213.35,27.41,1.30,550.51,365.25,428.50,426.53,536.96,330.49,377.11,345.07,258.51,281.30,203.06,93.64,46.77,0.00,0.00,0.00,0.00,0.00,23.25,0.00,0.00,0.00,0.00,0.00,0.00,0.00,1.121
86305,234.88,26.47,1.06,696.71,509.98,478.34,665.73,301.35,544.93,354.69,298.94,165.09,258.75,282.34,93.91,0.00,46.84,0.00,0.00,0.00,0.00,0.00,0.00,0.00,0.00,0.00,0.00,0.00,0.00,1.121
86306,206.41,27.15,1.30,408.25,302.40,358.20,380.43,459.91,639.50,331.03,377.71,377.28,141.12,219.51,70.46,23.42,0.00,23.45,0.00,0.00,0.00,0.00,15.54,0.00,0.00,0.00,0.00,0.00,0.00,1.121
86307,201.50,24.37,1.03,574.25,444.63,427.81,213.19,458.07,401.03,447.59,266.51,211.41,281.19,171.95,23.38,70.03,15.54,0.00,23.35,0.00,0.00,0.00,0.00,0.00,0.00,0.00,0.00,0.00,0.00,1.120
86308,244.78,29.59,1.24,528.89,509.80,501.70,571.03,603.50,545.06,331.41,283.60,306.87,306.07,204.23,117.55,23.44,15.62,46.90,0.00,0.00,0.00,0.00,0.00,0.00,0.00,0.00,0.00,0.00,0.00,1.120
86309,218.29,26.40,1.23,576.68,542.33,405.79,475.82,397.23,379.06,426.07,283.49,354.03,235.42,157.01,93.98,0.00,15.61,0.00,0.00,0.00,0.00,23.37,0.00,0.00,0.00,0.00,0.00,0.00,0.00,1.120
86310,204.92,25.54,1.08,359.43,476.71,595.45,355.81,427.92,378.07,212.38,361.15,376.51,164.32,187.84,93.73,46.79,62.23,0.00,0.00,0.00,0.00,0.00,0.00,0.00,0.00,0.00,0.00,0.00,0.00,1.120
86311,214.92,29.06,1.46,361.44,494.77,478.61,405.14,508.95,356.07,355.57,362.81,401.85,188.62,235.84,0.00,70.52,47.00,0.00,0.00,15.62,0.00,0.00,15.60,0.00,0.00,0.00,0.00,0.00,0.00,1.120
86312,199.69,23.70,0.97,407.17,413.26,357.69,355.55,632.44,401.37,377.25,298.11,305.65,140.71,187.57,46.82,0.00,46.82,23.32,0.00,0.00,0.00,0.00,0.00,0.00,0.00,0.00,0.00,0.00,0.00,1.119
86313,189.02,22.58,0.94,431.83,604.87,428.95,403.69,380.22,212.89,259.79,251.46,188.43,234.93,187.93,117.26,46.83,31.22,0.00,0.00,0.00,0.00,0.00,0.00,0.00,0.00,0.00,0.00,0.00,0.00,1.119
86314,203.89,25.63,1.10,311.23,555.18,476.69,473.90,395.17,425.08,259.30,329.40,258.55,211.01,140.69,93.62,93.42,31.15,23.38,0.00,0.00,0.00,0.00,0.00,0.00,0.00,0.00,0.00,0.00,0.00,1.120
86315,190.24,22.12,0.89,525.84,316.76,427.84,472.89,347.37,329.85,423.43,297.56,140.79,163.83,218.51,46.76,93.30,0.00,0.00,0.00,0.00,0.00,0.00,0.00,0.00,0.00,0.00,0.00,0.00,0.00,1.119
86316,202.22,24.13,0.96,599.36,413.31,404.63,308.24,411.76,330.90,259.60,408.33,305.94,352.13,93.97,117.16,23.42,15.57,0.00,0.00,0.00,0.00,0.00,0.00,0.00,0.00,0.00,0.00,0.00,0.00,1.119
86317,215.29,23.81,0.90,406.84,571.06,428.35,473.66,426.62,495.46,471.21,282.17,281.91,187.47,171.91,93.61,0.00,15.59,0.00,0.00,0.00,0.00,0.00,0.00,0.00,0.00,0.00,0.00,0.00,0.00,1.119
86318,191.09,25.00,1.22,577.38,414.56,406.59,523.65,317.47,142.29,307.88,283.69,307.01,117.79,204.12,141.14,0.00,31.30,0.00,23.48,0.00,23.39,0.00,0.00,0.00,0.00,0.00,0.00,0.00,0.00,1.119
86319,224.52,32.40,2.19,312.91,606.31,526.85,476.26,429.08,427.12,426.58,536.12,212.68,141.43,172.85,70.54,70.50,15.63,0.00,46.82,0.00,0.00,0.00,0.00,0.00,9.34,0.00,0.00,0.00,0.00,1.118
86320,201.19,26.46,1.81,697.41,462.67,358.38,428.51,412.77,260.67,284.12,267.80,330.53,282.59,125.67,70.55,23.49,0.00,0.00,0.00,0.00,0.00,0.00,0.00,0.00,9.34,0.00,0.00,0.00,0.00,1.119
86321,243.84,30.76,1.33,792.56,382.38,549.24,404.23,444.73,520.70,496.48,267.60,188.67,282.27,235.18,164.33,93.78,31.20,23.40,0.00,0.00,0.00,0.00,0.00,0.00,0.00,0.00,0.00,0.00,0.00,1.118
86322,209.43,28.58,1.61,527.61,476.70,476.30,403.83,411.47,354.55,448.62,361.45,235.50,187.91,78.38,70.34,70.21,15.58,0.00,23.41,0.00,0.00,46.65,0.00,0.00,0.00,0.00,0.00,0.00,0.00,1.119
86323,215.36,24.40,1.15,601.27,573.60,549.81,476.13,523.84,308.06,402.48,173.34,165.25,235.48,172.67,70.54,0.00,31.27,0.00,0.00,0.00,0.00,23.38,0.00,0.00,0.00,0.00,0.00,0.00,0.00,1.118
86324,216.80,25.99,1.06,480.58,652.45,429.70,380.35,348.65,378.78,354.67,314.71,353.72,376.33,125.54,46.93,46.84,46.78,0.00,0.00,0.00,0.00,0.00,0.00,0.00,0.00,0.00,0.00,0.00,0.00,1.117
86325,193.84,24.98,1.23,574.92,381.00,357.20,450.47,443.24,330.49,353.67,266.71,188.11,211.07,62.62,117.16,70.15,31.09,0.00,0.00,15.54,23.29,0.00,0.00,0.00,0.00,0.00,0.00,0.00,0.00,1.117
86326,218.84,37.83,5.10,528.95,446.48,405.55,571.18,508.53,450.34,378.76,283.54,236.03,211.90,188.23,94.01,23.44,15.61,0.00,0.00,0.00,0.00,0.00,15.55,0.00,0.00,0.00,9.32,0.00,0.00,1.117
86327,188.17,23.61,1.04,383.94,461.45,523.75,380.02,348.62,355.07,283.51,235.84,235.62,235.03,62.75,93.79,93.74,46.82,23.38,0.00,0.00,0.00,0.00,0.00,0.00,0.00,0.00,0.00,0.00,0.00,1.117
86328,245.44,27.56,1.05,551.75,651.96,381.66,522.48,475.66,520.22,448.49,392.82,400.31,352.30,109.68,70.32,0.00,31.19,0.00,0.00,0.00,0.00,0.00,0.00,0.00,0.00,0.00,0.00,0.00,0.00,1.116
86329,233.32,28.60,1.24,502.53,523.08,547.04,402.56,505.22,518.87,565.17,219.46,258.36,234.29,140.52,116.93,70.07,15.54,23.36,23.35,0.00,0.00,0.00,0.00,0.00,0.00,0.00,0.00,0.00,0.00,1.116
86330,205.43,28.06,1.29,456.78,302.51,477.94,237.94,381.57,497.72,449.76,456.86,283.25,164.80,141.28,70.57,140.80,15.62,0.00,0.00,31.16,0.00,0.00,0.00,0.00,0.00,0.00,0.00,0.00,0.00,1.117
86331,192.90,23.74,1.15,359.01,365.49,690.14,426.47,411.28,259.40,282.70,282.11,281.94,281.22,93.83,70.17,0.00,15.52,23.31,0.00,0.00,0.00,0.00,15.48,0.00,0.00,0.00,0.00,0.00,0.00,1.116
86332,216.91,28.88,1.94,574.83,412.64,571.70,497.96,553.28,354.11,282.90,188.32,399.63,164.13,171.94,46.85,70.18,31.21,0.00,0.00,0.00,0.00,0.00,0.00,0.00,9.29,0.00,0.00,0.00,0.00,1.116
86333,189.11,22.12,0.86,408.95,382.44,359.39,357.14,350.30,498.30,355.44,346.88,354.35,70.69,157.16,94.10,46.97,0.00,0.00,0.00,0.00,0.00,0.00,0.00,0.00,0.00,0.00,0.00,0.00,0.00,1.116
86334,206.03,23.25,0.92,431.98,556.47,501.20,379.90,412.03,520.25,259.93,267.22,282.68,281.96,78.41,70.39,46.88,31.22,0.00,0.00,0.00,0.00,0.00,0.00,0.00,0.00,0.00,0.00,0.00,0.00,1.116
86335,243.56,30.16,1.25,528.90,430.61,572.68,428.25,635.52,521.47,402.29,267.85,354.04,258.96,235.72,117.54,70.37,46.95,0.00,0.00,0.00,0.00,0.00,0.00,0.00,0.00,0.00,0.00,0.00,0.00,1.116
86336,225.89,60.32,16.32,504.05,540.65,573.12,570.40,507.48,473.34,307.22,267.32,282.79,211.55,172.47,46.90,0.00,0.00,23.38,0.00,0.00,0.00,0.00,0.00,0.00,0.00,0.00,0.00,18.60,0.00,1.115
86337,227.34,30.91,1.57,408.40,477.65,501.41,332.72,427.89,544.52,496.52,314.70,306.52,329.25,156.87,164.31,70.39,0.00,0.00,0.00,0.00,0.00,0.00,0.00,15.55,0.00,0.00,0.00,0.00,0.00,1.115
86338,220.98,25.62,1.08,794.11,430.79,477.53,428.73,492.65,284.66,331.59,268.04,330.73,259.21,188.44,70.56,0.00,15.61,23.50,23.41,0.00,0.00,0.00,0.00,0.00,0.00,0.00,0.00,0.00,0.00,1.115
86339,222.03,27.59,1.25,503.67,492.83,690.59,474.50,380.23,236.33,377.59,314.19,353.04,258.24,141.00,140.59,23.37,31.14,0.00,0.00,0.00,23.31,0.00,0.00,0.00,0.00,0.00,0.00,0.00,0.00,1.115
86340,224.55,28.44,1.87,453.70,538.16,546.38,543.63,504.87,447.14,446.81,250.35,375.18,93.56,140.42,93.40,23.33,15.49,0.00,0.00,0.00,0.00,0.00,0.00,0.00,9.28,0.00,0.00,0.00,0.00,1.114
86341,253.13,29.58,1.22,742.50,682.91,428.58,497.94,538.19,401.83,235.86,502.20,305.76,351.91,187.80,140.49,23.36,0.00,0.00,23.38,0.00,0.00,0.00,0.00,0.00,0.00,0.00,0.00,0.00,0.00,1.114
86342,252.09,32.27,1.44,456.63,526.13,453.71,452.26,523.79,687.29,520.56,377.87,330.32,376.56,156.91,70.43,46.86,15.66,23.47,0.00,0.00,23.37,0.00,0.00,0.00,0.00,0.00,0.00,0.00,0.00,1.114
86343,230.76,27.10,1.11,695.11,683.19,452.49,403.40,427.30,330.80,306.89,314.08,352.96,187.76,219.20,187.46,23.42,31.12,0.00,0.00,0.00,0.00,0.00,0.00,0.00,0.00,0.00,0.00,0.00,0.00,1.114
86344,220.60,24.28,0.94,599.87,412.76,500.58,498.69,474.98,472.92,236.22,424.37,400.39,187.94,94.00,46.94,0.00,62.43,0.00,0.00,0.00,0.00,0.00,0.00,0.00,0.00,0.00,0.00,0.00,0.00,1.114
86345,221.23,29.08,1.29,504.78,477.90,573.18,332.99,349.14,331.70,425.90,236.12,448.22,376.51,204.01,47.02,46.86,31.26,23.40,0.00,15.59,0.00,0.00,0.00,0.00,0.00,0.00,0.00,0.00,0.00,1.114
86346,215.95,27.86,1.45,287.53,476.43,548.63,545.34,648.93,425.28,283.13,235.44,282.26,211.17,156.34,140.57,23.41,15.56,23.40,0.00,0.00,0.00,0.00,0.00,15.51,0.00,0.00,0.00,0.00,0.00,1.113
86347,216.26,27.43,1.39,478.83,380.96,595.97,308.19,695.39,330.58,259.28,345.08,399.69,187.60,218.94,46.79,46.75,15.61,0.00,0.00,0.00,0.00,0.00,0.00,15.51,0.00,0.00,0.00,0.00,0.00,1.113
86348,226.65,33.14,3.33,624.86,462.06,596.13,428.32,540.02,308.24,402.35,393.75,283.22,282.49,141.31,23.52,0.00,0.00,23.41,0.00,0.00,0.00,0.00,0.00,0.00,0.00,11.65,0.00,0.00,0.00,1.113
86349,223.32,24.43,0.91,622.59,365.27,451.64,379.16,569.40,542.85,353.50,376.34,352.50,257.84,125.10,23.42,46.68,0.00,0.00,0.00,0.00,0.00,0.00,0.00,0.00,0.00,0.00,0.00,0.00,0.00,1.113
86350,238.82,27.33,1.25,503.37,652.07,572.00,356.12,681.81,472.92,401.26,408.53,282.51,164.36,156.67,23.43,70.19,15.63,0.00,0.00,0.00,0.00,0.00,15.51,0.00,0.00,0.00,0.00,0.00,0.00,1.113
86351,214.54,26.76,1.11,408.86,334.59,358.50,547.42,602.74,403.00,426.02,378.01,212.38,258.93,156.94,94.00,70.36,15.66,23.41,0.00,0.00,0.00,0.00,0.00,0.00,0.00,0.00,0.00,0.00,0.00,1.113
86352,210.25,28.81,1.44,431.89,445.51,453.64,380.02,332.51,520.47,496.13,345.94,164.95,141.02,266.47,93.82,23.40,62.42,23.38,0.00,0.00,0.00,23.34,0.00,0.00,0.00,0.00,0.00,0.00,0.00,1.113
86353,208.13,31.85,2.44,479.93,556.55,453.14,403.70,554.53,236.42,448.77,220.00,282.62,70.47,188.09,93.81,70.21,46.72,23.43,0.00,0.00,0.00,0.00,0.00,15.53,9.31,0.00,0.00,0.00,0.00,1.113
86354,242.91,52.66,9.89,575.76,429.23,524.41,522.33,412.36,307.35,637.94,424.49,259.14,281.96,297.76,46.92,70.19,31.20,0.00,0.00,0.00,0.00,0.00,0.00,0.00,9.32,0.00,0.00,9.30,0.00,1.113
86355,226.86,25.56,0.99,480.74,446.30,476.92,547.25,476.09,544.80,520.55,267.66,235.94,188.29,219.74,93.98,23.43,15.61,0.00,0.00,0.00,0.00,0.00,0.00,0.00,0.00,0.00,0.00,0.00,0.00,1.112
86356,222.88,29.07,1.48,550.93,397.08,428.39,450.22,474.41,519.58,400.74,360.84,164.56,351.71,187.65,46.82,93.53,15.60,0.00,0.00,0.00,0.00,0.00,0.00,15.49,0.00,0.00,0.00,0.00,0.00,1.112
86357,234.62,26.52,1.01,361.04,510.51,621.27,380.98,555.73,474.74,544.87,457.21,377.99,164.94,141.41,23.54,46.92,31.31,0.00,0.00,0.00,0.00,0.00,0.00,0.00,0.00,0.00,0.00,0.00,0.00,1.113
86358,223.36,28.12,1.26,669.53,538.80,285.17,402.31,394.25,542.35,376.62,438.63,187.80,163.89,281.14,70.14,46.67,31.04,0.00,23.26,15.51,0.00,0.00,0.00,0.00,0.00,0.00,0.00,0.00,0.00,1.112
86359,234.67,32.88,2.32,457.51,558.64,502.03,524.38,668.41,522.22,426.68,236.62,212.82,212.29,141.51,117.71,23.53,31.34,23.52,0.00,0.00,0.00,0.00,15.58,0.00,9.35,0.00,0.00,0.00,0.00,1.113
