NASA Data Processing/CAMP2Ex/FCDP/CAMP2Ex-HawkFCDP_P3B_20190906_R1.ict
79, 1001
Lawson, Paul
SPEC Inc
Hawkeye-FCDP on P3-B
CAMP2Ex 2019
1, 1
2019,09,06, 2021,01,13
1
Time_Start, seconds, elapsed time from 00:00:00 UTC
47
1,1,1,1,1,1,1,1,1,1,1,1,1,1,1,1,1,1,1,1,1,1,1,1,1,1,1,1,1,1,1,1,1,1,1,1,1,1,1,1,1,1,1,1,1,1,1
-9.99e+002,-9.99e+002,-9.99e+002,-9.99e+002,-9.99e+002,-9.99e+002,-9.99e+002,-9.99e+002,-9.99e+002,-9.99e+002,-9.99e+002,-9.99e+002,-9.99e+002,-9.99e+002,-9.99e+002,-9.99e+002,-9.99e+002,-9.99e+002,-9.99e+002,-9.99e+002,-9.99e+002,-9.99e+002,-9.99e+002,-9.99e+002,-9.99e+002,-9.99e+002,-9.99e+002,-9.99e+002,-9.99e+002,-9.99e+002,-9.99e+002,-9.99e+002,-9.99e+002,-9.99e+002,-9.99e+002,-9.99e+002,-9.99e+002,-9.99e+002,-9.99e+002,-9.99e+002,-9.99e+002,-9.99e+002,-9.99e+002,-9.99e+002,-9.99e+002,-9.99e+002,-9.99e+002
conc, #/L, CldMicro_NumSizeDist_InSitu_Optical_Drop_AMB, particle number concentration
ext,  1/km, CldOpt_Extinction_InSitu_IR, extinction of the particles
twc,  g/m3, CldMicro_TWC_InSitu_Optical_Drop_AMB, total water content across instrument size range
sv, liter, none, sample volume
CNT, #, none, accepted or rejected event count in this second. negative means rejected particle numbers. 
cbin01, #/liter/um, CldMicro_NumSizeDist_InSitu_Optical_Drop_AMB, concentration of size ( 0.00 - 1.5 um)    
cbin02, #/liter/um, CldMicro_NumSizeDist_InSitu_Optical_Drop_AMB, concentration of size ( 1.5  - 3.0 um)    
cbin03, #/liter/um, CldMicro_NumSizeDist_InSitu_Optical_Drop_AMB, concentration of size ( 3.0  - 4.5 um)    
cbin04, #/liter/um, CldMicro_NumSizeDist_InSitu_Optical_Drop_AMB, concentration of size ( 4.5  - 6.0 um)    
cbin05, #/liter/um, CldMicro_NumSizeDist_InSitu_Optical_Drop_AMB, concentration of size ( 6.0  - 8.0 um)    
cbin06, #/liter/um, CldMicro_NumSizeDist_InSitu_Optical_Drop_AMB, concentration of size ( 8.0  -10.0 um)    
cbin07, #/liter/um, CldMicro_NumSizeDist_InSitu_Optical_Drop_AMB, concentration of size ( 10.0 -12.0 um)    
cbin08, #/liter/um, CldMicro_NumSizeDist_InSitu_Optical_Drop_AMB, concentration of size ( 12.0 -14.0 um)    
cbin09, #/liter/um, CldMicro_NumSizeDist_InSitu_Optical_Drop_AMB, concentration of size ( 14.0 -16.0 um)   
cbin10, #/liter/um, CldMicro_NumSizeDist_InSitu_Optical_Drop_AMB, concentration of size ( 16.0 -18.0 um)    
cbin11, #/liter/um, CldMicro_NumSizeDist_InSitu_Optical_Drop_AMB, concentration of size ( 18.0 -21.0 um)    
cbin12, #/liter/um, CldMicro_NumSizeDist_InSitu_Optical_Drop_AMB, concentration of size ( 21.0 -24.0 um)    
cbin13, #/liter/um, CldMicro_NumSizeDist_InSitu_Optical_Drop_AMB, concentration of size ( 24.0 -27.0 um)    
cbin14, #/liter/um, CldMicro_NumSizeDist_InSitu_Optical_Drop_AMB, concentration of size ( 27.0 -30.0 um)    
cbin15, #/liter/um, CldMicro_NumSizeDist_InSitu_Optical_Drop_AMB, concentration of size ( 30.0 -33.0 um)    
cbin16, #/liter/um, CldMicro_NumSizeDist_InSitu_Optical_Drop_AMB, concentration of size ( 33.0 -36.0 um)    
cbin17, #/liter/um, CldMicro_NumSizeDist_InSitu_Optical_Drop_AMB, concentration of size ( 36.0 -39.0 um)    
cbin18, #/liter/um, CldMicro_NumSizeDist_InSitu_Optical_Drop_AMB, concentration of size ( 39.0 -42.0 um)    
cbin19, #/liter/um, CldMicro_NumSizeDist_InSitu_Optical_Drop_AMB, concentration of size ( 42.0 -46.0 um)    
cbin20, #/liter/um, CldMicro_NumSizeDist_InSitu_Optical_Drop_AMB, concentration of size ( 46.0 -50.0 um)    
[...]
INSTRUMENT_INFO: Hawkeye-FCDP SN02: Hawkeye- Fast Cloud Droplet Probe measuring size 1-50 microns in 20 bins with one overflow bin for particles >50um: concentration, extinction, liquid water content, see http://www.specinc.com/hawkeye-combination-cloud-particle_probe
DATA_INFO: Concentration (#/L), Extinction (1/km), LWC (g/m^3), Sample Volume (L), Total Counts, Concentration 21 Bins (#/L/um), Particle Counts 21 Bins
UNCERTAINTY: variables are not calculated
ULOD_FLAG: -7777
ULOD_VALUE: n/a
LLOD_FLAG: -8888
LLOD_VALUE: n/a
DM_CONTACT_INFO: Sarah Woods, SPEC Inc, 3022 Sterling Circle, Suite 200, Boulder, CO 80301, 303-449-1105, swoods@specinc.com
PROJECT_INFO: CAMP2Ex Campaign, 2019-08-24--2019-10-07
STIPULATIONS_ON_USE: Please contact PI or DM for stipulations or assistance interpreting and analyzing data.
OTHER_COMMENTS: For R0, P3 Nav TAS is used to calculate the sample volume; Adaptive2 shattering removal is applied. Extinction coefficient is also calculated assuming particles are spheres. software version: SP3Cv40
REVISION: R1
R1: Final Data with Correction Applied to FCDP 1Hz Bin Concentrations: FCDP Conc (#/L/um)= FCDP Conc * [Bin Center /30 ^ 0.3] 
Time_Start,conc,ext,twc,sv,CNT,cbin01,cbin02,cbin03,cbin04,cbin05,cbin06,cbin07,cbin08,cbin09,cbin10,cbin11,cbin12,cbin13,cbin14,cbin15,cbin16,cbin17,cbin18,cbin19,cbin20,cbin21,nbin01,nbin02,nbin03,nbin04,nbin05,nbin06,nbin07,nbin08,nbin09,nbin10,nbin11,nbin12,nbin13,nbin14,nbin15,nbin16,nbin17,nbin18,nbin19,nbin20,nbin21
[from data line 8665]
94530,41020.0725,60.72,0.7422,0.02,860,0,185.3698,0,55.1604,60.1325,113.4673,241.016,398.203,113.3661,666.9824,926.6779,839.2971,635.0981,1359.1044,1767.87,1132.06,666.83,914.95,1000.24,674.58,60.48,0,13,0,3,4,7,14,22,6,34,68,59,43,89,114,73,43,59,86,58,65
94531,42036.6115,54.2,0.6598,0.02,857,0,196.7623,49.1462,18.122,29.63,303.5598,135.7463,374.6493,297.9667,522.0559,685.0257,1346.031,1135.4963,632.167,1100.52,886.53,779.53,962.95,813.93,641.97,99.05,0,14,3,1,2,19,8,21,16,27,51,96,78,42,72,58,51,63,71,56,108
94532,43547.5604,51.21,0.6525,0.01,277,0,164.7363,0,0,43.4143,93.6351,149.1641,313.668,109.1424,226.6369,629.7512,1314.7505,767.8455,661.5809,716.63,806.21,851,447.89,638.25,1108.54,158.55,0,4,0,0,1,2,3,6,2,4,16,32,18,15,16,18,19,10,19,33,59
94533,40173.0856,56.46,0.7042,0.02,792,0,357.9954,0,57.7036,15.723,305.2252,198.0985,227.2188,138.3591,554.0856,698.5411,1383.9528,1035.1881,702.8903,1086.91,535.35,778.68,989.58,936.86,827.35,79.82,0,24,0,3,1,18,11,12,7,27,49,93,67,44,67,33,48,61,77,68,82
94534,31229.112,58.41,0.76,0.02,662,0,240.8152,33.0213,54.7988,29.8692,48.3123,102.6127,71.9294,187.7034,331.3028,270.7659,353.3038,190.7494,257.9007,785.71,955.17,2264.69,1463.57,982.13,508.4,36.05,0,17,2,3,2,3,6,4,10,17,20,25,13,17,51,62,147,95,85,44,39
94535,37614.0434,63.09,0.7881,0.02,660,0,119.1203,0,0,17.9396,96.7221,82.179,129.6037,67.6444,210.7064,910.7547,1239.3106,493.5408,455.6148,407.16,1239.98,2591,1462.07,791.18,499.69,46.64,0,7,0,0,1,5,4,6,3,9,56,73,28,25,22,67,140,79,57,36,42
94536,41470.1924,60.14,0.7415,0.02,866,0,270.4826,82.966,91.778,45.0235,566.4168,378.1241,361.4134,169.7689,274.1924,353.7391,965.7581,663.5562,914.7647,1300.53,1316.01,1470.83,1052.81,905.72,534.15,73.39,0,19,5,5,3,35,22,20,9,14,26,68,45,60,84,85,95,68,78,46,79
94537,44411.5397,62.54,0.7642,0.02,930,0,124.9545,32.3676,71.6108,58.5492,773.3729,569.9244,299.6074,165.5777,420.2236,437.8811,567.9004,373.9081,505.5504,1056.97,2219.65,2385.74,1298.57,611.54,339.74,91.5,0,9,2,4,4,49,34,17,9,22,33,41,26,34,70,147,158,86,54,30,101
94538,47200.1901,88.68,1.1267,0.01,665,0,124.9959,72.8484,0,43.9249,23.6788,125.7552,105.7776,55.2088,143.2989,139.3725,207.836,302.0961,334.6604,928.92,3262.53,4282.08,2242.99,900.6,407.82,55.73,0,6,3,0,2,1,5,4,2,5,7,10,14,15,41,144,189,99,53,24,41
94539,41308.6397,56.96,0.6475,0.02,949,0,163.2606,31.7138,17.5411,28.6865,479.4435,591.3203,483.5472,342.5187,524.0715,663.118,1207.9659,930.0702,1194.753,2648.5,1464.81,843.38,665.82,521.56,377.3,36.4,0,12,2,1,2,31,36,28,19,28,51,89,66,82,179,99,57,45,47,34,41
94540,43928.5519,64.09,0.7113,0.01,502,0,107.429,31.3065,0,56.6299,122.1221,129.6998,238.6417,177.932,258.6413,641.6848,803.7971,1112.7336,2042.1228,4118.37,1840.12,1109.92,467.33,284.78,306.69,29.79,0,4,1,0,2,4,4,7,5,7,25,30,40,71,141,63,38,16,13,14,17
94541,47876.8982,70.1,0.8135,0.02,889,0,228.5859,57.0934,189.4781,68.8503,389.7804,295.6934,248.7105,216.3515,336.9447,343.2993,765.5817,608.84,2080.8424,3551.44,1953.29,1260.76,905.62,799.08,253.04,54.34,0,14,3,9,4,21,15,12,10,15,22,47,36,119,200,110,71,51,60,19,51
94542,52556.4258,70.82,0.8069,0.02,1159,0,302.2649,64.0599,88.5768,57.9353,687.2219,348.3431,331.3702,127.4343,321.3346,722.1975,1233.6141,1593.9026,1883.4041,2868.92,1598.82,1434.46,1150.56,526.72,369.82,70.83,0,22,4,5,4,44,21,19,7,17,55,90,112,128,192,107,96,77,47,33,79
94543,59578.9301,71.36,0.6618,0.01,673,0,141.3261,32.9463,0,0,128.5261,68.2506,143.5165,187.2648,194.4301,513.253,2960.8168,7055.8147,3935.1772,2828.08,922.2,461.1,215.18,23.06,46.11,9.22,0,5,1,0,0,4,2,4,5,5,19,105,241,130,92,30,15,7,1,2,5
94544,52420.8557,67.03,0.6588,0.02,1228,0,187.3007,0,51.7518,0,91.2519,16.1486,67.9299,35.4548,202.4586,191.791,1708.3978,5210.4559,3667.9117,3564.74,1091.25,480.15,261.9,141.86,76.39,18.33,0,14,0,3,0,6,1,4,2,11,15,128,376,256,245,75,33,18,13,7,21
94545,16570.681,14.62,0.1274,0.02,462,0,75.3019,14.6297,194.1968,79.3904,813.2394,560.6512,334.5605,216.1972,328.0644,443.804,914.0216,1000.9964,389.7954,586.93,150.14,95.55,40.95,30.71,20.47,4.09,0,6,1,12,6,57,37,21,13,19,37,73,77,29,43,11,7,3,3,2,5
94546,27995.7944,20.03,0.1558,0.02,799,0,114.2424,162.7542,278.2446,307.7842,1356.4094,1547.8502,1111.7858,504.5874,593.7475,1091.8247,1684.2449,946.6612,557.3571,538.39,193.27,96.63,41.41,20.71,10.35,7.45,0,9,11,17,23,94,101,69,30,34,90,133,72,41,39,14,7,3,2,1,9
94547,15961.1145,13.27,0.1089,0.02,405,0,79.8534,46.5364,68.6408,42.0895,196.6776,305.2849,371.6535,352.6881,439.4179,1055.681,1274.5905,385.9752,441.8384,275,130.26,101.32,57.89,21.71,10.86,9.55,0,6,3,4,3,13,19,22,20,24,83,96,28,31,19,9,7,4,2,1,11
94548,23468.9328,14.66,0.1113,0.02,692,0,101.0936,162.02,211.8209,239.7934,2082.9264,1251.0244,882.2248,586.0401,834.468,1038.6066,1008.5234,484.2929,270.6628,233.63,123.69,109.94,82.46,41.23,10.31,7.42,0,8,11,13,18,145,82,55,35,48,86,80,37,20,17,9,8,6,4,1,9
94549,38013.9465,22.54,0.1646,0.02,1089,0,65.3943,198.1816,303.5514,206.8223,2824.8575,2573.8074,2506.8617,1629.0128,1637.3702,1174.9474,1409.1514,501.2363,294.1388,568.95,199.13,156.46,99.57,53.34,10.67,9.39,0,5,13,18,15,190,163,151,94,91,94,108,37,21,40,14,11,7,5,1,11
94550,25336.0585,22.94,0.2075,0.02,702,0,152.1393,118.222,245.2135,227.2176,735.0394,658.1943,595.4642,520.7837,750.0168,1005.6967,2074.3239,748.5401,393.7541,606.69,248.19,165.46,165.46,113.75,82.73,5.79,0,12,8,15,17,51,43,37,31,43,83,164,57,29,44,18,12,12,11,8,7
94551,37181.2339,37.69,0.3422,0.02,976,0,137.3171,72.752,80.4791,65.8,596.0257,241.1492,237.6923,66.1661,532.4036,954.447,4271.7055,2482.6475,909.1026,719.56,312.26,203.65,217.22,203.65,91.64,18.74,0,11,5,5,5,42,16,15,4,31,80,343,192,68,53,23,15,16,20,9,23
94552,3588.6861,2.07,0.0214,0.01,36,0,25.0746,0,0,52.8688,0,60.5463,31.8251,0,103.4852,95.856,25.0152,25.9723,107.4143,0,54.54,54.54,27.27,20.45,0,18,0,1,0,0,2,0,2,1,0,3,4,1,1,4,0,2,2,1,1,0,11
94553,4904.6136,3.09,0.0302,0.02,92,0,61.2612,89.2573,0,32.2926,69.6427,110.9461,58.3201,0,63.2077,146.3675,229.1819,79.317,65.6027,83.28,16.66,0,49.97,49.97,0,17.99,0,4,5,0,2,4,6,3,0,3,10,15,5,4,5,1,0,3,4,0,18
94554,41787.7661,22.52,0.1763,0.02,1307,0,196.6887,573.1523,348.7172,479.5027,4932.9749,3606.4994,1919.3266,847.0168,997.8129,1045.6103,1434.8637,420.1954,302.7946,334.23,147.06,93.58,147.06,140.38,90.24,18.45,0,16,40,22,37,353,243,123,52,59,89,117,33,23,25,11,7,11,14,9,23
94555,56180.9957,49.66,0.4643,0.02,1485,0,104.6153,91.4544,134.8926,206.79,2556.8787,2084.0119,1892.3258,1247.5791,1817.042,2124.5963,3418.0157,907.517,924.3068,1180.41,739.53,711.09,483.54,202.66,202.66,29.87,0,8,6,8,15,172,132,114,72,101,170,262,67,66,83,52,50,34,19,19,35
94556,71999.4185,65.86,0.6531,0.01,1195,0,188.3535,634.2487,323.8253,794.2792,3021.4585,1895.0461,2576.8847,2634.4594,2879.2179,2520.1647,2066.9945,1257.3005,1120.6521,1524.96,1160.79,1320.12,819.38,392.62,273.13,46.43,0,9,26,12,36,127,75,97,95,100,126,99,58,50,67,51,58,36,23,16,34
94557,37580.3555,29.32,0.2705,0.01,404,0,305.8969,277.3214,262.9562,501.6493,2550.0984,2626.2646,1208.0392,540.4403,748.1615,779.5986,1797.1297,1091.371,546.0031,554.47,295.72,406.61,332.68,110.89,138.62,15.53,0,9,7,6,14,66,64,28,12,16,24,53,31,15,15,8,11,9,4,5,7
94558,14075.9179,12.77,0.1237,0.03,387,0,144.7282,42.1743,124.4119,76.2885,329.0504,378.5903,306.1903,111.8715,348.4477,472.5924,818.1897,537.1804,271.2438,275.45,157.4,196.75,52.47,68.86,78.7,15.74,0,12,3,8,6,24,26,20,7,21,41,68,43,21,21,12,15,4,7,8,20
94559,3362.9314,1.8,0.0156,0.02,54,0,19.3048,67.511,49.7837,40.7066,65.8379,69.9232,122.5306,25.5778,106.2429,129.1525,96.2997,99.9844,62.0281,0,0,0,0,15.75,15.75,10.08,0,1,3,2,2,3,3,5,1,4,7,5,5,3,0,0,0,0,1,1,8
94560,7711.2882,4.42,0.0381,0.02,186,0,107.5301,214.8691,158.4566,242.9212,558.8072,426.5626,253.496,81.4202,232.4727,102.7719,122.5991,175.0251,164.5188,83.53,83.53,50.12,0,25.06,12.53,9.02,0,7,12,8,15,32,23,13,4,11,7,8,11,10,5,5,3,0,2,1,9
94561,7002.5659,3.87,0.0302,0.02,201,0,39.9244,93.0728,102.9583,154.3283,726.1546,514.1368,185.8229,229.2339,201.396,190.7804,199.149,110.2705,57.006,86.84,43.42,28.95,0,21.71,10.85,3.47,0,3,6,6,11,48,32,11,13,11,15,15,8,4,6,3,2,0,2,1,4
94562,2835.8005,1.71,0.0163,0.02,42,0,0,46.9169,25.953,0,91.5167,97.1953,76.6448,133.3394,0,57.6999,0,104.2322,21.5557,65.66,65.66,0,0,0,16.42,9.19,0,0,2,1,0,4,4,3,5,0,3,0,5,1,3,3,0,0,0,1,7
94563,2488.1405,1.07,0.0101,0.01,19,0,33.8419,39.4466,43.6363,35.6788,0,0,0,0,46.5603,97.0335,67.5235,0,36.2479,0,36.81,0,36.81,0,0,13.25,0,1,1,1,1,0,0,0,0,1,3,2,0,1,0,1,0,1,0,0,6
94564,1034.2923,0.84,0.011,0.02,15,0,37.6578,0,24.2753,0,42.8072,0,0,0,0,0,0,19.5054,20.1673,0,20.48,0,20.48,15.36,15.36,4.91,0,2,0,1,0,2,0,0,0,0,0,0,1,1,0,1,0,1,1,1,4
94565,1530.447,1.21,0.0145,0.01,16,0,0,0,0,26.6638,57.4967,0,0,0,0,48.341,75.6876,0,0,0,27.5,27.5,0,20.63,20.63,6.6,0,0,0,0,1,2,0,0,0,0,2,3,0,0,0,1,1,0,1,1,4
94566,5965.3991,1.49,0.007,0.02,197,0,155.615,181.3869,250.8155,273.4236,1031.9094,563.6263,230.4558,34.3664,35.6814,0,25.8774,53.7257,27.7792,14.1,14.1,0,0,0,0,3.38,0,12,12,15,20,70,36,14,2,2,0,2,4,2,1,1,0,0,0,0,4
94567,1030.5,0.5,0.006,0.02,16,0,15.6682,0,0,16.5179,17.8114,18.9166,0,0,21.5556,14.9742,15.631,0,16.7798,0,0,0,17.04,0,12.78,6.13,0,1,0,0,1,1,1,0,0,1,1,1,0,1,0,0,0,1,0,1,6
94568,391.8895,0.32,0.0038,0.02,7,0,0,0,18.3414,0,0,0,0,0,19.5737,0,0,0,0,15.47,0,15.47,15.47,0,0,1.86,0,0,0,1,0,0,0,0,0,1,0,0,0,0,1,0,1,1,0,0,2
94569,717.3223,0.43,0.0047,0.01,8,0,0,0,0,21.9721,0,0,0,0,0,0,20.7955,0,22.3238,22.67,0,0,22.67,0,0,4.08,0,0,0,0,1,0,0,0,0,0,0,1,0,1,1,0,0,1,0,0,3
94570,999.79,0.66,0.0083,0.01,7,0,32.4581,0,0,0,0,0,0,0,0,0,0,0,34.761,0,35.3,0,0,26.48,0,6.35,0,1,0,0,0,0,0,0,0,0,0,0,0,1,0,1,0,0,1,0,3
94571,513.4587,0.33,0.0028,0.02,10,0,0,16.575,0,0,0,0,0,0,0,40.766,14.1817,0,30.4577,0,15.46,0,0,0,0,1.86,0,0,1,0,0,0,0,0,0,0,3,1,0,2,0,1,0,0,0,0,2
94572,589.1996,0.54,0.005,0.02,11,0,0,0,20.8489,0,0,0,0,0,0,15.4487,48.3884,16.7434,17.3115,35.17,17.58,0,0,0,0,1.06,0,0,0,1,0,0,0,0,0,0,1,3,1,1,2,1,0,0,0,0,1
94573,608.8393,0.63,0.0064,0.01,7,0,33.8603,39.4681,0,35.6982,0,0,0,0,0,0,33.7755,35.0679,0,36.82,0,36.82,0,0,0,0,0,1,1,0,1,0,0,0,0,0,0,1,1,0,1,0,1,0,0,0,0
94574,392.6201,0.24,0.002,0.02,8,0,19.8289,0,0,20.8994,45.0789,0,0,26.2682,0,37.9012,0,0,0,0,21.56,0,0,0,0,0,0,1,0,0,1,2,0,0,1,0,2,0,0,0,0,1,0,0,0,0,0
94575,359.6976,0.17,0.0016,0.02,6,0,0,22.5394,24.9334,0,21.9785,0,0,0,0,18.4805,0,0,0,0,21.03,0,0,0,0,1.26,0,0,1,1,0,1,0,0,0,0,1,0,0,0,0,1,0,0,0,0,1
94576,225.2461,0.4,0.0047,0.01,2,0,0,0,0,0,0,0,0,0,0,0,35.922,0,0,0,0,0,39.16,0,0,0,0,0,0,0,0,0,0,0,0,0,0,1,0,0,0,0,0,1,0,0,0
94577,459.3549,0.34,0.0031,0.01,5,0,0,0,0,0,0,0,0,0,0,23.3928,24.4189,25.3533,0,0,26.62,0,0,0,0,1.6,0,0,0,0,0,0,0,0,0,0,1,1,1,0,0,1,0,0,0,0,1
94578,334.5477,0.45,0.0051,0.03,10,0,11.9534,0,0,0,13.5885,0,15.1733,15.8389,0,11.424,0,12.3814,0,13,13,0,13,9.75,0,0,0,1,0,0,0,1,0,1,1,0,1,0,1,0,1,1,0,1,1,0,0
94579,391.4005,0.12,0.0008,0.03,8,0,0,0,0,0,13.2958,0,14.8465,0,0,11.1779,11.6682,0,12.5258,0,0,0,0,0,0,2.29,0,0,0,0,0,1,0,1,0,0,1,1,0,1,0,0,0,0,0,0,3
94580,181.4979,0.16,0.0012,0.02,3,0,0,0,0,0,0,0,0,0,27.8468,0,0,41.9348,0,0,0,0,0,0,0,0,0,0,0,0,0,0,0,0,0,1,0,0,2,0,0,0,0,0,0,0,0
94581,314.2177,0.41,0.0048,0.02,6,0,0,0,0,19.413,0,22.2321,0,0,25.3337,0,0,0,0,40.06,0,0,0,15.02,0,0,0,0,0,0,1,0,1,0,0,1,0,0,0,0,2,0,0,0,1,0,0
94582,540.1134,0.17,0.0017,0.02,6,0,19.7461,0,0,0,0,0,0,0,0,0,19.6947,0,0,0,21.47,0,0,0,0,3.87,0,1,0,0,0,0,0,0,0,0,0,1,0,0,0,1,0,0,0,0,3
94583,473.7097,0.3,0.0039,0.02,8,0,0,16.5428,0,0,0,0,0,18.8036,0,13.5594,0,0,0,0,15.43,0,0,0,11.58,2.78,0,0,1,0,0,0,0,0,1,0,1,0,0,0,0,1,0,0,0,1,3
94584,991.0518,0.47,0.0045,0.02,14,0,0,0,0,0,20.8217,22.1137,46.5082,0,50.4059,0,0,37.9442,0,19.92,0,0,19.92,0,0,4.78,0,0,0,0,0,1,1,2,0,2,0,0,2,0,1,0,0,1,0,0,4
94585,6835.6727,4.83,0.042,0.02,117,0,20.0082,0,25.7988,84.3729,363.9135,241.5562,203.1827,397.6707,275.255,172.0978,199.6077,124.3471,149.994,130.56,0,65.28,87.04,16.32,0,7.83,0,1,0,1,4,16,10,8,15,10,9,10,6,7,6,0,3,4,1,0,6
94586,31017.7425,24.05,0.1822,0.02,814,0,92.432,92.3494,85.1326,125.2863,570.4167,542.038,636.9458,524.91,1598.6444,2561.8271,2753.2469,793.294,367.6784,330.3,201.05,57.44,57.44,21.54,53.85,9.48,0,7,6,5,9,38,34,38,30,88,203,209,58,26,23,14,4,4,2,5,11
94587,5374.0542,3.51,0.0292,0.02,134,0,13.6683,31.8638,17.6241,28.8158,341.8305,181.5206,156.1531,108.6631,300.8669,248.1903,177.2619,113.261,0,104.05,59.46,14.86,44.59,0,11.15,7.14,0,1,2,1,2,22,11,9,6,16,19,13,8,0,7,4,1,3,0,1,8
94588,46595.4991,30.71,0.238,0.02,1374,0,100.9787,250.1144,309.2305,199.6038,3314.5865,2605.9049,2082.9108,1438.369,2483.2232,2822.7947,1813.3019,457.5967,446.0924,425.55,329.46,233.37,137.28,102.96,92.66,5.77,0,8,17,19,15,231,171,130,86,143,234,144,35,33,31,24,17,10,10,9,7
94589,54825.9867,51.45,0.4569,0.02,1408,0,40.3933,15.6961,52.0838,56.7785,903.0976,1560.624,1931.3952,1338.129,2500.7982,3062.707,3707.511,1324.96,894.0559,1332.59,937.21,600.4,380.74,109.83,120.81,4.39,0,3,1,3,4,59,96,113,75,135,238,276,95,62,91,64,41,26,10,11,5
94590,17538.3189,14.64,0.1234,0.02,471,0,65.9598,92.2583,102.0572,69.5353,464.8864,541.5126,770.2844,541.8779,671.5027,832.0962,1105.4835,382.5941,437.9586,387.36,157.81,71.73,143.47,53.8,0,2.58,0,5,6,6,5,31,34,46,31,37,66,84,28,31,27,11,5,10,5,0,3
94591,7286.5421,4.78,0.035,0.02,202,0,39.1612,106.5075,100.9902,41.2882,356.1437,315.2021,231.9809,121.0825,287.3399,436.6508,325.5734,202.8165,111.8358,156.16,42.59,14.2,0,0,0,3.41,0,3,7,6,3,24,20,14,7,16,35,25,15,8,11,3,1,0,0,0,4
94592,51531.5636,21.5,0.1228,0.02,1616,0,101.6913,296.3293,262.2448,402.0187,4782.965,7074.8175,5001.9738,2206.4593,1871.1754,874.6813,710.1484,210.6644,272.2679,124.42,152.07,82.95,55.3,20.74,41.47,1.66,0,8,20,16,30,331,461,310,131,107,72,56,16,20,9,11,6,4,2,4,2
94593,98985.4461,29.43,0.1147,0.02,2990,0,165.4903,835.8976,817.9871,1497.5098,17762.5171,13137.0216,6617.2422,3526.8486,3130.556,724.9129,426.5055,128.5663,147.6996,119.99,59.99,15,0,0,11.25,0,0,12,52,46,103,1133,789,378,193,165,55,31,9,10,8,4,1,0,0,1,0
94594,117514.614,41.38,0.1839,0.02,3306,0,0,83.2339,55.2434,617.3002,15991.6241,14828.5592,13505.8304,3273.832,2907.8996,2265.7439,1553.0047,488.1692,168.2411,155.32,77.66,15.53,0,34.95,0,7.46,0,0,5,3,41,985,860,745,173,148,166,109,33,11,10,5,1,0,3,0,8
94595,73017.3404,49.43,0.3222,0.02,1943,0,66.8471,62.3343,34.4775,42.2834,927.083,1840.08,3648.6829,3631.5805,5113.2114,5110.8593,5975.2507,1620.2083,601.3449,319.88,145.4,58.16,43.62,21.81,10.9,6.11,0,5,4,2,3,61,114,215,205,278,400,448,117,42,22,10,4,3,2,1,7
94596,25777.3289,15.99,0.1088,0.01,409,0,23.3137,244.5894,300.6348,172.0611,1961.3478,1154.1251,799.0904,648.7785,994.3637,802.1829,2209.7195,796.9608,324.6063,126.78,25.36,0,25.36,0,19.02,4.56,0,1,9,10,7,74,41,27,21,31,36,95,33,13,5,1,0,1,0,1,3
94597,3565.4248,1.84,0.0123,0.01,54,0,0,27.9465,30.9147,101.1041,163.5287,202.6204,182.6014,158.8441,131.9392,206.2204,119.5903,49.6684,0,0,26.07,0,26.07,0,0,3.13,0,0,1,1,4,6,7,6,5,4,9,5,2,0,0,1,0,1,0,0,2
94598,431.7668,0.2,0.0021,0.03,9,0,0,14.2385,15.7508,0,0,0,0,0,16.8076,11.6788,0,0,13.0871,0,0,0,13.29,0,0,2.39,0,0,1,1,0,0,0,0,0,1,1,0,0,1,0,0,0,1,0,0,3
94599,884.1741,0.92,0.01,0.02,14,0,0,0,0,0,0,24.0528,25.2889,0,82.2333,57.1199,19.8782,0,0,21.67,0,0,43.34,16.25,0,1.3,0,0,0,0,0,0,1,1,0,3,3,1,0,0,1,0,0,2,1,0,1
94600,446.968,0.3,0.0038,0.02,7,0,14.551,0,0,0,0,0,0,0,0,0,0,15.0672,0,0,0,15.82,0,11.87,0,2.85,0,1,0,0,0,0,0,0,0,0,0,0,1,0,0,0,1,0,1,0,3
94601,740.2332,0.3,0.0036,0.01,9,0,21.7874,0,28.093,22.9673,0,0,0,0,29.972,20.818,0,0,0,0,0,0,0,17.77,0,4.26,0,1,0,1,1,0,0,0,0,1,1,0,0,0,0,0,0,0,1,0,3
94602,399.2004,0.18,0.002,0.03,8,0,0,14.1313,0,12.7826,0,0,0,0,0,0,12.0994,0,0,13.19,0,13.19,0,0,0,2.37,0,0,1,0,1,0,0,0,0,0,0,1,0,0,1,0,1,0,0,0,3
94603,278.1892,0.04,0.0001,0.02,6,0,15.9716,0,0,16.8345,36.3126,0,0,0,21.9688,0,0,0,0,0,0,0,0,0,0,1.04,0,1,0,0,1,2,0,0,0,1,0,0,0,0,0,0,0,0,0,0,1
94604,343.3115,0.21,0.0022,0.02,6,0,0,0,0,0,15.6581,0,0,0,0,0,0,14.2672,14.7513,0,0,14.98,0,0,0,1.8,0,0,0,0,0,1,0,0,0,0,0,0,1,1,0,0,1,0,0,0,2
