NASA Data Processing/CAMP2Ex/FCDP/CAMP2Ex-HawkFCDP_P3B_20190916_R1.ict
79, 1001
Lawson, Paul
SPEC Inc
Hawkeye-FCDP on P3-B
CAMP2Ex 2019
1, 1
2019,09,16, 2021,01,13
1
Time_Start, seconds, elapsed time from 00:00:00 UTC
47
1,1,1,1,1,1,1,1,1,1,1,1,1,1,1,1,1,1,1,1,1,1,1,1,1,1,1,1,1,1,1,1,1,1,1,1,1,1,1,1,1,1,1,1,1,1,1
-9.99e+002,-9.99e+002,-9.99e+002,-9.99e+002,-9.99e+002,-9.99e+002,-9.99e+002,-9.99e+002,-9.99e+002,-9.99e+002,-9.99e+002,-9.99e+002,-9.99e+002,-9.99e+002,-9.99e+002,-9.99e+002,-9.99e+002,-9.99e+002,-9.99e+002,-9.99e+002,-9.99e+002,-9.99e+002,-9.99e+002,-9.99e+002,-9.99e+002,-9.99e+002,-9.99e+002,-9.99e+002,-9.99e+002,-9.99e+002,-9.99e+002,-9.99e+002,-9.99e+002,-9.99e+002,-9.99e+002,-9.99e+002,-9.99e+002,-9.99e+002,-9.99e+002,-9.99e+002,-9.99e+002,-9.99e+002,-9.99e+002,-9.99e+002,-9.99e+002,-9.99e+002,-9.99e+002
conc, #/L, CldMicro_NumSizeDist_InSitu_Optical_Drop_AMB, particle number concentration
ext,  1/km, CldOpt_Extinction_InSitu_IR, extinction of the particles
twc,  g/m3, CldMicro_TWC_InSitu_Optical_Drop_AMB, total water content across instrument size range
sv, liter, none, sample volume
CNT, #, none, accepted or rejected event count in this second. negative means rejected particle numbers. 
cbin01, #/liter/um, CldMicro_NumSizeDist_InSitu_Optical_Drop_AMB, concentration of size ( 0.00 - 1.5 um)    
cbin02, #/liter/um, CldMicro_NumSizeDist_InSitu_Optical_Drop_AMB, concentration of size ( 1.5  - 3.0 um)    
cbin03, #/liter/um, CldMicro_NumSizeDist_InSitu_Optical_Drop_AMB, concentration of size ( 3.0  - 4.5 um)    
cbin04, #/liter/um, CldMicro_NumSizeDist_InSitu_Optical_Drop_AMB, concentration of size ( 4.5  - 6.0 um)    
cbin05, #/liter/um, CldMicro_NumSizeDist_InSitu_Optical_Drop_AMB, concentration of size ( 6.0  - 8.0 um)    
cbin06, #/liter/um, CldMicro_NumSizeDist_InSitu_Optical_Drop_AMB, concentration of size ( 8.0  -10.0 um)    
cbin07, #/liter/um, CldMicro_NumSizeDist_InSitu_Optical_Drop_AMB, concentration of size ( 10.0 -12.0 um)    
cbin08, #/liter/um, CldMicro_NumSizeDist_InSitu_Optical_Drop_AMB, concentration of size ( 12.0 -14.0 um)    
cbin09, #/liter/um, CldMicro_NumSizeDist_InSitu_Optical_Drop_AMB, concentration of size ( 14.0 -16.0 um)   
cbin10, #/liter/um, CldMicro_NumSizeDist_InSitu_Optical_Drop_AMB, concentration of size ( 16.0 -18.0 um)    
cbin11, #/liter/um, CldMicro_NumSizeDist_InSitu_Optical_Drop_AMB, concentration of size ( 18.0 -21.0 um)    
cbin12, #/liter/um, CldMicro_NumSizeDist_InSitu_Optical_Drop_AMB, concentration of size ( 21.0 -24.0 um)    
cbin13, #/liter/um, CldMicro_NumSizeDist_InSitu_Optical_Drop_AMB, concentration of size ( 24.0 -27.0 um)    
cbin14, #/liter/um, CldMicro_NumSizeDist_InSitu_Optical_Drop_AMB, concentration of size ( 27.0 -30.0 um)    
cbin15, #/liter/um, CldMicro_NumSizeDist_InSitu_Optical_Drop_AMB, concentration of size ( 30.0 -33.0 um)    
cbin16, #/liter/um, CldMicro_NumSizeDist_InSitu_Optical_Drop_AMB, concentration of size ( 33.0 -36.0 um)    
cbin17, #/liter/um, CldMicro_NumSizeDist_InSitu_Optical_Drop_AMB, concentration of size ( 36.0 -39.0 um)    
cbin18, #/liter/um, CldMicro_NumSizeDist_InSitu_Optical_Drop_AMB, concentration of size ( 39.0 -42.0 um)    
cbin19, #/liter/um, CldMicro_NumSizeDist_InSitu_Optical_Drop_AMB, concentration of size ( 42.0 -46.0 um)    
cbin20, #/liter/um, CldMicro_NumSizeDist_InSitu_Optical_Drop_AMB, concentration of size ( 46.0 -50.0 um)    
[...]
INSTRUMENT_INFO: Hawkeye-FCDP SN02: Hawkeye- Fast Cloud Droplet Probe measuring size 1-50 microns in 20 bins with one overflow bin for particles >50um: concentration, extinction, liquid water content, see http://www.specinc.com/hawkeye-combination-cloud-particle_probe
DATA_INFO: Concentration (#/L), Extinction (1/km), LWC (g/m^3), Sample Volume (L), Total Counts, Concentration 21 Bins (#/L/um), Particle Counts 21 Bins
UNCERTAINTY: variables are not calculated
ULOD_FLAG: -7777
ULOD_VALUE: n/a
LLOD_FLAG: -8888
LLOD_VALUE: n/a
DM_CONTACT_INFO: Sarah Woods, SPEC Inc, 3022 Sterling Circle, Suite 200, Boulder, CO 80301, 303-449-1105, swoods@specinc.com
PROJECT_INFO: CAMP2Ex Campaign, 2019-08-24--2019-10-07
STIPULATIONS_ON_USE: Please contact PI or DM for stipulations or assistance interpreting and analyzing data.
OTHER_COMMENTS: For R0, P3 Nav TAS is used to calculate the sample volume; Adaptive2 shattering removal is applied. Extinction coefficient is also calculated assuming particles are spheres. software version: SP3Cv40
REVISION: R1
R1: Final Data with Correction Applied to FCDP 1Hz Bin Concentrations: FCDP Conc (#/L/um)= FCDP Conc * [Bin Center /30 ^ 0.3] 
Time_Start,conc,ext,twc,sv,CNT,cbin01,cbin02,cbin03,cbin04,cbin05,cbin06,cbin07,cbin08,cbin09,cbin10,cbin11,cbin12,cbin13,cbin14,cbin15,cbin16,cbin17,cbin18,cbin19,cbin20,cbin21,nbin01,nbin02,nbin03,nbin04,nbin05,nbin06,nbin07,nbin08,nbin09,nbin10,nbin11,nbin12,nbin13,nbin14,nbin15,nbin16,nbin17,nbin18,nbin19,nbin20,nbin21
[from data line 28851]
107126,15046.6843,17.82,0.1962,0.02,405,0,0,58.1008,64.2719,118.2294,623.2863,466.3792,189.8146,231.167,377.1547,452.5477,509.6968,193.6067,333.6265,338.8,338.8,474.33,352.36,203.28,40.66,8.94,0,0,4,4,9,44,31,12,14,22,38,41,15,25,25,25,35,26,20,4,11
107127,2195.9287,2.61,0.0261,0.03,60,0,11.912,0,0,0,13.5397,14.3798,30.2377,31.5641,49.1662,56.9178,166.3642,74.0311,51.0287,116.59,51.82,51.82,12.95,19.43,0,0.78,0,1,0,0,0,1,1,2,2,3,5,14,6,4,9,4,4,1,2,0,1
107128,20598.3872,22.58,0.2227,0.02,531,0,52.7237,138.2802,50.9871,291.8221,629.3489,604.738,150.5896,157.1952,163.2099,491.3014,946.8156,1092.2662,790.5312,802.79,344.05,415.73,243.7,32.25,53.76,5.16,0,4,9,3,21,42,38,9,9,9,39,72,80,56,56,24,29,17,3,5,6
107129,8929.3742,9.54,0.1016,0.02,242,0,76.9478,44.843,82.6844,40.5579,408.205,201.2882,195.347,288.8857,158.7909,404.4703,345.4424,119.5565,54.9381,237.11,209.21,167.37,111.58,125.53,41.84,4.18,0,6,3,5,3,28,13,12,17,9,33,27,9,4,17,15,12,8,12,4,5
107130,6493.423,7.55,0.0864,0.02,169,0,24.8953,43.5247,16.0472,78.7313,254.69,120.2194,47.3953,164.9278,188.3581,107.0602,62.0839,167.6058,146.6263,216.58,121.83,135.37,121.83,101.52,50.76,8.12,0,2,3,1,6,18,8,3,10,11,9,5,13,11,16,9,10,9,10,5,10
107131,7984.7149,6.22,0.0537,0.02,241,0,61.5784,100.4841,79.4002,90.8806,336.0049,327.11,234.4943,244.7804,525.2353,517.8753,294.8708,127.5663,26.3809,107.15,93.76,66.97,53.57,60.27,0,0,0,5,7,5,7,24,22,15,15,31,44,24,10,2,8,7,5,4,6,0,0
107132,18438.878,26.06,0.2953,0.02,487,0,25.0884,43.8623,0,13.222,142.5955,242.3037,286.605,249.3128,483.1868,887.0983,1288.9098,181.892,80.6001,300.12,477.46,641.16,613.88,368.33,92.08,2.46,0,2,3,0,1,10,16,18,15,28,74,103,14,6,22,35,47,45,36,9,3
107133,8721.3989,9.03,0.0961,0.03,265,0,84.5704,42.2493,62.3156,114.6298,521.9023,306.3137,291.3904,368.2021,382.2906,254.0253,229.0076,87.603,64.6967,91.98,91.98,289.07,197.09,137.97,0,0,0,7,3,4,9,38,21,19,23,23,22,19,7,5,7,7,22,15,14,0,0
107134,18765.831,20.6,0.1857,0.02,473,0,13.0522,30.4276,0,27.5168,148.3723,220.6044,66.2725,51.8867,251.3802,336.7877,1940.0932,1581.7212,601.0397,610.36,269.7,156.14,56.78,74.52,10.65,1.7,0,1,2,0,2,10,14,4,3,14,27,149,117,43,43,19,11,4,7,1,2
107135,26822.9365,32.84,0.3263,0.02,657,0,13.3602,31.1404,34.4479,28.1631,167.0408,80.6396,118.6944,123.901,257.292,868.1432,2692.0253,1826.4535,629.4787,726.41,305.09,421.32,334.15,294.19,76.27,2.62,0,1,2,2,2,11,5,7,7,14,68,202,132,44,50,21,29,23,27,7,3
107136,23574.0985,32.35,0.3359,0.02,579,0,65.4771,15.2621,0,13.8037,59.5454,31.6238,33.2491,17.3497,36.0356,600.7255,1842.0414,1342.8368,785.3614,1025.4,783.29,569.67,313.32,245.67,32.04,1.71,0,5,1,0,1,4,2,2,1,2,48,141,99,56,72,55,40,22,23,3,2
107137,27594.5616,30.44,0.2854,0.02,464,0,39.129,0,0,0,155.6822,47.2396,149.01,259.2385,699.8217,2075.482,2498.3343,587.6869,377.1515,659.6,978.77,553.22,276.61,47.87,15.96,6.38,0,2,0,0,0,7,2,6,10,26,111,128,29,18,31,46,26,13,3,1,5
107138,22114.53,35.85,0.4,0.02,534,0,51.6893,0,0,13.6227,58.758,0,65.6111,34.2446,71.1097,98.7998,683.2802,508.6366,636.618,1911.35,1574.05,1194.59,309.19,73.78,42.16,3.37,0,4,0,0,1,4,0,4,2,4,8,53,38,46,136,112,85,22,7,4,4
107139,18488.8902,31.29,0.3558,0.02,456,0,114.1275,59.1244,0,13.3707,43.2462,15.3124,16.0993,0,17.4485,48.4728,227.7142,302.1057,380.2534,2027.3,1682.52,717.14,399.94,72.4,31.03,2.48,0,9,4,0,1,3,1,1,0,1,4,18,23,28,147,122,52,29,7,3,3
107140,12467.6894,19.69,0.2181,0.02,303,0,65.3759,30.4812,16.8594,55.1371,89.1823,47.358,33.1946,34.6507,53.9648,37.4882,78.2653,230.246,672.147,1407.81,810.56,270.19,227.52,85.32,10.67,0.85,0,5,2,1,4,6,3,2,2,3,3,6,17,48,99,57,19,16,8,1,1
107141,24800.4787,28.2,0.2506,0.02,610,0,39.3865,15.3049,16.9305,13.8424,119.3975,47.5504,49.9942,52.1872,90.3124,288.596,2069.4804,2067.0713,1729.4514,1556.37,142.79,42.84,14.28,10.71,0,1.71,0,3,1,1,1,8,3,3,3,5,23,158,152,123,109,10,3,1,1,0,2
107142,43475.2572,39.12,0.287,0.02,1070,0,27.2216,79.3273,17.5529,14.3465,154.7275,16.4299,0,54.1041,374.5151,2146.3721,8432.526,2298.0602,728.8478,310.86,74.01,29.61,0,0,0,0,0,2,5,1,1,10,1,0,3,20,165,621,163,50,21,5,2,0,0,0,0
107143,59659.4893,48.61,0.3253,0.02,1429,0,56.5626,32.9624,18.2347,44.7197,64.2979,68.2876,71.7971,168.6317,680.889,4432.6529,13796.5974,703.0433,90.861,15.38,0,0,0,0,0,1.85,0,4,2,1,3,4,4,4,9,35,328,978,48,6,1,0,0,0,0,0,2
107144,44319.427,24.19,0.131,0.02,1254,0,13.0338,30.3901,0,109.9381,1274.3837,2045.9198,2779.8418,2849.9662,3837.7485,3425.9368,2262.7678,351.0502,13.9635,0,14.18,0,0,0,0,2.55,0,1,2,0,8,86,130,168,165,214,275,174,26,1,0,1,0,0,0,0,3
107145,32139.1805,12.06,0.0555,0.02,999,0,103.4154,165.7444,300.0242,381.5782,4085.1929,2949.6816,2198.7884,1798.5055,1653.9164,1087.1673,464.2622,53.5542,41.5359,0,28.12,0,0,0,10.54,0.84,0,8,11,18,28,278,189,134,105,93,88,36,4,3,0,2,0,0,0,1,1
107146,28720.8114,12.02,0.0642,0.02,902,0,228.7468,177.7536,393.2664,629.6757,2990.421,2055.9479,1677.6658,1464.9947,1625.9515,1603.1796,266.2414,78.9837,27.2179,69.1,0,41.46,41.46,20.73,0,1.66,0,18,12,24,47,207,134,104,87,93,132,21,6,2,5,0,3,3,2,0,2
107147,37324.8747,19.36,0.1078,0.02,1107,0,76.8006,268.5596,330.0913,404.8234,2517.2979,1669.002,1673.5418,1458.6185,2518.1793,3131.6639,1685.5934,251.9039,109.6694,13.92,0,13.92,0,0,10.44,1.67,0,6,18,20,30,173,108,103,86,143,256,132,19,8,1,0,1,0,0,1,2
107148,20419.6001,8.55,0.0399,0.02,629,0,190.6063,162.9256,196.6154,187.545,1603.4062,1181.2862,1241.9964,1582.7144,1538.3799,1190.1237,354.9549,13.1624,0,0,0,0,0,0,0,2.49,0,15,11,12,14,111,77,77,94,88,98,28,1,0,0,0,0,0,0,0,3
107149,65833.7684,27.07,0.1203,0.02,1716,0,105.1624,350.2181,329.3028,490.967,4559.7933,5568.2345,4919.9833,5732.9911,4960.2901,3359.6689,704.406,0,0,0,0,0,0,0,0,0,0,7,20,17,31,267,307,258,288,240,234,47,0,0,0,0,0,0,0,0,0
107150,80321.8586,42.29,0.2138,0.02,1767,0,0,0,0,35.4139,840.1306,2494.2705,6374.9278,7099.687,9635.9052,7512.5222,1273.4989,226.1697,89.9354,18.27,0,0,0,0,0,0,0,0,0,0,2,44,123,299,319,417,468,76,13,5,1,0,0,0,0,0,0
107151,25014.0541,10.36,0.0512,0.02,737,0,203.1941,189.4735,331.8697,428.424,2987.4316,2158.8123,670.615,574.3843,1472.2628,1760.6811,472.995,112.2515,72.5352,0,0,0,0,0,0,0.88,0,15,12,19,30,194,132,39,32,79,136,35,8,5,0,0,0,0,0,0,1
107152,2427.2614,1,0.0084,0.03,88,0,96.5559,70.3405,46.6893,114.5135,425.3335,189.4321,107.2405,15.9932,49.8156,23.0676,12.0443,0,0,13.13,0,13.13,26.25,0,9.84,0,0,8,5,3,9,31,13,7,1,3,2,1,0,0,1,0,1,2,0,1,0
107153,1766.6311,0.42,0.0013,0.02,55,0,13.7924,16.0766,17.7841,14.5404,439.0056,299.7269,17.5077,18.2757,18.975,26.363,0,0,0,0,0,0,0,0,0,0,0,1,1,1,1,28,18,1,1,1,2,0,0,0,0,0,0,0,0,0,0
107154,4206.6234,0.66,0.0014,0.02,141,0,123.3638,207.699,176.7387,332.3542,997.2344,330.9733,17.3988,0,0,0,0,0,0,0,0,0,0,0,0,0.89,0,9,13,10,23,64,20,1,0,0,0,0,0,0,0,0,0,0,0,0,1
107155,220.8678,0.08,0.0004,0.01,3,0,0,0,0,65.7354,0,0,0,0,0,29.799,0,0,0,0,0,0,0,0,0,0,0,0,0,0,2,0,0,0,0,0,1,0,0,0,0,0,0,0,0,0,0
107156,27.2327,0,0,0.03,1,0,0,0,0,0,13.6164,0,0,0,0,0,0,0,0,0,0,0,0,0,0,0,0,0,0,0,0,1,0,0,0,0,0,0,0,0,0,0,0,0,0,0,0
107157,125.3428,0,0,0.02,3,0,26.2285,0,0,0,0,0,0,0,0,0,0,0,0,0,0,0,0,0,0,0.86,0,2,0,0,0,0,0,0,0,0,0,0,0,0,0,0,0,0,0,0,1
107158,53.2808,0.01,0,0.03,2,0,0,0,0,0,26.6404,0,0,0,0,0,0,0,0,0,0,0,0,0,0,0,0,0,0,0,0,2,0,0,0,0,0,0,0,0,0,0,0,0,0,0,0
107159,87.7735,0.05,0.0003,0.03,3,0,0,13.6544,0,0,0,0,0,0,16.1161,0,11.6866,0,0,0,0,0,0,0,0,0,0,0,1,0,0,0,0,0,0,1,0,1,0,0,0,0,0,0,0,0,0
107160,185.6177,0.06,0.0003,0.03,7,0,23.5804,0,0,0,13.4003,28.4637,0,15.6196,0,0,11.76,0,0,0,0,0,0,0,0,0,0,2,0,0,0,1,2,0,1,0,0,1,0,0,0,0,0,0,0,0,0
107161,96.6212,0.07,0.0005,0.03,3,0,0,0,0,0,13.3167,0,0,0,0,11.1955,0,12.1338,0,0,0,0,0,0,0,0,0,0,0,0,0,1,0,0,0,0,1,0,1,0,0,0,0,0,0,0,0
107162,35.0598,0.03,0.0002,0.03,1,0,0,0,0,0,0,0,0,0,0,0,11.6866,0,0,0,0,0,0,0,0,0,0,0,0,0,0,0,0,0,0,0,0,1,0,0,0,0,0,0,0,0,0
107163,28.286,0.01,0,0.03,1,0,0,0,0,0,0,14.143,0,0,0,0,0,0,0,0,0,0,0,0,0,0,0,0,0,0,0,0,1,0,0,0,0,0,0,0,0,0,0,0,0,0,0
107164,0,0,0,0.03,0,0,0,0,0,0,0,0,0,0,0,0,0,0,0,0,0,0,0,0,0,0,0,0,0,0,0,0,0,0,0,0,0,0,0,0,0,0,0,0,0,0,0
107165,0,0,0,0.03,0,0,0,0,0,0,0,0,0,0,0,0,0,0,0,0,0,0,0,0,0,0,0,0,0,0,0,0,0,0,0,0,0,0,0,0,0,0,0,0,0,0,0
107166,58.6517,0.03,0.0001,0.03,2,0,0,0,0,12.4272,0,0,0,0,0,11.2658,0,0,0,0,0,0,0,0,0,0,0,0,0,0,1,0,0,0,0,0,1,0,0,0,0,0,0,0,0,0,0
107167,24.8543,0,0,0.03,1,0,0,0,0,12.4272,0,0,0,0,0,0,0,0,0,0,0,0,0,0,0,0,0,0,0,0,1,0,0,0,0,0,0,0,0,0,0,0,0,0,0,0,0
107168,139.384,0.02,0,0.01,3,0,0,0,28.4546,23.2646,25.0864,0,0,0,0,0,0,0,0,0,0,0,0,0,0,0,0,0,0,1,1,1,0,0,0,0,0,0,0,0,0,0,0,0,0,0,0
107169,440.7912,0.05,0.0001,0.02,16,0,13.6637,79.6328,17.6181,57.6187,46.598,32.993,0,0,0,0,0,0,0,0,0,0,0,0,0,0,0,1,5,1,4,3,2,0,0,0,0,0,0,0,0,0,0,0,0,0,0
107170,70.1396,0.03,0.0001,0.02,2,0,0,0,0,0,15.8672,0,0,0,19.2027,0,0,0,0,0,0,0,0,0,0,0,0,0,0,0,0,1,0,0,0,1,0,0,0,0,0,0,0,0,0,0,0
107171,199.6593,0.08,0.0005,0.03,7,0,0,0,0,12.5047,53.9498,14.3206,0,0,0,0,0,0,12.703,0,0,0,0,0,0,0,0,0,0,0,1,4,1,0,0,0,0,0,0,1,0,0,0,0,0,0,0
107172,202.7725,0.07,0.0004,0.02,5,0,18.2427,0,23.5225,0,20.7381,22.0249,0,0,0,0,18.1995,0,0,0,0,0,0,0,0,0,0,1,0,1,0,1,1,0,0,0,0,1,0,0,0,0,0,0,0,0,0
107173,27.1491,0,0,0.03,1,0,0,0,0,0,13.5745,0,0,0,0,0,0,0,0,0,0,0,0,0,0,0,0,0,0,0,0,1,0,0,0,0,0,0,0,0,0,0,0,0,0,0,0
107174,23.0927,0,0,0.03,1,0,0,0,15.3951,0,0,0,0,0,0,0,0,0,0,0,0,0,0,0,0,0,0,0,0,1,0,0,0,0,0,0,0,0,0,0,0,0,0,0,0,0,0
107175,1338.958,0.27,0.001,0.03,48,0,12.2155,85.4311,94.5049,51.5117,263.8465,132.7342,0,0,0,0,12.1911,12.6576,0,0,0,0,0,0,0,0.8,0,1,6,6,4,19,9,0,0,0,0,1,1,0,0,0,0,0,0,0,1
107176,1448.3281,0.27,0.0007,0.02,48,0,55.3351,32.2497,124.8683,43.7504,267.3517,217.1261,17.5622,0,19.034,0,0,0,0,0,0,0,0,0,0,0,0,4,2,7,3,17,13,1,0,1,0,0,0,0,0,0,0,0,0,0,0
107177,4044.9839,1.88,0.0108,0.02,121,0,26.6745,62.1843,103.1835,84.36,439.6885,305.9436,169.2956,53.0157,146.7903,114.7143,199.5802,124.3281,14.2884,0,0,0,0,0,0,0,0,2,4,6,6,29,19,10,3,8,9,15,9,1,0,0,0,0,0,0,0
107178,17770.2793,5.67,0.0242,0.02,592,0,74.9755,203.921,354.4792,408.3906,2713.2369,2278.1213,888.2863,728.5579,464.1696,286.6276,162.062,103.5464,40.1474,27.18,0,0,0,0,0,0,0,6,14,22,31,191,151,56,44,27,24,13,8,3,2,0,0,0,0,0,0
107179,8282.5619,1.96,0.0062,0.03,295,0,24.4493,256.4754,346.7609,322.1759,1431.3063,1003.5697,496.5418,259.1654,67.2726,35.0452,12.1911,0,13.0871,0,0,0,0,0,0,0,0,2,18,22,25,103,68,32,16,4,3,1,0,1,0,0,0,0,0,0,0
107180,10752.4714,3.34,0.0127,0.02,359,0,37.3866,203.369,176.7624,275.9052,1515.8755,1203.6886,522.0408,445.8616,651.5157,273.9382,24.8684,0,0,0,0,0,0,0,0,0,0,3,14,11,21,107,80,33,27,38,23,2,0,0,0,0,0,0,0,0,0
107181,14447.9491,3.52,0.0112,0.02,496,0,190.5971,503.5674,425.9774,549.2125,2296.6697,1917.5965,548.3957,521.9371,367.1022,109.2923,12.6773,0,0,0,0,0,0,0,0,0,0,15,34,26,41,159,125,34,31,21,9,1,0,0,0,0,0,0,0,0,0
107182,5589.7739,0.73,0.0014,0.02,212,0,258.0281,481.2156,582.2347,571.2428,997.2971,202.4872,32.7511,0,0,0,0,0,0,0,0,0,0,0,0,0,0,20,32,35,42,68,13,2,0,0,0,0,0,0,0,0,0,0,0,0,0
107183,17900.6478,8.04,0.0397,0.02,544,0,51.1468,149.0408,197.8425,215.6757,1351.7963,1204.1104,957.6091,796.3079,1336.9081,1319.7682,471.9768,26.4866,13.6976,0,0,0,0,0,0,0.83,0,4,10,12,16,93,78,59,47,76,108,37,2,1,0,0,0,0,0,0,1
107184,52933.2361,27.62,0.1372,0.02,1404,0,13.9303,0,0,0,316.6744,1278.0227,4278.6334,6016.6053,6323.4679,4286.2853,1208.8924,0,0,0,0,0,0,0,0,0,0,1,0,0,0,20,76,242,326,330,322,87,0,0,0,0,0,0,0,0,0
107185,44352.1181,27.89,0.157,0.02,1163,0,27.1618,0,0,14.3207,92.6386,377.1398,1517.1396,2195.567,3755.6923,6918.405,2506.6543,14.0672,0,0,0,0,0,0,0,0.89,0,2,0,0,1,6,23,88,122,201,533,185,1,0,0,0,0,0,0,0,1
107186,24194.8211,10.54,0.0488,0.02,714,0,0,30.5402,118.2348,96.6709,1325.351,2751.9088,1363.531,1145.617,2541.0926,1552.4132,274.4422,0,0,14.25,0,0,0,0,0,0,0,0,2,7,7,89,174,82,66,141,124,21,0,0,1,0,0,0,0,0,0
107187,30294.2826,23.56,0.1564,0.02,782,0,26.6147,0,0,28.0597,181.5352,401.6662,219.6011,176.3319,823.8589,3001.4833,4819.2048,771.9028,228.024,14.47,0,0,0,0,0,0.87,0,2,0,0,2,12,25,13,10,45,236,363,56,16,1,0,0,0,0,0,1
107188,30571.0061,21.78,0.1331,0.02,794,0,13.3648,0,0,0,0,32.2677,356.2545,602.0902,2077.6314,4329.8722,3613.1744,166.1105,0,0,0,0,0,0,0,0.87,0,1,0,0,0,0,2,21,34,113,339,271,12,0,0,0,0,0,0,0,1
107189,28919.2397,19.46,0.1142,0.02,792,0,38.5681,14.9834,0,0,14.6128,46.5661,603.8056,664.3575,2741.426,4496.8732,2308.5877,79.898,13.7665,0,0,0,0,0,0,0,0,3,1,0,0,1,3,37,39,155,366,180,6,1,0,0,0,0,0,0,0
107190,23921.944,14.6,0.0808,0.02,663,0,12.9143,0,0,0,73.3917,436.5094,737.5878,1146.3643,2558.0942,3529.4292,1094.9711,0,13.8256,0,0,0,0,0,0,0.84,0,1,0,0,0,5,28,45,67,144,286,85,0,1,0,0,0,0,0,0,1
107191,15866.4883,7.75,0.0376,0.02,469,0,12.5511,0,0,0,328.1026,893.8817,1130.9664,1130.6959,2037.1599,1319.2322,187.7835,13.0004,0,0,0,0,0,0,0,2.46,0,1,0,0,0,23,59,71,68,118,110,15,1,0,0,0,0,0,0,0,3
107192,5352.4484,1.3,0.0038,0.02,184,0,37.4418,72.7359,112.6447,157.8826,950.5597,753.384,396.0553,165.3746,85.8511,0,0,0,0,0,0,0,0,0,0,0,0,3,5,7,12,67,50,25,10,5,0,0,0,0,0,0,0,0,0,0,0
107193,7127.8706,1.71,0.0057,0.02,224,0,12.997,106.0627,50.2817,109.628,1123.0359,1365.3453,495.0089,51.6755,0,12.4258,0,26.9247,0,14.14,0,0,0,0,0,4.24,0,1,7,3,8,76,87,30,3,0,1,0,2,0,1,0,0,0,0,0,5
107194,5459.4621,1.14,0.0044,0.02,174,0,133.0644,93.0621,205.8869,266.5347,1149.6136,514.085,118.2353,0,18.3087,12.7158,26.5471,27.5629,0,0,14.47,0,0,0,0,4.34,0,10,6,12,19,76,32,7,0,1,1,2,2,0,0,1,0,0,0,0,5
107195,1169.507,0.34,0.0019,0.03,38,0,24.362,42.5923,47.1161,25.6815,166.1628,102.9384,0,16.1395,16.757,11.6437,36.4541,0,0,13.25,0,0,0,0,0,1.59,0,2,3,3,2,12,7,0,1,1,1,3,0,0,1,0,0,0,0,0,2
107196,770.0086,0.25,0.0017,0.02,13,0,34.7109,0,0,0,39.4554,20.9518,0,0,23.8747,16.5823,34.6286,0,18.5819,0,0,0,0,0,0,3.4,0,2,0,0,0,2,1,0,0,1,1,2,0,1,0,0,0,0,0,0,3
107197,261.9083,0.28,0.0028,0.03,8,0,24.5091,0,0,0,0,0,0,0,0,11.714,36.6742,0,0,0,13.33,13.33,0,0,0,0,0,2,0,0,0,0,0,0,0,0,1,3,0,0,0,1,1,0,0,0,0
107198,0,0,0,0.03,0,0,0,0,0,0,0,0,0,0,0,0,0,0,0,0,0,0,0,0,0,0,0,0,0,0,0,0,0,0,0,0,0,0,0,0,0,0,0,0,0,0,0
107199,335.0886,0.03,0.0001,0.03,7,0,24.3436,0,0,12.8343,0,0,0,0,0,11.6349,0,0,0,0,0,0,0,0,0,2.38,0,2,0,0,1,0,0,0,0,0,1,0,0,0,0,0,0,0,0,0,3
107200,565.2937,0.34,0.0031,0.02,12,0,14.128,0,0,0,16.0623,17.059,17.9357,18.7224,0,13.5067,0,29.2677,0,15.37,0,15.37,0,0,0,1.84,0,1,0,0,0,1,1,1,1,0,1,0,2,0,1,0,1,0,0,0,2
107201,2574.5095,2.28,0.0206,0.02,63,0,0,16.5053,0,29.8562,80.4926,85.4872,53.9237,75.0521,58.4429,121.806,155.4023,102.6797,60.6594,61.6,0,15.4,15.4,11.55,11.55,0.92,0,0,1,0,2,5,5,3,4,3,9,11,7,4,4,0,1,1,1,1,1
107202,14420.6698,16.68,0.1544,0.02,353,0,13.3464,0,17.2091,42.2123,60.6952,112.8037,50.8268,106.1208,201.9948,420.9648,1091.9256,829.5429,628.9765,769.37,450.01,130.65,58.07,0,0,0.87,0,1,0,1,3,4,7,3,6,11,33,82,60,44,53,31,9,4,0,0,1
107203,14004.072,15.2,0.1384,0.02,363,0,38.4302,14.9298,0,54.0191,262.1253,201.0588,65.0431,118.8163,176.2394,367.2809,984.0494,862.4774,658.5184,710.52,195.05,139.32,69.66,10.45,0,1.67,0,3,1,0,4,18,13,4,7,10,30,77,65,48,51,14,10,5,1,0,2
107204,12442.2883,13.61,0.1236,0.02,320,0,38.5084,14.962,0,13.5322,204.2872,139.4764,65.1753,102.0514,141.2749,355.7603,896.3908,757.8452,549.8731,656.12,293.16,69.8,13.96,20.94,0,1.68,0,3,1,0,1,14,9,4,6,8,29,70,57,40,47,21,5,1,2,0,2
107205,15400.2528,17.16,0.1538,0.02,397,0,25.424,14.8173,0,26.806,158.9644,107.4381,80.6833,101.0686,244.8444,303.7372,1077.9916,1092.9044,762.4074,1092.21,207.38,69.13,0,0,0,0.83,0,2,1,0,2,11,7,5,6,14,25,85,83,56,79,15,5,0,0,0,1
107206,20167.4928,20.64,0.1796,0.02,517,0,91.0528,106.1324,134.1753,82.2791,192.2317,141.3414,148.6054,137.888,483.1699,745.8891,1025.1635,1199.1175,1225.8803,1358.06,99.03,0,0,0,0,3.4,0,7,7,8,6,13,9,9,8,27,60,79,89,88,96,7,0,0,0,0,4
107207,12016.7475,9.9,0.0747,0.02,321,0,12.9603,15.1066,33.4282,0,221.0184,312.9744,329.0592,257.6221,427.9654,718.4716,892.2262,604.1542,360.9133,310.12,28.19,0,0,0,0,0.85,0,1,1,2,0,15,20,20,15,24,58,69,45,26,22,2,0,0,0,0,1
