NASA Data Processing/CAMP2Ex/FCDP/CAMP2Ex-HawkFCDP_P3B_20190906_R1.ict
79, 1001
Lawson, Paul
SPEC Inc
Hawkeye-FCDP on P3-B
CAMP2Ex 2019
1, 1
2019,09,06, 2021,01,13
1
Time_Start, seconds, elapsed time from 00:00:00 UTC
47
1,1,1,1,1,1,1,1,1,1,1,1,1,1,1,1,1,1,1,1,1,1,1,1,1,1,1,1,1,1,1,1,1,1,1,1,1,1,1,1,1,1,1,1,1,1,1
-9.99e+002,-9.99e+002,-9.99e+002,-9.99e+002,-9.99e+002,-9.99e+002,-9.99e+002,-9.99e+002,-9.99e+002,-9.99e+002,-9.99e+002,-9.99e+002,-9.99e+002,-9.99e+002,-9.99e+002,-9.99e+002,-9.99e+002,-9.99e+002,-9.99e+002,-9.99e+002,-9.99e+002,-9.99e+002,-9.99e+002,-9.99e+002,-9.99e+002,-9.99e+002,-9.99e+002,-9.99e+002,-9.99e+002,-9.99e+002,-9.99e+002,-9.99e+002,-9.99e+002,-9.99e+002,-9.99e+002,-9.99e+002,-9.99e+002,-9.99e+002,-9.99e+002,-9.99e+002,-9.99e+002,-9.99e+002,-9.99e+002,-9.99e+002,-9.99e+002,-9.99e+002,-9.99e+002
conc, #/L, CldMicro_NumSizeDist_InSitu_Optical_Drop_AMB, particle number concentration
ext,  1/km, CldOpt_Extinction_InSitu_IR, extinction of the particles
twc,  g/m3, CldMicro_TWC_InSitu_Optical_Drop_AMB, total water content across instrument size range
sv, liter, none, sample volume
CNT, #, none, accepted or rejected event count in this second. negative means rejected particle numbers. 
cbin01, #/liter/um, CldMicro_NumSizeDist_InSitu_Optical_Drop_AMB, concentration of size ( 0.00 - 1.5 um)    
cbin02, #/liter/um, CldMicro_NumSizeDist_InSitu_Optical_Drop_AMB, concentration of size ( 1.5  - 3.0 um)    
cbin03, #/liter/um, CldMicro_NumSizeDist_InSitu_Optical_Drop_AMB, concentration of size ( 3.0  - 4.5 um)    
cbin04, #/liter/um, CldMicro_NumSizeDist_InSitu_Optical_Drop_AMB, concentration of size ( 4.5  - 6.0 um)    
cbin05, #/liter/um, CldMicro_NumSizeDist_InSitu_Optical_Drop_AMB, concentration of size ( 6.0  - 8.0 um)    
cbin06, #/liter/um, CldMicro_NumSizeDist_InSitu_Optical_Drop_AMB, concentration of size ( 8.0  -10.0 um)    
cbin07, #/liter/um, CldMicro_NumSizeDist_InSitu_Optical_Drop_AMB, concentration of size ( 10.0 -12.0 um)    
cbin08, #/liter/um, CldMicro_NumSizeDist_InSitu_Optical_Drop_AMB, concentration of size ( 12.0 -14.0 um)    
cbin09, #/liter/um, CldMicro_NumSizeDist_InSitu_Optical_Drop_AMB, concentration of size ( 14.0 -16.0 um)   
cbin10, #/liter/um, CldMicro_NumSizeDist_InSitu_Optical_Drop_AMB, concentration of size ( 16.0 -18.0 um)    
cbin11, #/liter/um, CldMicro_NumSizeDist_InSitu_Optical_Drop_AMB, concentration of size ( 18.0 -21.0 um)    
cbin12, #/liter/um, CldMicro_NumSizeDist_InSitu_Optical_Drop_AMB, concentration of size ( 21.0 -24.0 um)    
cbin13, #/liter/um, CldMicro_NumSizeDist_InSitu_Optical_Drop_AMB, concentration of size ( 24.0 -27.0 um)    
cbin14, #/liter/um, CldMicro_NumSizeDist_InSitu_Optical_Drop_AMB, concentration of size ( 27.0 -30.0 um)    
cbin15, #/liter/um, CldMicro_NumSizeDist_InSitu_Optical_Drop_AMB, concentration of size ( 30.0 -33.0 um)    
cbin16, #/liter/um, CldMicro_NumSizeDist_InSitu_Optical_Drop_AMB, concentration of size ( 33.0 -36.0 um)    
cbin17, #/liter/um, CldMicro_NumSizeDist_InSitu_Optical_Drop_AMB, concentration of size ( 36.0 -39.0 um)    
cbin18, #/liter/um, CldMicro_NumSizeDist_InSitu_Optical_Drop_AMB, concentration of size ( 39.0 -42.0 um)    
cbin19, #/liter/um, CldMicro_NumSizeDist_InSitu_Optical_Drop_AMB, concentration of size ( 42.0 -46.0 um)    
cbin20, #/liter/um, CldMicro_NumSizeDist_InSitu_Optical_Drop_AMB, concentration of size ( 46.0 -50.0 um)    
[...]
INSTRUMENT_INFO: Hawkeye-FCDP SN02: Hawkeye- Fast Cloud Droplet Probe measuring size 1-50 microns in 20 bins with one overflow bin for particles >50um: concentration, extinction, liquid water content, see http://www.specinc.com/hawkeye-combination-cloud-particle_probe
DATA_INFO: Concentration (#/L), Extinction (1/km), LWC (g/m^3), Sample Volume (L), Total Counts, Concentration 21 Bins (#/L/um), Particle Counts 21 Bins
UNCERTAINTY: variables are not calculated
ULOD_FLAG: -7777
ULOD_VALUE: n/a
LLOD_FLAG: -8888
LLOD_VALUE: n/a
DM_CONTACT_INFO: Sarah Woods, SPEC Inc, 3022 Sterling Circle, Suite 200, Boulder, CO 80301, 303-449-1105, swoods@specinc.com
PROJECT_INFO: CAMP2Ex Campaign, 2019-08-24--2019-10-07
STIPULATIONS_ON_USE: Please contact PI or DM for stipulations or assistance interpreting and analyzing data.
OTHER_COMMENTS: For R0, P3 Nav TAS is used to calculate the sample volume; Adaptive2 shattering removal is applied. Extinction coefficient is also calculated assuming particles are spheres. software version: SP3Cv40
REVISION: R1
R1: Final Data with Correction Applied to FCDP 1Hz Bin Concentrations: FCDP Conc (#/L/um)= FCDP Conc * [Bin Center /30 ^ 0.3] 
Time_Start,conc,ext,twc,sv,CNT,cbin01,cbin02,cbin03,cbin04,cbin05,cbin06,cbin07,cbin08,cbin09,cbin10,cbin11,cbin12,cbin13,cbin14,cbin15,cbin16,cbin17,cbin18,cbin19,cbin20,cbin21,nbin01,nbin02,nbin03,nbin04,nbin05,nbin06,nbin07,nbin08,nbin09,nbin10,nbin11,nbin12,nbin13,nbin14,nbin15,nbin16,nbin17,nbin18,nbin19,nbin20,nbin21
[from data line 24123]
109988,68018.7165,43.84,0.2832,0.02,1869,0,13.0062,15.1602,33.5409,109.699,798.4663,1633.2041,3632.4202,4429.456,5672.6269,5730.7331,3789.1062,862.2678,348.2497,282.92,56.58,212.19,70.73,42.44,31.83,10.19,0,1,1,2,8,54,104,220,257,317,461,292,64,25,20,4,15,5,4,3,12
109989,42593.468,20.76,0.1279,0.02,1200,0,82.2348,191.7028,265.0843,520.1576,3349.7702,3375.6078,3079.3558,2560.65,2432.3619,1571.8251,916.1039,411.6904,205.4934,74.53,104.34,89.43,89.43,22.36,33.54,5.37,0,6,12,15,36,215,204,177,141,129,120,67,29,14,5,7,6,6,2,3,6
109990,2901.5847,1.76,0.0187,0.01,23,0,38.9267,136.1259,0,41.0362,88.5063,46.9954,98.829,51.578,53.5515,0,77.669,40.3252,0,0,42.34,84.67,0,31.75,0,10.16,0,1,3,0,1,2,1,2,1,1,0,2,1,0,0,1,2,0,1,0,4
109991,21188.9257,10.46,0.0648,0.02,450,0,54.0386,62.9881,116.1304,360.8016,1474.3295,1848.5244,1417.6337,1121.7937,1090.377,636.9571,610.9867,354.4979,115.7451,97.95,19.59,19.59,0,29.39,14.69,4.7,0,3,3,5,19,72,85,62,47,44,37,34,19,6,5,1,1,0,2,1,4
109992,19112.3871,11.05,0.0775,0.02,562,0,25.2769,44.1946,81.481,173.2114,1063.1978,1113.9089,1299.4995,1021.5617,1234.5276,736.8114,718.6978,327.278,135.3511,109.96,41.24,13.75,0,20.62,61.85,4.95,0,2,3,5,13,74,73,81,61,71,61,57,25,10,8,3,1,0,2,6,6
109993,32.3738,0.02,0.0001,0.03,1,0,0,0,0,0,0,0,0,0,0,10.7913,0,0,0,0,0,0,0,0,0,0,0,0,0,0,0,0,0,0,0,0,1,0,0,0,0,0,0,0,0,0,0
109994,0,0,0,0.03,0,0,0,0,0,0,0,0,0,0,0,0,0,0,0,0,0,0,0,0,0,0,0,0,0,0,0,0,0,0,0,0,0,0,0,0,0,0,0,0,0,0,0
109995,0,0,0,0.03,0,0,0,0,0,0,0,0,0,0,0,0,0,0,0,0,0,0,0,0,0,0,0,0,0,0,0,0,0,0,0,0,0,0,0,0,0,0,0,0,0,0,0
109996,0,0,0,0.03,0,0,0,0,0,0,0,0,0,0,0,0,0,0,0,0,0,0,0,0,0,0,0,0,0,0,0,0,0,0,0,0,0,0,0,0,0,0,0,0,0,0,0
109997,1099.6319,0.57,0.006,0.01,8,0,0,38.1605,0,0,0,0,0,0,0,62.577,0,0,0,0,35.61,35.61,0,0,0,6.41,0,0,1,0,0,0,0,0,0,0,2,0,0,0,0,1,1,0,0,0,3
109998,3129.4959,1.91,0.0209,0.01,21,0,40.968,0,52.8248,0,46.5771,0,104.0113,0,112.7281,156.6227,40.8755,0,43.8796,44.56,0,0,0,33.42,33.42,13.37,0,1,0,1,0,1,0,2,0,2,4,1,0,1,1,0,0,0,1,1,5
109999,3701.1133,1.39,0.0113,0.01,50,0,53.2478,62.0664,102.9938,196.4824,484.2657,64.2912,67.5953,35.2761,146.5204,0,0,27.5819,28.5178,0,86.87,28.96,0,0,0,8.69,0,2,2,3,7,16,2,2,1,4,0,0,1,1,0,3,1,0,0,0,5
110000,2594.9322,2.06,0.0222,0.01,13,0,0,0,0,0,0,63.5511,0,69.7481,0,150.9283,52.5163,0,0,0,57.25,114.5,57.25,0,0,10.31,0,0,0,0,0,0,1,0,1,0,3,1,0,0,0,1,2,1,0,0,3
110001,1419.2956,0.37,0.0029,0.01,8,0,0,0,0,0,42.9326,0,0,0,0,0,75.3574,0,40.4527,0,0,0,0,0,0,9.86,0,0,0,0,0,1,0,0,0,0,0,2,0,1,0,0,0,0,0,0,4
110002,2235.3257,0.77,0.0076,0.01,17,0,0,0,128.9942,70.3108,0,40.2606,42.3297,0,0,0,0,34.544,0,36.27,72.53,0,0,0,0,13.06,0,0,0,3,2,0,1,1,0,0,0,0,1,0,1,2,0,0,0,0,6
110003,1372.1095,0.27,0.0025,0.01,14,0,23.8562,55.609,30.7606,0,0,28.8041,0,31.6129,0,0,0,24.7056,0,0,25.94,0,0,0,0,9.34,0,1,2,1,0,0,1,0,1,0,0,0,1,0,0,1,0,0,0,0,6
110004,243.0359,0.05,0.0004,0.02,4,0,0,15.8515,0,0,0,0,0,0,0,0,0,14.0862,0,0,0,0,0,0,0,1.77,0,0,1,0,0,0,0,0,0,0,0,0,1,0,0,0,0,0,0,0,2
110005,0,0,0,0.03,0,0,0,0,0,0,0,0,0,0,0,0,0,0,0,0,0,0,0,0,0,0,0,0,0,0,0,0,0,0,0,0,0,0,0,0,0,0,0,0,0,0,0
110006,364,0,0,0.01,1,0,0,0,0,0,0,0,0,0,0,0,0,0,0,0,0,0,0,0,0,3.64,0,0,0,0,0,0,0,0,0,0,0,0,0,0,0,0,0,0,0,0,1
110007,0,0,0,0.03,0,0,0,0,0,0,0,0,0,0,0,0,0,0,0,0,0,0,0,0,0,0,0,0,0,0,0,0,0,0,0,0,0,0,0,0,0,0,0,0,0,0,0
110008,0,0,0,0.03,0,0,0,0,0,0,0,0,0,0,0,0,0,0,0,0,0,0,0,0,0,0,0,0,0,0,0,0,0,0,0,0,0,0,0,0,0,0,0,0,0,0,0
110009,766.72,0.48,0.0055,0,2,0,0,0,0,0,0,0,0,0,0,0,0,0,0,0,85.24,0,0,0,0,5.11,0,0,0,0,0,0,0,0,0,0,0,0,0,0,0,1,0,0,0,0,1
110010,584.015,0.24,0.0019,0.02,11,0,19.3875,22.5983,0,81.7621,0,0,0,25.6915,0,18.5332,0,20.0864,0,21.09,0,0,0,0,0,1.27,0,1,1,0,4,0,0,0,1,0,1,0,1,0,1,0,0,0,0,0,1
110011,3241.3354,1.51,0.0101,0.01,53,0,0,55.0784,60.9284,124.5367,241.7217,199.6675,89.974,313.0583,130.0164,67.7354,47.1408,97.8891,0,0,0,0,0,19.27,0,1.54,0,0,2,2,5,9,7,3,10,4,3,2,4,0,0,0,0,0,1,0,1
110012,2794.1045,0.93,0.0066,0.01,43,0,0,121.6945,80.7696,44.0283,142.4212,100.8365,79.5161,55.3388,86.18,39.9136,20.8322,0,67.0896,45.42,0,0,0,0,0,9.54,0,0,5,3,2,6,4,3,2,3,2,1,0,3,2,0,0,0,0,0,7
110013,4236.5783,3.24,0.0305,0.02,112,0,13.751,32.0621,70.935,115.9934,328.3187,166.0454,87.2895,164.01,75.6806,144.5836,109.7659,56.9829,73.6479,59.83,44.87,59.83,59.83,22.44,0,2.69,0,1,2,4,8,21,10,5,9,4,11,8,4,5,4,3,4,4,2,0,3
110014,396.494,0.33,0.0037,0.02,7,0,0,20.4709,22.6451,0,0,0,0,0,0,16.7845,0,36.3822,0,0,0,0,0,14.33,0,1.15,0,0,1,1,0,0,0,0,0,0,1,0,2,0,0,0,0,0,1,0,1
110015,1215.2056,0.66,0.0058,0.01,14,0,0,97.5582,35.9714,0,0,0,35.4122,73.9393,0,26.6618,27.8313,28.8962,0,0,60.68,0,0,0,0,3.64,0,0,3,1,0,0,0,1,2,0,1,1,1,0,0,2,0,0,0,0,2
110016,3076.4191,1.9,0.0142,0.02,72,0,0,38.2784,42.344,86.5572,280.0064,218.0808,83.3756,43.5205,67.7701,109.8547,163.8232,68.0309,70.3392,17.86,17.86,0,0,13.39,0,0,0,0,2,2,5,15,11,4,2,3,7,10,4,4,1,1,0,0,1,0,0
110017,2478.0358,1.05,0.0071,0.01,46,0,64.8288,25.1867,55.7295,136.6924,294.7865,104.3593,82.294,57.2719,29.7274,123.915,43.1138,22.3817,23.1412,0,0,0,23.5,0,0,1.41,0,3,1,2,6,12,4,3,2,1,6,2,1,1,0,0,0,1,0,0,1
110018,4845.9107,3.13,0.0262,0.02,149,0,12.6292,176.6283,113.9785,133.1252,430.6504,167.7032,176.322,83.662,138.981,168.9606,201.5616,52.3161,67.6214,82.4,0,54.93,41.2,10.3,0,0.82,0,1,12,7,10,30,11,11,5,8,14,16,4,5,6,0,4,3,1,0,1
110019,9148.3885,5.65,0.0508,0.02,177,0,18.7623,262.4666,145.1719,296.727,874.5757,181.2393,214.3721,198.9125,206.5234,251.0639,318.2348,116.6135,80.3835,61.22,142.85,61.22,81.63,0,30.61,11.02,0,1,12,6,15,41,8,9,8,8,14,17,6,4,3,7,3,4,0,2,9
110020,1634.7609,1.13,0.0125,0.01,14,0,33.2581,38.766,0,35.0649,0,0,0,44.0728,45.7592,31.785,0,68.8976,35.6177,0,0,0,36.17,27.13,0,6.51,0,1,1,0,1,0,0,0,1,1,1,0,2,1,0,0,0,1,1,0,3
110021,1457.0245,0.45,0.0045,0.02,26,0,30.5685,17.8182,59.1263,32.2279,0,0,58.2112,20.2576,21.0327,14.6051,30.5007,0,16.3662,0,0,0,0,0,12.47,7.98,0,2,1,3,2,0,0,3,1,1,1,2,0,1,0,0,0,0,0,1,8
110022,44037.7071,31,0.2432,0.02,1080,0,73.9088,430.7458,381.1969,872.668,2436.5266,1606.1688,713.0148,842.2245,1728.5596,2994.9277,2344.7207,933.9655,728.1978,498.35,289.37,257.21,80.38,60.28,60.28,14.47,0,5,25,20,56,145,90,38,43,85,212,159,61,46,31,18,16,5,5,5,15
110023,51923.65,33.48,0.2533,0.02,1443,0,93.6458,748.4998,1000.4997,1015.4609,3026.4131,1841.3011,1154.7691,1240.878,2981.6152,3337.0406,2575.8657,734.4253,544.4374,378.29,247.34,218.24,130.95,141.86,43.65,13.97,0,7,48,58,72,199,114,68,70,162,261,193,53,38,26,17,15,9,13,4,16
110024,54849.8732,25.42,0.1652,0.02,1741,0,317.2572,1183.3558,1358.1327,1886.3646,6145.5345,4167.3874,1820.2797,1378.8553,1955.3736,1588.7941,1645.8278,854.4009,326.1721,317.43,138.01,110.41,55.21,20.7,41.4,4.97,0,25,80,83,141,426,272,113,82,112,131,130,65,24,23,10,8,4,2,4,6
110025,50363.6385,24.21,0.162,0.02,1577,0,327.1234,645.2719,1054.4864,1339.6531,5234.7437,4101.32,1900.5194,1317.0348,1990.5574,1466.9706,1543.8683,742.8256,323.3853,218.93,191.56,109.47,54.73,51.31,41.05,12.31,0,26,44,65,101,366,270,119,79,115,122,123,57,24,16,14,8,4,5,4,15
110026,60290.0595,29,0.1888,0.02,1859,0,243.6794,597.9746,578.7964,1135.7453,7377.2922,5543.3751,2881.5732,1461.502,1993.8211,1605.6928,1880.853,916.6316,453.2613,292.91,125.53,97.64,153.43,62.77,10.46,5.02,0,19,40,35,84,506,358,177,86,113,131,147,69,33,21,9,7,11,6,1,6
110027,40899.5563,15.42,0.0908,0.02,1356,0,338.7044,1140.5224,1391.0629,1772.129,5262.1088,3801.4747,1528.6714,664.8854,983.7208,803.255,863.5234,415.7953,268.6934,122.79,54.57,81.86,13.64,10.23,20.46,5.73,0,27,78,86,134,369,251,96,40,57,67,69,32,20,9,4,6,1,1,2,7
110028,8208.6087,3.46,0.0244,0.02,173,0,88.9471,228.0841,252.3094,300.0616,788.6686,493.9695,135.4863,165.001,171.3144,136.0069,124.2319,165.8343,133.362,58.04,58.04,19.35,0,0,0,11.61,0,5,11,11,16,39,23,6,7,7,8,7,9,7,3,3,1,0,0,0,10
110029,5000.664,2.25,0.0203,0.01,36,0,35.6947,41.6062,92.0566,37.6305,40.5773,43.0951,90.6276,0,49.1072,34.1138,178.06,147.9003,0,116.47,38.82,0,38.82,0,0,25.62,0,1,1,2,1,1,1,2,0,1,1,5,4,0,3,1,0,1,0,0,11
110030,4286.9129,3,0.0312,0.01,41,0,62.0934,36.1884,40.0321,98.196,35.2952,0,157.6393,41.1406,128.1442,89.0192,92.924,128.633,33.2543,33.77,33.77,33.77,67.53,50.65,0,14.18,0,2,1,1,3,1,0,4,1,3,3,3,4,1,1,1,1,2,2,0,7
110031,5828.7098,2.64,0.0295,0.01,30,0,0,304.8124,67.4374,110.2742,59.4548,126.2881,66.3892,0,0,49.9843,104.3537,54.1733,112.0229,0,0,0,56.88,85.32,0,30.72,0,0,5,1,2,1,2,1,0,0,1,2,1,2,0,0,0,1,2,0,9
110032,5866.264,2.99,0.0315,0.01,38,0,42.2323,147.6797,108.91,0,144.031,0,0,223.8405,116.2026,121.0854,126.3968,87.4887,0,45.93,0,91.86,0,34.45,34.45,27.56,0,1,3,2,0,3,0,0,4,2,3,3,2,0,1,0,2,0,1,1,10
110033,11006.0044,4.99,0.0402,0.02,256,0,153.8128,398.4211,396.6632,306.2978,1282.265,866.617,347.1116,113.228,117.5604,212.3366,221.6508,70.812,109.8171,92.93,18.59,18.59,55.76,41.82,13.94,8.92,0,9,20,18,17,66,42,16,5,5,13,13,4,6,5,1,1,3,3,1,8
110034,3864.3805,2.26,0.0232,0.01,44,0,0,0,0,24.6799,79.8445,56.5351,59.4406,155.1158,0,134.2581,116.7833,48.4969,25.0712,25.46,0,25.46,50.92,19.1,19.1,16.81,0,0,0,0,1,3,2,2,5,0,6,5,2,1,1,0,1,2,1,1,11
110035,2887.9852,1.28,0.0108,0.01,34,0,75.3662,29.2809,64.7817,26.4829,0,30.3287,159.4446,0,172.807,48.0159,0,52.0399,26.9028,27.32,81.96,0,0,0,0,11.47,0,3,1,2,1,0,1,5,0,5,2,0,2,1,1,3,0,0,0,0,7
110036,3488.0627,2.8,0.0289,0.01,36,0,98.726,153.4351,0,34.6901,74.8203,0,41.7695,87.2115,226.3755,125.8044,32.8307,68.1738,70.487,0,71.58,35.79,35.79,53.68,0,6.44,0,3,4,0,1,2,0,1,2,5,4,1,2,2,0,2,1,1,2,0,3
110037,2899.3593,1.96,0.0217,0.01,29,0,30.2099,35.2131,38.9532,95.5464,68.6811,36.4714,38.3458,80.0556,41.5594,86.6113,30.1338,31.2868,0,0,131.42,0,0,24.64,24.64,9.86,0,1,1,1,3,2,1,1,2,1,3,1,1,0,0,4,0,0,1,1,5
110038,2532.8013,1.53,0.0133,0.01,24,0,0,36.1027,79.8745,0,0,37.3965,0,82.0862,127.8406,59.2026,61.7995,64.1641,99.5168,33.69,0,0,33.69,0,0,8.08,0,0,1,2,0,0,1,0,2,3,2,2,2,3,1,0,0,1,0,0,4
110039,3733.263,2.19,0.0236,0.01,44,0,84.4692,164.0992,36.3033,59.37,192.0506,203.9673,35.7391,0,77.4769,53.8157,28.0882,29.1629,30.1524,91.87,0,30.62,30.62,22.97,22.97,11.02,0,3,5,1,2,6,6,1,0,2,2,1,1,1,3,0,1,1,1,1,6
110040,3370.2164,1.29,0.0108,0.01,32,0,27.0469,0,69.7494,57.0241,0,32.6525,34.3307,35.8366,111.6318,77.5424,53.9656,28.0105,57.9317,29.41,58.83,0,0,0,0,17.65,0,1,0,2,2,0,1,1,1,3,3,2,1,2,1,2,0,0,0,0,10
110041,3242.4218,1.34,0.0147,0.01,23,0,0,0,43.1799,0,38.0687,80.8691,85.0252,88.7548,46.0712,32.0047,0,0,0,36.42,0,36.42,36.42,27.32,0,19.67,0,0,0,1,0,1,2,2,2,1,1,0,0,0,1,0,1,1,1,0,9
110042,3627.673,2.68,0.0261,0.01,44,0,0,81.5405,0,49.1658,0,28.1528,29.5997,61.7962,32.0803,89.1422,139.5786,72.4596,124.8637,25.36,76.08,50.72,50.72,0,0,12.17,0,0,3,0,2,0,1,1,2,1,4,6,3,5,1,3,2,2,0,0,8
110043,4929.2966,2.41,0.0259,0.01,43,0,152.1945,35.4811,39.2496,64.178,69.2037,36.7526,38.6414,40.3365,83.7512,29.0872,91.0985,63.0593,65.199,33.1,33.1,33.1,66.21,0,24.83,25.82,0,5,1,1,2,2,1,1,1,2,1,3,2,2,1,1,1,2,0,1,13
110044,4279.1614,1.9,0.0189,0.01,47,0,74.5525,28.9647,128.1762,78.5956,28.2501,30.003,0,65.8574,170.9433,95.0036,24.795,77.2217,26.6172,0,27.03,81.08,0,0,20.27,21.08,0,3,1,4,3,1,1,0,2,5,4,1,3,1,0,1,3,0,0,1,13
110045,4627.6078,2.83,0.0276,0.01,37,0,36.559,127.8358,94.2796,0,83.1197,44.1387,0,0,150.8889,209.63,145.8897,37.868,39.1529,79.52,79.52,39.76,0,0,29.82,16.7,0,1,3,2,0,2,1,0,0,3,6,4,1,1,2,2,1,0,0,1,7
110046,5421.7943,2.77,0.0292,0.01,55,0,52.0709,0,134.2821,109.7895,59.19,94.3016,99.1481,34.4964,35.8163,49.7646,77.9167,80.898,27.8777,28.31,113.26,84.94,0,42.47,0,27.18,0,2,0,4,4,2,3,3,1,1,2,3,3,1,1,4,3,0,2,0,16
110047,4939.7553,2.03,0.0207,0.01,35,0,38.5635,134.8505,99.4489,121.9647,43.8385,46.5587,97.9031,51.0988,53.054,110.5665,76.9444,39.9442,0,0,41.94,41.94,41.94,31.45,0,25.16,0,1,3,2,3,1,1,2,1,1,3,2,1,0,0,1,1,1,1,0,10
110048,3600.7037,1.66,0.0158,0.01,28,0,97.88,0,0,0,37.0861,0,82.8309,0,89.7726,31.1787,65.1018,135.1761,34.9382,35.48,35.48,0,0,26.61,0,19.16,0,3,0,0,0,1,0,2,0,2,1,2,4,1,1,1,0,0,1,0,9
110049,4744.063,1.7,0.0126,0.01,35,0,37.1843,0,95.892,39.2008,42.2706,44.8935,188.8031,197.0849,51.1565,177.6868,37.0962,115.5468,0,40.44,0,40.44,0,0,0,21.84,0,1,0,2,1,1,1,4,4,1,5,1,3,0,1,0,1,0,0,0,9
110050,2924.8269,1.25,0.0116,0.01,31,0,52.4709,30.5831,67.6568,27.659,0,126.7025,0,34.7644,72.1892,25.0712,130.8733,27.1724,0,28.53,0,28.53,0,21.4,0,13.7,0,2,1,2,1,0,4,0,1,2,1,5,1,0,1,0,1,0,1,0,8
110051,3181.5103,1.48,0.014,0.01,33,0,25.0378,87.5478,32.2841,26.3924,0,30.2251,0,33.1724,34.4417,71.7777,99.9047,25.9342,26.8142,27.23,54.46,54.46,0,0,0,16.34,0,1,3,1,1,0,1,0,1,1,3,4,1,1,1,2,2,0,0,0,10
110052,5394.6156,1.55,0.0129,0.01,33,0,41.037,191.3384,52.9137,0,46.6538,99.0899,104.1825,54.3803,56.461,0,81.8795,85.0125,87.897,44.63,44.63,0,0,0,0,32.13,0,1,4,1,0,1,2,2,1,1,0,2,2,2,1,1,0,0,0,0,12
110053,3853.185,3.29,0.039,0.01,41,0,25.732,29.9936,66.3585,54.2582,29.2536,0,0,34.0984,35.4031,49.1846,154.0263,106.6132,0,55.97,83.96,27.99,0,41.98,62.97,15.11,0,1,1,2,2,1,0,0,1,1,2,6,4,0,2,3,1,0,2,3,9
110054,4473.598,2.63,0.0251,0.01,41,0,32.8213,114.7709,42.3203,34.5996,111.9343,79.2557,83.3289,86.9841,90.3124,156.8424,130.9742,0,70.2999,35.7,107.09,0,35.7,26.77,0,14.99,0,1,3,1,1,3,2,2,2,2,5,4,0,2,1,3,0,1,1,0,7
110055,3565.5655,1.83,0.0163,0.01,41,0,49.2986,57.4631,31.7862,0,56.0403,59.5176,62.5764,97.9901,0,141.3498,98.3637,25.5342,26.4006,80.42,26.81,26.81,26.81,0,0,14.48,0,2,2,1,0,2,2,2,3,0,6,4,1,1,3,1,1,1,0,0,9
110056,4776.9688,2.89,0.0304,0.01,37,0,35.828,167.0413,92.3945,0,122.1849,0,0,0,49.2927,136.9647,71.4863,148.4432,38.3651,0,0,116.89,116.89,0,0,21.04,0,1,4,2,0,3,0,0,0,1,4,2,4,1,0,0,3,3,0,0,9
110057,4151.0195,1.58,0.0141,0.01,43,0,50.8112,59.2262,32.7584,53.5667,0,61.3456,161.242,0,69.9037,145.6733,0,52.6304,54.4162,55.26,27.63,0,0,20.72,0,21.55,0,2,2,1,2,0,2,5,0,2,6,0,2,2,2,1,0,0,1,0,13
110058,2463.8057,1.53,0.0137,0.01,36,0,67.9091,105.5429,29.1897,23.8656,25.7345,0,57.4719,119.9778,62.2885,43.2705,22.5843,117.2326,48.4881,49.24,0,24.62,24.62,0,0,5.91,0,3,4,1,1,1,0,2,4,2,2,1,5,2,2,0,1,1,0,0,4
110059,3754.7252,2.61,0.0264,0.01,47,0,23.4241,54.6069,30.2034,49.392,26.6265,84.8433,29.732,62.0805,96.6795,111.9374,93.4744,72.793,100.344,76.43,0,0,50.95,19.11,19.11,12.23,0,1,2,1,2,1,3,1,2,3,5,4,3,4,3,0,0,2,1,1,8
110060,5096.7883,2.42,0.0239,0.01,38,0,112.8264,263.0239,0,79.3,42.7515,0,47.7377,49.8317,51.7384,35.9416,112.5637,77.9074,40.2754,0,163.61,81.8,0,0,0,24.54,0,3,6,0,2,1,0,1,1,1,1,3,2,1,0,4,2,0,0,0,10
110061,3677.3205,2.14,0.0226,0.01,48,0,109.2633,76.4174,28.176,0,24.8425,105.5361,27.74,0,60.1295,125.3123,43.6,67.9071,23.407,47.53,47.53,23.77,23.77,17.82,17.82,15.69,0,5,3,1,0,1,4,1,0,2,6,2,3,1,2,2,1,1,1,1,11
110062,4314.8601,2.53,0.0271,0.01,36,0,107.3278,83.4054,0,37.7145,81.3428,129.5814,90.83,237.0315,0,34.1928,35.6927,111.1753,38.3158,38.91,38.91,0,38.91,29.18,29.18,16.34,0,3,2,0,1,2,3,2,5,0,1,1,3,1,1,1,0,1,1,1,7
110063,3278.2373,1.52,0.0128,0.01,27,0,34.7384,80.9778,89.5787,36.6224,39.4902,0,0,92.0526,47.7916,99.5907,34.6562,71.9644,148.8025,0,0,37.78,0,0,0,13.6,0,1,2,2,1,1,0,0,2,1,3,1,2,4,0,0,1,0,0,0,6
110064,2108.6783,0.76,0.0064,0.01,22,0,53.5421,62.4094,0,56.4425,30.4312,32.3195,0,0,0,76.7516,53.4152,27.7248,0,0,58.23,0,0,0,0,10.48,0,2,2,0,2,1,1,0,0,0,3,2,1,0,0,2,0,0,0,0,6
110065,1382.4171,1.22,0.0154,0.02,22,0,18.7714,43.7605,48.4084,19.7878,0,22.6614,23.826,0,0,0,56.1855,19.4483,20.1082,0,0,20.42,40.83,0,30.62,4.9,0,1,2,2,1,0,1,1,0,0,0,3,1,1,0,0,1,2,0,2,4
110066,2582.3437,0.94,0.0086,0.01,27,0,27.1388,63.2668,69.9865,57.218,61.6987,0,103.3499,0,37.3343,51.8736,27.07,56.221,0,0,0,29.51,29.51,0,0,12.4,0,1,2,2,2,2,0,3,0,1,2,1,2,0,0,0,1,1,0,0,7
110067,2757.4945,1.76,0.0174,0.01,23,0,0,44.0392,0,39.8342,85.9001,182.4605,47.9633,150.1936,51.983,0,75.3849,39.1347,40.4625,0,0,82.18,0,30.82,0,7.4,0,0,1,0,1,2,4,1,3,1,0,2,1,1,0,0,2,0,1,0,3
110068,4640.0519,0.98,0.003,0.01,67,0,57.4499,133.9288,37.0384,181.6965,881.6626,485.5252,328.1644,0,0,27.4527,28.6569,0,0,0,0,0,0,0,0,3.75,0,2,4,1,6,27,14,9,0,0,1,1,0,0,0,0,0,0,0,0,2
