NASA Data Processing/CAMP2Ex/FCDP/CAMP2Ex-HawkFCDP_P3B_20190829_R1.ict
79, 1001
Lawson, Paul
SPEC Inc
Hawkeye-FCDP on P3-B
CAMP2Ex 2019
1, 1
2019,08,29, 2021,01,13
1
Time_Start, seconds, elapsed time from 00:00:00 UTC
47
1,1,1,1,1,1,1,1,1,1,1,1,1,1,1,1,1,1,1,1,1,1,1,1,1,1,1,1,1,1,1,1,1,1,1,1,1,1,1,1,1,1,1,1,1,1,1
-9.99e+002,-9.99e+002,-9.99e+002,-9.99e+002,-9.99e+002,-9.99e+002,-9.99e+002,-9.99e+002,-9.99e+002,-9.99e+002,-9.99e+002,-9.99e+002,-9.99e+002,-9.99e+002,-9.99e+002,-9.99e+002,-9.99e+002,-9.99e+002,-9.99e+002,-9.99e+002,-9.99e+002,-9.99e+002,-9.99e+002,-9.99e+002,-9.99e+002,-9.99e+002,-9.99e+002,-9.99e+002,-9.99e+002,-9.99e+002,-9.99e+002,-9.99e+002,-9.99e+002,-9.99e+002,-9.99e+002,-9.99e+002,-9.99e+002,-9.99e+002,-9.99e+002,-9.99e+002,-9.99e+002,-9.99e+002,-9.99e+002,-9.99e+002,-9.99e+002,-9.99e+002,-9.99e+002
conc, #/L, CldMicro_NumSizeDist_InSitu_Optical_Drop_AMB, particle number concentration
ext,  1/km, CldOpt_Extinction_InSitu_IR, extinction of the particles
twc,  g/m3, CldMicro_TWC_InSitu_Optical_Drop_AMB, total water content across instrument size range
sv, liter, none, sample volume
CNT, #, none, accepted or rejected event count in this second. negative means rejected particle numbers. 
cbin01, #/liter/um, CldMicro_NumSizeDist_InSitu_Optical_Drop_AMB, concentration of size ( 0.00 - 1.5 um)    
cbin02, #/liter/um, CldMicro_NumSizeDist_InSitu_Optical_Drop_AMB, concentration of size ( 1.5  - 3.0 um)    
cbin03, #/liter/um, CldMicro_NumSizeDist_InSitu_Optical_Drop_AMB, concentration of size ( 3.0  - 4.5 um)    
cbin04, #/liter/um, CldMicro_NumSizeDist_InSitu_Optical_Drop_AMB, concentration of size ( 4.5  - 6.0 um)    
cbin05, #/liter/um, CldMicro_NumSizeDist_InSitu_Optical_Drop_AMB, concentration of size ( 6.0  - 8.0 um)    
cbin06, #/liter/um, CldMicro_NumSizeDist_InSitu_Optical_Drop_AMB, concentration of size ( 8.0  -10.0 um)    
cbin07, #/liter/um, CldMicro_NumSizeDist_InSitu_Optical_Drop_AMB, concentration of size ( 10.0 -12.0 um)    
cbin08, #/liter/um, CldMicro_NumSizeDist_InSitu_Optical_Drop_AMB, concentration of size ( 12.0 -14.0 um)    
cbin09, #/liter/um, CldMicro_NumSizeDist_InSitu_Optical_Drop_AMB, concentration of size ( 14.0 -16.0 um)   
cbin10, #/liter/um, CldMicro_NumSizeDist_InSitu_Optical_Drop_AMB, concentration of size ( 16.0 -18.0 um)    
cbin11, #/liter/um, CldMicro_NumSizeDist_InSitu_Optical_Drop_AMB, concentration of size ( 18.0 -21.0 um)    
cbin12, #/liter/um, CldMicro_NumSizeDist_InSitu_Optical_Drop_AMB, concentration of size ( 21.0 -24.0 um)    
cbin13, #/liter/um, CldMicro_NumSizeDist_InSitu_Optical_Drop_AMB, concentration of size ( 24.0 -27.0 um)    
cbin14, #/liter/um, CldMicro_NumSizeDist_InSitu_Optical_Drop_AMB, concentration of size ( 27.0 -30.0 um)    
cbin15, #/liter/um, CldMicro_NumSizeDist_InSitu_Optical_Drop_AMB, concentration of size ( 30.0 -33.0 um)    
cbin16, #/liter/um, CldMicro_NumSizeDist_InSitu_Optical_Drop_AMB, concentration of size ( 33.0 -36.0 um)    
cbin17, #/liter/um, CldMicro_NumSizeDist_InSitu_Optical_Drop_AMB, concentration of size ( 36.0 -39.0 um)    
cbin18, #/liter/um, CldMicro_NumSizeDist_InSitu_Optical_Drop_AMB, concentration of size ( 39.0 -42.0 um)    
cbin19, #/liter/um, CldMicro_NumSizeDist_InSitu_Optical_Drop_AMB, concentration of size ( 42.0 -46.0 um)    
cbin20, #/liter/um, CldMicro_NumSizeDist_InSitu_Optical_Drop_AMB, concentration of size ( 46.0 -50.0 um)    
[...]
INSTRUMENT_INFO: Hawkeye-FCDP SN02: Hawkeye- Fast Cloud Droplet Probe measuring size 1-50 microns in 20 bins with one overflow bin for particles >50um: concentration, extinction, liquid water content, see http://www.specinc.com/hawkeye-combination-cloud-particle_probe
DATA_INFO: Concentration (#/L), Extinction (1/km), LWC (g/m^3), Sample Volume (L), Total Counts, Concentration 21 Bins (#/L/um), Particle Counts 21 Bins
UNCERTAINTY: variables are not calculated
ULOD_FLAG: -7777
ULOD_VALUE: n/a
LLOD_FLAG: -8888
LLOD_VALUE: n/a
DM_CONTACT_INFO: Sarah Woods, SPEC Inc, 3022 Sterling Circle, Suite 200, Boulder, CO 80301, 303-449-1105, swoods@specinc.com
PROJECT_INFO: CAMP2Ex Campaign, 2019-08-24--2019-10-07
STIPULATIONS_ON_USE: Please contact PI or DM for stipulations or assistance interpreting and analyzing data.
OTHER_COMMENTS: For R0, P3 Nav TAS is used to calculate the sample volume; Adaptive2 shattering removal is applied. Extinction coefficient is also calculated assuming particles are spheres. software version: SP3Cv40
REVISION: R1
R1: Final Data with Correction Applied to FCDP 1Hz Bin Concentrations: FCDP Conc (#/L/um)= FCDP Conc * [Bin Center /30 ^ 0.3] 
Time_Start,conc,ext,twc,sv,CNT,cbin01,cbin02,cbin03,cbin04,cbin05,cbin06,cbin07,cbin08,cbin09,cbin10,cbin11,cbin12,cbin13,cbin14,cbin15,cbin16,cbin17,cbin18,cbin19,cbin20,cbin21,nbin01,nbin02,nbin03,nbin04,nbin05,nbin06,nbin07,nbin08,nbin09,nbin10,nbin11,nbin12,nbin13,nbin14,nbin15,nbin16,nbin17,nbin18,nbin19,nbin20,nbin21
[from data line 3394]
83724,5729.3428,9.99,0.1285,0.02,133,0,24.7573,0,0,0,14.0693,0,0,16.3994,17.0269,23.6564,86.4477,128.2235,92.8009,121.16,255.79,255.79,188.47,212.03,80.77,9.69,0,2,0,0,0,1,0,0,1,1,2,7,10,7,9,19,19,14,21,8,12
83725,7032.6121,9.51,0.1193,0.02,146,0,0,14.9941,0,0,14.6268,31.0614,16.3327,0,0,49.1758,128.3323,146.567,96.4346,349.76,237.84,97.93,111.92,167.88,115.42,20.99,0,0,1,0,0,1,2,1,0,0,4,10,11,7,25,17,7,8,16,11,25
83726,4984.5687,4.8,0.0662,0.02,89,0,24.5734,0,0,0,13.9648,0,0,0,0,0,24.5198,25.458,26.3218,106.91,53.45,66.82,66.82,110.25,100.22,29.67,0,2,0,0,0,1,0,0,0,0,0,2,2,2,8,4,5,5,11,10,37
83727,4869.1379,4.04,0.058,0.02,84,0,37.0188,0,0,0,28.055,14.8979,0,0,0,35.3792,24.6207,12.7814,0,26.84,13.42,40.26,80.52,70.46,130.85,32.21,0,3,0,0,0,2,1,0,0,0,3,2,1,0,2,1,3,6,7,13,40
83728,6181.1578,4.47,0.0661,0.02,103,0,49.3078,14.3671,0,12.9959,28.0271,14.8831,0,0,16.9594,0,36.8944,12.7719,13.2052,13.41,13.41,13.41,53.63,80.44,180.99,44.24,0,4,1,0,1,2,1,0,0,1,0,3,1,1,1,1,1,4,8,18,55
83729,5504.1424,6.92,0.0945,0.02,105,0,38.2647,0,0,0,0,0,0,0,52.6492,12.1885,38.1786,52.8494,81.9591,83.23,69.36,124.85,69.36,176.87,135.26,24.97,0,3,0,0,0,0,0,0,0,3,1,3,4,6,6,5,9,5,17,13,30
83730,5566.4558,7.94,0.1105,0.02,109,0,0,0,0,0,0,15.1791,0,0,0,36.0558,75.2657,39.0775,40.4035,123.08,95.73,82.05,82.05,174.36,205.13,22.97,0,0,0,0,0,0,1,0,0,0,3,6,3,3,9,7,6,6,17,20,28
83731,6368.9223,8.91,0.1208,0.02,126,0,12.4729,0,0,0,14.1738,0,0,0,0,11.9161,62.2123,12.9147,40.0687,176.32,122.07,230.57,135.63,183.1,152.59,26.04,0,1,0,0,0,1,0,0,0,0,1,5,1,3,13,9,17,10,18,15,32
83732,8251.3497,10.48,0.1379,0.02,161,0,12.6706,0,0,0,0,0,0,33.5785,17.4317,0,113.7562,131.2236,67.838,289.35,151.56,261.79,82.67,155.01,206.68,33.89,0,1,0,0,0,0,0,0,2,1,0,9,10,5,21,11,19,6,15,20,41
83733,8181.419,13.55,0.1756,0.02,185,0,25.1068,0,16.1836,0,28.5428,15.1569,0,0,17.2714,71.9798,187.8477,156.0244,161.3184,191.13,259.39,259.39,163.82,368.6,133.11,16.38,0,2,0,1,0,2,1,0,0,1,6,15,12,12,14,19,19,12,36,13,20
83734,7885.5861,13.5,0.1862,0.02,169,0,12.3488,0,0,0,0,0,15.6713,0,16.9847,35.4055,98.5471,63.9546,79.3397,94,188.01,268.58,241.72,292.08,271.94,23.37,0,1,0,0,0,0,0,1,0,1,3,8,5,6,7,14,20,18,29,27,29
83735,9894.0458,15.73,0.2052,0.02,213,0,12.712,0,0,0,14.4456,30.6913,0,16.838,52.4552,85.0295,152.1642,105.3274,149.738,290.29,262.64,469.99,179.7,300.65,217.72,24.88,0,1,0,0,0,1,2,0,1,3,7,12,8,11,21,19,34,13,29,21,30
83736,8473.1536,12.99,0.16,0.02,191,0,0,0,16.5867,0,14.6268,31.0614,32.6577,17.0492,35.3946,184.4182,218.1741,146.5765,179.1027,307.79,265.82,321.78,223.85,178.38,125.91,14.27,0,0,0,1,0,1,2,2,1,2,15,17,11,13,22,19,23,16,17,12,17
83737,10065.5797,15.02,0.1853,0.02,230,0,12.8591,14.9888,33.1615,0,73.0921,62.1005,0,51.115,53.0708,98.3165,397.7018,253.0849,220.353,321.67,321.67,237.75,223.77,188.81,209.78,16.78,0,1,1,2,0,5,4,0,3,3,8,31,19,16,23,23,17,16,18,20,20
83738,9396.7087,15.42,0.1923,0.02,220,0,24.9872,0,0,0,28.4034,0,63.4401,49.6692,0,71.6459,286.6884,142.3573,173.9525,394.06,326.12,380.47,231,315.92,101.91,13.86,0,2,0,0,0,2,0,4,3,0,6,23,11,13,29,24,28,17,31,10,17
83739,10396.3572,14.69,0.1774,0.02,238,0,37.4785,0,0,13.1703,42.6051,75.4146,47.5743,0,85.9355,83.5796,186.9487,258.7994,240.8255,461.94,353.25,407.6,230.97,101.9,152.85,21.2,0,3,0,0,1,3,5,3,0,5,7,15,20,18,34,26,30,17,10,15,26
83740,9846.0212,16.26,0.196,0.02,231,0,25.6217,0,0,0,29.1281,30.9355,0,33.9522,35.2513,134.6887,153.375,252.142,301.8591,557.34,390.14,418,306.54,156.75,114.95,9.2,0,2,0,0,0,2,2,0,2,2,11,12,19,22,40,28,30,22,15,11,11
83741,11099.2238,17.59,0.2076,0.02,256,0,52.4709,30.5831,0,13.8295,0,47.5134,16.6518,34.7644,54.1419,25.0712,209.3863,394.0326,393.3602,656.25,513.59,427.99,214,171.2,107,10.27,0,4,2,0,1,0,3,1,2,3,2,16,29,28,46,36,30,15,16,10,12
83742,10348.8202,14.14,0.1606,0.02,245,0,25.2079,0,16.2547,13.2867,42.9884,15.2161,31.9963,50.1079,121.3891,60.2307,389.8129,470.0067,310.4755,493.49,356.41,233.04,164.5,143.94,82.25,13.98,0,2,0,1,1,3,1,2,3,7,5,31,36,23,36,26,17,12,14,8,17
83743,10636.648,14.19,0.1564,0.02,274,0,12.4315,57.9615,16.0294,26.2114,127.1952,180.1144,78.9014,82.3624,136.8305,237.6275,508.5043,270.4188,252.9672,500.26,392.09,283.93,202.81,101.4,60.84,6.49,0,1,4,1,2,9,12,5,5,8,20,41,21,19,37,29,21,15,10,6,8
83744,10225.8189,12.44,0.1302,0.02,266,0,12.6062,14.694,0,39.8729,157.6543,152.2132,256.056,33.4079,294.8624,277.1281,540.8396,313.4108,283.5431,425.05,274.23,164.54,178.25,102.84,30.85,4.11,0,1,1,0,3,11,10,16,2,17,23,43,24,21,31,20,12,13,10,3,5
83745,11214.2623,12.27,0.1238,0.02,306,0,12.4086,14.4636,80.0108,13.0863,324.486,224.7563,252.0564,115.1124,375.6198,438.8477,705.7269,257.0946,279.1118,296.94,188.96,269.94,94.48,70.86,60.74,3.24,0,1,1,5,1,23,15,16,7,22,37,57,20,21,22,14,20,7,7,6,4
83746,10089.8158,9.45,0.0926,0.02,289,0,61.4129,14.3189,63.3471,116.5362,516.6202,415.2171,249.4575,211.5755,202.7706,246.5119,637.1852,216.2836,197.3103,173.65,160.3,173.65,80.15,50.09,50.09,4.01,0,5,1,4,9,37,28,16,13,12,21,52,17,15,13,12,13,6,5,5,5
83747,6849.1486,7.36,0.075,0.03,193,0,12.2339,28.5253,15.7745,38.6968,194.7265,280.6771,170.844,81.0628,201.9948,257.2592,341.7823,266.1425,65.5141,159.68,106.46,159.68,66.53,69.86,29.94,1.6,0,1,2,1,3,14,19,11,5,12,22,28,21,5,12,8,12,5,7,3,2
83748,6779.3298,9.03,0.0982,0.02,178,0,0,0,0,13.1122,56.556,90.0979,78.9403,32.9612,188.2316,202.0814,496.3407,309.2011,79.9207,175.85,94.69,189.38,189.38,71.02,50.73,1.62,0,0,0,0,1,4,6,5,2,11,17,40,24,6,13,7,14,14,7,5,2
83749,8758.4436,11.39,0.1297,0.02,224,0,12.5097,14.5815,16.1302,26.3795,128.0035,75.5256,174.6957,82.8904,240.9651,370.6641,299.5491,220.3028,147.3845,231.31,204.1,136.06,217.7,204.1,51.02,7.35,0,1,1,1,2,9,5,11,5,14,31,24,17,11,17,15,10,16,20,5,9
83750,7860.934,7.34,0.0714,0.02,214,0,0,14.5922,16.1421,13.1962,284.6265,347.6326,317.8232,116.1196,241.1253,346.9638,324.7202,155.6054,80.4426,231.46,177,54.46,81.69,61.27,20.42,4.9,0,0,1,1,1,20,23,20,7,14,29,26,12,6,17,13,4,6,6,2,6
83751,10153.8307,11.95,0.1275,0.02,241,0,0,0,16.6459,40.8294,29.3511,77.9309,32.7744,17.106,142.0845,259.0958,824.2623,427.9005,290.3377,280.8,98.28,154.44,140.4,84.24,105.3,12.64,0,0,0,1,3,2,5,2,1,8,21,64,32,21,20,7,11,10,8,10,15
83752,11585.9333,12.88,0.1298,0.02,280,0,12.7442,0,0,0,14.4874,30.7653,80.8778,67.5388,140.246,353.1679,1042.4181,620.3452,272.9376,263.31,194.02,83.15,138.58,103.94,62.36,13.3,0,1,0,0,0,1,2,5,4,8,29,82,47,20,19,14,6,10,10,6,16
83753,11381.8749,12.42,0.1174,0.02,290,0,25.0838,0,0,0,14.2575,30.2843,47.761,33.2374,207.0716,371.6044,1263.8029,714.5389,282.0857,272.82,81.84,136.41,54.56,71.61,51.15,6.55,0,2,0,0,0,1,2,3,2,12,31,101,55,21,20,6,10,4,7,5,8
83754,9985.2706,10.18,0.0951,0.02,258,0,12.6246,14.7154,16.2784,0,114.8122,76.2065,80.123,83.6376,121.5747,542.9377,1083.1194,418.443,189.2848,192.22,82.38,54.92,82.38,72.08,41.19,5.77,0,1,1,1,0,8,5,5,5,7,45,86,32,14,14,6,4,6,7,4,7
83755,9595.4151,8.42,0.0724,0.03,262,0,48.5676,28.3055,0,25.604,193.2422,87.9591,215.7805,144.8002,150.3407,510.5815,872.1553,402.452,143.0419,224.49,66.03,79.23,13.21,29.71,19.81,7.13,0,4,2,0,2,14,6,14,9,9,44,72,32,11,17,5,6,1,3,2,9
83756,7248.687,6.33,0.0576,0.03,199,0,24.4263,0,0,25.7526,166.6087,162.2044,248.0569,145.6531,268.8456,350.1801,548.3157,164.4628,78.483,159.4,39.85,39.85,79.7,39.85,19.92,5.58,0,2,0,0,2,12,11,16,9,16,30,45,13,6,12,3,3,6,4,2,7
83757,7178.3582,3.5,0.0273,0.02,226,0,50.9721,207.9401,410.766,308.9732,883.6277,292.3039,80.8778,50.6521,87.6559,182.6782,330.5269,118.7946,81.8803,41.58,0,0,0,10.39,31.18,3.33,0,4,14,25,23,61,19,5,3,5,15,26,9,6,3,0,0,0,1,3,4
83758,9203.5451,4.61,0.0312,0.03,286,0,60.9302,71.0211,78.5644,192.7084,595.6843,765.0552,541.4082,306.7959,486.189,361.0416,230.989,88.3554,52.2005,53.01,13.25,39.76,13.25,9.94,9.94,4.77,0,5,5,5,15,43,52,35,19,29,31,19,7,4,4,1,3,1,1,1,6
83759,9112.3148,7.72,0.0605,0.03,246,0,12.1281,0,0,0,0,14.6463,61.5882,64.2898,267.0072,1054.9341,653.4675,552.8286,181.8697,39.58,13.19,13.19,0,29.68,19.79,5.54,0,1,0,0,0,0,1,4,4,16,91,54,44,14,3,1,1,0,3,2,7
83760,5280.4185,5.34,0.0454,0.03,142,0,0,0,0,0,0,0,0,0,16.7907,256.6704,962.1164,265.5425,65.3664,53.11,26.55,39.83,0,19.91,19.91,0.8,0,0,0,0,0,0,0,0,0,1,22,79,21,5,4,2,3,0,2,2,1
83761,5300.8674,5.75,0.0514,0.02,140,0,12.3764,0,0,0,0,0,31.4205,0,51.0806,201.0796,703.7731,371.7652,106.0357,121.14,53.84,53.84,26.92,20.19,10.09,0.81,0,1,0,0,0,0,0,2,0,3,17,57,29,8,9,4,4,2,2,1,1
83762,6745.5041,5.84,0.0466,0.02,174,0,26.3067,0,0,0,0,111.1607,150.2706,87.1466,325.7199,578.2466,603.6115,177.1109,154.9472,42.91,71.52,57.22,28.61,10.73,0,1.72,0,2,0,0,0,0,7,9,5,18,46,46,13,11,3,5,4,2,1,0,2
83763,5527.9047,5.53,0.0469,0.03,147,0,0,0,0,0,0,0,61.5804,0,83.4308,243.4098,701.7641,288.9338,155.863,105.52,105.52,52.76,13.19,0,0,2.37,0,0,0,0,0,0,0,4,0,5,21,58,23,12,8,8,4,1,0,0,3
83764,4694.6256,5.23,0.0507,0.03,127,0,12.1373,14.1474,0,0,13.7975,29.3,30.8058,32.1571,166.9543,231.9595,447.9523,150.8433,129.9646,118.78,39.59,79.19,39.59,49.49,9.9,1.58,0,1,1,0,0,1,2,2,2,10,20,37,12,10,9,3,6,3,5,1,2
83765,3646.608,3.64,0.0383,0.03,95,0,12.0775,0,0,0,41.1836,160.369,45.9869,16.0014,166.1279,138.485,132.5153,62.5355,103.4557,91.93,39.4,52.53,39.4,29.55,29.55,5.52,0,1,0,0,0,3,11,3,1,10,12,11,5,8,7,3,4,3,3,3,7
83766,2954.3167,4.86,0.0609,0.03,76,0,12.1649,0,0,0,13.8324,73.446,15.4457,16.1232,33.4718,104.6436,36.4082,88.2126,26.056,66.16,105.85,92.62,92.62,79.39,59.54,2.38,0,1,0,0,0,1,5,1,1,2,9,3,7,2,5,8,7,7,8,6,3
83767,2137.047,3.36,0.0404,0.02,53,0,0,0,0,0,14.1599,15.0385,0,0,17.1365,59.5101,111.8207,90.2984,13.3332,67.72,81.27,27.09,40.63,71.11,30.48,1.63,0,0,0,0,0,1,1,0,0,1,5,9,7,1,5,6,2,3,7,3,2
83768,1816.0632,3.06,0.0367,0.03,48,0,24.1321,14.0617,0,0,0,14.5649,0,0,16.5968,57.6559,24.0703,24.9913,38.7688,78.73,78.73,78.73,104.98,39.37,0,0.79,0,2,1,0,0,0,1,0,0,1,5,2,2,3,6,6,6,8,4,0,1
83769,3057.8589,4,0.0567,0.03,59,0,0,14.1581,0,0,0,0,15.4223,0,0,0,12.1177,12.5814,26.0166,26.42,39.64,79.27,39.64,99.09,99.09,15.06,0,0,1,0,0,0,0,1,0,0,0,1,1,2,2,3,6,3,10,10,19
83770,3759.3049,6.07,0.0847,0.02,83,0,12.3994,14.4529,0,13.0734,56.3887,29.9438,0,16.4319,0,47.4095,37.1146,12.8481,26.5582,40.46,26.97,67.43,121.38,192.19,111.27,11.33,0,1,1,0,1,4,2,0,1,0,4,3,1,2,3,2,5,9,19,11,14
83771,3642.1812,6.59,0.0953,0.02,77,0,0,14.3618,0,12.9894,0,0,0,16.3263,16.951,0,24.584,12.7623,13.1954,13.4,53.59,93.79,133.98,120.58,200.97,12.06,0,0,1,0,1,0,0,0,1,1,0,2,1,1,1,4,7,10,12,20,15
83772,3312.1969,5.07,0.0653,0.03,87,0,12.243,0,15.7864,0,83.5239,118.2729,46.6327,0,84.2319,70.2135,134.3774,38.0489,26.2234,53.27,26.63,66.59,53.27,129.85,89.89,3.2,0,1,0,1,0,6,8,3,0,5,6,11,3,2,4,2,5,4,13,9,4
83773,3406.2862,5,0.0636,0.03,91,0,0,28.2519,15.6263,12.7761,68.8762,73.15,46.1503,80.283,83.3549,57.9108,157.1635,50.2113,64.8937,13.18,13.18,65.9,105.43,69.19,108.73,3.16,0,0,2,1,1,5,5,3,5,5,5,13,4,5,1,1,5,8,7,11,4
83774,2928.5337,4.53,0.0586,0.02,68,0,25.309,0,0,13.3384,14.3829,15.2753,48.189,16.7649,0,72.5598,50.4982,39.3252,13.5499,55.05,68.81,123.86,82.57,82.57,61.93,5.78,0,2,0,0,1,1,1,3,1,0,6,4,3,1,4,5,9,6,8,6,7
83775,2774.0814,5.57,0.0751,0.02,68,0,0,14.8601,0,0,28.9888,46.1813,32.3698,0,17.5413,36.5567,50.8743,39.6204,13.6582,83.2,69.33,55.46,124.79,135.19,93.6,1.66,0,0,1,0,0,2,3,2,0,1,3,4,3,1,6,5,4,9,13,9,2
83776,3872.0472,8.48,0.1243,0.03,89,0,36.3843,0,0,0,0,0,0,0,0,34.7728,12.0994,25.1247,0,13.19,39.57,65.95,158.29,227.54,247.33,8.71,0,3,0,0,0,0,0,0,0,0,3,1,2,0,1,3,5,12,23,25,11
83777,3084.9091,6.14,0.0918,0.03,67,0,12.0178,0,0,0,27.3233,0,0,0,0,0,23.9786,0,0,0,0,65.35,65.35,176.45,205.85,10.19,0,1,0,0,0,2,0,0,0,0,0,2,0,0,0,0,5,5,18,21,13
83778,5210.9891,6.46,0.0894,0.02,99,0,51.0089,0,0,26.89,14.4944,15.3938,0,0,0,12.1885,12.7232,26.42,13.6582,69.34,83.21,110.95,166.43,145.62,114.42,24.96,0,4,0,0,2,1,1,0,0,0,1,1,2,1,5,6,8,12,14,11,30
83779,7972.197,10.11,0.1325,0.03,171,0,61.1279,0,15.7627,12.886,55.5943,29.522,31.0392,0,16.816,70.1081,195.1495,63.3165,52.3679,119.67,186.15,172.85,239.33,169.53,159.55,29.52,0,5,0,1,1,4,2,2,0,1,6,16,5,4,9,14,13,18,17,16,37
83780,5918.1278,8.21,0.1074,0.02,119,0,13.1304,0,16.9305,13.8424,29.8529,15.8526,16.6673,17.3984,0,50.1952,52.397,95.1938,98.4237,128.51,85.67,185.62,199.9,149.93,107.09,19.7,0,1,0,1,1,2,1,1,1,0,4,4,7,7,9,6,13,14,14,10,23
83781,3746.4612,6.2,0.0796,0.02,84,0,40.0853,15.5729,0,0,91.1334,16.1338,16.963,0,36.7608,0,26.6572,41.5157,42.9244,72.66,145.31,261.57,101.72,130.78,32.7,6.1,0,3,1,0,0,6,1,1,0,2,0,2,3,3,5,10,18,7,12,3,7
83782,2646.6962,2.86,0.03,0.02,62,0,13.1533,0,0,13.8683,59.8102,47.6393,33.3969,0,18.0979,62.8582,170.593,40.8776,14.0915,71.53,114.44,85.83,42.92,10.73,0,4.29,0,1,0,0,1,4,3,2,0,1,5,13,3,1,5,8,6,3,1,0,5
83783,686.5787,0.22,0.0013,0.03,21,0,35.589,0,15.2944,25.0094,53.9428,28.6413,0,15.7171,32.6369,0,35.5001,12.2861,0,0,0,0,0,0,0,1.55,0,3,0,1,2,4,2,0,1,2,0,3,1,0,0,0,0,0,0,0,2
83784,779.1598,0.2,0.0016,0.02,14,0,0,39.945,0,18.0624,58.4374,41.3707,21.7485,0,0,16.3714,0,0,0,0,18.63,0,0,0,0,3.35,0,0,2,0,1,3,2,1,0,0,1,0,0,0,0,1,0,0,0,0,3
83785,674.8376,0.19,0.0011,0.02,12,0,15.944,0,0,16.8087,18.1249,19.2496,0,0,21.9351,45.7135,0,16.5149,0,0,0,0,0,0,0,3.12,0,1,0,0,1,1,1,0,0,1,3,0,1,0,0,0,0,0,0,0,3
83786,574.4532,0.28,0.0028,0.01,9,0,22.5,0,29.0118,23.717,51.1554,0,28.557,0,0,0,0,23.3056,0,0,0,24.47,0,0,0,1.47,0,1,0,1,1,2,0,1,0,0,0,0,1,0,0,0,1,0,0,0,1
83787,390.3868,0.1,0.0005,0.02,8,0,14.1694,0,0,14.941,16.1111,0,0,0,19.4978,13.5418,14.1358,0,0,0,0,0,0,0,0,1.85,0,1,0,0,1,1,0,0,0,1,1,1,0,0,0,0,0,0,0,0,2
83788,494.7128,0.09,0.0002,0.01,7,0,32.9316,38.3856,0,0,112.3106,39.7574,41.8006,0,0,0,0,0,0,0,0,0,0,0,0,0,0,1,1,0,0,3,1,1,0,0,0,0,0,0,0,0,0,0,0,0,0
83789,1424.0682,1.95,0.0206,0.02,36,0,0,0,15.8694,0,0,29.7144,0,0,0,0,49.1039,38.2394,105.4252,107.06,53.53,40.15,26.77,0,0,0.8,0,0,0,1,0,0,2,0,0,0,0,4,3,8,8,4,3,2,0,0,1
83790,2021.5201,2.08,0.0197,0.02,49,0,0,0,0,0,14.362,0,16.0371,0,52.1348,36.214,176.418,91.5841,81.1614,109.9,13.74,0,0,10.3,10.3,2.47,0,0,0,0,0,1,0,1,0,3,3,14,7,6,8,1,0,0,1,1,3
83791,2626.3149,3.8,0.045,0.02,62,0,0,0,16.5037,0,0,61.8119,0,16.9598,35.2175,73.3947,25.538,53.0304,68.5372,111.36,111.36,111.36,27.84,41.76,31.32,3.34,0,0,0,1,0,0,4,0,1,2,6,2,4,5,8,8,8,2,4,3,4
83792,4231.9445,5.92,0.0645,0.02,102,0,37.8279,0,0,13.2931,14.3341,15.2235,0,33.4161,17.3473,0,37.7383,182.8444,121.5354,411.39,246.84,123.42,54.85,0,10.28,4.11,0,3,0,0,1,1,1,0,2,1,0,3,14,9,30,18,9,4,0,1,5
83793,4639.5981,7.49,0.0956,0.02,103,0,0,0,0,0,14.2923,15.1791,15.9592,0,17.2967,36.0558,25.0886,91.1841,107.7393,136.76,177.79,218.82,123.09,112.83,82.06,9.85,0,0,0,0,0,1,1,1,0,1,3,2,7,8,10,13,16,9,11,8,12
83794,2893.3756,5.28,0.0682,0.02,69,0,38.1681,0,0,13.4095,14.4595,15.3568,0,0,35.0067,0,50.7642,26.3533,13.6287,96.85,124.53,179.87,96.85,103.77,41.51,3.32,0,3,0,0,1,1,1,0,0,2,0,4,2,1,7,9,13,7,10,4,4
83795,4072.2731,5.06,0.0615,0.02,92,0,54.3834,15.8462,0,28.6672,123.6413,82.068,34.5174,18.0158,0,64.9673,81.3842,98.5748,58.2369,133.07,88.72,59.14,118.29,66.54,55.45,7.98,0,4,1,0,2,8,5,2,1,0,5,6,7,4,9,6,4,8,6,5,9
83796,4786.376,7.65,0.0931,0.02,110,0,54.3236,15.8301,0,0,92.6316,0,68.957,0,37.368,77.8764,40.6462,70.3358,116.3557,236.33,118.16,251.1,192.02,110.78,22.16,4.43,0,4,1,0,0,6,0,4,0,2,6,3,5,8,16,8,17,13,10,2,5
83797,8046.4295,13.92,0.1718,0.03,209,0,0,0,0,25.436,41.1417,14.5649,45.9402,63.9405,116.1773,138.3619,168.5015,349.8883,206.7243,341.13,236.17,223.05,157.45,246.01,167.29,3.15,0,0,0,0,2,3,1,3,4,7,12,14,28,16,26,18,17,12,25,17,4
83798,9074.8634,11.11,0.1273,0.02,214,0,37.4923,0,16.1124,0,85.2451,30.1807,79.3216,33.1237,103.1647,107.4996,423.9187,388.3562,294.4638,258.25,203.88,95.14,95.14,112.14,142.72,17.13,0,3,0,1,0,6,2,5,2,6,9,34,30,22,19,15,7,7,11,14,21
83799,6936.6298,10.15,0.114,0.02,180,0,49.2159,0,0,0,83.9211,14.8535,31.2337,0,50.777,129.3458,282.3036,407.8045,250.3479,321.14,214.09,133.81,107.05,120.43,60.21,2.41,0,4,0,0,0,6,1,2,0,3,11,23,32,19,24,16,10,8,12,6,3
