NASA Data Processing/CAMP2Ex/FCDP/CAMP2Ex-HawkFCDP_P3B_20190916_R1.ict
79, 1001
Lawson, Paul
SPEC Inc
Hawkeye-FCDP on P3-B
CAMP2Ex 2019
1, 1
2019,09,16, 2021,01,13
1
Time_Start, seconds, elapsed time from 00:00:00 UTC
47
1,1,1,1,1,1,1,1,1,1,1,1,1,1,1,1,1,1,1,1,1,1,1,1,1,1,1,1,1,1,1,1,1,1,1,1,1,1,1,1,1,1,1,1,1,1,1
-9.99e+002,-9.99e+002,-9.99e+002,-9.99e+002,-9.99e+002,-9.99e+002,-9.99e+002,-9.99e+002,-9.99e+002,-9.99e+002,-9.99e+002,-9.99e+002,-9.99e+002,-9.99e+002,-9.99e+002,-9.99e+002,-9.99e+002,-9.99e+002,-9.99e+002,-9.99e+002,-9.99e+002,-9.99e+002,-9.99e+002,-9.99e+002,-9.99e+002,-9.99e+002,-9.99e+002,-9.99e+002,-9.99e+002,-9.99e+002,-9.99e+002,-9.99e+002,-9.99e+002,-9.99e+002,-9.99e+002,-9.99e+002,-9.99e+002,-9.99e+002,-9.99e+002,-9.99e+002,-9.99e+002,-9.99e+002,-9.99e+002,-9.99e+002,-9.99e+002,-9.99e+002,-9.99e+002
conc, #/L, CldMicro_NumSizeDist_InSitu_Optical_Drop_AMB, particle number concentration
ext,  1/km, CldOpt_Extinction_InSitu_IR, extinction of the particles
twc,  g/m3, CldMicro_TWC_InSitu_Optical_Drop_AMB, total water content across instrument size range
sv, liter, none, sample volume
CNT, #, none, accepted or rejected event count in this second. negative means rejected particle numbers. 
cbin01, #/liter/um, CldMicro_NumSizeDist_InSitu_Optical_Drop_AMB, concentration of size ( 0.00 - 1.5 um)    
cbin02, #/liter/um, CldMicro_NumSizeDist_InSitu_Optical_Drop_AMB, concentration of size ( 1.5  - 3.0 um)    
cbin03, #/liter/um, CldMicro_NumSizeDist_InSitu_Optical_Drop_AMB, concentration of size ( 3.0  - 4.5 um)    
cbin04, #/liter/um, CldMicro_NumSizeDist_InSitu_Optical_Drop_AMB, concentration of size ( 4.5  - 6.0 um)    
cbin05, #/liter/um, CldMicro_NumSizeDist_InSitu_Optical_Drop_AMB, concentration of size ( 6.0  - 8.0 um)    
cbin06, #/liter/um, CldMicro_NumSizeDist_InSitu_Optical_Drop_AMB, concentration of size ( 8.0  -10.0 um)    
cbin07, #/liter/um, CldMicro_NumSizeDist_InSitu_Optical_Drop_AMB, concentration of size ( 10.0 -12.0 um)    
cbin08, #/liter/um, CldMicro_NumSizeDist_InSitu_Optical_Drop_AMB, concentration of size ( 12.0 -14.0 um)    
cbin09, #/liter/um, CldMicro_NumSizeDist_InSitu_Optical_Drop_AMB, concentration of size ( 14.0 -16.0 um)   
cbin10, #/liter/um, CldMicro_NumSizeDist_InSitu_Optical_Drop_AMB, concentration of size ( 16.0 -18.0 um)    
cbin11, #/liter/um, CldMicro_NumSizeDist_InSitu_Optical_Drop_AMB, concentration of size ( 18.0 -21.0 um)    
cbin12, #/liter/um, CldMicro_NumSizeDist_InSitu_Optical_Drop_AMB, concentration of size ( 21.0 -24.0 um)    
cbin13, #/liter/um, CldMicro_NumSizeDist_InSitu_Optical_Drop_AMB, concentration of size ( 24.0 -27.0 um)    
cbin14, #/liter/um, CldMicro_NumSizeDist_InSitu_Optical_Drop_AMB, concentration of size ( 27.0 -30.0 um)    
cbin15, #/liter/um, CldMicro_NumSizeDist_InSitu_Optical_Drop_AMB, concentration of size ( 30.0 -33.0 um)    
cbin16, #/liter/um, CldMicro_NumSizeDist_InSitu_Optical_Drop_AMB, concentration of size ( 33.0 -36.0 um)    
cbin17, #/liter/um, CldMicro_NumSizeDist_InSitu_Optical_Drop_AMB, concentration of size ( 36.0 -39.0 um)    
cbin18, #/liter/um, CldMicro_NumSizeDist_InSitu_Optical_Drop_AMB, concentration of size ( 39.0 -42.0 um)    
cbin19, #/liter/um, CldMicro_NumSizeDist_InSitu_Optical_Drop_AMB, concentration of size ( 42.0 -46.0 um)    
cbin20, #/liter/um, CldMicro_NumSizeDist_InSitu_Optical_Drop_AMB, concentration of size ( 46.0 -50.0 um)    
[...]
INSTRUMENT_INFO: Hawkeye-FCDP SN02: Hawkeye- Fast Cloud Droplet Probe measuring size 1-50 microns in 20 bins with one overflow bin for particles >50um: concentration, extinction, liquid water content, see http://www.specinc.com/hawkeye-combination-cloud-particle_probe
DATA_INFO: Concentration (#/L), Extinction (1/km), LWC (g/m^3), Sample Volume (L), Total Counts, Concentration 21 Bins (#/L/um), Particle Counts 21 Bins
UNCERTAINTY: variables are not calculated
ULOD_FLAG: -7777
ULOD_VALUE: n/a
LLOD_FLAG: -8888
LLOD_VALUE: n/a
DM_CONTACT_INFO: Sarah Woods, SPEC Inc, 3022 Sterling Circle, Suite 200, Boulder, CO 80301, 303-449-1105, swoods@specinc.com
PROJECT_INFO: CAMP2Ex Campaign, 2019-08-24--2019-10-07
STIPULATIONS_ON_USE: Please contact PI or DM for stipulations or assistance interpreting and analyzing data.
OTHER_COMMENTS: For R0, P3 Nav TAS is used to calculate the sample volume; Adaptive2 shattering removal is applied. Extinction coefficient is also calculated assuming particles are spheres. software version: SP3Cv40
REVISION: R1
R1: Final Data with Correction Applied to FCDP 1Hz Bin Concentrations: FCDP Conc (#/L/um)= FCDP Conc * [Bin Center /30 ^ 0.3] 
Time_Start,conc,ext,twc,sv,CNT,cbin01,cbin02,cbin03,cbin04,cbin05,cbin06,cbin07,cbin08,cbin09,cbin10,cbin11,cbin12,cbin13,cbin14,cbin15,cbin16,cbin17,cbin18,cbin19,cbin20,cbin21,nbin01,nbin02,nbin03,nbin04,nbin05,nbin06,nbin07,nbin08,nbin09,nbin10,nbin11,nbin12,nbin13,nbin14,nbin15,nbin16,nbin17,nbin18,nbin19,nbin20,nbin21
[from data line 15651]
93926,726.8404,0.12,0.0003,0.02,24,0,42.7702,16.6178,55.1486,60.1196,129.655,68.8501,0,18.893,0,0,0,0,0,0,0,0,0,0,0,0,0,3,1,3,4,8,4,0,1,0,0,0,0,0,0,0,0,0,0,0,0
93927,84.5752,0.01,0,0.02,3,0,0,16.1677,17.8849,0,0,16.7481,0,0,0,0,0,0,0,0,0,0,0,0,0,0,0,0,1,1,0,0,1,0,0,0,0,0,0,0,0,0,0,0,0,0,0
93928,0,0,0,0.02,0,0,0,0,0,0,0,0,0,0,0,0,0,0,0,0,0,0,0,0,0,0,0,0,0,0,0,0,0,0,0,0,0,0,0,0,0,0,0,0,0,0,0
93929,0,0,0,0.02,0,0,0,0,0,0,0,0,0,0,0,0,0,0,0,0,0,0,0,0,0,0,0,0,0,0,0,0,0,0,0,0,0,0,0,0,0,0,0,0,0,0,0
93930,322.4573,0.05,0.0001,0.02,11,0,13.7694,16.0498,17.7545,29.0355,78.2697,0,0,18.2432,0,0,0,0,0,0,0,0,0,0,0,0,0,1,1,1,2,5,0,0,1,0,0,0,0,0,0,0,0,0,0,0,0
93931,134.3621,0.02,0,0.01,2,0,0,0,0,32.3249,34.8562,0,0,0,0,0,0,0,0,0,0,0,0,0,0,0,0,0,0,0,1,1,0,0,0,0,0,0,0,0,0,0,0,0,0,0,0
93932,53.1038,0,0,0.02,2,0,0,16.0498,0,14.5145,0,0,0,0,0,0,0,0,0,0,0,0,0,0,0,0,0,0,1,0,1,0,0,0,0,0,0,0,0,0,0,0,0,0,0,0,0
93933,50.5352,0.01,0,0.01,1,0,0,0,0,0,25.2676,0,0,0,0,0,0,0,0,0,0,0,0,0,0,0,0,0,0,0,0,1,0,0,0,0,0,0,0,0,0,0,0,0,0,0,0
93934,7756.9343,8.22,0.0755,0.02,187,0,0,66.4124,128.5615,105.1107,259.0731,34.3917,36.1592,56.6221,117.5773,217.8025,326.8209,383.5942,503.384,356.28,232.36,61.96,0,0,0,0,0,0,4,7,7,16,2,2,3,6,16,23,26,33,23,15,4,0,0,0,0
93935,370.9278,0.08,0.0004,0.02,13,0,71.4952,0,36.8724,15.0768,48.7652,0,0,18.9498,0,0,14.2642,0,0,0,0,0,0,0,0,0,0,5,0,2,1,3,0,0,1,0,0,1,0,0,0,0,0,0,0,0,0
93936,21386.326,23.08,0.2171,0.02,484,0,92.1286,429.5561,197.9907,404.6941,733.13,92.6956,58.4757,142.4285,126.7527,440.2538,1087.6326,827.0571,953.7797,1636.55,651.28,100.2,33.4,0,0,0,0,6,24,10,25,42,5,3,7,6,30,71,52,58,98,39,6,2,0,0,0
93937,26130.6645,30.82,0.2829,0.02,566,0,0,52.399,38.6449,63.1892,153.3129,72.3655,76.0846,99.2816,103.0804,544.1944,1823.8052,1629.7229,1925.7376,1694.86,570.38,48.89,16.3,24.45,0,0,0,0,3,2,4,9,4,4,5,5,38,122,105,120,104,35,3,1,2,0,0
93938,59680.4676,69.28,0.6201,0.02,1185,0,16.2566,75.7905,0,119.9613,129.3554,19.627,103.1709,150.7784,268.3649,776.7954,5140.8979,4108.4369,4909.3901,3588.87,654.13,88.4,53.04,0,0,0,0,1,4,0,7,7,1,5,7,12,50,317,244,282,203,37,5,3,0,0,0
93939,31046.0045,33.56,0.2968,0.02,640,0,129.3037,56.52,125.0462,306.7114,349.1056,117.0814,184.6479,107.0874,289.0687,911.3786,2015.579,1640.6756,2613.7585,1845.7,210.94,35.16,0,13.18,0,0,0,8,3,6,18,19,6,9,5,13,59,125,98,151,105,12,2,0,1,0,0
93940,37863.3158,45.78,0.4265,0.02,798,0,30.6237,0,19.7404,48.4227,208.8724,203.3457,58.3045,223.1745,273.8382,775.5563,2077.406,1760.4131,3541.8958,3047.31,499.56,116.56,66.61,24.98,0,0,0,2,0,1,3,12,11,3,11,13,53,136,111,216,183,30,7,4,2,0,0
93941,19251.5131,21.42,0.1915,0.02,437,0,0,67.6021,37.3882,76.4242,131.8571,105.0254,110.423,249.7514,179.52,498.8412,1258.3999,1126.3341,1319.8334,1324.53,220.76,31.54,15.77,0,0,0,0,0,4,2,5,8,6,6,13,9,36,87,75,85,84,14,2,1,0,0,0
93942,38098.9876,44.2,0.4044,0.02,773,0,96.7812,75.2063,83.1942,221.0589,256.7108,97.3729,184.2744,192.3576,221.9058,1125.3321,1850.5541,2055.0232,3074.8385,3122.52,526.27,35.08,0,0,0,0,0,6,4,4,13,14,5,9,9,10,73,115,123,178,178,30,2,0,0,0,0
93943,45665.8742,49.11,0.4434,0.02,977,0,31.3685,54.8426,121.3411,297.6188,1283.7075,852.1039,378.2675,644.2461,539.4285,809.4152,1893.2551,1900.7132,4081.5869,3274.97,443.49,34.11,17.06,0,0,0,0,2,3,6,18,72,45,19,31,25,54,121,117,243,192,26,2,1,0,0,0
93944,42032.009,40.14,0.3426,0.02,961,0,15.1165,264.2779,116.9366,733.0093,1460.539,1076.69,211.0573,440.6307,478.2786,982.3127,2352.3895,2270.1735,3350.8386,1643.86,213.7,32.88,32.88,0,0,0,0,1,15,6,46,85,59,11,22,23,68,156,145,207,100,13,2,2,0,0,0
93945,33388.5546,32.26,0.2668,0.02,742,0,45.708,53.2779,58.9366,192.7536,727.4647,441.4901,154.7292,585.4878,586.925,1063.0012,2492.8671,2177.9132,2480.2586,828.53,165.71,16.57,33.14,0,0,0,0,3,3,3,12,42,24,8,29,28,73,164,138,152,50,10,1,2,0,0,0
93946,35895.152,29.92,0.2427,0.02,857,0,75.049,279.9312,193.5388,822.8365,1962.2327,1069.1782,381.061,517.1042,598.8412,1090.2166,1901.7219,1912.304,1896.8161,1175.32,114.27,16.32,16.32,0,0,0,0,5,16,10,52,115,59,20,26,29,76,127,123,118,72,7,1,1,0,0,0
93947,27147.6617,22.53,0.1788,0.02,619,0,141.7122,330.3635,406.0592,580.9945,1073.9849,418.2293,139.9138,417.2865,476.575,963.1029,2136.3619,1353.7038,1332.1819,633.61,68.5,51.37,0,0,0,0,0,9,18,20,35,60,22,7,20,22,64,136,83,79,37,4,3,0,0,0,0
93948,41158.7849,40.08,0.341,0.02,926,0,60.99,319.8976,294.8965,401.8442,1213.2704,349.7492,270.957,606.0865,461.471,1282.2976,2601.046,2384.7108,3004.4697,1575.28,248.73,49.75,16.58,12.44,0,0,0,4,18,15,25,70,19,14,30,22,88,171,151,184,95,15,3,1,1,0,0
93949,34471.8896,32.48,0.2647,0.01,415,0,113.231,65.9891,36.499,179.0534,579.2318,615.1732,215.5937,525.1212,623.1039,1379.7353,3191.1637,1905.8562,1818.9437,892.79,307.86,61.57,0,0,0,0,0,4,2,1,6,18,18,6,14,16,51,113,65,60,29,10,2,0,0,0,0
93950,35704.463,34.63,0.2869,0.02,783,0,30.8352,71.8785,0,195.0349,771.122,483.934,430.5261,449.4111,487.8166,1075.5675,2922.2254,2091.8912,2674.6935,1005.99,134.13,50.3,16.77,0,0,0,0,2,4,0,12,44,26,22,22,23,73,190,131,162,60,8,3,1,0,0,0
93951,37385.8133,35.74,0.2894,0.02,812,0,62.1623,36.2259,40.0736,180.2102,635.9619,431.5212,315.6133,411.8282,534.4782,1262.3935,3426.1981,2688.0927,2396.5172,811.23,67.6,50.7,16.9,0,0,0,0,4,2,2,11,36,23,16,20,25,85,221,167,144,48,4,3,1,0,0,0
93952,43757.2444,40.42,0.3183,0.02,931,0,159.8171,111.7699,123.6412,202.1823,617.7046,520.9678,284.0138,571.7688,681.5889,1496.8311,4480.1928,3145.2227,2721.3599,538.81,69.52,17.38,0,0,0,0,0,10,6,6,12,34,27,14,27,31,98,281,190,159,31,4,1,0,0,0,0
93953,56928.3878,56.11,0.4553,0.02,1150,0,32.9822,38.4445,148.8473,139.0835,449.9321,398.2026,272.1397,655.5527,703.3216,1812.4932,5824.0681,4270.4235,3832.4995,1183.72,161.42,17.94,17.94,0,0,0,0,2,2,7,8,24,20,13,30,31,115,354,250,217,66,9,1,1,0,0,0
93954,46615.9874,43.99,0.3529,0.02,980,0,0,74.8527,41.4015,236.9499,565.7548,620.2428,366.8214,808.3617,1082.2473,1672.4001,4020.0494,3242.6452,2974.4256,960.29,104.76,52.38,0,0,0,0,0,0,4,2,14,31,32,18,38,49,109,251,195,173,55,6,3,0,0,0,0
93955,22796.9816,22.28,0.1869,0.02,521,0,14.8452,86.5189,76.5666,125.2023,556.8979,286.768,169.5991,98.3556,306.3486,1078.2566,1614.2813,1322.3789,1287.7607,1017.12,129.16,32.29,0,0,0,0,0,1,5,4,8,33,16,9,5,15,76,109,86,81,63,8,2,0,0,0,0
93956,11276.798,9.22,0.0673,0.02,277,0,0,32.9088,0,44.6486,272.8219,170.4415,107.5206,280.5926,291.3289,782.5425,1197.1416,467.9304,347.7376,138.18,30.71,0,0,0,0,0,0,0,2,0,3,17,10,6,15,15,58,85,32,23,9,2,0,0,0,0,0
93957,14759.6666,12.01,0.0894,0.02,359,0,0,0,0,75.513,456.0016,363.2262,127.3004,398.6454,413.8986,958.419,1357.7634,549.0475,629.0454,155.81,15.58,15.58,0,11.69,0,0,0,0,0,0,5,28,21,7,21,21,70,95,37,41,10,1,1,0,1,0,0
93958,17975.4981,14.11,0.1053,0.02,440,0,29.056,101.6095,93.669,245.0667,627.6137,473.6024,147.5394,288.772,779.5334,1013.6232,1492.9114,617.0022,684.6235,331.82,0,15.8,15.8,0,0,0,0,2,6,5,16,38,27,8,15,39,73,103,41,44,21,0,1,1,0,0,0
93959,26332.8853,24.11,0.1922,0.02,585,0,30.8122,143.6552,99.3184,146.1663,455.3327,297.5881,254.2196,591.9777,317.9107,1133.6804,2443.6623,1531.8719,1418.8676,619.91,100.53,0,16.75,0,0,0,0,2,8,5,9,26,16,13,29,15,77,159,96,86,37,6,0,1,0,0,0
93960,13678.52,11.59,0.0872,0.02,321,0,29.4606,17.1698,37.9869,77.6391,251.164,266.7487,112.1816,175.6577,506.6061,872.7831,1146.1848,732.33,630.9853,192.23,16.02,0,0,0,0,0,0,2,1,2,5,15,15,6,9,25,62,78,48,40,12,1,0,0,0,0,0
93961,5636.2715,5.19,0.041,0.02,137,0,27.9572,0,0,14.7342,79.4543,101.2584,0,111.1324,115.3846,320.6183,376.521,390.9278,404.1922,91.21,0,0,0,0,0,0,0,2,0,0,1,5,6,0,6,6,24,27,27,27,6,0,0,0,0,0,0
93962,25691.8248,22.97,0.1805,0.02,588,0,15.0337,87.6121,193.8352,316.9543,427.2219,254.0859,171.7389,358.5445,641.1174,1178.0758,2309.5325,1541.5103,1400.6206,441.42,65.4,32.7,0,0,0,0,0,1,5,10,20,25,14,9,18,31,82,154,99,87,27,4,2,0,0,0,0
93963,26489.3941,23.05,0.1778,0.02,608,0,45.1609,105.2803,58.2312,253.9137,616.0461,308.9632,210.1936,378.9807,434.906,1582.5197,2522.9642,1450.0786,1144.6105,458.4,49.11,49.11,0,0,0,0,0,3,6,3,16,36,17,11,19,21,110,168,93,71,28,3,3,0,0,0,0
93964,11109.2664,8.66,0.0633,0.02,278,0,14.1372,32.9624,36.4634,104.3353,401.808,273.1135,89.7328,374.6839,350.1175,581.0235,1001.4509,468.6257,378.54,153.76,15.38,0,0,0,0,0,0,1,2,2,7,25,16,5,20,18,43,71,32,25,10,1,0,0,0,0,0
93965,22173.0461,20.26,0.1628,0.02,502,0,15.1578,70.6835,0,287.6732,516.9965,274.5344,211.672,341.4872,479.6869,738.8941,2026.5684,1444.6117,1136.457,379.2,131.9,82.43,0,0,0,0,0,1,4,0,18,30,15,11,17,23,51,134,92,70,23,8,5,0,0,0,0
93966,36133.2604,31.07,0.2414,0.01,477,0,158.7183,123.3343,272.8679,390.4252,1082.5631,415.1801,67.1595,630.9252,545.8885,1971.9368,3536.2851,1863.1976,1473.1361,632.92,115.08,57.54,28.77,0,0,0,0,6,4,8,14,36,13,2,18,15,78,134,68,52,22,4,2,1,0,0,0
93967,10451.9208,8.66,0.0649,0.02,254,0,0,33.3697,0,90.551,325.4616,207.3939,54.5151,151.745,334.7942,574.5997,1056.7925,504.1317,321.9377,233.52,0,0,0,0,0,0,0,0,2,0,6,20,12,3,8,17,42,74,34,21,15,0,0,0,0,0,0
93968,29486.4885,23.96,0.18,0.02,677,0,46.0758,89.5092,99.0161,550.505,1222.1552,426.4812,253.4415,549.4725,422.5934,1086.1918,3186.99,1702.192,1085.576,233.85,133.63,0,0,0,0,0,0,3,5,5,34,70,23,13,27,20,74,208,107,66,14,8,0,0,0,0,0
93969,48608.2783,41.74,0.3142,0.02,1081,0,46.5125,108.426,179.9161,392.267,1251.3251,486.6649,275.5168,513.5791,639.8777,2178.0869,6372.3563,3324.1527,1046.0292,539.55,118.03,67.44,0,0,12.65,0,0,3,6,9,24,71,26,14,25,30,147,412,207,63,32,7,4,0,0,1,0
93970,43980.2409,36.16,0.2618,0.01,694,0,153.9737,102.558,56.7255,394.2186,950.1973,371.7964,307.1396,466.3466,907.8463,2459.5913,6451.6214,2141.6929,683.1563,334.91,119.61,23.92,23.92,0,0,0,0,7,4,2,17,38,14,11,16,30,117,294,94,29,14,5,1,1,0,0,0
93971,42780.316,35.73,0.2583,0.02,939,0,31.3777,109.7174,80.9119,347.321,749.032,549.2835,159.3123,582.0519,625.9122,1784.2057,6886.4286,2323.7278,907.2611,153.56,51.19,34.12,0,0,0,0,0,2,6,4,21,42,29,8,28,29,119,440,143,54,9,3,2,0,0,0,0
93972,47590.7375,36.34,0.2618,0.02,942,0,36.1269,484.2594,186.3303,895.0084,2299.8055,479.7821,275.151,694.1103,1118.2744,2226.9463,5658.401,2170.351,1121.9913,392.89,98.22,0,0,0,0,0,0,2,23,8,47,112,22,12,29,45,129,314,116,58,20,5,0,0,0,0,0
93973,64236.1573,54.46,0.3908,0.01,621,0,0,0,0,0,239.6521,721.1385,579.8006,1722.5924,1788.5036,2854.2458,9849.6672,3566.5611,1429.8769,229.27,114.64,0,0,0,0,0,0,0,0,0,0,6,17,13,37,37,85,281,98,38,6,3,0,0,0,0,0
93974,59396.2666,53.18,0.3951,0.02,1206,0,33.1891,77.3713,85.5891,192.4435,358.4293,320.5677,147.4538,461.7736,890.3809,2378.9731,9701.5208,3919.078,1759.4463,270.72,72.19,0,0,13.54,0,0,0,2,4,4,11,19,16,7,21,39,150,586,228,99,15,4,0,0,1,0,0
93975,42560.5067,38.1,0.2901,0.01,577,0,75.4306,175.8459,291.7902,238.5655,485.9102,91.0674,223.4216,199.9034,795.6073,1922.4094,5995.1289,2422.093,1481.0238,683.63,27.35,27.35,0,0,0,0,0,3,6,9,9,17,3,7,6,23,80,239,93,55,25,1,1,0,0,0,0
93976,17287.8793,13.16,0.09,0.02,412,0,0,68.5989,94.8546,62.0389,334.4997,266.4453,280.1388,389.8974,404.816,1363.8999,2231.0012,579.0962,236.345,96,16,0,0,0,0,0,0,0,4,5,4,20,15,15,20,20,97,152,38,15,6,1,0,0,0,0,0
93977,939.0077,0.59,0.0039,0.02,25,0,0,16.307,0,14.7472,47.706,50.6662,0,37.0712,19.2448,120.3296,41.8662,14.4862,0,0,15.21,0,0,0,0,0,0,0,1,0,1,3,3,0,2,1,9,3,1,0,0,1,0,0,0,0,0
93978,24011.3801,18.51,0.134,0.02,571,0,89.8115,139.5771,96.5026,331.3848,765.7215,487.9378,323.0132,515.6828,700.1591,1258.8872,2449.0194,1100.8094,705.3423,179.07,32.56,32.56,0,0,0,0,0,6,8,5,21,45,27,17,26,34,88,164,71,44,11,2,2,0,0,0,0
93979,40488.0591,31.38,0.2299,0.02,910,0,95.3054,370.3031,245.7826,602.8568,1625.1547,575.3344,241.9642,905.0604,852.2708,2383.4109,4104.3414,1842.7588,1020.6921,397.33,155.48,0,34.55,0,0,0,0,6,20,12,36,90,30,12,43,39,157,259,112,60,23,9,0,2,0,0,0
93980,33697.0273,25.71,0.1817,0.02,681,0,122.7017,224.7509,180.8172,332.6256,1076.0267,486.7463,311.5048,348.3994,1036.9604,2094.0503,4301.8576,1252.7861,600.7147,209.7,38.13,19.06,0,14.3,0,1.14,0,7,11,8,18,54,23,14,15,43,125,246,69,32,11,2,1,0,1,0,1
93981,50638.0376,34.8,0.2315,0.02,989,0,0,107.4774,71.3381,738.7802,1698.0935,1536.2752,983.1859,2174.8058,2283.3874,3577.8142,4084.3164,1661.8573,888.7482,260.73,20.06,20.06,0,0,0,0,0,0,5,3,38,81,69,42,89,90,203,222,87,45,13,1,1,0,0,0,0
93982,71516.9944,43.43,0.2504,0.02,1572,0,0,96.2935,106.521,435.4616,1652.8613,2333.9163,1426.1774,3021.254,5114.4427,11242.9519,2126.3448,564.7623,283.1197,107.82,71.88,17.97,0,0,0,0,0,0,5,5,25,88,117,68,138,225,712,129,33,16,6,4,1,0,0,0,0
93983,58834.6944,37.6,0.2322,0.01,824,0,77.9132,302.7278,267.9061,711.8773,1505.7294,1379.6659,1186.8355,2512.1992,3966.0782,6503.161,3497.8496,995.3486,528.4651,197.72,56.49,0,0,0,0,0,0,3,10,8,26,51,44,36,73,111,262,135,37,19,7,2,0,0,0,0,0
93984,29489.493,21.32,0.1494,0.02,703,0,30.0904,35.0738,97.0006,333.0909,1214.3575,799.2545,439.2644,1136.3655,1117.7515,2056.2282,2296.525,966.2238,660.6355,327.26,32.73,49.09,0,0,0,0,0,2,2,5,21,71,44,23,57,54,143,153,62,41,20,2,3,0,0,0,0
93985,30369.3077,16.84,0.1042,0.02,773,0,241.1278,298.6282,330.3462,778.498,2038.6976,1255.4501,784.3295,1317.9689,1658.6643,2189.256,1082.5048,577.5723,419.6328,147.51,49.17,0,0,0,0,0,0,16,17,17,49,119,69,41,66,80,152,72,37,26,9,3,0,0,0,0,0
93986,31428.648,15.43,0.0872,0.02,804,0,152.9576,517.0396,433.8972,999.7637,2312.6066,1569.6901,970.7982,1297.1346,1515.1124,2602.0571,991.8649,158.434,262.0957,133.08,0,0,0,0,0,0,0,10,29,22,62,133,85,50,64,72,178,65,10,16,8,0,0,0,0,0,0
93987,58692.8874,19.88,0.0782,0.01,993,0,143.588,251.0522,277.717,1311.91,5821.808,5547.4085,5862.8859,7483.5981,1086.4723,686.1417,262.618,74.3645,76.8877,52.05,0,0,0,0,0,0,0,6,9,9,52,214,192,193,236,33,30,11,3,3,2,0,0,0,0,0,0
93988,48174.4271,15.9,0.0625,0.02,1283,0,30.6099,214.076,335.4858,1548.944,5219.5037,5358.5981,3807.8007,4603.5054,1516.0148,658.2145,213.7619,110.9657,65.5633,16.64,0,0,0,0,0,0,0,2,12,17,96,300,290,196,227,72,45,14,7,4,1,0,0,0,0,0,0
93989,57060.0994,26.89,0.1371,0.02,1189,0,18.514,366.8681,238.7283,1307.7224,3830.5029,3554.0792,2561.6569,3777.9808,3285.7627,4087.3587,2234.9181,134.2427,39.6551,0,0,0,0,0,0,0,0,1,17,10,67,182,159,109,154,129,231,121,7,2,0,0,0,0,0,0,0
93990,57323.0522,31.02,0.1684,0.01,1014,0,105.9532,271.6999,300.5578,982.9551,2360.7516,2021.1417,2340.204,2835.963,3702.4528,6014.8738,3192.2095,65.8499,0,0,0,0,0,0,0,0,0,5,11,11,44,98,79,87,101,127,297,151,3,0,0,0,0,0,0,0,0
93991,42230.2615,17.68,0.0889,0.02,1098,0,138.8664,521.5571,656.5309,1805.5331,4700.6884,2682.4666,998.865,1840.0278,1316.0778,2551.0534,1939.4878,31.963,0,0,0,0,0,0,0,0,0,9,29,33,111,268,144,51,90,62,173,126,2,0,0,0,0,0,0,0,0
93992,13580.1936,4.37,0.0194,0.02,374,0,185.7192,414.9157,538.8058,734.2178,1864.9253,672.6704,550.0764,512.6856,468.4285,414.1544,308.7957,32.0582,0,0,0,0,0,0,0,0,0,12,23,27,45,106,36,28,25,22,28,20,2,0,0,0,0,0,0,0,0
93993,48311.7368,15.34,0.0613,0.01,746,0,323.9006,818.0043,661.2614,1280.4899,7916.3717,4920.7344,1576.0745,1573.674,1930.9592,2321.6511,53.8555,27.9533,0,0,0,0,0,0,0,0,0,12,26,19,45,258,151,46,44,52,90,2,1,0,0,0,0,0,0,0,0
93994,46007.2223,16.39,0.0687,0.01,555,0,438.8923,629.6348,304.7252,1138.9377,4605.4854,4402.1274,2699.8822,3131.4604,2926.1493,1806.8779,168.4098,34.9726,36.1593,0,0,0,0,0,0,0,0,13,16,7,32,120,108,63,70,63,56,5,1,1,0,0,0,0,0,0,0
93995,64988.9206,28,0.1341,0.02,1591,0,15.99,316.8055,350.4541,1162.9972,6034.0671,5153.8093,2435.3603,4003.9495,4377.1011,4400.5866,1260.0602,198.7211,17.1245,0,0,0,0,0,0,0,0,1,17,17,69,332,267,120,189,199,288,79,12,1,0,0,0,0,0,0,0
93996,85192.0197,49.1,0.2579,0.01,1093,0,0,0,0,59.4798,609.3355,1055.864,1468.2348,7887.4744,11915.1772,11512.6457,1407.2159,116.8897,30.2115,0,0,0,0,0,0,0,0,0,0,0,2,19,31,41,211,307,427,50,4,1,0,0,0,0,0,0,0
