NASA Data Processing/CAMP2Ex/FCDP/CAMP2Ex-HawkFCDP_P3B_20190829_R1.ict
79, 1001
Lawson, Paul
SPEC Inc
Hawkeye-FCDP on P3-B
CAMP2Ex 2019
1, 1
2019,08,29, 2021,01,13
1
Time_Start, seconds, elapsed time from 00:00:00 UTC
47
1,1,1,1,1,1,1,1,1,1,1,1,1,1,1,1,1,1,1,1,1,1,1,1,1,1,1,1,1,1,1,1,1,1,1,1,1,1,1,1,1,1,1,1,1,1,1
-9.99e+002,-9.99e+002,-9.99e+002,-9.99e+002,-9.99e+002,-9.99e+002,-9.99e+002,-9.99e+002,-9.99e+002,-9.99e+002,-9.99e+002,-9.99e+002,-9.99e+002,-9.99e+002,-9.99e+002,-9.99e+002,-9.99e+002,-9.99e+002,-9.99e+002,-9.99e+002,-9.99e+002,-9.99e+002,-9.99e+002,-9.99e+002,-9.99e+002,-9.99e+002,-9.99e+002,-9.99e+002,-9.99e+002,-9.99e+002,-9.99e+002,-9.99e+002,-9.99e+002,-9.99e+002,-9.99e+002,-9.99e+002,-9.99e+002,-9.99e+002,-9.99e+002,-9.99e+002,-9.99e+002,-9.99e+002,-9.99e+002,-9.99e+002,-9.99e+002,-9.99e+002,-9.99e+002
conc, #/L, CldMicro_NumSizeDist_InSitu_Optical_Drop_AMB, particle number concentration
ext,  1/km, CldOpt_Extinction_InSitu_IR, extinction of the particles
twc,  g/m3, CldMicro_TWC_InSitu_Optical_Drop_AMB, total water content across instrument size range
sv, liter, none, sample volume
CNT, #, none, accepted or rejected event count in this second. negative means rejected particle numbers. 
cbin01, #/liter/um, CldMicro_NumSizeDist_InSitu_Optical_Drop_AMB, concentration of size ( 0.00 - 1.5 um)    
cbin02, #/liter/um, CldMicro_NumSizeDist_InSitu_Optical_Drop_AMB, concentration of size ( 1.5  - 3.0 um)    
cbin03, #/liter/um, CldMicro_NumSizeDist_InSitu_Optical_Drop_AMB, concentration of size ( 3.0  - 4.5 um)    
cbin04, #/liter/um, CldMicro_NumSizeDist_InSitu_Optical_Drop_AMB, concentration of size ( 4.5  - 6.0 um)    
cbin05, #/liter/um, CldMicro_NumSizeDist_InSitu_Optical_Drop_AMB, concentration of size ( 6.0  - 8.0 um)    
cbin06, #/liter/um, CldMicro_NumSizeDist_InSitu_Optical_Drop_AMB, concentration of size ( 8.0  -10.0 um)    
cbin07, #/liter/um, CldMicro_NumSizeDist_InSitu_Optical_Drop_AMB, concentration of size ( 10.0 -12.0 um)    
cbin08, #/liter/um, CldMicro_NumSizeDist_InSitu_Optical_Drop_AMB, concentration of size ( 12.0 -14.0 um)    
cbin09, #/liter/um, CldMicro_NumSizeDist_InSitu_Optical_Drop_AMB, concentration of size ( 14.0 -16.0 um)   
cbin10, #/liter/um, CldMicro_NumSizeDist_InSitu_Optical_Drop_AMB, concentration of size ( 16.0 -18.0 um)    
cbin11, #/liter/um, CldMicro_NumSizeDist_InSitu_Optical_Drop_AMB, concentration of size ( 18.0 -21.0 um)    
cbin12, #/liter/um, CldMicro_NumSizeDist_InSitu_Optical_Drop_AMB, concentration of size ( 21.0 -24.0 um)    
cbin13, #/liter/um, CldMicro_NumSizeDist_InSitu_Optical_Drop_AMB, concentration of size ( 24.0 -27.0 um)    
cbin14, #/liter/um, CldMicro_NumSizeDist_InSitu_Optical_Drop_AMB, concentration of size ( 27.0 -30.0 um)    
cbin15, #/liter/um, CldMicro_NumSizeDist_InSitu_Optical_Drop_AMB, concentration of size ( 30.0 -33.0 um)    
cbin16, #/liter/um, CldMicro_NumSizeDist_InSitu_Optical_Drop_AMB, concentration of size ( 33.0 -36.0 um)    
cbin17, #/liter/um, CldMicro_NumSizeDist_InSitu_Optical_Drop_AMB, concentration of size ( 36.0 -39.0 um)    
cbin18, #/liter/um, CldMicro_NumSizeDist_InSitu_Optical_Drop_AMB, concentration of size ( 39.0 -42.0 um)    
cbin19, #/liter/um, CldMicro_NumSizeDist_InSitu_Optical_Drop_AMB, concentration of size ( 42.0 -46.0 um)    
cbin20, #/liter/um, CldMicro_NumSizeDist_InSitu_Optical_Drop_AMB, concentration of size ( 46.0 -50.0 um)    
[...]
INSTRUMENT_INFO: Hawkeye-FCDP SN02: Hawkeye- Fast Cloud Droplet Probe measuring size 1-50 microns in 20 bins with one overflow bin for particles >50um: concentration, extinction, liquid water content, see http://www.specinc.com/hawkeye-combination-cloud-particle_probe
DATA_INFO: Concentration (#/L), Extinction (1/km), LWC (g/m^3), Sample Volume (L), Total Counts, Concentration 21 Bins (#/L/um), Particle Counts 21 Bins
UNCERTAINTY: variables are not calculated
ULOD_FLAG: -7777
ULOD_VALUE: n/a
LLOD_FLAG: -8888
LLOD_VALUE: n/a
DM_CONTACT_INFO: Sarah Woods, SPEC Inc, 3022 Sterling Circle, Suite 200, Boulder, CO 80301, 303-449-1105, swoods@specinc.com
PROJECT_INFO: CAMP2Ex Campaign, 2019-08-24--2019-10-07
STIPULATIONS_ON_USE: Please contact PI or DM for stipulations or assistance interpreting and analyzing data.
OTHER_COMMENTS: For R0, P3 Nav TAS is used to calculate the sample volume; Adaptive2 shattering removal is applied. Extinction coefficient is also calculated assuming particles are spheres. software version: SP3Cv40
REVISION: R1
R1: Final Data with Correction Applied to FCDP 1Hz Bin Concentrations: FCDP Conc (#/L/um)= FCDP Conc * [Bin Center /30 ^ 0.3] 
Time_Start,conc,ext,twc,sv,CNT,cbin01,cbin02,cbin03,cbin04,cbin05,cbin06,cbin07,cbin08,cbin09,cbin10,cbin11,cbin12,cbin13,cbin14,cbin15,cbin16,cbin17,cbin18,cbin19,cbin20,cbin21,nbin01,nbin02,nbin03,nbin04,nbin05,nbin06,nbin07,nbin08,nbin09,nbin10,nbin11,nbin12,nbin13,nbin14,nbin15,nbin16,nbin17,nbin18,nbin19,nbin20,nbin21
[from data line 2817]
83147,6429.843,7.39,0.078,0.02,121,0,0,0,0,0,16.6058,0,0,0,20.0966,27.9184,72.8531,166.4057,437.9487,540.04,270.02,15.88,15.88,35.74,11.91,15.25,0,0,0,0,0,1,0,0,0,1,2,5,11,28,34,17,1,1,3,1,16
83148,6039.2691,5.08,0.0458,0.02,127,0,0,0,18.9342,30.9613,66.7717,177.2947,111.847,38.915,101.0142,84.2035,571.3587,136.9,157.2712,159.71,95.82,47.91,31.94,0,11.98,10.54,0,0,0,1,2,4,10,6,2,5,6,39,9,10,10,6,3,2,0,1,11
83149,5231.3252,6.38,0.0677,0.02,112,0,0,0,0,15.6325,16.8567,71.618,37.6532,39.3049,122.418,240.9493,310.7037,168.9773,111.176,161.29,112.9,145.16,48.39,36.29,48.39,3.87,0,0,0,0,1,1,4,2,2,6,17,21,11,7,10,7,9,3,3,4,4
83150,3526.8485,3.61,0.0363,0.02,78,0,14.5648,0,37.5542,0,33.1141,140.6605,73.9448,19.2991,0,55.6699,276.0475,165.9295,77.9808,79.19,63.35,63.35,15.84,0,35.64,3.8,0,1,0,2,0,2,8,4,1,0,4,19,11,5,5,4,4,1,0,3,4
83151,2508.1093,1.63,0.0153,0.02,63,0,0,0,18.7326,45.9476,198.1758,140.3127,147.5238,134.7527,139.9087,41.6536,43.4807,30.0963,15.5587,31.6,15.8,0,0,0,35.55,1.9,0,0,0,1,3,12,8,8,7,7,3,3,2,1,2,1,0,0,0,3,2
83152,5376.9149,4.71,0.0488,0.02,108,0,14.5142,16.9179,0,0,131.9755,70.086,55.2621,57.6862,59.8934,124.8201,275.0752,150.3195,124.332,142.04,63.13,47.35,0,71.02,23.67,14.2,0,1,1,0,0,8,4,3,3,3,9,19,10,8,9,4,3,0,6,2,15
83153,6094.4324,6.54,0.0725,0.02,116,0,14.5142,0,0,0,32.9956,17.5252,18.4259,57.6943,39.9317,83.2193,202.699,225.4935,202.0567,157.84,157.84,78.92,110.49,71.03,23.68,17.05,0,1,0,0,0,2,1,1,3,2,6,14,15,13,10,10,5,7,6,2,18
83154,7937.7372,9.14,0.1063,0.02,145,0,14.8452,0,19.1417,0,16.8776,0,18.8461,19.6728,40.8425,127.6761,177.7022,246.0085,302.0462,355.16,129.15,96.86,64.57,133.19,84.75,23.25,0,1,0,1,0,1,0,1,1,2,9,12,16,19,22,8,6,4,11,7,24
83155,6017.3311,6.01,0.0659,0.02,109,0,0,0,0,15.9879,0,0,0,20.0951,146.0481,115.9446,363.1007,219.9123,129.9253,65.97,98.96,82.46,32.99,86.59,49.48,17.81,0,0,0,0,1,0,0,0,1,7,8,24,14,8,4,6,5,2,7,4,18
83156,6376.8074,4.77,0.0485,0.02,102,0,0,0,0,0,0,0,0,0,0,58.3326,258.7745,284.486,163.4061,132.75,116.16,66.38,49.78,12.45,12.45,28.87,0,0,0,0,0,0,0,0,0,0,4,17,18,10,8,7,4,3,1,1,29
83157,6767.6429,7.52,0.0817,0.02,136,0,14.6061,0,0,0,0,52.9013,37.0774,77.4158,80.3779,223.3476,349.7171,226.9316,203.3467,206.5,47.65,142.96,47.65,83.4,59.57,13.34,0,1,0,0,0,0,3,2,4,4,16,24,15,13,13,3,9,3,7,5,14
83158,7892.7912,7.24,0.0765,0.02,133,0,15.9394,18.5792,0,0,0,0,20.2311,21.1186,87.7149,167.5722,381.6396,247.6466,170.7029,364.04,104.01,52,34.67,39,65.01,26,0,1,1,0,0,0,0,1,1,4,11,24,15,10,21,6,3,2,3,5,25
83159,8669.9818,7.77,0.0877,0.02,138,0,0,0,0,16.3498,17.6302,0,19.6864,0,0,59.2729,247.5099,256.9803,199.2699,387.86,101.18,84.32,118.05,50.59,63.24,37.44,0,0,0,0,1,1,0,1,0,0,4,16,16,12,23,6,5,7,4,5,37
83160,7012.2922,6.49,0.0768,0.02,114,0,14.7027,0,18.9579,0,16.7104,17.7472,18.6593,38.9637,20.2231,14.0515,29.3357,45.6873,125.9568,207.86,351.76,127.91,159.89,23.98,23.98,33.58,0,1,0,1,0,1,1,1,2,1,1,2,3,8,13,22,8,10,2,2,35
83161,5817.4088,5.61,0.0636,0.02,101,0,0,0,0,0,32.8005,0,18.3169,19.1204,0,27.5757,100.7487,149.4337,108.1529,329.49,156.9,94.14,47.07,35.3,35.3,23.54,0,0,0,0,0,2,0,1,1,0,2,7,10,7,21,10,6,3,3,3,25
83162,5159.2633,3.97,0.0445,0.02,86,0,14.4085,0,0,0,16.3759,0,0,38.184,39.645,55.0724,129.3597,134.3094,46.2921,156.68,94.01,62.67,31.34,47.01,23.5,25.38,0,1,0,0,0,1,0,0,2,2,4,9,9,3,10,6,4,2,4,2,27
83163,3887.155,4.9,0.0589,0.02,70,0,0,0,0,0,0,0,0,0,19.987,0,86.9706,75.2502,124.4895,126.42,126.42,142.22,110.61,11.85,47.41,12.33,0,0,0,0,0,0,0,0,0,1,0,6,5,8,8,8,9,7,1,4,13
83164,7708.6165,11.17,0.1409,0.02,139,0,0,0,0,0,0,0,0,0,0,42.6202,192.8012,153.9863,159.2111,242.52,210.18,258.68,210.18,169.76,121.26,21.34,0,0,0,0,0,0,0,0,0,0,3,13,10,10,15,13,16,13,14,10,22
83165,7690.467,9.67,0.1163,0.02,140,0,0,0,0,0,16.6337,0,18.5737,19.3885,0,27.9624,131.3595,303.0676,235.0156,270.48,254.57,159.11,111.38,83.53,119.33,22.91,0,0,0,0,0,1,0,1,1,0,2,9,20,15,17,16,10,7,7,10,24
83166,6290.1281,7.5,0.0907,0.02,105,0,15.613,0,0,0,17.7486,0,0,20.6881,0,14.9215,124.6172,194.0829,167.2268,288.69,67.93,152.84,101.89,114.63,63.68,21.4,0,1,0,0,0,1,0,0,1,0,1,8,12,10,17,4,9,6,9,5,21
83167,7251.9508,7.51,0.0814,0.02,133,0,0,0,0,0,16.6616,0,37.2175,0,20.1641,84.0541,336.3426,212.5692,172.6822,334.78,207.24,111.59,47.83,71.74,23.91,22,0,0,0,0,0,1,0,2,0,1,6,23,14,11,21,13,7,3,6,2,23
83168,5886.1221,5.76,0.066,0.02,102,0,0,0,0,0,0,17.91,18.8305,0,20.4086,56.7157,296.0175,153.672,158.8862,129.08,112.94,48.4,32.27,84.71,60.51,22.27,0,0,0,0,0,0,1,1,0,1,4,20,10,10,8,7,3,2,7,5,23
83169,6197.5942,5.94,0.0724,0.02,101,0,0,0,0,0,0,0,18.3325,0,0,13.8054,115.2606,134.6332,46.4005,267.02,78.53,78.53,125.65,106.02,35.34,30.16,0,0,0,0,0,0,0,1,0,0,1,8,9,3,17,5,5,8,9,3,32
83170,8682.601,7.7,0.0928,0.02,135,0,0,0,0,0,17.0448,0,0,0,61.8837,85.9698,89.7409,108.7085,192.6821,277.2,114.14,146.75,146.75,97.83,61.15,44.03,0,0,0,0,0,1,0,0,0,3,6,6,7,12,17,7,9,9,8,5,45
83171,6686.4389,4.87,0.0617,0.02,93,0,15.2176,0,0,0,0,0,0,0,20.9399,14.5436,60.7354,47.2969,48.9017,99.31,148.97,132.42,82.76,49.66,62.07,42.7,0,1,0,0,0,0,0,0,0,1,1,4,3,3,6,9,8,5,4,5,43
83172,6927.9542,3.96,0.0455,0.02,89,0,0,0,0,0,18.8706,0,0,0,45.6748,31.7323,182.1695,85.9744,88.8916,126.38,72.22,18.05,36.11,94.78,13.54,44.41,0,0,0,0,0,1,0,0,0,2,2,11,5,5,7,4,1,2,7,1,41
83173,4089.9235,1.71,0.0213,0.02,54,0,0,0,0,0,0,0,0,0,0,41.7502,87.1632,15.0862,15.5981,15.84,15.84,15.84,31.67,35.63,23.76,31.36,0,0,0,0,0,0,0,0,0,0,3,6,1,1,1,1,1,2,3,2,33
83174,5245.6861,2.96,0.0384,0.02,70,0,14.8958,0,0,0,0,0,0,0,0,14.236,44.5815,46.2873,15.9526,113.39,32.4,48.6,32.4,36.45,60.75,37.91,0,1,0,0,0,0,0,0,0,0,1,3,3,1,7,2,3,2,3,5,39
83175,7110.8061,7.01,0.0918,0.02,110,0,44.3839,0,0,15.6002,0,0,0,0,0,14.1394,73.798,45.973,47.5329,112.63,160.91,160.91,128.73,156.88,72.41,38.62,0,3,0,0,1,0,0,0,0,0,1,5,3,3,7,10,10,8,13,6,40
83176,4953.6292,2.58,0.0329,0.02,67,0,0,0,0,0,0,0,18.5426,0,20.0966,41.8908,43.7284,30.2677,0,63.56,31.78,47.67,31.78,71.5,23.83,36.23,0,0,0,0,0,0,0,1,0,1,3,3,2,0,4,2,3,2,6,2,38
83177,3721.455,2.12,0.0287,0.02,46,0,0,0,0,0,0,0,0,0,0,0,15.4109,16.0006,49.6402,0,16.8,33.61,50.41,63.01,25.2,28.23,0,0,0,0,0,0,0,0,0,0,0,1,1,3,0,1,2,3,5,2,28
83178,5075.8543,4.67,0.0581,0.02,74,0,16.0314,0,0,0,0,38.7138,0,0,0,30.6426,95.9695,49.8208,17.1737,122.06,122.06,122.06,104.62,39.23,52.31,26.15,0,1,0,0,0,0,2,0,0,0,2,6,3,1,7,7,7,6,3,4,25
83179,5363.1168,5.58,0.074,0.02,86,0,14.5326,0,0,0,0,35.0874,0,0,19.987,0,72.4862,60.2021,62.2448,63.21,173.83,47.41,79.02,82.97,118.52,27.5,0,1,0,0,0,0,2,0,0,1,0,5,4,4,4,11,3,5,7,10,29
83180,4048.0203,3.38,0.0441,0.02,58,0,0,0,0,0,0,0,0,0,20.7797,57.735,30.1338,15.6482,0,32.85,82.13,49.28,98.55,86.23,24.64,24.64,0,0,0,0,0,0,0,0,0,1,4,2,1,0,2,5,3,6,7,2,25
83181,4744.4591,5.64,0.0769,0.02,76,0,14.5602,0,0,0,0,0,0,0,20.0291,13.9197,29.0514,45.2492,0,79.18,63.35,110.85,174.2,83.14,106.9,23.75,0,1,0,0,0,0,0,0,0,1,1,2,3,0,5,4,7,11,7,9,25
83182,4466.692,6.22,0.0792,0.02,76,0,0,0,0,0,0,0,0,20.1357,20.9062,14.526,30.3173,62.9546,81.3682,82.63,165.26,231.36,132.2,49.58,74.36,14.87,0,0,0,0,0,0,0,0,1,1,1,2,4,5,5,10,14,8,4,6,15
83183,4208.6873,4.77,0.0629,0.02,70,0,14.4774,0,0,0,0,34.9616,0,38.3708,0,27.6724,14.4477,44.992,0,47.24,173.2,94.47,47.24,118.09,59.04,19.84,0,1,0,0,0,0,2,0,2,0,2,1,3,0,3,11,6,3,10,5,21
83184,4647.7633,5.78,0.0772,0.02,76,0,0,0,0,0,0,0,0,0,0,13.8054,28.8312,29.9344,15.4701,94.28,110,141.42,157.14,106.07,70.71,21.68,0,0,0,0,0,0,0,0,0,0,1,2,2,1,6,7,9,10,9,6,23
83185,6759.1955,8.39,0.1092,0.02,112,0,0,0,0,0,0,0,18.3247,0,0,13.7967,14.4018,14.9529,46.3906,157.03,219.84,329.76,172.73,129.55,70.66,30.15,0,0,0,0,0,0,0,1,0,0,1,1,1,3,10,14,21,11,11,6,32
83186,3710.7711,5.81,0.0778,0.02,66,0,0,0,0,0,0,0,0,0,0,0,43.2606,0,61.9198,110.03,125.75,78.6,125.75,141.47,70.74,12.26,0,0,0,0,0,0,0,0,0,0,0,3,0,4,7,8,5,8,12,6,13
83187,5121.4001,8.99,0.1144,0.02,103,0,0,0,18.786,0,0,35.1836,0,0,0,41.7766,58.1394,166.0057,109.2262,205.99,190.14,221.83,95.07,178.26,95.07,6.65,0,0,0,1,0,0,2,0,0,0,3,4,11,7,13,12,14,6,15,8,7
83188,5838.9804,8.89,0.1112,0.02,104,0,0,17.9522,0,0,17.5048,18.5909,0,0,0,0,76.8251,79.7647,131.9538,268,167.5,301.5,184.25,113.06,62.81,14.07,0,0,1,0,0,1,1,0,0,0,0,5,5,8,16,10,18,11,9,5,14
83189,4959.7797,8.89,0.1205,0.02,90,0,0,0,0,0,0,0,0,0,0,14.1745,44.3797,30.7153,15.8837,145.13,177.38,241.88,145.13,157.22,157.22,12.58,0,0,0,0,0,0,0,0,0,0,1,3,2,1,9,11,15,9,13,13,13
83190,5034.0476,9.9,0.1358,0.02,94,0,0,0,0,0,0,0,0,0,0,0,0,61.0116,31.5409,128.12,176.16,272.25,176.16,168.15,192.18,10.57,0,0,0,0,0,0,0,0,0,0,0,0,4,2,8,11,17,11,14,16,11
83191,4263.0049,4.48,0.0539,0.02,76,0,0,0,0,0,0,0,0,0,19.8942,96.7435,230.8331,89.8793,30.9796,62.91,62.91,78.64,62.91,47.18,70.77,16.04,0,0,0,0,0,0,0,0,0,1,7,16,6,2,4,4,5,4,4,6,17
83192,2945.3834,1.82,0.0257,0.02,41,0,0,0,0,15.1478,16.3341,17.3476,0,0,0,27.4615,0,0,0,15.62,0,31.25,46.87,35.16,46.87,21.56,0,0,0,0,1,1,1,0,0,0,2,0,0,0,1,0,2,3,3,4,23
83193,3539.3389,3.65,0.0477,0.02,54,0,0,0,19.3669,0,0,0,0,19.9002,0,0,0,46.6683,32.1711,65.33,114.33,49,65.33,85.75,36.75,18.62,0,0,0,1,0,0,0,0,1,0,0,0,3,2,4,7,3,4,7,3,19
83194,3614.0493,4.9,0.0656,0.02,63,0,0,0,0,0,0,17.355,0,0,19.7761,0,57.3597,44.6587,46.174,93.79,78.16,62.53,93.79,70.34,105.51,14.07,0,0,0,0,0,0,1,0,0,1,0,4,3,3,6,5,4,6,6,9,15
83195,5765.9673,6.29,0.0778,0.02,95,0,0,0,0,0,16.8428,0,0,19.6321,20.3833,14.1569,88.686,138.1095,31.7378,128.9,145.01,161.13,128.9,145.01,12.08,25.14,0,0,0,0,0,1,0,0,1,1,1,6,9,2,8,9,10,8,12,1,26
83196,4225.7288,1.4,0.021,0.02,52,0,0,0,0,0,16.341,0,18.2469,19.0473,0,13.7351,14.3376,0,0,0,0,0,0,23.45,70.36,36.59,0,0,0,0,0,1,0,1,1,0,1,1,0,0,0,0,0,0,2,6,39
83197,4243.5122,7.43,0.1007,0.02,80,0,0,0,0,0,0,17.503,0,19.2098,19.9448,0,86.7688,45.0492,46.5777,47.3,141.89,126.12,110.36,212.83,106.42,10.41,0,0,0,0,0,0,1,0,1,1,0,6,3,3,3,9,8,7,18,9,11
83198,3912.3823,5.73,0.0793,0.02,66,0,0,0,0,0,0,0,0,0,19.9701,0,14.4844,45.1063,0,78.93,94.71,157.85,47.36,94.71,142.07,16.1,0,0,0,0,0,0,0,0,0,1,0,1,3,0,5,6,10,3,8,12,17
83199,4810.8088,7.06,0.0938,0.02,83,0,0,0,0,0,0,0,18.6515,0,0,0,58.6439,30.4487,15.736,127.86,175.81,143.84,159.83,143.84,83.91,17.26,0,0,0,0,0,0,0,1,0,0,0,4,2,1,8,11,9,10,12,7,18
83200,4840.2267,8.7,0.1108,0.02,91,0,0,0,0,0,0,0,0,0,20.7122,0,15.0256,46.7921,96.7497,212.88,196.51,360.26,180.13,110.53,61.41,7.86,0,0,0,0,0,0,0,0,0,1,0,1,3,6,13,12,22,11,9,5,8
83201,6633.8882,12.15,0.1572,0.02,126,0,0,0,0,0,0,17.8804,0,0,0,14.1569,29.5467,46.0206,31.7181,144.97,579.86,338.25,257.72,181.21,96.64,11.6,0,0,0,0,0,0,1,0,0,0,1,2,3,2,9,36,21,16,15,8,12
83202,7703.6062,14.61,0.1793,0.02,156,0,0,0,0,0,0,0,0,0,0,0,14.5578,0,62.491,507.69,729.81,634.62,237.98,107.09,35.7,5.71,0,0,0,0,0,0,0,0,0,0,0,1,0,4,32,46,40,15,9,3,6
83203,7957.3742,14.53,0.1845,0.02,152,0,0,0,0,0,0,0,0,0,20.6954,14.3766,75.0272,31.163,80.5411,523.48,458.04,458.04,245.38,147.23,147.23,10.8,0,0,0,0,0,0,0,0,0,1,1,5,2,5,32,28,28,15,12,12,11
83204,6189.9468,10.57,0.1296,0.02,121,0,0,0,0,0,0,0,0,0,0,0,43.8843,75.936,125.622,494.34,334.88,334.88,143.52,95.68,71.76,8.61,0,0,0,0,0,0,0,0,0,0,0,3,5,8,31,21,21,9,8,6,9
83205,6472.113,10.95,0.1376,0.02,122,0,0,0,0,0,0,0,0,0,0,0,0,30.5153,220.8257,272.31,448.51,224.25,320.36,84.1,84.1,12.49,0,0,0,0,0,0,0,0,0,0,0,0,2,14,17,28,14,20,7,7,13
83206,5757.5583,11.75,0.1602,0.02,104,0,0,0,0,0,0,0,0,0,0,0,0,64.8594,83.83,255.38,204.3,204.3,221.33,204.3,229.84,9.19,0,0,0,0,0,0,0,0,0,0,0,0,4,5,15,12,12,13,16,18,9
83207,4010.3337,8.95,0.1198,0.02,83,0,0,0,0,0,0,0,0,0,0,13.9197,43.5908,45.2587,93.5887,126.72,110.88,174.23,237.59,237.59,83.16,1.9,0,0,0,0,0,0,0,0,0,0,1,3,3,6,8,7,11,15,20,7,2
83208,5251.5346,10.06,0.1369,0.02,99,0,0,0,0,0,0,0,0,0,0,13.8933,0,45.173,15.5686,173.93,205.55,252.98,205.55,166.02,177.88,11.38,0,0,0,0,0,0,0,0,0,0,1,0,3,1,11,13,16,13,14,15,12
83209,4493.3103,7.16,0.0948,0.02,80,0,0,0,0,0,0,17.5622,0,0,0,0,0,0,77.902,63.29,221.51,237.33,110.75,166.13,59.33,14.24,0,0,0,0,0,0,1,0,0,0,0,0,0,5,4,14,15,7,14,5,15
83210,4182.1328,8.19,0.1054,0.02,81,0,0,0,0,0,0,0,0,0,20.8725,0,15.1357,62.8688,97.4981,181.52,231.03,214.53,181.52,123.76,74.26,3.96,0,0,0,0,0,0,0,0,0,1,0,1,4,6,11,14,13,11,10,6,4
83211,6208.2669,10.18,0.144,0.02,106,0,0,0,0,0,0,0,0,0,0,27.8306,14.5303,0,15.5981,126.7,110.86,126.7,253.39,225.68,225.68,23.76,0,0,0,0,0,0,0,0,0,0,2,1,0,1,8,7,8,16,19,19,25
83212,5185.3303,9.04,0.1274,0.02,92,0,0,0,0,0,0,0,18.4492,0,0,13.8845,28.9963,30.1058,31.1273,79.02,63.21,158.03,237.05,165.94,213.35,17.07,0,0,0,0,0,0,0,1,0,0,1,2,2,2,5,4,10,15,14,18,18
83213,3473.6151,6.39,0.0893,0.02,63,0,0,0,0,0,0,0,0,0,0,0,14.3743,0,15.4307,94.01,31.34,141.01,156.68,164.51,105.76,10.34,0,0,0,0,0,0,0,0,0,0,0,1,0,1,6,2,9,10,14,9,11
83214,4887.5646,8.93,0.1236,0.02,88,0,0,0,0,0,0,17.8434,18.7605,0,0,0,14.7412,15.3053,31.6591,96.45,128.6,176.82,208.97,217.01,144.67,13.5,0,0,0,0,0,0,1,1,0,0,0,1,1,2,6,8,11,13,18,12,14
83215,4847.3092,9.69,0.1396,0.02,87,0,0,0,0,0,0,0,0,0,0,0,29.1064,0,0,31.73,31.73,142.8,253.87,297.5,190.4,14.28,0,0,0,0,0,0,0,0,0,0,0,2,0,0,2,2,9,16,25,16,15
83216,3666.023,7.17,0.1029,0.02,63,0,0,0,0,0,0,0,0,0,20.9315,0,0,0,0,33.1,99.3,115.85,82.75,235.84,148.95,10.92,0,0,0,0,0,0,0,0,0,1,0,0,0,0,2,6,7,5,19,12,11
83217,2924.7709,6.32,0.0895,0.02,55,0,0,0,0,0,0,0,0,0,0,0,14.6954,15.2577,31.5606,16.02,64.1,48.07,256.38,120.18,132.2,5.77,0,0,0,0,0,0,0,0,0,0,0,1,1,2,1,4,3,16,10,11,6
83218,4002.8415,6.71,0.0946,0.02,68,0,0,0,0,0,0,0,0,0,0,0,29.5834,15.3529,31.7575,80.62,0,128.99,161.23,169.29,133.02,14.51,0,0,0,0,0,0,0,0,0,0,0,2,1,2,5,0,8,10,14,11,15
83219,3954.861,6.99,0.0975,0.02,69,0,0,0,0,0,0,0,0,0,0,0,29.6109,46.1159,15.8935,16.14,48.42,129.12,225.96,193.68,96.84,12.59,0,0,0,0,0,0,0,0,0,0,0,2,3,1,1,3,8,14,16,8,13
83220,3379.8642,5.79,0.0785,0.02,66,0,0,0,0,0,0,17.3698,36.5327,19.0636,0,68.7636,71.7799,29.8106,0,109.55,31.3,109.55,78.25,117.37,129.11,7.51,0,0,0,0,0,0,1,2,1,0,5,5,2,0,7,2,7,5,10,11,8
83221,2671.2863,4.77,0.0649,0.02,48,0,0,0,0,0,17.6162,18.7093,0,20.5337,0,29.6233,15.4568,32.1059,0,50.56,67.41,101.12,134.82,75.84,88.48,6.07,0,0,0,0,0,1,1,0,1,0,2,1,2,0,3,4,6,8,6,7,6
83222,2669.3318,5.25,0.074,0.02,52,0,29.1617,0,0,0,0,0,18.5115,0,0,41.8118,29.0972,15.1053,15.6178,0,31.72,63.43,158.58,130.83,107.04,5.71,0,2,0,0,0,0,0,1,0,0,3,2,1,1,0,2,4,10,11,9,6
83223,1799.3,3.77,0.0582,0.02,31,0,0,0,0,0,0,0,0,0,0,0,0,0,0,15.78,0,0,0,106.53,165.71,6.63,0,0,0,0,0,0,0,0,0,0,0,0,0,0,1,0,0,0,9,14,7
83224,2997.9444,4.26,0.0634,0.02,47,0,0,0,0,0,0,0,0,0,0,0,0,0,15.3815,15.62,31.24,15.62,31.24,128.85,140.56,15.93,0,0,0,0,0,0,0,0,0,0,0,0,0,1,1,2,1,2,11,12,17
83225,1332.8646,1.9,0.0265,0.02,21,0,0,0,0,0,0,0,0,0,0,0,15.1449,0,0,16.51,49.53,16.51,33.02,49.53,37.15,5.94,0,0,0,0,0,0,0,0,0,0,0,1,0,0,1,3,1,2,4,3,6
83226,2499.4722,5.47,0.0815,0.02,47,0,28.9548,0,0,0,0,0,0,0,0,0,0,0,0,15.75,31.49,15.75,125.97,129.9,177.14,6.61,0,2,0,0,0,0,0,0,0,0,0,0,0,0,1,2,1,8,11,15,7
83227,3182.6516,5.14,0.0748,0.02,50,0,0,0,0,0,0,0,0,0,0,0,0,15.8005,16.3367,16.59,16.59,49.77,132.73,124.43,136.87,13.94,0,0,0,0,0,0,0,0,0,0,0,0,1,1,1,1,3,8,10,11,14
83228,2475.8375,5.93,0.0845,0.02,50,0,14.5004,0,0,0,0,0,0,0,0,0,14.4661,15.0196,0,15.77,63.08,157.7,94.62,130.1,141.93,2.84,0,1,0,0,0,0,0,0,0,0,0,1,1,0,1,4,10,6,11,12,3
83229,2254.5216,4.86,0.0691,0.02,43,0,0,0,0,0,0,17.4808,0,0,0,0,0,0,0,0,47.23,157.44,110.21,94.46,106.27,4.72,0,0,0,0,0,0,1,0,0,0,0,0,0,0,0,3,10,7,8,9,5
83230,5152.3916,9.46,0.1123,0.02,104,0,0,0,0,0,0,0,0,0,0,0,0,61.8974,112.0032,519.93,406.2,292.46,162.48,60.93,12.19,1.95,0,0,0,0,0,0,0,0,0,0,0,0,4,7,32,25,18,10,5,1,2
83231,4699.9884,6.82,0.07,0.02,101,0,0,0,0,0,0,0,0,0,0,0,72.5229,331.3067,467.1066,458.54,94.87,63.25,47.44,23.72,0,0,0,0,0,0,0,0,0,0,0,0,0,5,22,30,29,6,4,3,2,0,0
83232,3550.0167,8.5,0.1123,0.02,73,0,0,0,0,0,0,0,18.9783,0,0,0,0,0,0,16.26,211.38,341.45,439.01,85.36,36.58,0,0,0,0,0,0,0,0,1,0,0,0,0,0,0,1,13,21,27,7,3,0
