NASA Data Processing/CAMP2Ex/FCDP/CAMP2Ex-HawkFCDP_P3B_20190827_R1.ict
79, 1001
Lawson, Paul
SPEC Inc
Hawkeye-FCDP on P3-B
CAMP2Ex 2019
1, 1
2019,08,27, 2021,01,13
1
Time_Start, seconds, elapsed time from 00:00:00 UTC
47
1,1,1,1,1,1,1,1,1,1,1,1,1,1,1,1,1,1,1,1,1,1,1,1,1,1,1,1,1,1,1,1,1,1,1,1,1,1,1,1,1,1,1,1,1,1,1
-9.99e+002,-9.99e+002,-9.99e+002,-9.99e+002,-9.99e+002,-9.99e+002,-9.99e+002,-9.99e+002,-9.99e+002,-9.99e+002,-9.99e+002,-9.99e+002,-9.99e+002,-9.99e+002,-9.99e+002,-9.99e+002,-9.99e+002,-9.99e+002,-9.99e+002,-9.99e+002,-9.99e+002,-9.99e+002,-9.99e+002,-9.99e+002,-9.99e+002,-9.99e+002,-9.99e+002,-9.99e+002,-9.99e+002,-9.99e+002,-9.99e+002,-9.99e+002,-9.99e+002,-9.99e+002,-9.99e+002,-9.99e+002,-9.99e+002,-9.99e+002,-9.99e+002,-9.99e+002,-9.99e+002,-9.99e+002,-9.99e+002,-9.99e+002,-9.99e+002,-9.99e+002,-9.99e+002
conc, #/L, CldMicro_NumSizeDist_InSitu_Optical_Drop_AMB, particle number concentration
ext,  1/km, CldOpt_Extinction_InSitu_IR, extinction of the particles
twc,  g/m3, CldMicro_TWC_InSitu_Optical_Drop_AMB, total water content across instrument size range
sv, liter, none, sample volume
CNT, #, none, accepted or rejected event count in this second. negative means rejected particle numbers. 
cbin01, #/liter/um, CldMicro_NumSizeDist_InSitu_Optical_Drop_AMB, concentration of size ( 0.00 - 1.5 um)    
cbin02, #/liter/um, CldMicro_NumSizeDist_InSitu_Optical_Drop_AMB, concentration of size ( 1.5  - 3.0 um)    
cbin03, #/liter/um, CldMicro_NumSizeDist_InSitu_Optical_Drop_AMB, concentration of size ( 3.0  - 4.5 um)    
cbin04, #/liter/um, CldMicro_NumSizeDist_InSitu_Optical_Drop_AMB, concentration of size ( 4.5  - 6.0 um)    
cbin05, #/liter/um, CldMicro_NumSizeDist_InSitu_Optical_Drop_AMB, concentration of size ( 6.0  - 8.0 um)    
cbin06, #/liter/um, CldMicro_NumSizeDist_InSitu_Optical_Drop_AMB, concentration of size ( 8.0  -10.0 um)    
cbin07, #/liter/um, CldMicro_NumSizeDist_InSitu_Optical_Drop_AMB, concentration of size ( 10.0 -12.0 um)    
cbin08, #/liter/um, CldMicro_NumSizeDist_InSitu_Optical_Drop_AMB, concentration of size ( 12.0 -14.0 um)    
cbin09, #/liter/um, CldMicro_NumSizeDist_InSitu_Optical_Drop_AMB, concentration of size ( 14.0 -16.0 um)   
cbin10, #/liter/um, CldMicro_NumSizeDist_InSitu_Optical_Drop_AMB, concentration of size ( 16.0 -18.0 um)    
cbin11, #/liter/um, CldMicro_NumSizeDist_InSitu_Optical_Drop_AMB, concentration of size ( 18.0 -21.0 um)    
cbin12, #/liter/um, CldMicro_NumSizeDist_InSitu_Optical_Drop_AMB, concentration of size ( 21.0 -24.0 um)    
cbin13, #/liter/um, CldMicro_NumSizeDist_InSitu_Optical_Drop_AMB, concentration of size ( 24.0 -27.0 um)    
cbin14, #/liter/um, CldMicro_NumSizeDist_InSitu_Optical_Drop_AMB, concentration of size ( 27.0 -30.0 um)    
cbin15, #/liter/um, CldMicro_NumSizeDist_InSitu_Optical_Drop_AMB, concentration of size ( 30.0 -33.0 um)    
cbin16, #/liter/um, CldMicro_NumSizeDist_InSitu_Optical_Drop_AMB, concentration of size ( 33.0 -36.0 um)    
cbin17, #/liter/um, CldMicro_NumSizeDist_InSitu_Optical_Drop_AMB, concentration of size ( 36.0 -39.0 um)    
cbin18, #/liter/um, CldMicro_NumSizeDist_InSitu_Optical_Drop_AMB, concentration of size ( 39.0 -42.0 um)    
cbin19, #/liter/um, CldMicro_NumSizeDist_InSitu_Optical_Drop_AMB, concentration of size ( 42.0 -46.0 um)    
cbin20, #/liter/um, CldMicro_NumSizeDist_InSitu_Optical_Drop_AMB, concentration of size ( 46.0 -50.0 um)    
[...]
INSTRUMENT_INFO: Hawkeye-FCDP SN02: Hawkeye- Fast Cloud Droplet Probe measuring size 1-50 microns in 20 bins with one overflow bin for particles >50um: concentration, extinction, liquid water content, see http://www.specinc.com/hawkeye-combination-cloud-particle_probe
DATA_INFO: Concentration (#/L), Extinction (1/km), LWC (g/m^3), Sample Volume (L), Total Counts, Concentration 21 Bins (#/L/um), Particle Counts 21 Bins
UNCERTAINTY: variables are not calculated
ULOD_FLAG: -7777
ULOD_VALUE: n/a
LLOD_FLAG: -8888
LLOD_VALUE: n/a
DM_CONTACT_INFO: Sarah Woods, SPEC Inc, 3022 Sterling Circle, Suite 200, Boulder, CO 80301, 303-449-1105, swoods@specinc.com
PROJECT_INFO: CAMP2Ex Campaign, 2019-08-24--2019-10-07
STIPULATIONS_ON_USE: Please contact PI or DM for stipulations or assistance interpreting and analyzing data.
OTHER_COMMENTS: For R0, P3 Nav TAS is used to calculate the sample volume; Adaptive2 shattering removal is applied. Extinction coefficient is also calculated assuming particles are spheres. software version: SP3Cv40
REVISION: R1
R1: Final Data with Correction Applied to FCDP 1Hz Bin Concentrations: FCDP Conc (#/L/um)= FCDP Conc * [Bin Center /30 ^ 0.3] 
Time_Start,conc,ext,twc,sv,CNT,cbin01,cbin02,cbin03,cbin04,cbin05,cbin06,cbin07,cbin08,cbin09,cbin10,cbin11,cbin12,cbin13,cbin14,cbin15,cbin16,cbin17,cbin18,cbin19,cbin20,cbin21,nbin01,nbin02,nbin03,nbin04,nbin05,nbin06,nbin07,nbin08,nbin09,nbin10,nbin11,nbin12,nbin13,nbin14,nbin15,nbin16,nbin17,nbin18,nbin19,nbin20,nbin21
[from data line 6197]
6257,19026.8519,25.11,0.2486,0.03,523,0,46.7562,0,15.0691,0,13.2888,28.2268,59.3472,15.4897,128.6418,189.9017,1352.654,1355.9896,1126.5998,800.85,648.31,419.49,165.26,66.74,0,0,0,4,0,1,0,1,2,4,1,8,17,116,112,90,63,51,33,13,7,0,0
6258,15292.5366,18.45,0.1761,0.03,437,0,11.4431,13.3382,0,0,26.0132,96.7069,203.3461,151.6232,346.3225,503.0417,650.6789,1042.9883,833.2981,622.22,522.66,248.89,74.67,18.67,9.33,0,0,1,1,0,0,2,7,14,10,22,46,57,88,68,50,42,20,6,2,1,0
6259,12918.8425,11.9,0.0906,0.03,378,0,0,0,0,0,25.9993,27.6126,159.6547,90.9073,235.9557,644.7342,1859.342,911.9457,293.8926,161.66,37.31,37.31,0,0,0,0,0,0,0,0,0,2,2,11,6,15,59,163,77,24,13,3,3,0,0,0,0
6260,11638.3966,9.39,0.0666,0.03,353,0,11.4063,0,14.7075,0,259.324,165.2461,217.1733,136.0198,266.7626,621.3414,1911.6473,354.4313,171.0082,62.02,24.81,12.4,12.4,0,0,0,0,1,0,1,0,20,12,15,9,17,57,168,30,14,5,2,1,1,0,0,0
6261,10607.3013,8.89,0.0683,0.03,328,0,22.5644,26.3013,14.5474,23.7881,218.022,367.7481,286.4104,194.3314,310.4134,442.0552,889.1257,619.3261,386.6246,134.96,73.62,24.54,0,0,0,0,0,2,2,1,2,17,27,20,13,20,41,79,53,32,11,6,2,0,0,0,0
6262,13863.0137,15.53,0.1385,0.03,388,0,23.4011,0,0,0,13.3028,84.7619,44.5629,170.5568,225.3719,458.5058,898.8676,1212.0227,751.8904,445.4,343.6,114.53,25.45,0,0,0,0,2,0,0,0,1,6,3,11,14,41,77,100,60,35,27,9,2,0,0,0
6263,13154.3542,14.01,0.1264,0.03,382,0,0,13.4936,14.9268,36.6159,197.3954,223.624,323.2856,138.0585,238.8905,497.8658,646.7436,839.3623,607.4897,503.6,264.39,214.03,25.18,0,0,0,0,0,1,1,3,15,16,22,9,15,45,56,70,49,40,21,17,2,0,0,0
6264,8630.3584,8.58,0.076,0.02,229,0,39.0279,45.4914,16.7764,27.4264,221.8198,188.47,198.1561,224.0842,143.1724,261.0818,428.2759,512.0272,390.0909,226.36,212.22,127.33,0,0,0,0,0,3,3,1,2,15,12,12,13,8,21,33,38,28,16,15,9,0,0,0,0
6265,10834.2217,13.68,0.1327,0.03,308,0,0,0,0,0,103.4537,109.873,43.3179,15.0754,109.5488,173.9432,476.6367,836.5717,670.0397,618.57,334.03,160.83,61.86,18.56,0,0,0,0,0,0,0,8,8,3,1,7,16,42,71,55,50,27,13,5,2,0,0
6266,15609.7179,23.46,0.2477,0.03,420,0,23.4425,27.3249,30.2271,0,26.6474,14.1504,29.7553,15.5303,32.249,89.6079,187.0772,874.0682,1179.8639,1147.18,1006.97,395.14,152.96,28.68,9.56,0,0,2,2,2,0,2,1,2,1,2,8,16,72,94,90,79,31,12,3,1,0
6267,14939.0963,20.93,0.2123,0.03,406,0,23.3413,0,15.0454,0,13.2679,28.175,29.623,15.4653,32.1056,133.8363,477.3247,1075.7895,1062.297,939.17,736.1,317.29,114.22,19.04,0,0,0,2,0,1,0,1,2,2,1,2,12,41,89,85,74,58,25,9,2,0,0
6268,14036.2472,19.14,0.1899,0.03,386,0,0,0,0,0,0,13.8988,43.8315,15.2541,15.8378,99.002,620.0497,1049.1028,973.7698,901.25,700.97,162.73,112.66,0,0,0,0,0,0,0,0,0,1,3,1,1,9,54,88,79,72,56,13,9,0,0,0
6269,9947.3114,12.81,0.1243,0.03,280,0,34.3155,0,0,12.0588,26.0063,41.4299,43.5592,15.1566,78.6913,131.1912,410.8378,817.5711,612.5413,622.04,323.46,223.93,12.44,0,0,0,0,3,0,0,1,2,3,3,1,5,12,36,69,50,50,26,18,1,0,0,0
6270,14752.3937,19.02,0.1894,0.03,414,0,34.6787,13.4722,0,12.1881,91.9836,55.8246,102.7119,107.2173,206.7427,220.9573,922.5893,862.0964,705.6574,666.31,490.3,452.59,113.15,37.72,0,0.75,0,3,1,0,1,7,4,7,7,13,20,80,72,57,53,39,36,9,4,0,1
6271,14718.0221,20.6,0.2149,0.03,411,0,23.1344,13.4829,44.7449,0,65.7474,41.8962,176.2053,76.636,175.0587,287.4361,438.5223,874.6587,706.13,754.82,666.76,503.21,176.12,75.48,0,0,0,2,1,3,0,5,3,12,5,11,26,38,73,57,60,53,40,14,8,0,0
6272,12259.6308,16.27,0.1656,0.03,348,0,45.9517,13.3918,0,0,65.2944,110.9535,174.9914,76.108,173.8528,285.4501,412.5807,606.859,652.0487,699.64,462.27,324.83,199.9,9.37,0,0,0,4,1,0,0,5,8,12,5,11,26,36,51,53,56,37,26,16,1,0,0
6273,13072.1065,17.74,0.18,0.03,365,0,23.0379,0,0,12.1428,52.3749,69.531,116.967,91.5733,110.9318,242.1883,402.1967,680.0711,764.8199,952.06,601.3,263.07,87.69,37.58,0,0,0,2,0,0,1,4,5,8,6,7,22,35,57,62,76,48,21,7,4,0,0
6274,14457.3427,20.7,0.2118,0.03,395,0,0,13.4454,0,0,13.1146,27.8568,73.2211,30.5732,47.6145,88.2019,264.7095,884.2686,1025.4681,1329.94,752.79,238.39,62.73,28.23,0,0,0,0,1,0,0,1,2,5,2,3,8,23,74,83,106,60,19,5,3,0,0
6275,9219.87,11.12,0.1075,0.03,269,0,22.6839,0,29.249,23.9108,116.0317,205.3883,28.7904,30.0533,62.415,130.0664,678.868,563.8766,364.3796,407.03,370.03,111.01,98.67,9.25,0,0,0,2,0,2,2,9,15,2,2,4,12,60,48,30,33,30,9,8,1,0,0
6276,6739.292,6.78,0.0585,0.03,190,0,11.9902,0,15.4603,12.6404,54.5142,115.7863,45.6523,174.7317,82.4609,240.5978,753.4548,434.6055,141.2201,104.3,91.26,91.26,39.11,9.78,0,0,0,1,0,1,1,4,8,3,11,5,21,63,35,11,8,7,7,3,1,0,0
6277,9033.9318,11.52,0.1175,0.03,258,0,0,13.424,0,0,65.4547,111.2273,131.5568,45.7785,158.4282,176.0874,574.4133,691.8143,431.6465,187.86,137.76,150.29,100.19,150.29,9.39,0,0,0,1,0,0,5,8,9,3,10,16,50,58,35,15,11,12,8,16,1,0
6278,11795.3972,18.3,0.1998,0.03,322,0,0,0,0,0,13.1425,0,0,15.3191,47.7073,110.4699,438.2013,802.1896,594.1958,615.99,490.27,402.28,188.57,160.28,18.86,0,0,0,0,0,0,1,0,0,1,3,10,38,67,48,49,39,32,15,17,2,0
6279,12121.2553,18,0.1901,0.03,328,0,0,0,30.1619,12.3302,66.4721,28.2416,44.5396,15.4978,16.0908,33.5338,338.3515,605.6876,801.5799,979.36,559.63,407.01,114.47,47.7,0,0,0,0,0,2,1,5,2,3,1,1,3,29,50,64,77,44,32,9,5,0,0
6280,10110.7448,13.14,0.1363,0.03,287,0,11.7281,13.6705,45.3614,12.3625,79.9839,325.6373,163.7398,217.5374,161.3293,134.4866,292.4766,461.5683,326.5266,420.87,497.39,433.62,89.27,28.7,0,0,0,1,1,3,1,6,23,11,14,10,12,25,38,26,33,39,34,7,3,0,0
6281,8151.6763,11.93,0.1336,0.03,241,0,11.2408,26.1995,14.4941,11.8456,140.5328,203.5307,99.8639,74.4592,170.0747,204.0762,269.0851,128.052,156.4637,281.12,427.79,342.23,330.01,64.17,0,0,0,1,2,1,1,11,15,7,5,11,19,24,11,13,23,35,28,27,7,0,0
6282,9580.4895,14.85,0.1702,0.03,278,0,11.3741,0,0,11.9877,181.0125,274.6306,173.2484,135.638,93.8881,217.3983,113.4718,188.4922,146.1634,259.76,556.63,667.95,395.82,46.39,0,0,0,1,0,0,1,14,20,12,9,6,20,10,16,12,21,45,54,32,5,0,0
6283,12559.8139,22.4,0.2617,0.03,345,0,0,0,14.7549,0,78.0606,41.4521,58.11,15.1648,110.215,87.4989,159.8421,225.2363,343.1882,659.67,933.5,1008.18,423.19,102.69,0,0,0,0,0,1,0,6,3,4,1,7,8,14,19,28,53,75,81,34,11,0,0
6284,8446.3175,14,0.1592,0.03,227,0,35.589,0,0,25.0159,0,114.5799,0,62.8765,32.6454,79.3615,177.5279,221.1886,304.9216,425.77,567.69,580.59,219.33,38.71,9.68,0,0,3,0,0,2,0,8,0,4,2,7,15,18,24,33,44,45,17,4,1,0
6285,5727.1294,10.46,0.1268,0.03,158,0,0,0,0,0,65.8449,83.9182,44.1194,15.3516,0,55.3624,161.8051,155.9959,136.4737,63,251.98,415.77,377.98,103.94,9.45,0,0,0,0,0,0,5,6,3,1,0,5,14,13,11,5,20,33,30,11,1,0
6286,12322.165,25.65,0.3251,0.03,336,0,46.2045,13.4615,14.8912,12.1751,65.6568,69.7308,43.9871,45.9166,15.8884,44.1581,172.8496,167.501,37.1145,125.62,477.36,1406.96,1105.47,235.54,18.84,0.75,0,4,1,1,1,5,5,3,3,1,4,15,14,3,10,38,112,88,25,2,1
6287,12992.7901,27.92,0.3559,0.03,349,0,23.139,13.4883,0,12.1945,26.3059,55.8764,29.374,15.3272,15.9137,22.1186,92.3369,95.87,136.2965,289.4,566.21,1459.57,1107.26,245.36,66.06,0.75,0,2,1,0,1,2,4,2,1,1,2,8,8,11,23,45,116,88,26,7,1
6288,10973.3295,23.91,0.3146,0.03,293,0,34.9131,0,0,0,26.4592,56.202,14.7765,61.6824,48.0362,22.2416,162.5482,180.8253,162.0373,151.89,278.46,746.79,848.05,512.63,142.4,2.28,0,3,0,0,0,2,4,1,4,3,2,14,15,13,12,22,59,67,54,15,3
6289,10059.9752,21.86,0.2883,0.03,265,0,23.2264,0,0,0,13.2052,14.0246,14.7454,0,47.935,44.3953,115.866,156.3863,199.004,239.98,227.35,454.7,896.77,492.59,123.15,3.79,0,2,0,0,0,1,1,1,0,3,4,10,13,16,19,18,36,71,52,13,5
6290,8307.3617,13.4,0.1541,0.03,230,0,34.2097,0,14.7015,0,25.9226,0,28.9461,15.1079,47.0579,98.0792,216.1377,437.0055,439.6228,384.43,434.04,124.01,136.41,195.32,65.11,1.49,0,3,0,1,0,2,0,2,1,3,9,19,37,36,31,35,10,11,21,7,2
6291,11035.708,14.03,0.1415,0.03,311,0,11.5075,0,0,0,0,41.689,102.2683,30.5001,237.5159,285.9949,803.7604,762.9882,431.42,488.18,237.83,50.07,25.03,178.37,37.55,0.75,0,1,0,0,0,0,3,7,2,15,26,70,64,35,39,19,4,2,19,4,1
6292,9175.9199,12.49,0.142,0.03,258,0,23.3183,0,0,12.2915,13.254,98.5349,192.3902,92.6942,352.8752,434.5593,523.4106,265.6758,212.2684,139.48,50.72,126.8,190.2,304.31,66.57,3.04,0,2,0,0,1,1,7,13,6,22,39,45,22,17,11,4,10,15,32,7,4
6293,8975.9975,19.92,0.2661,0.03,245,0,57.9786,0,0,24.4472,39.546,0,14.722,30.7275,79.7623,99.7401,185.0958,120.1089,136.6017,151.33,88.28,340.5,630.55,718.83,75.67,0.76,0,5,0,0,2,3,0,1,2,5,9,16,10,11,12,7,27,50,76,8,1
6294,9113.8814,17.14,0.2119,0.03,248,0,34.9729,0,0,12.2915,26.501,14.0764,14.7998,0,96.2241,178.2492,348.8823,181.111,187.2562,139.45,354.97,469.07,595.85,266.23,57.05,0.76,0,3,0,0,1,2,1,1,0,6,16,30,15,15,11,28,37,47,28,6,1
6295,10802.6339,22.58,0.2841,0.03,286,0,35.3499,0,15.1936,0,0,0,0,0,16.2088,33.7886,199.8554,219.7028,176.6802,230.68,512.62,794.57,1025.25,259.52,19.22,0,0,3,0,1,0,0,0,0,0,1,3,17,18,14,18,40,62,80,27,2,0
6296,12894.0755,26.86,0.3364,0.03,341,0,82.9934,13.8205,0,0,26.954,0,15.0488,0,32.6201,22.6634,82.7968,319.3062,190.4664,206.31,477.09,1611.8,941.29,261.11,0,0,0,7,1,0,0,2,0,1,0,2,2,7,26,15,16,37,125,73,27,0,0
6297,11184.4392,21.25,0.2549,0.03,302,0,23.2678,0,14.998,36.7968,13.2261,42.1404,0,15.4166,0,55.5908,232.1265,265.1044,174.4252,278.35,582.01,1404.41,582.01,47.45,0,0,0,2,0,1,3,1,3,0,1,0,5,20,22,14,22,46,111,46,5,0,0
6298,12139.9845,23.32,0.2819,0.03,330,0,23.185,27.0248,0,36.6611,39.532,13.995,44.1428,15.3597,47.8422,66.47,254.4264,180.111,161.3874,252.15,529.51,1802.84,554.72,66.19,0,0,0,2,2,0,3,3,1,3,1,3,6,22,15,13,20,42,143,44,7,0,0
6299,9742.8967,17.68,0.2103,0.03,267,0,46.7516,13.6222,30.1382,12.3238,106.2898,70.5523,59.3394,30.9712,64.3125,55.8457,151.5771,60.5259,137.6849,317.77,622.82,1207.51,419.45,0,0,0,0,4,1,2,1,8,5,4,2,4,5,13,5,11,25,49,95,33,0,0,0
6300,7743.6611,13.3,0.1543,0.03,218,0,57.2292,0,29.5157,0,39.0303,41.4521,87.1728,30.3295,0,164.0747,171.2718,142.262,73.5495,124.48,622.38,896.23,211.61,0,0,0,0,5,0,2,0,3,3,6,2,0,15,15,12,6,10,50,72,17,0,0,0
6301,9579.2387,5.43,0.0356,0.03,321,0,45.8873,133.7252,162.7189,96.7549,678.1629,637.1389,320.3754,212.8183,441.9225,570.1356,652.3759,83.1838,0,24.95,12.48,74.86,0,9.36,0,0,0,4,10,11,8,52,46,22,14,28,52,57,7,0,2,1,6,0,1,0,0
6302,12227.7282,7.45,0.0437,0.03,391,0,0,26.58,14.7015,0,440.6501,536.813,680.1781,256.818,580.3385,1035.1091,1262.4911,94.4699,0,0,0,0,0,0,0,0,0,0,2,1,0,34,39,47,17,37,95,111,8,0,0,0,0,0,0,0,0
6303,8840.2882,5.53,0.0386,0.03,290,0,0,13.1989,0,23.8785,334.7436,820.4135,718.8118,375.1713,451.8486,227.302,282.4687,234.6176,169.8068,160.12,36.95,0,0,9.24,0,0,0,0,1,0,2,26,60,50,25,29,21,25,20,14,13,3,0,0,1,0,0
6304,8661.1649,2.62,0.01,0.03,302,0,133.4736,198.0048,359.8501,166.2966,896.5821,893.6153,831.7248,353.7197,267.0915,231.9243,24.2079,12.5719,0,0,0,0,0,0,0,0,0,11,14,23,13,65,61,54,22,16,20,2,1,0,0,0,0,0,0,0,0
6305,1433.9769,0.31,0.0008,0.03,56,0,80.3913,13.3865,44.4248,36.3186,234.9902,152.5167,189.5111,0,0,0,0,0,0,0,0,0,0,0,0,0,0,7,1,3,3,18,11,13,0,0,0,0,0,0,0,0,0,0,0,0,0
6306,8673.6138,6,0.046,0.03,278,0,70.2539,68.2398,166.0801,98.7518,439.2564,593.7404,431.0318,217.2125,306.0703,179.0489,221.9443,303.2105,351.1153,267.42,25.47,0,0,0,0,0,0,6,5,11,8,33,42,29,14,19,16,19,25,28,21,2,0,0,0,0,0
6307,7678.0501,4.42,0.0317,0.03,264,0,68.254,66.2999,146.6776,203.8754,659.5223,810.3187,187.7215,90.4443,78.2527,206.5631,408.5536,106.0513,146.193,111.35,86.6,0,0,0,0,0,0,6,5,10,17,51,59,13,6,5,19,36,9,12,9,7,0,0,0,0,0
6308,13250.6463,8.7,0.0499,0.03,402,0,0,0,15.0039,12.2656,0,42.1478,265.8603,169.5983,1536.7523,2279.6636,754.5281,24.1056,0,0,0,0,0,0,0,0,0,0,0,1,1,0,3,18,11,96,205,65,2,0,0,0,0,0,0,0,0
6309,13002.3627,7.48,0.0393,0.03,412,0,0,0,0,0,12.9892,55.1807,884.7381,832.7049,1760.5725,1605.2271,364.7702,0,0,0,0,0,0,0,0,0,0,0,0,0,0,1,4,61,55,112,147,32,0,0,0,0,0,0,0,0,0
6310,13067.1962,11.55,0.0821,0.03,379,0,0,0,0,0,0,0,29.234,15.2622,126.7359,638.2928,2504.3518,1049.6076,49.3251,0,0,0,0,0,0,0,0,0,0,0,0,0,0,2,1,8,58,218,88,4,0,0,0,0,0,0,0
6311,12712.3091,11.84,0.0879,0.03,365,0,0,0,0,0,0,0,14.6364,0,31.7261,473.9018,2289.3883,1170.5737,209.9542,62.71,0,0,0,0,0,0,0,0,0,0,0,0,0,1,0,2,43,199,98,17,5,0,0,0,0,0,0
6312,9794.2853,9.76,0.077,0.03,279,0,11.5488,0,0,0,0,0,0,0,0,132.4303,1877.7433,825.2856,222.5982,87.91,75.35,37.67,0,0,0,0,0,1,0,0,0,0,0,0,0,0,12,163,69,18,7,6,3,0,0,0,0
6313,10905.3934,12.54,0.1109,0.03,302,0,0,0,0,0,0,0,0,0,0,133.6781,1186.1247,1243.5857,374.5026,304.25,291.57,101.42,0,0,0,0,0,0,0,0,0,0,0,0,0,0,12,102,103,30,24,23,8,0,0,0,0
6314,9140.6076,10.89,0.0988,0.03,257,0,11.4247,0,0,0,0,0,0,15.1404,47.1591,76.444,763.793,887.7068,538.4601,472.24,211.27,37.28,12.43,0,0,0,0,1,0,0,0,0,0,0,1,3,7,67,75,44,38,17,3,1,0,0,0
6315,9625.4704,15.1,0.1604,0.03,256,0,23.3275,0,0,0,0,0,0,0,0,11.1516,46.5446,157.0626,749.4877,1243.14,875.28,101.48,0,0,9.51,0,0,2,0,0,0,0,0,0,0,0,1,4,13,60,98,69,8,0,0,1,0
6316,8438.5218,13.27,0.1415,0.03,229,0,22.9505,0,0,0,0,0,0,15.2054,0,32.9011,91.5847,166.3962,516.1264,935.95,911,124.79,12.48,0,0,0,0,2,0,0,0,0,0,0,1,0,3,8,14,42,75,73,10,1,0,0,0
6317,4593.0547,5.12,0.0474,0.03,136,0,0,13.1453,0,23.7816,64.1098,81.7054,42.9522,59.7818,124.1384,140.1371,202.5431,221.9791,241.5936,245.34,171.74,24.53,12.27,0,0,0,0,0,1,0,2,5,6,3,4,8,13,18,19,20,20,14,2,1,0,0,0
6318,4431.5548,3.3,0.0274,0.03,146,0,11.296,26.3281,43.6897,35.7176,308.138,286.3536,243.7228,89.7945,170.918,75.5564,191.5445,70.1929,72.5746,122.83,110.55,36.85,0,0,0,0,0,1,2,3,3,24,21,17,6,11,7,17,6,6,10,9,3,0,0,0,0
6319,4166.2248,4.79,0.0499,0.03,122,0,36.0763,42.051,15.5078,0,109.3699,159.7103,183.185,111.5466,132.3609,68.9569,131.9741,24.9151,128.7928,91.55,170.03,183.11,52.32,19.62,0,0,0,3,3,1,0,8,11,12,7,8,6,11,2,10,7,13,14,4,2,0,0
6320,2251.5928,1.44,0.0117,0.03,79,0,33.6029,26.1138,43.3281,47.2336,216.475,229.9073,85.3131,0,15.4077,32.119,78.2286,34.8107,47.9859,36.55,73.09,0,0,0,0,0,0,3,2,3,4,17,17,6,0,1,3,7,3,4,3,6,0,0,0,0,0
6321,3480.9807,5.35,0.0612,0.03,102,0,11.4155,0,0,60.1842,103.8369,151.636,28.985,15.1323,15.7113,0,11.393,0,73.3624,186.26,235.93,372.52,24.83,0,0,0,0,1,0,0,5,8,11,2,1,1,0,1,0,6,15,19,30,2,0,0,0
6322,1983.1631,2.91,0.0323,0.03,58,0,11.4017,0,0,12.02,51.8383,68.8205,43.4113,0,15.686,21.7934,22.7494,11.8099,0,123.99,235.57,86.79,24.8,0,0,0,0,1,0,0,1,4,5,3,0,1,2,2,1,0,10,19,7,2,0,0,0
6323,678.4094,0.84,0.0089,0.03,21,0,22.4862,0,0,0,12.7801,13.5732,14.2707,0,30.9334,0,33.6471,11.648,24.0766,48.91,12.23,24.45,0,9.17,0,0,0,2,0,0,0,1,1,1,0,2,0,3,1,2,4,1,2,0,1,0,0
6324,386.9326,0.25,0.0017,0.03,13,0,11.2316,0,0,0,25.5394,27.1241,14.2552,0,15.4498,10.7385,22.41,23.2675,12.0334,0,0,0,0,0,0,0,0,1,0,0,0,2,2,1,0,1,1,2,2,1,0,0,0,0,0,0,0
6325,0,0,0,0.03,0,0,0,0,0,0,0,0,0,0,0,0,0,0,0,0,0,0,0,0,0,0,0,0,0,0,0,0,0,0,0,0,0,0,0,0,0,0,0,0,0,0,0
6326,0,0,0,0.03,0,0,0,0,0,0,0,0,0,0,0,0,0,0,0,0,0,0,0,0,0,0,0,0,0,0,0,0,0,0,0,0,0,0,0,0,0,0,0,0,0,0,0
6327,873.5449,1.06,0.0104,0.03,26,0,0,0,14.583,11.9231,0,40.9637,14.3563,0,0,0,33.8489,70.2881,24.2244,36.9,49.2,24.6,0,0,0,0,0,0,0,1,1,0,3,1,0,0,0,3,6,2,3,4,2,0,0,0,0
6328,3449.4607,3.45,0.0311,0.03,105,0,11.3511,0,0,0,103.2376,150.7553,86.4569,30.0858,124.9396,119.3366,124.5713,176.368,97.2519,123.46,135.8,24.69,12.35,0,0,0,0,1,0,0,0,8,11,6,2,8,11,11,15,8,10,11,2,1,0,0,0
6329,2832.3998,2.88,0.0273,0.03,87,0,0,0,14.6245,11.9554,77.3568,109.5399,86.3791,60.1067,78.0082,108.3872,181.0229,70.4786,85.0216,37,49.34,49.34,74,0,0,0,0,0,0,1,1,6,8,6,4,5,10,16,6,7,3,4,4,6,0,0,0
6330,1611.9486,1.42,0.0129,0.03,52,0,22.6379,13.1935,29.1897,0,25.7345,122.9947,14.3719,44.9988,15.5763,118.9939,90.3372,23.4484,12.122,24.62,49.24,12.31,12.31,9.23,0,0,0,2,1,2,0,2,9,1,3,1,11,8,2,1,2,4,1,1,1,0,0
6331,5012.6062,5.28,0.0493,0.03,151,0,22.8126,0,14.7075,24.053,129.6759,82.6305,115.8387,75.572,0,228.9365,455.1991,200.8641,122.1656,86.84,111.65,62.03,62.03,27.91,0,0,0,2,0,1,2,10,6,8,5,0,21,40,17,10,7,9,5,5,3,0,0
6332,2325.3032,4.25,0.0543,0.03,63,0,0,0,0,12.0071,0,13.7508,14.4575,0,62.6933,43.5517,45.4621,23.6008,61.004,49.56,111.51,61.95,61.95,111.51,37.17,1.49,0,0,0,0,1,0,1,1,0,4,4,4,2,5,4,9,5,5,12,4,2
6333,99.4257,0.18,0.0023,0.03,3,0,0,0,0,0,12.8429,0,0,0,0,0,0,0,0,0,0,12.29,12.29,0,0,0,0,0,0,0,0,1,0,0,0,0,0,0,0,0,0,0,1,1,0,0,0
