NASA Data Processing/CAMP2Ex/FCDP/CAMP2Ex-HawkFCDP_P3B_20190906_R1.ict
79, 1001
Lawson, Paul
SPEC Inc
Hawkeye-FCDP on P3-B
CAMP2Ex 2019
1, 1
2019,09,06, 2021,01,13
1
Time_Start, seconds, elapsed time from 00:00:00 UTC
47
1,1,1,1,1,1,1,1,1,1,1,1,1,1,1,1,1,1,1,1,1,1,1,1,1,1,1,1,1,1,1,1,1,1,1,1,1,1,1,1,1,1,1,1,1,1,1
-9.99e+002,-9.99e+002,-9.99e+002,-9.99e+002,-9.99e+002,-9.99e+002,-9.99e+002,-9.99e+002,-9.99e+002,-9.99e+002,-9.99e+002,-9.99e+002,-9.99e+002,-9.99e+002,-9.99e+002,-9.99e+002,-9.99e+002,-9.99e+002,-9.99e+002,-9.99e+002,-9.99e+002,-9.99e+002,-9.99e+002,-9.99e+002,-9.99e+002,-9.99e+002,-9.99e+002,-9.99e+002,-9.99e+002,-9.99e+002,-9.99e+002,-9.99e+002,-9.99e+002,-9.99e+002,-9.99e+002,-9.99e+002,-9.99e+002,-9.99e+002,-9.99e+002,-9.99e+002,-9.99e+002,-9.99e+002,-9.99e+002,-9.99e+002,-9.99e+002,-9.99e+002,-9.99e+002
conc, #/L, CldMicro_NumSizeDist_InSitu_Optical_Drop_AMB, particle number concentration
ext,  1/km, CldOpt_Extinction_InSitu_IR, extinction of the particles
twc,  g/m3, CldMicro_TWC_InSitu_Optical_Drop_AMB, total water content across instrument size range
sv, liter, none, sample volume
CNT, #, none, accepted or rejected event count in this second. negative means rejected particle numbers. 
cbin01, #/liter/um, CldMicro_NumSizeDist_InSitu_Optical_Drop_AMB, concentration of size ( 0.00 - 1.5 um)    
cbin02, #/liter/um, CldMicro_NumSizeDist_InSitu_Optical_Drop_AMB, concentration of size ( 1.5  - 3.0 um)    
cbin03, #/liter/um, CldMicro_NumSizeDist_InSitu_Optical_Drop_AMB, concentration of size ( 3.0  - 4.5 um)    
cbin04, #/liter/um, CldMicro_NumSizeDist_InSitu_Optical_Drop_AMB, concentration of size ( 4.5  - 6.0 um)    
cbin05, #/liter/um, CldMicro_NumSizeDist_InSitu_Optical_Drop_AMB, concentration of size ( 6.0  - 8.0 um)    
cbin06, #/liter/um, CldMicro_NumSizeDist_InSitu_Optical_Drop_AMB, concentration of size ( 8.0  -10.0 um)    
cbin07, #/liter/um, CldMicro_NumSizeDist_InSitu_Optical_Drop_AMB, concentration of size ( 10.0 -12.0 um)    
cbin08, #/liter/um, CldMicro_NumSizeDist_InSitu_Optical_Drop_AMB, concentration of size ( 12.0 -14.0 um)    
cbin09, #/liter/um, CldMicro_NumSizeDist_InSitu_Optical_Drop_AMB, concentration of size ( 14.0 -16.0 um)   
cbin10, #/liter/um, CldMicro_NumSizeDist_InSitu_Optical_Drop_AMB, concentration of size ( 16.0 -18.0 um)    
cbin11, #/liter/um, CldMicro_NumSizeDist_InSitu_Optical_Drop_AMB, concentration of size ( 18.0 -21.0 um)    
cbin12, #/liter/um, CldMicro_NumSizeDist_InSitu_Optical_Drop_AMB, concentration of size ( 21.0 -24.0 um)    
cbin13, #/liter/um, CldMicro_NumSizeDist_InSitu_Optical_Drop_AMB, concentration of size ( 24.0 -27.0 um)    
cbin14, #/liter/um, CldMicro_NumSizeDist_InSitu_Optical_Drop_AMB, concentration of size ( 27.0 -30.0 um)    
cbin15, #/liter/um, CldMicro_NumSizeDist_InSitu_Optical_Drop_AMB, concentration of size ( 30.0 -33.0 um)    
cbin16, #/liter/um, CldMicro_NumSizeDist_InSitu_Optical_Drop_AMB, concentration of size ( 33.0 -36.0 um)    
cbin17, #/liter/um, CldMicro_NumSizeDist_InSitu_Optical_Drop_AMB, concentration of size ( 36.0 -39.0 um)    
cbin18, #/liter/um, CldMicro_NumSizeDist_InSitu_Optical_Drop_AMB, concentration of size ( 39.0 -42.0 um)    
cbin19, #/liter/um, CldMicro_NumSizeDist_InSitu_Optical_Drop_AMB, concentration of size ( 42.0 -46.0 um)    
cbin20, #/liter/um, CldMicro_NumSizeDist_InSitu_Optical_Drop_AMB, concentration of size ( 46.0 -50.0 um)    
[...]
INSTRUMENT_INFO: Hawkeye-FCDP SN02: Hawkeye- Fast Cloud Droplet Probe measuring size 1-50 microns in 20 bins with one overflow bin for particles >50um: concentration, extinction, liquid water content, see http://www.specinc.com/hawkeye-combination-cloud-particle_probe
DATA_INFO: Concentration (#/L), Extinction (1/km), LWC (g/m^3), Sample Volume (L), Total Counts, Concentration 21 Bins (#/L/um), Particle Counts 21 Bins
UNCERTAINTY: variables are not calculated
ULOD_FLAG: -7777
ULOD_VALUE: n/a
LLOD_FLAG: -8888
LLOD_VALUE: n/a
DM_CONTACT_INFO: Sarah Woods, SPEC Inc, 3022 Sterling Circle, Suite 200, Boulder, CO 80301, 303-449-1105, swoods@specinc.com
PROJECT_INFO: CAMP2Ex Campaign, 2019-08-24--2019-10-07
STIPULATIONS_ON_USE: Please contact PI or DM for stipulations or assistance interpreting and analyzing data.
OTHER_COMMENTS: For R0, P3 Nav TAS is used to calculate the sample volume; Adaptive2 shattering removal is applied. Extinction coefficient is also calculated assuming particles are spheres. software version: SP3Cv40
REVISION: R1
R1: Final Data with Correction Applied to FCDP 1Hz Bin Concentrations: FCDP Conc (#/L/um)= FCDP Conc * [Bin Center /30 ^ 0.3] 
Time_Start,conc,ext,twc,sv,CNT,cbin01,cbin02,cbin03,cbin04,cbin05,cbin06,cbin07,cbin08,cbin09,cbin10,cbin11,cbin12,cbin13,cbin14,cbin15,cbin16,cbin17,cbin18,cbin19,cbin20,cbin21,nbin01,nbin02,nbin03,nbin04,nbin05,nbin06,nbin07,nbin08,nbin09,nbin10,nbin11,nbin12,nbin13,nbin14,nbin15,nbin16,nbin17,nbin18,nbin19,nbin20,nbin21
[from data line 8599]
94464,13686.685,4.01,0.0203,0.02,354,0,231.5421,385.5544,405.1818,697.4274,2143.315,1717.2185,251.9242,219.1457,204.7777,110.6456,148.4949,51.3922,35.4207,17.99,71.95,17.99,0,0,0,3.24,0,14,20,19,40,114,86,12,10,9,7,9,3,2,1,4,1,0,0,0,3
94465,57815.2344,17.17,0.0619,0.02,1681,0,142.4478,647.5548,881.6424,1051.2173,7189.8408,8220.7129,4610.9218,3114.4112,2920.0183,95.2936,99.4736,0,45.7702,46.48,15.49,0,0,0,0,1.86,0,10,39,48,70,444,478,255,165,149,7,7,0,3,3,1,0,0,0,0,2
94466,57557.3788,18.38,0.0776,0.02,1638,0,128.9497,83.5019,221.6911,166.148,8290.2292,8839.2757,6019.8794,1537.7644,1675.4466,629.8742,157.2277,29.6772,76.7203,109.07,77.91,0,0,23.37,11.69,4.67,0,9,5,12,11,509,511,331,81,85,46,11,2,5,7,5,0,0,2,1,5
94467,12796.4269,7.17,0.0432,0.02,300,0,79.458,92.6173,143.4409,83.7719,415.5149,613.9743,685.874,568.5604,1027.5825,896.0968,443.9161,246.9133,119.1326,34.57,34.57,0,0,0,0,2.07,0,5,5,7,5,23,32,34,27,47,59,28,15,7,2,2,0,0,0,0,2
94468,35427.7144,30.79,0.24,0.02,878,0,13.8338,32.2497,17.8375,43.7504,157.2571,400.8299,1229.1807,989.8189,1979.2568,2181.4086,2401.3007,1232.2615,1348.1443,1113.3,225.67,30.09,15.04,0,0,0.9,0,1,2,1,3,10,24,70,54,104,165,174,86,91,74,15,2,1,0,0,1
94469,22955.7092,22.32,0.188,0.02,576,0,13.466,47.0937,52.0957,28.3957,321.5175,390.2467,410.3027,356.9199,500.2811,862.3961,1854.1958,1199.7271,1125.044,864.19,234.36,43.94,0,32.96,0,0.88,0,1,3,3,2,21,24,24,20,27,67,138,86,78,59,16,3,0,3,0,1
94470,24827.6096,30.34,0.2841,0.02,580,0,27.4469,15.9962,35.3904,28.9321,31.1978,49.7041,52.2585,90.9154,207.6704,340.9882,999.3686,2615.3473,1675.3602,1313.31,671.58,164.16,59.7,22.39,0,1.79,0,2,1,2,2,2,3,3,5,11,26,73,184,114,88,45,11,4,2,0,2
94471,31279.6902,36.01,0.338,0.02,716,0,0,0,18.5014,0,81.5588,86.6195,765.0165,627.4487,1026.5368,1289.0905,701.4522,1857.8831,1598.2066,1560.57,1092.4,390.14,124.85,11.7,0,1.87,0,0,0,1,0,5,5,42,33,52,94,49,125,104,100,70,25,8,1,0,2
94472,20085.9768,28.58,0.3146,0.02,483,0,55.2983,32.2282,106.9538,14.5727,518.6271,550.808,386.0798,201.5036,342.3504,105.6982,275.8457,357.9933,621.8372,1007.37,1368.21,1187.79,210.5,33.83,33.83,0.9,0,4,2,6,1,33,33,22,11,18,8,20,25,42,67,91,79,14,3,3,1
94473,21255.0885,14.62,0.1098,0.02,574,0,13.5441,31.5744,34.928,71.3965,1108.6321,1324.6036,1048.8125,771.7535,1285.7853,906.1499,932.3862,378.8035,203.0808,427.2,220.96,132.58,44.19,0,0,1.77,0,1,2,2,5,72,81,61,43,69,70,69,27,14,29,15,9,3,0,0,2
94474,15847.8656,11.25,0.0781,0.02,424,0,53.3674,46.6543,17.2032,42.1929,606.6666,660.422,389.5191,194.4613,550.6448,1083.8192,1663.7613,428.4052,128.5959,145.1,58.04,14.51,0,10.88,0,1.74,0,4,3,1,3,40,41,23,11,30,85,125,31,9,10,4,1,0,1,0,2
94475,26986.5245,18.41,0.123,0.02,708,0,27.2997,47.7261,35.2007,28.777,667.1876,1005.2052,1212.8013,886.1999,1276.8882,2021.8947,2451.01,537.2376,233.8832,74.22,118.75,14.84,14.84,11.13,11.13,1.78,0,2,3,2,2,43,61,70,49,68,155,180,38,16,5,8,1,1,1,1,2
94476,25514.8619,21.98,0.1869,0.02,645,0,13.9487,32.523,89.9403,58.8271,317.1831,842.1646,1345.8754,1220.06,1688.9905,1133.3026,932.4963,621.3643,522.9211,652.41,470.35,242.76,106.21,45.52,11.38,0.91,0,1,2,5,4,20,50,76,66,88,85,67,43,35,43,31,16,7,4,1,1
94477,16402.793,15.77,0.1474,0.02,441,0,26.4768,77.1516,102.4129,55.8221,1023.2895,751.1564,352.8697,228.0236,327.8114,518.7013,633.9012,534.7518,382.7743,676.64,446.3,172.76,100.78,43.19,10.8,0,0,2,5,6,4,68,47,21,13,18,41,48,39,27,47,31,12,7,4,1,0
94478,8449.9048,5.84,0.0511,0.02,215,0,119.9341,157.272,193.3076,189.6582,681.7029,615.4026,133.2142,119.1899,61.8752,171.9309,358.9544,263.9901,64.2241,146.74,81.52,114.13,65.22,12.23,0,2.93,0,8,9,10,12,40,34,7,6,3,12,24,17,4,9,5,7,4,1,0,3
94479,26760.6726,15.45,0.1011,0.02,755,0,134.4161,141.0132,329.3088,226.7329,1818.369,1493.0321,1433.2583,837.1236,1331.4686,1361.7206,1568.966,431.6149,100.7674,131.57,87.71,131.57,0,0,10.96,0.88,0,10,9,19,16,119,92,84,47,72,106,117,31,7,9,6,9,0,0,1,1
94480,24731.6935,11.94,0.0724,0.02,732,0,52.5168,107.1238,152.3567,221.4531,2134.2142,2567.8053,1733.1925,852.4183,1119.843,828.1154,864.4407,244.7799,112.4857,42.83,99.95,28.56,14.28,21.42,10.71,1.71,0,4,7,9,16,143,162,104,49,62,66,66,18,8,3,7,2,1,2,1,2
94481,44870.831,28.61,0.1948,0.02,1205,0,96.4042,160.5302,213.0954,333.9374,2082.2295,2494.0929,2062.8508,1587.6367,1970.4777,2685.0566,3489.8047,570.6006,191.7367,224.67,224.67,194.71,44.93,11.23,22.47,0.9,0,7,10,12,23,133,150,118,87,104,204,254,40,13,15,15,13,3,1,2,1
94482,48233.9936,23.14,0.1257,0.02,1335,0,55.3811,112.9703,53.5599,43.7891,3352.5367,4095.4807,4253.2355,1926.3622,2914.3848,2950.8311,1353.663,215.1217,88.9703,60.23,75.29,60.23,15.06,22.59,0,1.81,0,4,7,3,3,213,245,242,105,153,223,98,15,6,4,5,4,1,2,0,2
94483,56422.5432,23.84,0.1172,0.02,1587,0,13.797,80.4098,53.3702,87.2746,4971.9564,4980.6295,5306.6545,3235.908,3644.44,2518.5302,880.9249,157.2054,59.1035,15.01,30.01,15.01,15.01,11.25,22.51,5.4,0,1,5,3,6,317,299,303,177,192,191,64,11,4,1,2,1,1,1,2,6
94484,38950.8755,27.99,0.1843,0.02,998,0,0,31.837,35.2185,57.5928,294.9955,461.7018,1005.5335,1284.9021,3062.7269,4007.2151,3106.5873,693.1953,526.5646,371.34,29.71,14.85,0,0,0,2.67,0,0,2,2,4,19,28,58,71,163,307,228,49,36,25,2,1,0,0,0,3
94485,25032.7093,19.42,0.1432,0.02,667,0,52.995,154.4372,187.919,139.6781,813.323,719.8212,555.0019,368.6732,710.8778,899.0319,2775.7394,1166.4974,581.7587,360.23,43.23,14.41,0,10.81,0,2.59,0,4,10,11,10,54,45,33,21,39,71,210,85,41,25,3,1,0,1,0,3
94486,30541.4843,19.54,0.1374,0.02,853,0,106.7991,155.6108,206.5627,281.4758,2549.5688,1531.1834,1118.4387,583.7496,808.1139,1390.6936,2090.9731,802.0181,528.9968,304.89,101.63,43.56,29.04,0,10.89,1.74,0,8,10,12,20,168,95,66,33,44,109,157,58,37,21,7,3,2,0,1,2
94487,24642.3649,17.24,0.1238,0.02,652,0,40.8807,79.4184,87.8536,100.5612,821.0092,1530.0215,812.9799,758.3594,1087.3241,1224.1759,1604.145,945.6802,291.8739,370.5,103.74,44.46,14.82,0,11.11,2.67,0,3,5,5,7,53,93,47,42,58,94,118,67,20,25,7,3,1,0,1,3
94488,41515.6948,22.53,0.1324,0.02,1146,0,54.4202,158.5742,140.3346,157.7663,1948.6512,2710.1384,2987.5765,2037.0234,2901.0602,2223.3346,1750.8236,620.0309,276.8272,147.96,59.18,0,14.8,11.1,0,1.78,0,4,10,8,11,126,165,173,113,155,171,129,44,19,10,4,0,1,1,0,2
94489,31271.0307,30.59,0.2519,0.02,760,0,41.2255,48.053,0,43.4596,265.5538,282.0315,296.526,182.0826,945.2312,1497.1211,2330.484,2376.9582,1486.3413,926.55,283.94,74.72,0,0,0,1.79,0,3,3,0,3,17,17,17,10,50,114,170,167,101,62,19,5,0,0,0,2
94490,36798.4703,38.69,0.3275,0.02,899,0,0,0,17.3751,0,61.2736,211.4866,205.2525,267.824,370.7538,618.1339,5108.2507,2944.9492,1024.5818,923.23,512.91,322.4,58.62,0,0,0,0,0,0,1,0,4,13,12,15,20,48,380,211,71,63,35,22,4,0,0,0
94491,49669.1494,39.17,0.2701,0.02,1244,0,13.7786,0,0,14.5274,344.6388,482.4834,979.5754,1113.8417,2445.6359,3490.0517,6887.6028,1841.3111,383.7098,134.88,119.9,74.93,0,22.48,0,0,0,1,0,0,1,22,29,56,61,129,265,501,129,26,9,8,5,0,2,0,0
94492,66144.1125,48.04,0.3039,0.02,1581,0,0,33.8412,18.7208,15.3029,313.5455,508.2606,939.7745,654.0013,4094.1044,8518.3947,7950.7156,857.0677,108.8225,78.94,15.79,31.58,0,11.84,0,2.84,0,0,2,1,1,19,29,51,34,205,614,549,57,7,5,1,2,0,1,0,3
94493,50321.1611,40.93,0.291,0.02,1208,0,0,16.6607,18.4303,45.2044,227.4851,241.6007,961.6242,928.0471,2222.0856,4234.7544,6545.2059,1687.8106,520.4592,295.36,171,77.73,77.73,23.32,0,0.93,0,0,1,1,3,14,14,53,49,113,310,459,114,34,19,11,5,5,2,0,1
94494,58123.8059,41.39,0.2718,0.02,1438,0,0,0,0,0,145.7661,825.6755,2966.0382,2227.7159,4351.4807,5078.9952,5088.5743,1210.137,381.4646,294.41,201.44,61.98,30.99,11.62,0,0,0,0,0,0,0,9,48,164,118,222,373,358,82,25,19,13,4,2,1,0,0
94495,45544.644,30.13,0.1873,0.02,1196,0,13.5257,0,34.8806,14.2625,107.6347,440.9277,3073.3876,2795.9758,4075.3065,2973.2309,3279.0792,1345.0083,260.7466,176.53,14.71,14.71,0,0,0,2.65,0,1,0,2,1,7,27,179,156,219,230,243,96,18,12,1,1,0,0,0,3
94496,39212.5868,29.67,0.2073,0.02,1013,0,54.0616,15.7551,0,0,169.0059,407.9347,1492.5744,1701.3114,2677.5099,2828.7615,3680.9456,1189.9363,390.8097,293.97,176.38,29.4,44.1,22.05,11.02,1.76,0,4,1,0,0,11,25,87,95,144,219,273,85,27,20,12,2,3,2,1,2
94497,35323.7587,31.5,0.2478,0.02,843,0,14.2659,33.2518,18.3947,0,48.6468,241.1122,977.7857,680.4563,1766.2228,2276.6846,3372.7187,1507.0901,1054.0942,558.49,170.65,139.62,93.08,23.27,23.27,0.93,0,1,2,1,0,3,14,54,36,90,167,237,102,69,36,11,9,6,2,2,1
94498,35826.7796,40.65,0.3584,0.02,833,0,0,0,0,0,15.8254,100.8365,53.0055,92.2231,76.5998,266.0644,4013.2521,3604.5053,1773.9612,1347.32,378.46,166.52,105.97,34.06,11.35,0,0,0,0,0,0,1,6,3,5,4,20,289,250,119,89,25,11,7,3,1,0
94499,38492.656,41.21,0.3588,0.02,904,0,0,16.366,0,0,143.6616,254.2931,392.1258,297.6986,946.5721,1207.7693,2941.755,3403.3745,1699.2793,1374.39,458.13,198.52,122.17,45.81,0,0,0,0,1,0,0,9,15,22,16,49,90,210,234,113,90,30,13,8,4,0,0
94500,48490.9169,36.49,0.2673,0.02,1207,0,42.7656,83.0785,0,15.0251,1328.7586,1256.316,2297.9754,1586.597,2588.6143,3187.8171,3555.1909,1225.4804,610.631,666.61,542.59,155.03,46.51,0,0,1.86,0,3,5,0,1,82,73,127,84,132,234,250,83,40,43,35,10,3,0,0,2
94501,64616.547,45.57,0.2889,0.02,1548,0,0,17.1109,0,0,684.2254,1488.8136,2198.9207,1342.2146,2867.9257,6495.9727,7747.5303,1201.27,204.3905,47.9,47.9,0,31.93,0,0,0.96,0,0,1,0,0,41,84,118,69,142,463,529,79,13,3,3,0,2,0,0,1
94502,62173.2819,48.2,0.324,0.01,636,0,0,0,43.2154,70.6598,228.5862,404.6191,723.2004,621.698,2443.6372,6662.051,8726.2868,1596.817,394.8077,72.9,36.45,0,0,27.34,27.34,4.37,0,0,0,1,2,6,10,17,14,53,208,261,46,11,2,1,0,0,1,1,2
94503,65869.5055,46.98,0.3123,0.02,1583,0,0,0,37.9928,46.5938,1004.8021,2703.4406,3048.0754,2108.1767,2675.2498,2801.7394,7715.7454,2792.4011,631.0739,192.26,16.02,32.04,0,0,0,0.96,0,0,0,2,3,60,152,163,108,132,199,525,183,40,12,1,2,0,0,0,1
94504,52354.2184,41.37,0.2992,0.02,968,0,0,0,24.2516,0,577.3154,2475.2577,2196.5786,822.4624,1216.2105,1168.4445,6755.2618,3117.2123,946.7488,388.66,61.37,20.46,0,15.34,15.34,2.45,0,0,0,1,0,27,109,92,33,47,65,360,160,47,19,3,1,0,1,1,2
94505,52543.2677,46.91,0.3355,0.02,1191,0,44.0897,0,0,0,0,17.7398,55.9624,38.9475,20.2147,898.9089,14001.8007,1918.0376,409.2143,63.93,47.95,15.98,15.98,0,0,0.96,0,3,0,0,0,0,1,3,2,1,64,955,126,26,4,3,1,1,0,0,1
94506,63871.8424,53.64,0.3665,0.01,1048,0,20.5047,0,0,0,0,0,0,0,112.8293,5565.147,13500.3964,1720.2688,285.4633,89.2,0,0,0,0,0,1.34,0,1,0,0,0,0,0,0,0,4,284,660,81,13,4,0,0,0,0,0,1
94507,41435.7196,42.7,0.3473,0.02,959,0,28.256,0,0,0,0,17.059,0,18.7224,19.4388,1458.2796,4792.2724,4682.952,1966.9978,599.25,138.29,76.83,0,34.57,0,0,0,2,0,0,0,0,1,0,1,1,108,340,320,130,39,9,5,0,3,0,0
94508,25355.595,32.59,0.3119,0.02,577,0,41.3542,16.0659,0,0,15.6721,16.6445,0,18.2676,37.933,26.3455,481.3242,2912.7862,2170.1377,1634.1,794.56,179.9,14.99,0,0,4.5,0,3,1,0,0,1,1,0,1,2,2,35,204,147,109,53,12,1,0,0,5
94509,13948.0951,22.38,0.25,0.02,304,0,28.4261,0,18.3295,14.9863,0,17.1626,54.126,37.6641,58.6621,95.0914,212.6978,250.2848,715.4357,1097.52,1174.81,494.66,185.5,92.75,23.19,3.71,0,2,0,1,1,0,1,3,2,3,7,15,17,47,71,76,32,12,8,2,4
94510,14174.1285,25.23,0.2987,0.02,317,0,28.0353,0,0,0,0,84.6213,106.7659,92.8729,212.14,160.7617,321.6472,87.1173,60.0488,289.66,1341.58,1478.78,442.11,57.17,22.87,2.74,0,2,0,0,0,0,5,6,5,11,12,23,6,4,19,88,97,29,5,2,3
94511,14158.7444,25.75,0.3089,0.02,324,0,27.1664,0,0,14.3207,30.8842,0,0,17.9995,149.5058,168.7761,487.8739,98.4986,174.5729,325.02,1078.48,1270.54,590.95,144.04,44.32,3.55,0,2,0,0,1,2,0,0,1,8,13,36,7,12,22,73,86,40,13,4,4
94512,15505.987,24.64,0.2751,0.02,364,0,40.4347,31.419,17.381,0,45.9639,65.0904,51.3248,35.7147,18.5449,180.3319,551.2695,488.5978,490.7499,850.14,1201.92,747.53,234.52,76.95,54.97,1.76,0,3,2,1,0,3,4,3,2,1,14,41,35,34,58,82,51,16,7,5,2
94513,12036.4583,14.78,0.149,0.02,271,0,14.4958,67.586,0,15.2835,98.8684,87.5002,220.7994,76.831,159.533,304.7742,636.277,645.6127,620.9509,425.64,299.52,283.76,78.82,70.94,35.47,2.84,0,1,4,0,1,6,5,12,4,8,22,44,43,40,27,19,18,5,6,3,3
94514,5199.3298,4.43,0.0403,0.02,117,0,15.6176,36.4081,0,49.3985,177.5492,150.8515,158.6042,165.5614,322.3128,238.8314,249.3078,129.4235,66.9025,50.96,84.93,33.97,50.96,12.74,25.48,2.04,0,1,2,0,3,10,8,8,8,15,16,16,8,4,3,5,2,3,1,2,2
94515,15738.3009,14.83,0.1329,0.02,364,0,85.9956,16.7036,0,0,146.6372,224.9487,418.4419,227.8937,414.0757,616.3939,1601.4206,608.6686,306.9895,280.57,171.46,62.35,124.7,81.83,35.07,9.35,0,6,1,0,0,9,13,23,12,21,45,112,41,20,18,11,4,8,7,3,10
94516,35371.9456,36.87,0.3427,0.02,841,0,27.194,15.8515,17.5352,43.0007,154.5742,164.1656,379.7148,288.2765,766.9594,1884.2709,3350.5472,1436.5638,830.0287,739.39,606.3,443.63,266.18,177.45,66.54,20.41,0,2,1,1,3,10,10,22,16,41,145,247,102,57,50,41,30,18,16,6,23
94517,35314.8811,28.16,0.2505,0.02,969,0,143.28,379.5632,352.6949,466.8752,1214.1763,1714.1102,1488.0613,759.4073,1182.6965,995.8721,1962.1638,944.4135,557.9774,779.12,354.14,212.49,127.49,148.74,106.24,15.3,0,11,25,21,34,82,109,90,44,66,80,151,70,40,55,25,15,9,14,10,18
94518,44885.8778,33.19,0.2568,0.02,1166,0,68.139,47.651,70.2829,57.4636,1099.8867,3093.0952,2335.2551,1354.2765,1293.603,1041.9019,3412.365,2046.7087,700.5171,429.8,311.23,103.74,103.74,66.69,44.46,12.45,0,5,3,4,4,71,188,135,75,69,80,251,145,48,29,21,7,7,6,4,14
94519,43301.0523,48.21,0.4645,0.02,927,0,30.9685,72.1947,179.6909,179.5639,721.6948,560.8362,550.3488,389.8324,702.9842,1213.4725,2826.9072,2919.034,1608.5364,1178.8,488.36,707.28,522.04,227.34,63.15,11.11,0,2,4,9,11,41,30,28,19,33,82,183,182,97,70,29,42,31,18,5,11
94520,39143.2667,50.54,0.5094,0.02,896,0,55.8638,0,72.0317,0,111.1329,151.747,159.5457,129.538,249.7779,734.096,2326.7505,3804.4836,1316.18,516.41,1078.38,1685.92,470.84,102.52,34.17,10.02,0,4,0,4,0,7,9,9,7,13,55,167,263,88,34,71,111,31,9,3,11
94521,69021.411,82.97,0.7572,0.02,1348,0,32.5087,0,0,0,36.9537,19.627,0,0,0,62.1377,2108.0443,12340.9018,5048.1484,1856.12,548,300.52,194.45,132.58,79.55,6.36,0,2,0,0,0,2,1,0,0,0,4,130,733,290,105,31,17,11,10,6,6
94522,41423.8017,55.62,0.5822,0.02,899,0,129.1796,33.4608,92.5368,15.1285,163.1663,86.6417,18.2158,95.0904,98.7288,260.6337,1632.3891,3151.823,2182.7619,2513.2,1170.74,655.62,515.13,222.44,175.61,22.48,0,9,2,5,1,10,5,1,5,5,19,114,212,142,161,75,42,33,19,15,24
94523,30467.4926,44.4,0.4882,0.02,578,0,32.1593,37.4853,20.7363,0,0,19.4124,61.2381,21.3054,66.3702,307.3665,802.1275,1915.4946,1429.3944,1643.94,1136.76,1066.81,507.17,236.1,131.17,20.99,0,2,2,1,0,0,1,3,1,3,20,50,115,83,94,65,61,29,18,10,20
94524,34396.1742,51.93,0.5828,0.02,587,0,53.588,41.6384,23.0305,0,142.1355,237.2194,113.3643,71.0071,73.724,51.2146,570.2304,1295.1018,1721.6327,2292.26,1903.74,1204.41,602.2,276.82,116.56,24.48,0,3,2,1,0,7,11,5,3,3,3,32,70,90,118,98,62,31,19,8,21
94525,34833.9415,52.76,0.5988,0.02,793,0,124.6878,80.7421,35.7283,73.025,299.2323,468.3404,211.034,128.5065,171.5421,264.8078,760.1696,1119.3148,1439.1925,1973.8,1506.71,1536.85,783.49,384.21,113,16.27,0,9,5,2,5,19,28,12,7,9,20,55,78,97,131,100,102,52,34,10,18
94526,39037.2822,57.55,0.6699,0.02,707,0,51.0089,39.6395,21.9219,89.6269,579.8728,451.6293,453.255,180.2388,210.5293,390.0058,865.1104,845.3815,946.8965,1867.69,1904.67,1534.83,1275.95,318.99,249.64,37.72,0,3,2,1,5,30,22,21,8,9,24,51,48,52,101,103,83,69,23,18,34
94527,27581.8423,43.05,0.5035,0.02,577,0,57.0913,0,0,30.0953,194.6986,120.619,54.3517,0,78.5395,245.5277,512.5955,384.3752,672.5508,1800.58,1676.4,1474.61,543.28,256.12,151.34,29.8,0,4,0,0,2,12,7,3,0,4,18,36,26,44,116,108,95,35,22,13,32
94528,35318.9879,52.04,0.6031,0.02,811,0,125.3453,32.4694,0,102.7778,744.1054,588.5006,300.5333,295.2619,498.1643,492.4789,764.1691,678.0043,954.5675,1969.03,1787.27,863.34,757.32,545.27,283.99,19.08,0,9,2,0,7,47,35,17,16,26,37,55,47,64,130,118,57,50,48,25,21
