NASA Data Processing/CAMP2Ex/FCDP/CAMP2Ex-HawkFCDP_P3B_20190824_R1.ict
79, 1001
Lawson, Paul
SPEC Inc
Hawkeye-FCDP on P3-B
CAMP2Ex 2019
1, 1
2019,08,24, 2021,01,13
1
Time_Start, seconds, elapsed time from 00:00:00 UTC
47
1,1,1,1,1,1,1,1,1,1,1,1,1,1,1,1,1,1,1,1,1,1,1,1,1,1,1,1,1,1,1,1,1,1,1,1,1,1,1,1,1,1,1,1,1,1,1
-9.99e+002,-9.99e+002,-9.99e+002,-9.99e+002,-9.99e+002,-9.99e+002,-9.99e+002,-9.99e+002,-9.99e+002,-9.99e+002,-9.99e+002,-9.99e+002,-9.99e+002,-9.99e+002,-9.99e+002,-9.99e+002,-9.99e+002,-9.99e+002,-9.99e+002,-9.99e+002,-9.99e+002,-9.99e+002,-9.99e+002,-9.99e+002,-9.99e+002,-9.99e+002,-9.99e+002,-9.99e+002,-9.99e+002,-9.99e+002,-9.99e+002,-9.99e+002,-9.99e+002,-9.99e+002,-9.99e+002,-9.99e+002,-9.99e+002,-9.99e+002,-9.99e+002,-9.99e+002,-9.99e+002,-9.99e+002,-9.99e+002,-9.99e+002,-9.99e+002,-9.99e+002,-9.99e+002
conc, #/L, CldMicro_NumSizeDist_InSitu_Optical_Drop_AMB, particle number concentration
ext,  1/km, CldOpt_Extinction_InSitu_IR, extinction of the particles
twc,  g/m3, CldMicro_TWC_InSitu_Optical_Drop_AMB, total water content across instrument size range
sv, liter, none, sample volume
CNT, #, none, accepted or rejected event count in this second. negative means rejected particle numbers. 
cbin01, #/liter/um, CldMicro_NumSizeDist_InSitu_Optical_Drop_AMB, concentration of size ( 0.00 - 1.5 um)    
cbin02, #/liter/um, CldMicro_NumSizeDist_InSitu_Optical_Drop_AMB, concentration of size ( 1.5  - 3.0 um)    
cbin03, #/liter/um, CldMicro_NumSizeDist_InSitu_Optical_Drop_AMB, concentration of size ( 3.0  - 4.5 um)    
cbin04, #/liter/um, CldMicro_NumSizeDist_InSitu_Optical_Drop_AMB, concentration of size ( 4.5  - 6.0 um)    
cbin05, #/liter/um, CldMicro_NumSizeDist_InSitu_Optical_Drop_AMB, concentration of size ( 6.0  - 8.0 um)    
cbin06, #/liter/um, CldMicro_NumSizeDist_InSitu_Optical_Drop_AMB, concentration of size ( 8.0  -10.0 um)    
cbin07, #/liter/um, CldMicro_NumSizeDist_InSitu_Optical_Drop_AMB, concentration of size ( 10.0 -12.0 um)    
cbin08, #/liter/um, CldMicro_NumSizeDist_InSitu_Optical_Drop_AMB, concentration of size ( 12.0 -14.0 um)    
cbin09, #/liter/um, CldMicro_NumSizeDist_InSitu_Optical_Drop_AMB, concentration of size ( 14.0 -16.0 um)   
cbin10, #/liter/um, CldMicro_NumSizeDist_InSitu_Optical_Drop_AMB, concentration of size ( 16.0 -18.0 um)    
cbin11, #/liter/um, CldMicro_NumSizeDist_InSitu_Optical_Drop_AMB, concentration of size ( 18.0 -21.0 um)    
cbin12, #/liter/um, CldMicro_NumSizeDist_InSitu_Optical_Drop_AMB, concentration of size ( 21.0 -24.0 um)    
cbin13, #/liter/um, CldMicro_NumSizeDist_InSitu_Optical_Drop_AMB, concentration of size ( 24.0 -27.0 um)    
cbin14, #/liter/um, CldMicro_NumSizeDist_InSitu_Optical_Drop_AMB, concentration of size ( 27.0 -30.0 um)    
cbin15, #/liter/um, CldMicro_NumSizeDist_InSitu_Optical_Drop_AMB, concentration of size ( 30.0 -33.0 um)    
cbin16, #/liter/um, CldMicro_NumSizeDist_InSitu_Optical_Drop_AMB, concentration of size ( 33.0 -36.0 um)    
cbin17, #/liter/um, CldMicro_NumSizeDist_InSitu_Optical_Drop_AMB, concentration of size ( 36.0 -39.0 um)    
cbin18, #/liter/um, CldMicro_NumSizeDist_InSitu_Optical_Drop_AMB, concentration of size ( 39.0 -42.0 um)    
cbin19, #/liter/um, CldMicro_NumSizeDist_InSitu_Optical_Drop_AMB, concentration of size ( 42.0 -46.0 um)    
cbin20, #/liter/um, CldMicro_NumSizeDist_InSitu_Optical_Drop_AMB, concentration of size ( 46.0 -50.0 um)    
[...]
INSTRUMENT_INFO: Hawkeye-FCDP SN02: Hawkeye- Fast Cloud Droplet Probe measuring size 1-50 microns in 20 bins with one overflow bin for particles >50um: concentration, extinction, liquid water content, see http://www.specinc.com/hawkeye-combination-cloud-particle_probe
DATA_INFO: Concentration (#/L), Extinction (1/km), LWC (g/m^3), Sample Volume (L), Total Counts, Concentration 21 Bins (#/L/um), Particle Counts 21 Bins
UNCERTAINTY: variables are not calculated
ULOD_FLAG: -7777
ULOD_VALUE: n/a
LLOD_FLAG: -8888
LLOD_VALUE: n/a
DM_CONTACT_INFO: Sarah Woods, SPEC Inc, 3022 Sterling Circle, Suite 200, Boulder, CO 80301, 303-449-1105, swoods@specinc.com
PROJECT_INFO: CAMP2Ex Campaign, 2019-08-24--2019-10-07
STIPULATIONS_ON_USE: Please contact PI or DM for stipulations or assistance interpreting and analyzing data.
OTHER_COMMENTS: For R0, P3 Nav TAS is used to calculate the sample volume; Adaptive2 shattering removal is applied. Extinction coefficient is also calculated assuming particles are spheres. software version: SP3Cv40
REVISION: R1
R1: Final Data with Correction Applied to FCDP 1Hz Bin Concentrations: FCDP Conc (#/L/um)= FCDP Conc * [Bin Center /30 ^ 0.3] 
Time_Start,conc,ext,twc,sv,CNT,cbin01,cbin02,cbin03,cbin04,cbin05,cbin06,cbin07,cbin08,cbin09,cbin10,cbin11,cbin12,cbin13,cbin14,cbin15,cbin16,cbin17,cbin18,cbin19,cbin20,cbin21,nbin01,nbin02,nbin03,nbin04,nbin05,nbin06,nbin07,nbin08,nbin09,nbin10,nbin11,nbin12,nbin13,nbin14,nbin15,nbin16,nbin17,nbin18,nbin19,nbin20,nbin21
[from data line 25958]
105056,604571.8764,450.36,2.9953,0,2380,64.2407,3751.3885,520.555,691.0143,3578.179,6599.8706,5284.005,6916.1103,13255.4718,25436.3104,67778.0223,61929.4785,18040.7174,8800.3333,1165.67,388.56,97.14,97.14,0,0,0,1,42,5,6,38,65,49,61,112,207,794,695,195,92,12,4,1,1,0,0,0
105057,654296.6076,469.7,3.0236,0,2005,0,7300.6356,1080.5995,896.5337,4642.3793,4083.7783,5596.3577,6472.3718,12284.1803,28856.2725,88711.5833,62197.5179,14283.8259,5212.4112,1134.27,630.15,0,0,0,0,0,0,63,8,6,38,31,40,44,80,181,801,538,119,42,9,5,0,0,0,0,0
105058,544138.233,394.25,2.5013,0,2539,0,2933.4168,263.0186,1066.8286,2696.0243,3078.1608,2179.4384,4296.4679,8172.5587,21627.0665,84032.937,53801.9781,9738.6215,2577.678,818.02,245.4,0,0,0,0,0,0,39,3,11,34,36,24,45,82,209,1169,717,125,32,10,3,0,0,0,0,0
105059,656902.9756,432.42,2.5711,0,2780,0,9708.3277,1091.9067,1207.8805,3142.2651,4259.6202,2467.5978,8756.1854,11058.5727,47567.0145,116467.456,36192.4702,6792.139,1732.8487,185.23,92.62,0,0,0,0,0,0,114,11,11,35,44,24,81,98,406,1431,426,77,19,2,1,0,0,0,0,0
105060,605688.9638,404.83,2.4313,0,2217,0,7941.7061,1599.9649,884.9503,2377.3381,3009.3334,3196.0632,6720.6466,11952.2128,34126.3351,113568.4019,32571.8288,7616.6912,1365.0226,426.52,106.63,106.63,0,0,0,0,0,81,14,7,23,27,27,54,92,253,1212,333,75,13,4,1,1,0,0,0,0
105061,619465.5448,396.31,2.3167,0,1465,0,11073.131,3047.4807,991.5187,3080.5364,2622.4519,928.3919,5270.9699,14061.1449,63262.9309,107443.3922,23014.3264,7168.4758,1152.9315,669.04,0,0,0,0,0,0,0,72,17,5,19,15,5,27,69,299,731,150,45,7,4,0,0,0,0,0,0
105062,671790.7513,389.99,2.1431,0,3104,0,15294.0631,4128.3588,1972.0409,2460.9549,2287.6456,4081.7226,7152.4954,35731.3078,118493.973,75622.165,17345.7799,5669.6527,948.2653,175.09,0,0,0,0,0,0,0,190,44,19,29,25,42,70,335,1070,983,216,68,11,2,0,0,0,0,0,0
105063,633151.2546,360.3,1.95,0,2759,0,16566.1356,4302.1576,774.7361,1538.3262,3122.4314,3730.7004,6428.4314,27637.7813,135446.6219,61606.8772,14300.4784,4889.9401,735.3962,93.35,0,0,0,0,0,0,0,193,43,7,17,32,36,59,243,1147,751,167,55,8,1,0,0,0,0,0,0
105064,485283.765,234.67,1.1162,0,1722,0,4816.9014,3368.7769,3450.5425,4401.0349,2920.4159,3489.3292,19430.2812,87229.4093,78638.7187,18107.2688,5980.1492,886.9925,229.2746,0,0,0,0,0,0,0,0,45,27,25,39,24,27,143,615,534,177,56,8,2,0,0,0,0,0,0,0
105065,433025.4748,165.35,0.6688,0,1944,0,9002.525,5402.5421,6091.3023,4886.315,2431.8229,12483.1567,67094.4165,79722.2478,26855.1312,3151.8755,1867.3776,92.327,0,0,0,0,0,0,0,0,0,101,52,53,52,24,116,593,675,219,37,21,1,0,0,0,0,0,0,0,0
105066,486987.1042,179.46,0.7079,0,1855,0,14041.484,9795.3664,5074.9688,2691.4425,2781.2838,11687.0476,85068.7571,92887.5595,20049.362,3049.8946,1379.5955,0,0,0,0,0,0,0,0,0,0,132,79,37,24,23,91,630,659,137,30,13,0,0,0,0,0,0,0,0,0
105067,189793.4857,70.72,0.2813,0.01,2242,24.5251,4876.3466,2981.0736,1494.9578,1941.2691,1511.8198,6504.8561,29997.0742,34882.5041,9898.7716,1466.54,544.3071,0,0,0,0,0,0,0,0,2.23,1,143,75,34,54,39,158,693,772,211,45,16,0,0,0,0,0,0,0,0,1
105068,217191.2988,87.92,0.3815,0.01,2237,0,4185.4811,3297.6058,5396.826,4289.8948,1762.2242,4023.8701,18398.4939,41903.0452,19833.8065,4222.3286,1391.8509,160.5674,41.5064,0,0,0,0,0,0,0,0,108,73,108,105,40,86,374,816,372,114,36,4,1,0,0,0,0,0,0,0
105069,22352.0661,6.22,0.0311,0,78,0,1428.9885,694.0215,1074.8255,502.1599,1082.9673,1725.2559,1511.5994,1577.9059,327.6596,341.4276,118.8014,0,0,0,0,129.51,0,0,0,23.31,0,12,5,7,4,8,12,10,10,2,3,1,0,0,0,0,1,0,0,0,3
105070,15819.1977,3.99,0.0194,0,47,0,590.8983,551.0041,304.7667,498.3535,806.0688,428.0428,600.0551,313.1883,487.7576,564.7224,353.6982,0,0,0,0,0,0,0,0,46.27,0,5,4,2,4,6,3,4,2,3,5,3,0,0,0,0,0,0,0,0,6
105071,1865.4064,0.35,0.0013,0.01,21,0,33.796,118.1845,130.7371,71.2608,76.8411,40.8009,128.7011,89.5671,92.9942,0,0,0,0,0,0,0,0,0,0,4.41,0,1,3,3,2,2,1,3,2,2,0,0,0,0,0,0,0,0,0,0,2
105072,135362.171,37.65,0.1228,0.01,1949,0,2133.7706,1124.3279,1206.0546,4714.6805,12394.0209,20503.3807,16288.3879,7049.0431,2292.1412,698.3829,29.1614,0,0,0,0,0,0,0,0,0,0,73,33,32,153,373,581,439,182,57,25,1,0,0,0,0,0,0,0,0,0
105073,459935.2925,226.98,1.0945,0.01,2836,0,4839.8428,2070.8807,1895.8596,1614.6471,3342.8923,5399.4508,28151.4512,68595.0398,68438.3717,25293.654,5500.6596,888.4021,131.2251,66.63,0,0,0,0,0,0,0,79,29,24,25,48,73,362,845,812,432,90,14,2,1,0,0,0,0,0,0
105074,159974.6638,76.08,0.3638,0.01,2105,0,866.3094,269.2777,1117.0332,1369.9358,2265.0678,5473.6443,11803.148,21580.7339,20857.0206,6485.5417,2909.6674,508.4842,61.8509,0,0,0,0,0,0,0,0,30,8,30,45,69,157,322,564,525,235,101,17,2,0,0,0,0,0,0,0
105075,72881.444,38.27,0.1992,0.01,1123,0,218.5956,169.8654,501.0857,1177.8607,1021.6031,1231.612,4840.4906,6565.4442,8320.325,5988.8799,1962.705,276.7429,156.0698,26.42,0,0,0,0,0,0,0,9,6,16,46,37,42,157,204,249,258,81,11,6,1,0,0,0,0,0,0
105076,72088.0177,37.55,0.1947,0.02,1369,0,197.2726,183.9538,330.6781,1164.6322,1345.5386,1619.5644,2904.7768,8443.12,9634.6402,4110.0573,2164.8536,572.134,63.3772,21.45,0,0,0,0,0,0,0,10,8,13,56,60,68,116,323,355,218,110,28,3,1,0,0,0,0,0,0
105077,113247.3936,74.84,0.4457,0.01,1607,0,351.0808,58.4599,129.3381,475.8709,427.6122,787.1911,1241.4673,4452.6539,15421.5807,12079.1871,8055.7573,1844.235,241.7118,0,0,54.55,0,0,0,0,0,14,2,4,18,15,26,39,134,447,504,322,71,9,0,0,2,0,0,0,0
105078,142756.7524,99.42,0.6074,0.01,1099,0,182.2711,0,117.5116,288.2354,259.0104,385.1105,1214.7077,3019.0203,17428.0349,17245.813,12183.3159,2501.5815,244.0062,148.67,49.56,0,0,0,0,0,0,4,0,2,6,5,7,21,50,278,396,268,53,5,3,1,0,0,0,0,0
105079,171401.8802,109.97,0.6758,0.01,2419,0,25.5527,59.5692,65.8961,565.6916,2875.6715,5861.4117,8465.5575,9649.4772,11916.9481,12234.5532,11802.5386,5425.7014,1094.5961,222.31,0,55.58,0,0,0,0,0,1,2,2,21,99,190,261,285,339,501,463,205,40,8,0,2,0,0,0,0
105080,166997.164,102.68,0.6183,0.01,1952,0,31.203,145.4879,482.8155,1414.5263,3192.4783,6856.4926,8476.3734,9385.6577,10946.7796,11988.3225,10895.406,4298.6816,1169.6128,67.87,67.87,0,0,0,0,0,0,1,4,12,43,90,182,214,227,255,402,350,133,35,2,2,0,0,0,0,0
105081,107066.8475,53.56,0.2961,0.01,1785,0,624.8092,620.3907,1342.7316,2927.5264,4919.3167,5392.198,6579.9313,6807.2355,6813.0134,5484.81,4317.1401,1629.9324,594.7866,50.33,25.17,0,0,0,0,0,0,27,23,45,120,187,193,224,222,214,248,187,68,24,2,1,0,0,0,0,0
105082,0,0,0,0.02,0,0,0,0,0,0,0,0,0,0,0,0,0,0,0,0,0,0,0,0,0,0,0,0,0,0,0,0,0,0,0,0,0,0,0,0,0,0,0,0,0,0,0
105083,0,0,0,0.02,0,0,0,0,0,0,0,0,0,0,0,0,0,0,0,0,0,0,0,0,0,0,0,0,0,0,0,0,0,0,0,0,0,0,0,0,0,0,0,0,0,0,0
105084,0,0,0,0.02,0,0,0,0,0,0,0,0,0,0,0,0,0,0,0,0,0,0,0,0,0,0,0,0,0,0,0,0,0,0,0,0,0,0,0,0,0,0,0,0,0,0,0
105085,29600.2403,14.54,0.0736,0.02,619,0,108.6749,42.2225,70.0636,343.7086,679.4799,1005.9305,2460.1356,4008.0757,2466.9553,1402.1527,722.7982,243.8941,58.1975,0,19.7,0,0,0,0,0,0,6,2,3,18,33,46,107,167,99,81,40,13,3,0,1,0,0,0,0,0
105086,86868.0235,57.9,0.3676,0.02,1663,0,245.3345,395.9506,608.3359,1671.1929,686.5041,387.3307,1796.6482,5376.3067,7217.686,7899.716,4800.8952,3010.3038,929.6933,184.72,20.52,61.57,0,0,0,0,0,13,18,25,84,32,17,75,215,278,438,255,154,46,9,1,3,0,0,0,0
105087,93503.1962,62.6,0.4031,0.02,1667,0,325.5511,616.6341,708.3657,2123.5924,1225.8972,294.7831,1678.8174,4017.1729,8369.7527,9061.763,4425.1355,3582.8283,1067.7425,265.54,88.51,22.13,22.13,0,0,0,0,16,26,27,99,53,12,65,149,299,466,218,170,49,12,4,1,1,0,0,0
105088,95513.2471,65.59,0.41,0.01,1418,0,119.3594,139.1269,123.1255,654.3297,597.0222,489.9583,1818.1476,3542.7444,9294.2717,12046.1455,4596.3707,2868.2894,971.495,233.66,0,0,0,0,0,0,0,5,5,4,26,22,17,60,112,283,528,193,116,38,9,0,0,0,0,0,0
105089,93825.8662,61.95,0.3867,0,498,0,135.9838,396.2561,350.6734,1648.6004,2164.1576,328.3534,1726.1194,2882.9437,7950.8278,10656.6382,6104.7022,1549.3582,1019.412,369.72,0,0,0,0,0,0,0,2,5,4,23,28,4,20,32,85,164,90,22,14,5,0,0,0,0,0,0
105090,102921.6983,66.33,0.41,0.02,1903,0,196.4037,480.7547,430.5183,1718.5429,2545.2553,901.0605,2642.667,3096.9072,8187.1208,12238.244,5505.8424,1993.6592,967.5463,170.88,106.8,42.72,0,0,0,0,0,10,21,17,83,114,38,106,119,303,652,281,98,46,8,5,2,0,0,0,0
105091,84587.0162,44.03,0.255,0.01,1385,0,542.8594,550.2324,1065.1806,4180.2862,4695.4621,1937.7342,3295.6654,3627.8766,5487.6843,6067.9074,3320.0923,1662.4478,480.2724,51.34,25.67,0,0,19.25,0,0,0,23,20,35,168,175,68,110,116,169,269,141,68,19,2,1,0,0,1,0,0
105092,70372.4789,39.21,0.2377,0.02,1449,0,429.2285,870.1086,866.271,3659.3854,4561.18,1149.0925,971.2573,1137.5026,2772.8401,7098.526,3556.0073,1778.3756,359.7513,40.59,20.3,20.3,0,0,0,0,0,23,40,36,186,215,51,41,46,108,398,191,92,18,2,1,1,0,0,0,0
105093,63690.794,35.61,0.2189,0.02,1216,0,649.9481,994.3378,1492.7822,3939.8789,3024.6849,760.178,515.6446,484.4355,2682.5109,6813.3747,3120.4663,1577.8544,456.7866,88.36,0,0,0,0,0,0,0,32,42,57,184,131,31,20,18,96,351,154,75,21,4,0,0,0,0,0,0
105094,70451.2799,42.78,0.2666,0.02,1358,0,627.6688,1188.8808,1188.6973,3246.5034,2051.3871,757.8023,672.2569,909.6658,2104.8288,8698.0851,4755.0661,1401.8674,567.165,42.66,21.33,0,0,0,0,0,0,32,52,47,157,92,32,27,35,78,464,243,69,27,2,1,0,0,0,0,0
105095,161898.8176,118.21,0.76,0.01,1993,0,227.648,364.8531,220.1498,1199.9556,1940.8814,515.3284,866.9036,942.6352,7164.1007,26161.9642,13427.6534,3625.3631,1584.6764,247.58,92.84,0,0,0,0,0,0,8,11,6,40,60,15,24,25,183,962,473,123,52,8,3,0,0,0,0,0
105096,175664.1007,132.7,0.8631,0.01,1171,0,207.5249,60.4748,66.898,656.3395,117.955,250.5483,329.2849,1031.1788,8707.819,31088.6866,13198.3247,4191.6112,1666.862,677.08,112.85,56.42,0,0,0,0,0,4,1,1,12,2,4,5,15,122,627,255,78,30,12,2,1,0,0,0,0
105097,197119.4329,161.25,1.1437,0.01,1751,0,387.4283,90.3183,199.8225,1429.5319,2818.6974,935.4967,1426.1852,1796.7673,4583.8354,17920.9701,22378.9025,10995.522,4232.1225,884.83,210.67,0,0,0,0,2.53,0,10,2,4,35,64,20,29,35,86,484,579,274,102,21,5,0,0,0,0,1
105098,187865.3323,116.24,0.7024,0.01,2634,0,964.0929,91.1168,67.1944,1565.7655,4443.1066,4624.4267,9261.1075,9805.4297,15916.1946,14518.1185,10241.911,5154.9778,1423.1611,283.38,28.34,0,0,0,0,0,0,37,3,2,57,150,147,280,284,444,583,394,191,51,10,1,0,0,0,0,0
105099,160414.5806,95.81,0.5655,0.01,1830,0,675.5146,74.992,41.4785,1186.921,3766.4628,3767.1496,8860.6869,9718.1938,16639.6886,12450.8179,5968.9763,3531.8361,1481.3389,279.87,34.98,34.98,0,0,0,0,0,21,2,1,35,103,97,217,228,376,405,186,106,43,8,1,1,0,0,0,0
105100,147637.828,85.38,0.4831,0.01,1005,0,485.6624,62.9024,139.1608,967.1158,2637.7964,2475.7166,7877.3766,13013.6642,18337.1462,9334.6203,5383.4818,3018.3136,809.0737,117.38,0,0,0,0,0,0,0,9,1,2,17,43,38,115,182,247,181,100,54,14,2,0,0,0,0,0,0
105101,142949.6666,77.56,0.409,0.01,2539,0,103.7234,48.3584,26.7473,328.0437,1650.7638,1653.0162,10664.7584,13469.0941,24943.7205,7573.5087,2566.2522,1633.0468,399.8988,180.49,45.12,22.56,0,0,0,0,0,5,2,1,15,70,66,405,490,874,382,124,76,18,8,2,1,0,0,0,0
105102,157851.607,91.63,0.5144,0.01,2547,0,136.0298,105.7037,146.1619,1242.84,2628.7862,2107.6132,7338.4661,11535.6085,24359.4605,10920.2685,5088.9504,2583.1272,849.7923,98.63,73.97,0,0,0,0,0,0,6,4,5,52,102,77,255,384,781,504,225,110,35,4,3,0,0,0,0,0
105103,117185.4728,62.17,0.3191,0.01,1883,0,92.0366,53.6369,59.3338,703.4374,1673.9827,1111.1632,6775.9476,9999.9642,25735.0184,5695.3188,1193.6191,786.4747,517.4657,50.05,50.05,0,0,0,0,0,0,4,2,2,29,64,40,232,328,813,259,52,33,21,2,2,0,0,0,0,0
105104,109370.1689,58.56,0.3019,0.01,1371,0,58.9395,171.7463,151.9891,807.7339,1440.4768,996.191,6284.3157,8160.9435,22622.1977,7125.3372,999.5612,854.658,347.1566,32.05,32.05,0,0,0,0,0,0,2,5,4,26,43,28,168,209,558,253,34,28,11,1,1,0,0,0,0,0
105105,149967.5838,95.97,0.5917,0.01,2573,0,126.4946,172.0143,217.4703,1644.6778,2923.8305,2163.497,5486.0112,6955.7884,16213.1316,13640.4055,6940.6052,3537.5696,1241.7837,458.56,229.28,91.71,0,0,0,0,0,6,7,8,74,122,85,205,249,559,677,330,162,55,20,10,4,0,0,0,0
105106,100545.1198,46.57,0.238,0.01,803,0,0,56.3646,124.6964,3364.4743,6816.1435,3794.6807,7611.1272,7240.1904,8980.721,4482.6547,2170.7978,1202.0605,258.9249,105.18,0,0,0,0,0,0,0,0,1,2,66,124,65,124,113,135,97,45,24,5,2,0,0,0,0,0,0
105107,95708.1546,40.14,0.1873,0.02,2108,0,0,82.8374,91.6357,3165.4909,7028.7301,4290.1526,8592.7802,8545.9511,8506.2627,3073.4192,1098.9522,699.3289,152.2195,38.65,0,0,0,0,0,0,0,0,4,4,169,348,200,381,363,348,181,62,38,8,2,0,0,0,0,0,0
105108,102181.8448,42.38,0.2004,0.02,2084,0,19.2818,112.3808,174.0474,3455.859,8812.027,4632.8488,8836.2539,8585.1017,8276.885,3280.325,1115.7575,719.0343,330.4162,41.94,0,20.97,0,0,0,0,0,1,5,7,170,402,199,361,336,312,178,58,36,16,2,0,1,0,0,0,0
105109,105287.7871,37.55,0.1699,0.01,1583,0,54.3098,474.7742,280.106,6698.7822,14909.7021,5442.2129,7548.7764,3993.9263,4968.6222,3010.4203,1733.7799,731.3014,174.4843,0,0,0,0,0,0,0,0,2,15,8,234,483,166,219,111,133,116,64,26,6,0,0,0,0,0,0,0
105110,115631.9109,34.77,0.1523,0.02,2690,0,127.6716,616.5162,776.0699,13094.0908,22184.8367,4690.2572,2755.0509,2223.3866,3412.507,3189.8471,1583.0009,377.8321,234.3952,119.01,39.67,0,0,0,0,0,0,7,29,33,681,1070,213,119,92,136,183,87,20,12,6,2,0,0,0,0,0
105111,81610.7284,26.89,0.1281,0.01,1007,0,725.981,2095.3814,1916.7559,10386.9318,8842.3397,1919.9425,2632.9716,2473.6253,3186.5532,3171.7796,1345.0586,429.7005,222.1353,0,0,37.6,0,0,0,0,0,21,52,43,285,225,46,60,54,67,96,39,12,6,0,0,1,0,0,0,0
105112,56311.5142,24.42,0.1207,0.02,1313,0,101.1442,510.8662,543.3941,1990.3703,4292.4765,2157.3025,3166.8787,3975.8861,5449.9115,2851.5392,908.1233,174.606,108.3203,55,18.33,0,0,13.75,0,1.1,0,6,26,25,112,224,106,148,178,235,177,54,10,6,3,1,0,0,1,0,1
105113,48839.3575,20,0.0961,0.02,1180,0,32.9546,499.3661,318.6976,2345.0972,3858.6694,2844.7968,3053.7479,2882.034,3785.7233,2236.1734,739.7318,204.8071,70.5854,89.6,0,0,0,0,0,0,0,2,26,15,135,206,143,146,132,167,142,45,12,4,5,0,0,0,0,0,0
105114,55319.231,25.6,0.1319,0.02,1274,0,16.8267,294.2393,325.4911,1561.2548,3692.2557,2397.5192,4016.0879,3144.1884,5209.3006,3007.6171,1040.9229,418.3573,234.2968,36.6,18.3,0,18.3,0,0,0,0,1,15,15,88,193,118,188,141,225,187,62,24,13,2,1,0,1,0,0,0
105115,16377.8153,8.24,0.0455,0.02,406,0,46.4758,72.2268,219.7229,342.9589,1056.6126,635.903,766.8996,841.5991,1513.1643,1154.7972,386.3638,160.4627,82.9536,50.54,16.85,0,0,0,0,0,0,3,4,11,21,60,34,39,41,71,78,25,10,5,3,1,0,0,0,0,0
105116,10529.1893,5.38,0.0293,0.01,188,0,0,49.591,27.4291,224.2578,580.3746,436.6056,594.0558,761.0561,702.377,711.5557,381.9974,110.1752,68.3402,0,0,0,0,0,0,0,0,0,2,1,10,24,17,22,27,24,35,18,5,3,0,0,0,0,0,0,0
105117,1073.8548,1.19,0.0106,0.01,7,0,0,0,0,0,57.9566,0,0,0,0,0,50.8559,158.4245,54.5934,0,55.44,0,0,0,0,0,0,0,0,0,0,1,0,0,0,0,0,1,3,1,0,1,0,0,0,0,0
105118,449.4875,0.35,0.0042,0.01,7,0,27.0653,0,0,28.5314,61.5384,0,34.354,35.8609,0,0,0,0,0,0,0,0,0,22.08,0,0,0,1,0,0,1,2,0,1,1,0,0,0,0,0,0,0,0,0,1,0,0
105119,3356.7722,1.34,0.0074,0.01,46,0,0,69.7617,38.5856,347.0173,272.139,72.2545,227.9114,118.9544,247.0118,85.7941,89.5574,0,0,0,32.54,0,0,0,0,0,0,0,2,1,11,8,2,6,3,6,3,3,0,0,0,1,0,0,0,0,0
105120,33134.3267,13.02,0.0641,0.02,767,0,246.7505,801.2203,954.4981,1913.8427,2244.044,1595.9483,1745.0899,1261.1356,2594.5261,1734.9859,404.4166,200.8164,37.7545,19.17,38.34,0,0,0,0,1.15,0,14,39,42,103,112,75,78,54,107,103,23,11,2,1,2,0,0,0,0,1
105121,17882.6249,8.01,0.0425,0.02,443,0,47.4596,295.0271,244.7749,650.42,1276.8157,687.5757,883.5554,985.1972,1675.8008,892.0106,299.861,147.4718,118.591,17.2,0,17.2,0,0,0,2.06,0,3,16,12,39,71,36,44,47,77,59,19,9,7,1,0,1,0,0,0,2
105122,29627.2813,14.08,0.0753,0.02,714,0,80.8924,377.1571,271.1902,1108.6227,1986.2739,976.6306,1437.5535,1264.7988,2848.9592,2087.3453,548.7652,251.361,173.2632,0,17.59,17.59,0,0,0,0,0,5,20,13,65,108,50,70,59,128,135,34,15,10,0,1,1,0,0,0,0
105123,314.1848,0.09,0.0004,0.02,9,0,0,17.1805,0,0,67.0295,17.799,18.7138,19.5347,0,14.0866,0,0,0,0,0,0,0,0,0,0,0,0,1,0,0,4,1,1,1,0,1,0,0,0,0,0,0,0,0,0,0
