NASA Data Processing/CAMP2Ex/FCDP/CAMP2Ex-HawkFCDP_P3B_20190830_R1.ict
79, 1001
Lawson, Paul
SPEC Inc
Hawkeye-FCDP on P3-B
CAMP2Ex 2019
1, 1
2019,08,30, 2021,01,13
1
Time_Start, seconds, elapsed time from 00:00:00 UTC
47
1,1,1,1,1,1,1,1,1,1,1,1,1,1,1,1,1,1,1,1,1,1,1,1,1,1,1,1,1,1,1,1,1,1,1,1,1,1,1,1,1,1,1,1,1,1,1
-9.99e+002,-9.99e+002,-9.99e+002,-9.99e+002,-9.99e+002,-9.99e+002,-9.99e+002,-9.99e+002,-9.99e+002,-9.99e+002,-9.99e+002,-9.99e+002,-9.99e+002,-9.99e+002,-9.99e+002,-9.99e+002,-9.99e+002,-9.99e+002,-9.99e+002,-9.99e+002,-9.99e+002,-9.99e+002,-9.99e+002,-9.99e+002,-9.99e+002,-9.99e+002,-9.99e+002,-9.99e+002,-9.99e+002,-9.99e+002,-9.99e+002,-9.99e+002,-9.99e+002,-9.99e+002,-9.99e+002,-9.99e+002,-9.99e+002,-9.99e+002,-9.99e+002,-9.99e+002,-9.99e+002,-9.99e+002,-9.99e+002,-9.99e+002,-9.99e+002,-9.99e+002,-9.99e+002
conc, #/L, CldMicro_NumSizeDist_InSitu_Optical_Drop_AMB, particle number concentration
ext,  1/km, CldOpt_Extinction_InSitu_IR, extinction of the particles
twc,  g/m3, CldMicro_TWC_InSitu_Optical_Drop_AMB, total water content across instrument size range
sv, liter, none, sample volume
CNT, #, none, accepted or rejected event count in this second. negative means rejected particle numbers. 
cbin01, #/liter/um, CldMicro_NumSizeDist_InSitu_Optical_Drop_AMB, concentration of size ( 0.00 - 1.5 um)    
cbin02, #/liter/um, CldMicro_NumSizeDist_InSitu_Optical_Drop_AMB, concentration of size ( 1.5  - 3.0 um)    
cbin03, #/liter/um, CldMicro_NumSizeDist_InSitu_Optical_Drop_AMB, concentration of size ( 3.0  - 4.5 um)    
cbin04, #/liter/um, CldMicro_NumSizeDist_InSitu_Optical_Drop_AMB, concentration of size ( 4.5  - 6.0 um)    
cbin05, #/liter/um, CldMicro_NumSizeDist_InSitu_Optical_Drop_AMB, concentration of size ( 6.0  - 8.0 um)    
cbin06, #/liter/um, CldMicro_NumSizeDist_InSitu_Optical_Drop_AMB, concentration of size ( 8.0  -10.0 um)    
cbin07, #/liter/um, CldMicro_NumSizeDist_InSitu_Optical_Drop_AMB, concentration of size ( 10.0 -12.0 um)    
cbin08, #/liter/um, CldMicro_NumSizeDist_InSitu_Optical_Drop_AMB, concentration of size ( 12.0 -14.0 um)    
cbin09, #/liter/um, CldMicro_NumSizeDist_InSitu_Optical_Drop_AMB, concentration of size ( 14.0 -16.0 um)   
cbin10, #/liter/um, CldMicro_NumSizeDist_InSitu_Optical_Drop_AMB, concentration of size ( 16.0 -18.0 um)    
cbin11, #/liter/um, CldMicro_NumSizeDist_InSitu_Optical_Drop_AMB, concentration of size ( 18.0 -21.0 um)    
cbin12, #/liter/um, CldMicro_NumSizeDist_InSitu_Optical_Drop_AMB, concentration of size ( 21.0 -24.0 um)    
cbin13, #/liter/um, CldMicro_NumSizeDist_InSitu_Optical_Drop_AMB, concentration of size ( 24.0 -27.0 um)    
cbin14, #/liter/um, CldMicro_NumSizeDist_InSitu_Optical_Drop_AMB, concentration of size ( 27.0 -30.0 um)    
cbin15, #/liter/um, CldMicro_NumSizeDist_InSitu_Optical_Drop_AMB, concentration of size ( 30.0 -33.0 um)    
cbin16, #/liter/um, CldMicro_NumSizeDist_InSitu_Optical_Drop_AMB, concentration of size ( 33.0 -36.0 um)    
cbin17, #/liter/um, CldMicro_NumSizeDist_InSitu_Optical_Drop_AMB, concentration of size ( 36.0 -39.0 um)    
cbin18, #/liter/um, CldMicro_NumSizeDist_InSitu_Optical_Drop_AMB, concentration of size ( 39.0 -42.0 um)    
cbin19, #/liter/um, CldMicro_NumSizeDist_InSitu_Optical_Drop_AMB, concentration of size ( 42.0 -46.0 um)    
cbin20, #/liter/um, CldMicro_NumSizeDist_InSitu_Optical_Drop_AMB, concentration of size ( 46.0 -50.0 um)    
[...]
INSTRUMENT_INFO: Hawkeye-FCDP SN02: Hawkeye- Fast Cloud Droplet Probe measuring size 1-50 microns in 20 bins with one overflow bin for particles >50um: concentration, extinction, liquid water content, see http://www.specinc.com/hawkeye-combination-cloud-particle_probe
DATA_INFO: Concentration (#/L), Extinction (1/km), LWC (g/m^3), Sample Volume (L), Total Counts, Concentration 21 Bins (#/L/um), Particle Counts 21 Bins
UNCERTAINTY: variables are not calculated
ULOD_FLAG: -7777
ULOD_VALUE: n/a
LLOD_FLAG: -8888
LLOD_VALUE: n/a
DM_CONTACT_INFO: Sarah Woods, SPEC Inc, 3022 Sterling Circle, Suite 200, Boulder, CO 80301, 303-449-1105, swoods@specinc.com
PROJECT_INFO: CAMP2Ex Campaign, 2019-08-24--2019-10-07
STIPULATIONS_ON_USE: Please contact PI or DM for stipulations or assistance interpreting and analyzing data.
OTHER_COMMENTS: For R0, P3 Nav TAS is used to calculate the sample volume; Adaptive2 shattering removal is applied. Extinction coefficient is also calculated assuming particles are spheres. software version: SP3Cv40
REVISION: R1
R1: Final Data with Correction Applied to FCDP 1Hz Bin Concentrations: FCDP Conc (#/L/um)= FCDP Conc * [Bin Center /30 ^ 0.3] 
Time_Start,conc,ext,twc,sv,CNT,cbin01,cbin02,cbin03,cbin04,cbin05,cbin06,cbin07,cbin08,cbin09,cbin10,cbin11,cbin12,cbin13,cbin14,cbin15,cbin16,cbin17,cbin18,cbin19,cbin20,cbin21,nbin01,nbin02,nbin03,nbin04,nbin05,nbin06,nbin07,nbin08,nbin09,nbin10,nbin11,nbin12,nbin13,nbin14,nbin15,nbin16,nbin17,nbin18,nbin19,nbin20,nbin21
[from data line 3215]
84932,10171.4311,10.78,0.1024,0.02,250,0,27.2584,15.8837,17.5707,14.3659,46.4796,230.3662,294.1061,126.419,281.2595,377.7382,761.4263,451.7489,291.9231,192.69,177.87,148.22,103.76,55.58,22.23,2.67,0,2,1,1,1,3,14,17,7,15,29,56,32,20,13,12,10,7,5,2,3
84933,7596.4898,11.24,0.1324,0.02,169,0,27.6354,0,0,0,15.7069,33.363,35.0777,18.3082,133.0693,171.676,317.0607,329.1923,281.1699,60.11,210.39,240.45,195.36,123.98,112.71,7.21,0,2,0,0,0,1,2,2,1,7,13,23,23,19,4,14,16,13,11,10,8
84934,12867.3004,13,0.1211,0.02,305,0,0,0,0,0,15.6442,83.0671,209.61,182.3344,454.3533,815.382,1125.7103,584.3916,235.7936,134.69,74.83,74.83,224.48,56.12,56.12,7.18,0,0,0,0,0,1,5,12,10,24,62,82,41,16,9,5,5,15,5,5,8
84935,13836.3785,13.17,0.1121,0.02,328,0,28.1273,16.3928,0,14.8247,31.9713,118.8502,124.9583,149.0727,406.2834,873.5828,1641.4247,582.6391,301.2092,152.94,137.65,76.47,30.59,22.94,57.35,3.67,0,2,1,0,1,2,7,7,8,21,65,117,40,20,10,9,5,2,2,5,4
84936,8104.5824,7.64,0.0653,0.02,198,0,27.4469,0,53.0797,0,77.9979,132.5418,156.7756,145.4663,245.4263,301.637,670.8139,426.4147,279.23,119.39,179.09,29.85,59.7,0,0,2.69,0,2,0,3,0,5,8,9,8,13,23,49,30,19,8,12,2,4,0,0,3
84937,11899.3377,12.59,0.1116,0.02,286,0,27.0469,0,0,0,15.3724,65.3125,120.1729,53.763,111.6318,400.6741,1335.7112,714.4246,448.9876,264.75,264.75,88.25,29.42,22.06,11.03,3.53,0,2,0,0,0,1,4,7,3,6,31,99,51,31,18,18,6,2,2,1,4
84938,7614.3413,7.24,0.062,0.02,185,0,0,15.9105,0,0,31.0375,131.8535,121.3011,126.622,131.4669,443.6019,680.9686,438.358,190.0627,103.93,89.08,74.24,29.69,11.14,11.14,2.67,0,0,1,0,0,2,8,7,7,7,34,50,31,13,7,6,5,2,1,1,3
84939,12138.9435,12.73,0.1138,0.02,302,0,26.5963,0,0,0,30.2291,64.2171,135.035,105.7146,146.3517,571.8756,1459.2276,702.4337,327.531,216.92,101.23,86.77,86.77,32.54,43.38,1.74,0,2,0,0,0,2,4,8,6,8,45,110,51,23,15,7,6,6,3,4,2
84940,13567.7625,12.74,0.1016,0.02,329,0,0,0,0,0,31.3023,33.2446,139.8204,54.7296,284.1352,736.8993,2115.3553,727.3394,206.4388,209.64,29.95,14.97,0,44.92,22.46,0.9,0,0,0,0,0,2,2,8,3,15,56,154,51,14,14,2,1,0,4,2,1
84941,12192.9744,11.59,0.0933,0.02,299,0,13.7096,0,0,28.9063,15.5884,82.7637,52.2119,145.3444,282.9377,655.1739,1750.8236,653.2797,220.2545,164.02,104.38,44.73,0,33.55,11.18,0,0,1,0,0,2,1,5,3,8,15,50,128,46,15,11,7,3,0,3,1,0
84942,13639.6693,11.46,0.0824,0.02,345,0,0,0,0,0,30.6264,81.3205,188.095,267.7428,555.9663,939.7979,1854.5352,697.6431,144.2629,87.9,29.3,14.65,29.3,0,0,0,0,0,0,0,0,2,5,11,15,30,73,138,50,10,6,2,1,2,0,0,0
84943,13645.7963,11.93,0.088,0.02,335,0,0,0,0,0,31.2884,33.2298,192.1568,127.6455,340.7902,946.9687,1977.0151,755.4927,221.0718,104.77,14.97,29.93,0,0,11.23,0,0,0,0,0,0,2,2,11,7,18,72,144,53,15,7,1,2,0,0,1,0
84944,12593.4822,12.07,0.0994,0.02,313,0,0,0,0,0,0,98.0908,171.8789,125.5905,391.1962,789.3881,1607.5115,617.1165,217.517,161.99,147.26,29.45,14.73,44.18,22.09,0,0,0,0,0,0,0,6,10,7,21,61,119,44,15,11,10,2,1,4,2,0
84945,13022.8103,10.17,0.0717,0.02,333,0,0,0,0,0,15.4282,163.84,499.5531,215.7748,653.4301,1374.7527,1164.2926,506.027,116.267,59.03,0,59.03,14.76,0,11.07,0,0,0,0,0,0,1,10,29,12,35,106,86,36,8,4,0,4,1,0,1,0
84946,11138.3593,8.66,0.0615,0.02,290,0,0,15.605,0,0,76.0955,193.9614,220.9239,478.9771,552.5592,1023.606,908.2242,526.961,114.7013,43.68,14.56,0,29.12,21.84,0,0,0,0,1,0,0,5,12,13,27,30,80,68,38,8,3,1,0,2,2,0,0
84947,10812.9373,9.35,0.0756,0.02,276,0,13.5165,0,0,0,138.268,261.0649,240.1745,322.3424,353.2631,774.9675,943.7885,503.9507,101.3188,161.68,73.49,44.09,14.7,33.07,22.05,0.88,0,1,0,0,0,9,16,14,18,19,60,70,36,7,11,5,3,1,3,2,1
84948,11757.3911,9.05,0.064,0.02,305,0,0,0,17.3455,0,45.8664,178.6268,256.0949,338.6199,832.6717,1195.449,1019.7788,390.0801,57.6165,29.26,58.51,0,14.63,21.94,10.97,0,0,0,0,1,0,3,11,15,19,45,93,76,28,4,2,4,0,1,2,1,0
84949,11636.5946,7.48,0.0449,0.02,310,0,0,0,0,0,107.0076,373.4023,426.7288,356.3595,1183.9783,1400.7994,576.8534,139.281,86.41,14.62,29.25,0,0,0,0,0,0,0,0,0,0,7,23,25,20,64,109,43,10,6,1,2,0,0,0,0,0
84950,8913.2382,5.75,0.0359,0.02,242,0,39.8048,46.3971,0,13.9911,211.179,272.3438,387.3949,158.243,602.4085,887.6958,635.4056,164.9295,99.4774,0,0,14.43,0,0,0,0.87,0,3,3,0,1,14,17,23,9,33,70,48,12,7,0,0,1,0,0,0,1
84951,7606.3486,4,0.0223,0.02,217,0,0,0,16.9779,0,254.46,731.2629,534.8486,331.4964,634.0166,415.2704,275.8549,150.0242,14.1013,0,0,14.32,0,0,0,0,0,0,0,1,0,17,46,32,19,35,33,21,11,1,0,0,1,0,0,0,0
84952,6373.0252,3.32,0.0196,0.02,176,0,26.6469,31.06,34.3589,28.092,181.7512,305.6328,524.2895,335.4359,476.575,445.667,212.6703,55.2019,14.2687,14.49,0,0,0,0,10.87,2.61,0,2,2,2,2,12,19,31,19,26,35,16,4,1,1,0,0,0,0,1,3
84953,11805.846,7.07,0.0404,0.02,318,0,13.3143,15.5193,0,14.0363,90.8059,305.396,523.8849,546.8652,1227.1485,1323.2482,664.0808,41.3729,14.2589,0,0,0,14.48,0,0,1.74,0,1,1,0,1,6,19,31,31,67,104,50,3,1,0,0,0,1,0,0,2
84954,10230.706,7.31,0.0459,0.02,268,0,0,0,0,14.0622,15.1634,80.536,321.776,265.176,734.1959,981.8118,1211.2224,248.7514,0,14.51,0,0,0,0,0,0,0,0,0,0,1,1,5,19,15,40,77,91,18,0,1,0,0,0,0,0,0
84955,8421.8785,4.95,0.0306,0.02,225,0,0,15.5997,51.7696,14.1074,212.9977,403.9604,305.8012,443.3517,607.6119,652.3267,453.9607,124.7662,57.331,29.11,0,0,0,10.92,0,3.49,0,0,1,3,1,14,25,18,25,33,51,34,9,4,2,0,0,0,1,0,4
84956,7754.3023,4.59,0.0294,0.02,214,0,40.6324,15.7872,17.464,42.8392,215.5621,572.3445,722.1032,125.6311,521.7523,349.5034,432.3947,182.3872,72.5253,0,14.73,0,14.73,11.05,0,0,0,3,1,1,3,14,35,42,7,28,27,32,13,5,0,1,0,1,1,0,0
84957,10025.5862,8.51,0.0646,0.02,225,0,0,0,0,0,69.0574,220.0346,250.6169,201.2437,334.305,580.5929,924.2405,629.2503,292.77,99.1,49.55,0,0,0,12.39,0.99,0,0,0,0,0,4,12,13,10,16,40,61,40,18,6,3,0,0,0,1,1
84958,7259.9943,4.26,0.0252,0.01,69,0,0,0,0,40.8617,132.1916,608.3718,492.0287,256.8098,426.6077,370.4445,502.7068,200.7498,41.5162,0,0,0,0,0,0,0,0,0,0,0,1,3,13,10,5,8,10,13,5,1,0,0,0,0,0,0,0
84959,7895.7307,5.34,0.034,0.02,213,0,0,0,17.0906,27.9434,165.7237,208.0082,403.7587,245.8526,528.7604,455.9837,687.5274,398.0994,28.3898,0,0,0,0,0,0,0,0,0,0,1,2,11,13,24,14,29,36,52,29,2,0,0,0,0,0,0,0
84960,5314.1949,2.76,0.0148,0.02,148,0,0,46.0809,0,41.6759,179.7582,238.6477,334.545,209.5286,416.9684,453.3825,262.9299,27.2962,0,0,0,0,0,0,0,1.72,0,0,3,0,3,12,15,20,12,23,36,20,2,0,0,0,0,0,0,0,2
84961,5999.8202,2.64,0.0132,0.02,172,0,0,15.4228,17.0609,41.8504,300.8421,591.0983,503.9028,333.1372,400.4981,265.5723,184.8114,13.7052,0,0,14.39,0,0,0,0,1.73,0,0,1,1,3,20,37,30,19,22,21,14,1,0,0,1,0,0,0,0,2
84962,241.9365,0.21,0.0019,0.02,7,0,0,15.2728,0,0,29.7901,0,0,17.366,0,0,13.0717,0,0,14.25,14.25,0,0,0,0,0,0,0,1,0,0,2,0,0,1,0,0,1,0,0,1,1,0,0,0,0,0
84963,4641.1651,1.87,0.009,0.02,139,0,13.2959,0,68.5756,70.0846,453.4303,561.8279,337.5485,88.0888,219.5023,152.4837,172.4368,27.5438,0,0,0,0,0,0,0,0,0,1,0,4,5,30,35,20,5,12,12,13,2,0,0,0,0,0,0,0,0
84964,6442.2922,3.19,0.0171,0.02,187,0,26.3803,15.3746,51.0227,69.5288,269.9021,541.446,502.2999,244.691,471.8102,302.5421,315.8131,54.6495,28.2519,0,0,0,0,0,0,0,0,2,1,3,5,18,34,30,14,26,24,24,4,2,0,0,0,0,0,0,0
84965,457.5467,0.19,0.001,0.02,14,0,0,0,16.9009,13.8166,29.7971,94.9381,0,0,0,25.0537,13.0717,13.5719,0,0,0,0,0,0,0,0,0,0,0,1,1,2,6,0,0,0,2,1,1,0,0,0,0,0,0,0,0
84966,1678.2541,0.98,0.0082,0.02,45,0,0,0,54.0341,14.7278,127.0419,118.0583,88.659,37.0225,134.5282,66.7512,27.868,0,0,15.19,15.19,15.19,0,0,11.39,0.91,0,0,0,3,1,8,7,5,2,7,5,2,0,0,1,1,1,0,0,1,1
84967,3630.258,1.31,0.0061,0.02,110,0,13.42,0,86.5198,56.5911,411.9053,502.2733,187.3869,124.4777,203.0911,128.2561,26.7764,0,0,0,0,14.6,0,0,0,0,0,1,0,5,4,27,31,11,7,11,10,2,0,0,0,0,1,0,0,0,0
84968,2674.6591,1.66,0.0103,0.02,72,0,13.3097,0,17.1617,0,136.1636,112.4781,50.679,70.5441,109.8608,139.9174,318.6568,68.9262,0,0,0,0,0,0,0,0.87,0,1,0,1,0,9,7,3,4,6,11,24,5,0,0,0,0,0,0,0,1
84969,6030.4832,3.33,0.0197,0.02,171,0,79.6327,15.471,102.6796,41.9732,211.2277,384.5702,303.249,211.0313,310.405,304.4227,423.6985,164.9676,14.2097,0,0,0,0,0,0,0.87,0,6,1,6,3,14,24,18,12,17,24,32,12,1,0,0,0,0,0,0,1
84970,7228.8946,4.2,0.0241,0.02,195,0,0,15.873,35.1177,0,108.3664,378.1537,518.5937,270.6669,543.3163,624.7158,489.0847,28.2105,14.5838,0,0,14.81,0,0,0,0,0,0,1,2,0,7,23,30,15,29,48,36,2,1,0,0,1,0,0,0,0
84971,4506.6553,1.94,0.0099,0.02,136,0,53.0363,30.9099,119.6694,139.775,301.4413,432.1947,134.6381,140.544,310.0845,240.7559,132.2676,54.9352,0,0,0,0,0,0,0,0,0,4,2,7,10,20,27,8,8,17,19,10,4,0,0,0,0,0,0,0,0
84972,6014.7307,1.75,0.0079,0.02,192,0,67.2517,94.0642,260.1463,297.7739,718.6287,958.0841,256.1027,71.2914,185.0438,38.5603,26.8406,41.7919,14.4066,0,0,0,14.63,0,0,0,0,5,6,15,21,47,59,15,4,10,3,2,3,1,0,0,0,1,0,0,0
84973,3138.2389,1.44,0.0079,0.02,94,0,52.9214,30.8456,34.1218,41.844,165.445,367.4003,134.358,122.7232,163.8171,177.0277,131.9924,0,0,0,0,14.39,0,0,0,0,0,4,2,2,3,11,23,8,7,9,14,10,0,0,0,0,1,0,0,0,0
84974,8948.3356,6.48,0.0422,0.02,235,0,0,0,0,14.088,45.5667,161.3015,356.1456,230.1436,533.0445,689.5162,1159.6143,124.5472,42.9244,43.59,29.06,0,0,0,0,0,0,0,0,0,1,3,10,21,13,29,54,87,9,3,3,2,0,0,0,0,0
84975,5244.1393,3.96,0.0281,0.02,139,0,0,15.5729,0,56.3326,91.1195,161.2941,169.5835,141.6162,165.411,344.7317,533.1066,166.0533,100.147,29.06,29.06,14.53,0,0,0,0,0,0,1,0,4,6,10,10,8,9,27,40,12,7,2,2,1,0,0,0,0
84976,5960.3744,5.44,0.0426,0.02,151,0,0,15.5943,0,14.1074,0,96.9289,169.8481,35.4629,147.271,255.7565,734.1912,291.0577,257.9401,58.21,43.66,29.1,0,0,0,0,0,0,1,0,1,0,6,10,2,8,20,55,21,18,4,3,2,0,0,0,0
84977,1308.6275,0.92,0.0068,0.02,36,0,0,0,0,0,75.0711,47.8391,83.8269,0,90.8521,100.988,52.7089,41.0395,0,14.36,14.36,14.36,0,0,0,0,0,0,0,0,0,5,3,5,0,5,8,4,3,0,1,1,1,0,0,0,0
84978,3542.9555,2.32,0.0168,0.02,97,0,0,15.4764,34.2404,0,196.2107,240.4387,101.1167,87.9588,146.124,177.6429,225.1733,123.7662,42.6585,14.44,14.44,0,0,0,10.83,0.87,0,0,1,2,0,13,15,6,5,8,14,17,9,3,1,1,0,0,0,1,1
84979,7090.6712,5.97,0.0438,0.02,181,0,13.4614,15.6908,17.3573,0,15.3027,113.7732,170.883,71.3483,185.204,321.6465,1168.4297,362.5458,28.8329,43.92,0,14.64,14.64,10.98,0,0,0,1,1,1,0,1,7,10,4,10,25,87,26,2,3,0,1,1,1,0,0
84980,8027.3902,6.98,0.0506,0.02,200,0,0,0,0,0,30.7936,81.7646,51.5816,17.9508,242.2385,414.2247,1283.6627,476.9974,188.5659,14.73,0,14.73,0,0,0,0,0,0,0,0,0,2,5,3,1,13,32,95,34,13,1,0,1,0,0,0,0
84981,8849.1834,6.74,0.045,0.02,224,0,0,0,17.5174,0,46.3263,131.2022,189.6823,107.9971,448.5258,649.128,1138.3784,464.3303,43.6432,0,0,0,0,0,0,0.89,0,0,0,1,0,3,8,11,6,24,50,84,33,3,0,0,0,0,0,0,1
84982,8631.6584,6,0.038,0.02,226,0,26.771,0,0,0,30.4312,113.1145,186.8889,159.6157,754.9588,959.3681,974.7478,41.5919,0,14.56,0,0,0,0,10.92,0.87,0,2,0,0,0,2,7,11,9,41,75,73,3,0,1,0,0,0,0,1,1
84983,7575.627,5.54,0.036,0.02,194,0,0,0,0,14.2431,46.0824,130.5139,137.2215,143.2407,334.6171,697.3548,1105.401,111.9753,14.4755,0,29.39,0,0,0,0,0.88,0,0,0,0,1,3,8,8,8,18,54,82,8,1,0,2,0,0,0,0,1
84984,9273.517,8.13,0.0584,0.02,231,0,0,0,0,14.2173,61.3363,16.2819,0,53.6168,222.6817,348.0622,1668.6231,684.6046,144.4599,0,0,0,0,0,0,0,0,0,0,0,1,4,1,0,3,12,27,124,49,10,0,0,0,0,0,0,0
84985,7654.5842,6.43,0.0474,0.02,190,0,0,0,0,0,124.5332,148.794,139.0578,163.3033,244.9035,183.2142,887.9515,609.8877,263.9667,29.78,0,0,0,0,0,0.89,0,0,0,0,0,8,9,8,9,13,14,65,43,18,2,0,0,0,0,0,1
84986,8842.0678,7.44,0.0557,0.02,221,0,13.5395,15.7819,0,0,30.7797,147.1066,189.0365,215.2713,279.3788,504.6059,810.3742,546.8951,275.4782,147.24,14.72,0,0,0,0,1.77,0,1,1,0,0,2,9,11,12,15,39,60,39,19,10,1,0,0,0,0,2
84987,7601.3382,5.23,0.0351,0.02,197,0,0,15.5461,0,14.0622,197.1027,257.6383,304.743,159.0553,183.4921,382.3957,851.5616,331.5543,71.4225,29.01,0,0,0,0,0,3.48,0,0,1,0,1,13,16,18,9,10,30,64,24,5,2,0,0,0,0,0,4
84988,4715.1163,3.4,0.0251,0.02,124,0,0,15.7765,52.3506,28.5314,76.9178,196.0632,206.1396,71.73,242.0361,310.4071,364.5225,154.1958,57.971,29.44,14.72,0,14.72,0,11.04,0.88,0,0,1,3,2,5,12,12,4,13,24,27,11,4,2,1,0,1,0,1,1
84989,5830.4397,5.46,0.0488,0.02,146,0,41.0232,0,35.26,0,124.352,115.5642,242.9991,72.4773,131.6862,169.8921,477.4532,297.4293,190.3778,59.48,74.36,29.74,29.74,33.46,11.15,1.78,0,3,0,2,0,8,7,14,4,7,13,35,21,13,4,5,2,2,3,1,2
84990,6709.9247,2.77,0.0139,0.02,194,0,27.1158,31.6066,87.409,42.8779,369.9064,769.3477,619.5703,431.1679,522.2752,155.4891,27.0516,56.1734,14.5248,14.75,29.49,0,0,0,0,0.88,0,2,2,5,3,24,47,36,24,28,12,2,4,1,1,2,0,0,0,0,1
84991,5659.3822,1.8,0.0073,0.02,161,0,13.7004,15.9694,35.3371,86.6735,436.1485,976.0533,434.8369,181.5628,282.769,52.3833,54.6811,14.191,14.6725,0,0,0,0,0,0,3.58,0,1,1,2,6,28,59,25,10,15,4,4,1,1,0,0,0,0,0,0,4
84992,8598.1131,5.93,0.0493,0.02,231,0,27.1434,31.6388,0,42.9232,586.2978,819.3108,447.9404,143.8743,186.722,194.5679,270.8005,238.9892,116.2867,236.17,88.56,44.28,14.76,0,22.14,3.54,0,2,2,0,3,38,50,26,8,10,15,20,17,8,16,6,3,1,0,2,4
84993,6743.8974,7.29,0.0739,0.02,174,0,13.3924,31.2208,51.7992,42.3545,380.5821,291.0235,186.99,0,128.9622,63.9919,93.5202,180.3205,286.8321,393.23,233.02,145.64,29.13,0,21.85,1.75,0,1,2,3,3,25,18,11,0,7,5,7,13,20,27,16,10,2,0,2,2
84994,7634.5411,6.66,0.0637,0.02,206,0,13.3878,31.21,51.7815,28.2277,395.6688,630.3375,305.879,230.5985,257.8402,281.4692,53.4244,27.7343,71.6883,276.62,349.42,72.8,14.56,32.76,10.92,1.75,0,1,2,3,2,26,39,18,13,14,22,4,2,5,19,24,5,1,3,1,2
84995,9027.3685,8.5,0.0687,0.02,223,0,13.6821,0,0,0,15.5536,66.0674,156.2854,108.7606,319.9515,666.7912,846.1586,453.4347,234.4149,133.9,133.9,74.39,14.88,0,0,0,0,1,0,0,0,1,4,9,6,17,51,62,32,16,9,9,5,1,0,0,0
84996,10178.894,14.08,0.1528,0.02,220,0,0,16.8536,18.6437,0,0,0,36.7117,38.3221,59.6826,152.018,418.3597,808.8184,805.2923,267.35,172.99,94.36,78.63,94.36,153.33,4.72,0,0,1,1,0,0,0,2,2,3,11,29,54,52,17,11,6,5,8,13,5
84997,9913.6298,9.55,0.0761,0.02,240,0,0,0,0,0,0,16.6297,34.9609,18.2513,284.2027,605.4445,1525.045,342.3547,221.2294,194.71,119.82,14.98,44.93,0,0,0,0,0,0,0,0,0,1,2,1,15,46,111,24,15,13,8,1,3,0,0,0
84998,8651.7597,6.63,0.0453,0.02,217,0,0,0,0,14.3336,46.3681,49.2452,103.56,126.1184,523.7594,779.6689,1085.165,281.6669,43.6826,29.57,14.79,0,0,11.09,0,1.77,0,0,0,0,1,3,3,6,7,28,60,80,20,3,2,1,0,0,1,0,2
84999,8852.1537,11.17,0.1172,0.02,199,0,27.8514,0,0,0,0,16.8147,17.6789,36.9006,76.6251,186.3163,791.8353,605.7828,178.9549,196.87,166.59,136.3,181.73,79.51,56.79,6.36,0,2,0,0,0,0,1,1,2,4,14,57,42,12,13,11,9,12,7,5,7
85000,7478.4932,11.34,0.1292,0.02,167,0,13.797,0,0,0,15.686,16.6593,17.5155,18.2838,94.9085,79.1154,275.2953,228.6555,413.7342,360.13,375.13,135.05,105.04,123.79,67.52,4.5,0,1,0,0,0,1,1,1,1,5,6,20,16,28,24,25,9,7,11,6,5
85001,9714.8695,14.91,0.1954,0.02,181,0,75.2237,0,0,0,0,0,19.0951,0,41.3991,115.0219,390.2349,186.9969,161.1215,179.98,212.7,179.98,179.98,257.7,319.05,23.56,0,5,0,0,0,0,0,1,0,2,8,26,12,10,11,13,11,11,21,26,24
85002,9316.4132,18.14,0.2495,0.02,191,0,69.1826,16.1302,0,0,0,0,0,0,38.068,52.893,41.4076,85.9934,133.362,180.58,255.82,361.15,285.91,462.73,316.01,18.06,0,5,1,0,0,0,0,0,0,2,4,3,6,9,12,17,24,19,41,28,20
85003,9173.7273,9.86,0.0957,0.02,213,0,0,0,0,14.857,128.1638,187.1526,125.2229,112.0421,213.2617,282.8313,759.188,350.3264,286.7533,199.24,245.22,61.31,91.96,34.48,45.98,4.6,0,0,0,0,1,8,11,7,6,11,21,54,24,19,13,16,4,6,3,4,5
85004,5304.9298,4.48,0.0375,0.02,136,0,0,31.9067,35.2956,14.4305,124.4775,148.7274,243.2403,145.0926,131.8127,274.7027,382.3368,198.483,102.6088,59.54,44.66,29.77,59.54,11.16,0,0.89,0,0,2,2,1,8,9,14,8,7,21,28,14,7,4,3,2,4,1,0,1
85005,5977.0458,8.61,0.0988,0.02,132,0,29.1847,17.009,0,15.3869,49.7687,105.7137,74.0926,38.6713,60.2307,97.6311,305.7318,196.502,171.9141,95.22,285.67,158.71,158.71,59.52,71.42,2.86,0,2,1,0,1,3,6,4,2,3,7,21,13,11,6,18,10,10,5,6,3
85006,7973.2213,11.3,0.1351,0.02,167,0,14.1832,0,0,0,0,51.3767,54.0171,56.3866,78.0588,216.9062,297.1825,191.0066,243.0609,231.41,185.13,215.98,138.84,138.84,138.84,12.03,0,1,0,0,0,0,3,3,3,4,16,21,13,16,15,12,14,9,12,12,13
