NASA Data Processing/CAMP2Ex/FCDP/CAMP2Ex-HawkFCDP_P3B_20190830_R1.ict
79, 1001
Lawson, Paul
SPEC Inc
Hawkeye-FCDP on P3-B
CAMP2Ex 2019
1, 1
2019,08,30, 2021,01,13
1
Time_Start, seconds, elapsed time from 00:00:00 UTC
47
1,1,1,1,1,1,1,1,1,1,1,1,1,1,1,1,1,1,1,1,1,1,1,1,1,1,1,1,1,1,1,1,1,1,1,1,1,1,1,1,1,1,1,1,1,1,1
-9.99e+002,-9.99e+002,-9.99e+002,-9.99e+002,-9.99e+002,-9.99e+002,-9.99e+002,-9.99e+002,-9.99e+002,-9.99e+002,-9.99e+002,-9.99e+002,-9.99e+002,-9.99e+002,-9.99e+002,-9.99e+002,-9.99e+002,-9.99e+002,-9.99e+002,-9.99e+002,-9.99e+002,-9.99e+002,-9.99e+002,-9.99e+002,-9.99e+002,-9.99e+002,-9.99e+002,-9.99e+002,-9.99e+002,-9.99e+002,-9.99e+002,-9.99e+002,-9.99e+002,-9.99e+002,-9.99e+002,-9.99e+002,-9.99e+002,-9.99e+002,-9.99e+002,-9.99e+002,-9.99e+002,-9.99e+002,-9.99e+002,-9.99e+002,-9.99e+002,-9.99e+002,-9.99e+002
conc, #/L, CldMicro_NumSizeDist_InSitu_Optical_Drop_AMB, particle number concentration
ext,  1/km, CldOpt_Extinction_InSitu_IR, extinction of the particles
twc,  g/m3, CldMicro_TWC_InSitu_Optical_Drop_AMB, total water content across instrument size range
sv, liter, none, sample volume
CNT, #, none, accepted or rejected event count in this second. negative means rejected particle numbers. 
cbin01, #/liter/um, CldMicro_NumSizeDist_InSitu_Optical_Drop_AMB, concentration of size ( 0.00 - 1.5 um)    
cbin02, #/liter/um, CldMicro_NumSizeDist_InSitu_Optical_Drop_AMB, concentration of size ( 1.5  - 3.0 um)    
cbin03, #/liter/um, CldMicro_NumSizeDist_InSitu_Optical_Drop_AMB, concentration of size ( 3.0  - 4.5 um)    
cbin04, #/liter/um, CldMicro_NumSizeDist_InSitu_Optical_Drop_AMB, concentration of size ( 4.5  - 6.0 um)    
cbin05, #/liter/um, CldMicro_NumSizeDist_InSitu_Optical_Drop_AMB, concentration of size ( 6.0  - 8.0 um)    
cbin06, #/liter/um, CldMicro_NumSizeDist_InSitu_Optical_Drop_AMB, concentration of size ( 8.0  -10.0 um)    
cbin07, #/liter/um, CldMicro_NumSizeDist_InSitu_Optical_Drop_AMB, concentration of size ( 10.0 -12.0 um)    
cbin08, #/liter/um, CldMicro_NumSizeDist_InSitu_Optical_Drop_AMB, concentration of size ( 12.0 -14.0 um)    
cbin09, #/liter/um, CldMicro_NumSizeDist_InSitu_Optical_Drop_AMB, concentration of size ( 14.0 -16.0 um)   
cbin10, #/liter/um, CldMicro_NumSizeDist_InSitu_Optical_Drop_AMB, concentration of size ( 16.0 -18.0 um)    
cbin11, #/liter/um, CldMicro_NumSizeDist_InSitu_Optical_Drop_AMB, concentration of size ( 18.0 -21.0 um)    
cbin12, #/liter/um, CldMicro_NumSizeDist_InSitu_Optical_Drop_AMB, concentration of size ( 21.0 -24.0 um)    
cbin13, #/liter/um, CldMicro_NumSizeDist_InSitu_Optical_Drop_AMB, concentration of size ( 24.0 -27.0 um)    
cbin14, #/liter/um, CldMicro_NumSizeDist_InSitu_Optical_Drop_AMB, concentration of size ( 27.0 -30.0 um)    
cbin15, #/liter/um, CldMicro_NumSizeDist_InSitu_Optical_Drop_AMB, concentration of size ( 30.0 -33.0 um)    
cbin16, #/liter/um, CldMicro_NumSizeDist_InSitu_Optical_Drop_AMB, concentration of size ( 33.0 -36.0 um)    
cbin17, #/liter/um, CldMicro_NumSizeDist_InSitu_Optical_Drop_AMB, concentration of size ( 36.0 -39.0 um)    
cbin18, #/liter/um, CldMicro_NumSizeDist_InSitu_Optical_Drop_AMB, concentration of size ( 39.0 -42.0 um)    
cbin19, #/liter/um, CldMicro_NumSizeDist_InSitu_Optical_Drop_AMB, concentration of size ( 42.0 -46.0 um)    
cbin20, #/liter/um, CldMicro_NumSizeDist_InSitu_Optical_Drop_AMB, concentration of size ( 46.0 -50.0 um)    
[...]
INSTRUMENT_INFO: Hawkeye-FCDP SN02: Hawkeye- Fast Cloud Droplet Probe measuring size 1-50 microns in 20 bins with one overflow bin for particles >50um: concentration, extinction, liquid water content, see http://www.specinc.com/hawkeye-combination-cloud-particle_probe
DATA_INFO: Concentration (#/L), Extinction (1/km), LWC (g/m^3), Sample Volume (L), Total Counts, Concentration 21 Bins (#/L/um), Particle Counts 21 Bins
UNCERTAINTY: variables are not calculated
ULOD_FLAG: -7777
ULOD_VALUE: n/a
LLOD_FLAG: -8888
LLOD_VALUE: n/a
DM_CONTACT_INFO: Sarah Woods, SPEC Inc, 3022 Sterling Circle, Suite 200, Boulder, CO 80301, 303-449-1105, swoods@specinc.com
PROJECT_INFO: CAMP2Ex Campaign, 2019-08-24--2019-10-07
STIPULATIONS_ON_USE: Please contact PI or DM for stipulations or assistance interpreting and analyzing data.
OTHER_COMMENTS: For R0, P3 Nav TAS is used to calculate the sample volume; Adaptive2 shattering removal is applied. Extinction coefficient is also calculated assuming particles are spheres. software version: SP3Cv40
REVISION: R1
R1: Final Data with Correction Applied to FCDP 1Hz Bin Concentrations: FCDP Conc (#/L/um)= FCDP Conc * [Bin Center /30 ^ 0.3] 
Time_Start,conc,ext,twc,sv,CNT,cbin01,cbin02,cbin03,cbin04,cbin05,cbin06,cbin07,cbin08,cbin09,cbin10,cbin11,cbin12,cbin13,cbin14,cbin15,cbin16,cbin17,cbin18,cbin19,cbin20,cbin21,nbin01,nbin02,nbin03,nbin04,nbin05,nbin06,nbin07,nbin08,nbin09,nbin10,nbin11,nbin12,nbin13,nbin14,nbin15,nbin16,nbin17,nbin18,nbin19,nbin20,nbin21
[from data line 27746]
109463,53971.6531,35.2,0.2421,0.02,1271,0,93.6595,127.3642,181.1492,213.9374,1951.9752,2581.9483,3388.3473,2068.4088,3285.7543,3535.7124,2865.4344,905.4598,300.9137,458.37,424.42,203.72,84.88,12.73,0,0,0,6,7,9,13,110,137,171,100,153,237,184,56,18,27,25,12,5,1,0,0
109464,7995.736,5.19,0.04,0.02,175,0,68.8976,40.154,155.463,54.4779,450.3502,603.0654,524.7408,205.4105,331.7497,181.0788,240.5658,142.7287,147.5716,206.06,93.66,18.73,18.73,0,0,1.12,0,4,2,7,3,23,29,24,9,14,11,14,8,8,11,5,1,1,0,0,1
109465,22452.6014,12.61,0.0786,0.02,581,0,43.6989,33.9538,150.2522,92.1343,1043.1635,1705.799,1608.5765,1215.9256,1302.5254,932.6799,988.1223,316.83,249.5896,142.57,47.52,31.68,0,11.88,0,0,0,3,2,8,6,63,97,87,63,65,67,68,21,16,9,3,2,0,1,0,0
109466,10369.1578,3.91,0.0191,0.02,279,0,105.6405,35.181,155.6704,111.3663,1063.6507,1293.6311,996.1416,339.9439,456.7652,173.0733,165.612,46.8969,32.3287,16.41,16.41,16.41,0,0,0,0,0,7,2,8,7,62,71,52,17,22,12,11,3,2,1,1,1,0,0,0,0
109467,486.5304,0.35,0.0033,0.02,12,0,13.7694,0,35.5149,0,15.6581,0,0,0,37.8909,13.1639,13.7414,0,0,14.98,29.95,0,0,0,0,0.9,0,1,0,2,0,1,0,0,0,2,1,1,0,0,1,2,0,0,0,0,1
109468,282.6882,0.31,0.0028,0.02,7,0,0,0,17.7545,0,0,0,0,0,0,13.1552,13.7322,28.5248,0,14.97,14.97,0,0,0,0,0,0,0,0,1,0,0,0,0,0,0,1,1,2,0,1,1,0,0,0,0,0
109469,402.581,0.06,0.0003,0.01,5,0,0,30.9046,34.187,27.9563,0,0,0,0,0,25.3437,0,0,0,0,0,0,0,0,0,1.73,0,0,1,1,1,0,0,0,0,0,1,0,0,0,0,0,0,0,0,0,1
109470,782.1389,0.47,0.0049,0.02,18,0,0,17.0466,56.5654,15.4193,16.6267,17.6584,37.1241,0,20.1219,27.9536,29.1798,0,0,0,0,0,15.9,11.93,0,1.91,0,0,1,3,1,1,1,2,0,1,2,2,0,0,0,0,0,1,1,0,2
109471,357.8016,0.15,0.0009,0.01,5,0,0,0,0,62.0712,0,71.0851,0,0,0,0,0,30.4963,0,0,0,0,0,0,0,0,0,0,0,0,2,0,2,0,0,0,0,0,1,0,0,0,0,0,0,0,0
109472,116.701,0.1,0.0012,0.02,4,0,27.3411,0,0,0,15.5397,0,0,0,0,0,0,0,0,0,0,14.87,0,0,0,0,0,2,0,0,0,1,0,0,0,0,0,0,0,0,0,0,1,0,0,0,0
109473,144.7097,0.02,0,0.02,5,0,30.049,0,0,31.6786,0,18.1395,0,0,0,0,0,0,0,0,0,0,0,0,0,0,0,2,0,0,2,0,1,0,0,0,0,0,0,0,0,0,0,0,0,0,0
109474,126.9131,0.11,0.0009,0.02,3,0,0,0,0,0,0,0,0,0,0,27.11,0,0,15.1944,0,0,0,0,0,0,0,0,0,0,0,0,0,0,0,0,0,2,0,0,1,0,0,0,0,0,0,0
109475,753.9933,0.38,0.0032,0.02,16,0,35.8372,41.7724,23.1016,0,40.7376,21.6327,22.7445,0,49.3012,17.1272,35.7478,0,0,0,0,0,19.49,0,0,1.17,0,2,2,1,0,2,1,1,0,2,1,2,0,0,0,0,0,1,0,0,1
109476,855.4462,0.58,0.0054,0.02,18,0,0,0,0,0,94.0323,59.9173,21.0015,21.9227,0,47.4271,16.5025,0,0,17.99,0,17.99,17.99,0,0,1.08,0,0,0,0,0,5,3,1,1,0,3,1,0,0,1,0,1,1,0,0,1
109477,2158.2024,0.65,0.005,0.02,58,0,149.7394,116.3571,42.9072,157.8568,283.6997,180.7805,0,22.0445,22.888,31.8026,16.5942,17.2292,0,0,0,0,0,0,13.57,1.09,0,9,6,2,9,15,9,0,1,1,2,1,1,0,0,0,0,0,0,1,1
109478,1065.0624,0.46,0.0044,0.02,27,0,101.3741,59.0815,21.7856,71.2478,57.6221,40.8009,21.445,0,0,64.5894,16.8602,0,0,0,0,0,0,0,13.78,1.1,0,6,3,1,4,3,2,1,0,0,4,1,0,0,0,0,0,0,0,1,1
109479,772.3176,0.52,0.0048,0.01,8,0,0,0,0,0,102.5965,0,0,0,0,28.7533,30.0145,0,32.2204,0,0,32.72,0,0,0,1.96,0,0,0,0,0,3,0,0,0,0,1,1,0,1,0,0,1,0,0,0,1
109480,189.171,0.03,0.0001,0.02,5,0,37.6027,0,0,19.8201,0,22.6984,23.8649,0,0,0,0,0,0,0,0,0,0,0,0,0,0,2,0,0,1,0,1,1,0,0,0,0,0,0,0,0,0,0,0,0,0
109481,618.929,0.31,0.0026,0.01,9,0,30.826,71.8624,39.7475,32.4993,35.0444,0,0,0,84.8138,0,0,0,0,0,33.52,0,0,0,0,0,0,1,2,1,1,1,0,0,0,2,0,0,0,0,0,1,0,0,0,0,0
109482,4885.2663,2.48,0.0143,0.02,134,0,56.4155,32.8767,54.5558,29.7399,256.5227,391.6306,232.7357,149.5032,446.2657,323.4919,168.841,29.2201,0,0,15.34,0,15.34,0,0,0,0,4,2,3,2,16,23,13,8,23,24,12,2,0,0,1,0,1,0,0,0
109483,25283.0999,15.13,0.0911,0.02,610,0,91.3424,17.7432,39.2614,112.3422,657.6268,1599.0492,1236.7674,988.4381,1591.746,1716.8218,1792.1303,441.52,146.7346,99.34,0,0,0,0,0,0.99,0,6,1,2,7,38,87,64,49,76,118,118,28,9,6,0,0,0,0,0,1
109484,3903.2256,2.15,0.0125,0.02,108,0,97.2823,0,71.676,43.9507,221.1787,151.0069,105.8477,92.0769,267.6734,252.3557,332.7468,28.7915,14.8793,0,0,0,0,0,0,0,0,7,0,4,3,14,9,6,5,14,19,24,2,1,0,0,0,0,0,0,0
109485,250.6571,0.12,0.0011,0.02,6,0,27.5434,0,0,0,0,0,0,18.2513,18.9497,0,0,0,0,0,14.98,0,0,0,0,0.9,0,2,0,0,0,0,0,0,1,1,0,0,0,0,0,1,0,0,0,0,1
109486,313.7725,0.15,0.0009,0.02,7,0,18.2289,0,0,0,41.4484,0,23.1413,24.1564,0,17.426,0,18.8864,0,0,0,0,0,0,0,0,0,1,0,0,0,2,0,1,1,0,1,0,1,0,0,0,0,0,0,0,0
109487,1597.5144,1.16,0.0116,0,7,0,0,0,89.1281,0,0,0,87.7408,0,95.0941,0,68.9546,71.5929,0,0,0,0,75.17,0,0,4.51,0,0,0,1,0,0,0,1,0,1,0,1,1,0,0,0,0,1,0,0,1
109488,143.8354,0.08,0.0005,0.02,3,0,0,0,0,19.3096,0,0,0,0,25.1987,0,18.2729,0,0,0,0,0,0,0,0,0,0,0,0,0,1,0,0,0,0,1,0,1,0,0,0,0,0,0,0,0,0
109489,421.0693,0.37,0.0036,0.01,8,0,41.9381,0,0,0,23.8391,0,26.6195,0,28.8504,0,20.9148,0,0,22.8,0,22.8,0,0,0,0,0,2,0,0,0,1,0,1,0,1,0,1,0,0,1,0,1,0,0,0,0
109490,91,0,0,0.02,1,0,0,0,0,0,0,0,0,0,0,0,0,0,0,0,0,0,0,0,0,0.91,0,0,0,0,0,0,0,0,0,0,0,0,0,0,0,0,0,0,0,0,1
109491,83.7039,0.1,0.0011,0.02,2,0,0,0,0,0,0,0,18.3169,0,0,0,0,0,0,0,15.69,0,0,0,0,0,0,0,0,0,0,0,0,1,0,0,0,0,0,0,0,1,0,0,0,0,0
109492,636.7063,0.5,0.0044,0.01,6,0,0,0,0,0,0,0,0,0,0,0,87.1082,30.1439,0,0,31.65,0,0,0,0,1.9,0,0,0,0,0,0,0,0,0,0,0,3,1,0,0,1,0,0,0,0,1
109493,511.2352,0.66,0.0074,0.01,8,0,0,0,28.5613,0,0,0,0,29.3467,0,0,88.3833,0,0,0,24.09,0,0,0,18.07,0,0,0,0,1,0,0,0,0,1,0,0,4,0,0,0,1,0,0,0,1,0
109494,44.0942,0.01,0,0.02,1,0,0,0,0,0,0,22.0471,0,0,0,0,0,0,0,0,0,0,0,0,0,0,0,0,0,0,0,0,1,0,0,0,0,0,0,0,0,0,0,0,0,0,0
109495,684.0376,0.13,0.0009,0.02,12,0,52.5398,0,22.5799,18.463,0,42.2884,0,0,0,0,17.4748,18.1435,0,0,0,0,0,0,0,3.43,0,3,0,1,1,0,2,0,0,0,0,1,1,0,0,0,0,0,0,0,3
109496,262.6753,0.16,0.0013,0.02,5,0,0,0,0,0,16.5431,0,0,0,0,0,29.033,0,0,15.83,0,0,0,0,0,0.95,0,0,0,0,0,1,0,0,0,0,0,2,0,0,1,0,0,0,0,0,1
109497,6098.3664,2.14,0.0097,0.02,162,0,30.3754,53.1117,58.7528,80.0625,621.5651,1008.5356,327.752,181.1242,229.85,203.215,60.607,15.7339,0,0,0,16.52,0,0,0,0.99,0,2,3,3,5,36,55,17,9,11,14,4,1,0,0,0,1,0,0,0,1
109498,25264.7482,12.78,0.0692,0.02,637,0,90.354,52.6616,155.3385,142.8834,1266.802,1927.2028,1777.7476,997.6977,1595.2458,1424.8161,1502.3322,109.1847,32.2597,16.38,0,16.38,0,0,0,0.98,0,6,3,8,9,74,106,93,50,77,99,100,7,2,1,0,1,0,0,0,1
109499,32437.7658,18.95,0.1127,0.02,784,0,45.2069,140.5149,77.7167,142.9739,1250.4819,1728.3124,1358.0686,698.8376,1637.7328,2822.6453,2736.0013,218.5123,64.549,16.39,16.39,16.39,0,12.29,0,6.88,0,3,8,4,9,73,95,71,35,79,196,182,14,4,1,1,1,0,1,0,7
109500,17187.7836,8.61,0.0469,0.02,414,0,159.178,18.5524,82.0975,50.342,959.0543,1402.9268,1272.9656,717.1376,941.6639,912.7758,857.5334,197.8544,51.1469,17.31,0,0,0,0,0,0,0,10,1,4,3,53,73,63,34,43,60,54,12,3,1,0,0,0,0,0,0
109501,420.4668,0.21,0.0016,0.01,6,0,21.9483,0,28.3005,0,0,0,0,0,0,0,21.8963,45.4682,0,0,0,0,0,0,0,1.43,0,1,0,1,0,0,0,0,0,0,0,1,2,0,0,0,0,0,0,0,1
109502,176.48,0.23,0.0024,0.02,3,0,0,0,0,0,0,0,0,25.919,0,0,0,20.2674,0,0,0,21.28,0,0,0,0,0,0,0,0,0,0,0,0,1,0,0,0,1,0,0,0,1,0,0,0,0
109503,818.559,0.8,0.0069,0.02,17,0,0,0,0,0,18.5918,0,20.7602,0,22.5001,78.1576,48.9571,33.8869,35.0367,17.79,0,0,17.79,0,0,0,0,0,0,0,0,1,0,1,0,1,5,3,2,2,1,0,0,1,0,0,0
109504,2204.6434,1.19,0.0119,0.01,19,0,124.1315,96.4596,0,87.2422,47.0371,49.9557,157.5693,0,0,39.5445,0,42.8586,44.3128,45,0,0,0,33.75,0,5.4,0,3,2,0,2,1,1,3,0,0,1,0,1,1,1,0,0,0,1,0,2
109505,327.2245,0.44,0.0051,0.02,7,0,0,19.4902,0,0,0,20.1895,0,0,23.0061,15.976,0,0,0,0,36.37,0,0,13.64,0,0,0,0,1,0,0,0,1,0,0,1,1,0,0,0,0,2,0,0,1,0,0
109506,696.0871,0.6,0.0059,0.01,10,0,0,0,0,0,48.7304,0,27.2031,0,29.4829,0,0,22.2008,22.9541,46.62,0,23.31,0,0,0,1.4,0,0,0,0,0,2,0,1,0,1,0,0,1,1,2,0,1,0,0,0,1
109507,1021.5503,0.71,0.0059,0.01,9,0,0,0,0,36.771,0,0,44.275,46.2172,0,33.3404,0,108.3942,0,0,37.94,0,0,0,0,2.28,0,0,0,0,1,0,0,1,1,0,1,0,3,0,0,1,0,0,0,0,1
109508,343.6046,0.47,0.0057,0.01,5,0,0,0,0,0,0,28.5525,0,0,32.5357,0,23.5933,24.4961,0,0,0,0,0,0,19.29,0,0,0,0,0,0,0,1,0,0,1,0,1,1,0,0,0,0,0,0,1,0
109509,918.7447,0.23,0.0013,0.01,10,0,28.564,0,36.8309,30.1147,0,34.4879,36.2604,0,78.5901,0,0,29.582,0,0,0,0,0,0,0,3.73,0,1,0,1,1,0,1,1,0,2,0,0,1,0,0,0,0,0,0,0,2
109510,554.8602,0.13,0.0008,0.02,9,0,18.7623,0,0,39.5563,21.3304,0,23.8183,0,0,0,37.4356,0,0,0,0,0,0,0,0,2.45,0,1,0,0,2,1,0,1,0,0,0,2,0,0,0,0,0,0,0,0,2
109511,8581.3774,2.42,0.0081,0.02,247,0,115.4101,33.6323,130.2095,152.0858,770.7806,1602.3722,878.9878,267.6209,277.8608,27.5757,28.7853,0,0,0,0,0,0,0,0,0.94,0,8,2,7,10,47,92,48,14,14,2,2,0,0,0,0,0,0,0,0,1
109512,446.4828,0.28,0.0023,0.02,9,0,19.7277,0,0,0,67.2734,23.8159,0,26.1383,0,0,39.362,0,0,0,21.45,0,0,0,0,0,0,1,0,0,0,3,1,0,1,0,0,2,0,0,0,1,0,0,0,0,0
109513,137.93,0.12,0.0016,0.02,2,0,0,0,0,0,0,0,0,0,0,0,0,0,0,0,0,0,15.31,0,0,0.92,0,0,0,0,0,0,0,0,0,0,0,0,0,0,0,0,0,1,0,0,1
109514,424.6437,0.41,0.004,0.02,10,0,0,0,0,0,34.3963,18.2653,0,20.0464,0,0,45.2787,31.3439,0,0,0,0,0,12.34,0,0,0,0,0,0,0,2,1,0,1,0,0,3,2,0,0,0,0,0,1,0,0
109515,334.5143,0.28,0.0029,0.02,9,0,0,16.5267,0,0,16.118,34.2363,0,0,39.0125,13.5506,0,14.6862,0,0,0,0,0,11.57,0,0,0,0,1,0,0,1,2,0,0,2,1,0,1,0,0,0,0,0,1,0,0
109516,650.7021,0.24,0.0012,0.02,15,0,57.3304,22.2715,24.637,20.1433,43.4483,0,24.254,75.9618,26.2866,18.2608,0,19.7912,0,0,0,0,0,0,0,0,0,3,1,1,1,2,0,1,3,1,1,0,1,0,0,0,0,0,0,0,0
109517,215.9539,0.08,0.0006,0.02,7,0,14.082,16.4142,18.1576,14.8506,0,34.0069,0,0,0,0,0,0,15.0861,0,0,0,0,0,0,0,0,1,1,1,1,0,2,0,0,0,0,0,0,1,0,0,0,0,0,0,0
109518,156.9527,0.09,0.0006,0.02,3,0,0,0,0,0,0,23.5051,24.7131,0,0,0,0,20.1721,0,0,0,0,0,0,0,0,0,0,0,0,0,0,1,1,0,0,0,0,1,0,0,0,0,0,0,0,0
109519,633.0403,0.47,0.0041,0.01,5,0,0,0,63.6376,52.0287,0,59.5842,0,0,0,0,0,51.116,0,53.67,0,0,0,0,0,0,0,0,0,1,1,0,1,0,0,0,0,0,1,0,1,0,0,0,0,0,0
109520,8987.8912,4.18,0.021,0.01,110,0,31.6673,73.8238,40.8324,166.917,683.9606,458.7785,562.752,209.7967,740.6137,756.6013,284.3217,0,0,0,0,0,0,0,0,0,0,1,2,1,5,19,12,14,5,17,25,9,0,0,0,0,0,0,0,0,0
109521,11599.7782,9.1,0.0652,0.02,260,0,62.7692,36.5796,20.2324,0,249.7354,303.1239,258.9506,166.3412,410.1796,704.8594,1299.3488,471.3591,252.081,119.46,17.07,17.07,0,0,0,0,0,4,2,1,0,14,16,13,8,19,47,83,29,15,7,1,1,0,0,0,0
109522,23350.8001,21.4,0.1614,0.02,518,0,15.0245,0,19.3728,15.8393,17.0797,0,152.5893,99.5497,516.8104,1120.1298,3582.7562,1556.4251,514.9546,375.86,49.03,0,0,0,0,0.98,0,1,0,1,1,1,0,8,5,25,78,239,100,32,23,3,0,0,0,0,1
109523,15872.8044,16.5,0.1424,0.02,357,0,74.364,0,19.1772,0,101.4398,71.8252,188.7953,177.3634,184.1499,611.2092,1572.782,1371.0759,414.1281,274.98,226.45,242.63,16.18,24.26,0,0,0,5,0,1,0,6,4,10,9,9,43,106,89,26,17,14,15,1,2,0,0
109524,17474.4522,25.11,0.2637,0.02,382,0,132.5357,0,0,15.5227,0,35.5611,74.7696,0,20.2568,225.1842,1145.9096,777.9221,725.4603,976.94,864.83,576.55,288.28,36.03,24.02,0,0,9,0,0,1,0,2,4,0,1,16,78,51,46,61,54,36,18,3,2,0
109525,35385.3478,46.96,0.4626,0.02,711,0,63.1876,55.2392,0,33.3071,71.8308,0,0,0,21.7327,166.0695,2442.6899,2078.005,1776.3344,2851.85,1700.8,360.78,154.62,12.88,0,3.09,0,4,3,0,2,4,0,0,0,1,11,155,127,105,166,99,21,9,1,0,3
109526,22622.9037,28.78,0.2902,0.02,474,0,93.9216,0,0,33.0034,53.3853,132.2901,198.7007,165.935,602.9904,1122.0192,936.9912,778.2745,1005.8523,1004.42,783.11,680.97,238.34,51.07,38.3,1.02,0,6,0,0,2,3,7,10,8,28,75,60,48,60,59,46,40,14,4,3,1
109527,26068.9948,27.45,0.2457,0.02,557,0,78.7684,18.3648,0,0,53.7268,228.2347,259.9621,292.2403,801.907,2062.6607,2388.8894,636.3934,303.6808,633.92,908.05,411.19,205.6,0,0,0,0,5,1,0,0,3,12,13,14,37,137,152,39,18,37,53,24,12,0,0,0
109528,54663.8153,51.3,0.3985,0.02,1124,0,65.0679,0,0,0,55.4759,19.6418,20.6513,21.5572,223.8033,4353.142,10126.8797,893.0403,801.3928,919.97,442.29,265.38,141.53,13.27,0,0,0,4,0,0,0,3,1,1,1,10,280,624,53,46,52,25,15,8,1,0,0
109529,35521.3926,31.25,0.2215,0.02,753,0,31.5156,18.3648,0,16.6148,35.8248,0,60.0086,20.883,151.7491,1265.021,7875.9085,2399.3208,33.7467,0,17.14,0,0,0,0,1.03,0,2,1,0,1,2,0,3,1,7,84,501,147,2,0,1,0,0,0,0,1
109530,57877.3348,43.62,0.278,0.02,1228,0,81.2096,0,0,0,18.4664,39.2171,41.2326,86.0906,3955.0812,7838.9492,7939.7536,555.1811,69.581,52.99,17.66,0,0,0,13.25,0,0,5,0,0,0,1,2,2,4,177,505,490,33,4,3,1,0,0,0,1,0
109531,59689.1251,39.15,0.2242,0.02,1308,0,48.2596,0,0,0,18.2852,19.4198,1143.5175,1001.8321,7236.9055,10023.9256,3482.5213,33.325,0,17.5,0,0,0,0,0,1.05,0,3,0,0,0,1,1,56,47,327,652,217,2,0,1,0,0,0,0,0,1
109532,51862.0504,36.19,0.2181,0.02,1136,0,47.8642,37.1905,0,0,36.2708,19.2644,546.8006,401.6669,4367.8666,9072.3082,4456.5903,82.6314,0,17.35,0,17.35,0,0,13.01,0,0,3,2,0,0,2,1,27,19,199,595,280,5,0,1,0,1,0,0,1,0
109533,40623.4224,28.96,0.177,0.02,903,0,0,0,0,0,17.7486,18.85,654.0099,434.4413,2813.7923,5908.8242,4906.3772,32.344,16.7207,0,0,16.98,0,0,0,1.02,0,0,0,0,0,1,1,33,21,131,396,315,2,1,0,0,1,0,0,0,1
109534,31683.7012,23.45,0.1461,0.02,718,0,30.4766,0,0,0,51.9638,0,212.7614,100.9549,1656.0668,4499.8083,4666.7929,31.563,0,0,0,0,0,0,0,0,0,2,0,0,0,3,0,11,5,79,309,307,2,0,0,0,0,0,0,0,0
109535,27808.8809,17.07,0.0945,0.02,667,0,29.8881,0,0,0,50.9603,144.3313,1251.9019,1504.8194,3227.5813,3584.5631,1550.3904,0,0,0,0,0,0,0,0,0,0,2,0,0,0,3,8,66,76,157,251,104,0,0,0,0,0,0,0,0,0
109536,16814.2107,8.77,0.0439,0.02,424,0,0,34.2164,0,0,83.4194,602.4734,1248.2369,1536.3673,2241.2883,1514.8986,248.9134,0,0,0,15.96,0,0,0,0,0,0,0,2,0,0,5,34,67,79,111,108,17,0,0,0,1,0,0,0,0,0
109537,936.2888,0.27,0.0012,0.02,27,0,30.0122,0,38.6983,31.6399,170.5738,54.3444,114.2825,0,0,0,14.9706,15.5434,0,0,0,0,0,0,0,0,0,2,0,2,2,10,3,6,0,0,0,1,1,0,0,0,0,0,0,0,0
109538,820.9683,0.62,0.0055,0.02,17,0,16.6428,19.3991,21.4595,0,37.8387,0,0,22.0527,45.7929,15.9057,49.8102,0,0,36.2,36.2,0,0,0,0,1.09,0,1,1,1,0,2,0,0,1,2,1,3,0,0,2,2,0,0,0,0,1
109539,1593.6976,1.83,0.0207,0.02,34,0,15.3693,35.8347,0,16.2077,52.4237,37.1152,0,0,21.1508,14.693,92.0067,63.6879,16.4647,16.72,16.72,50.15,50.15,12.54,12.54,2.01,0,1,2,0,1,3,2,0,0,1,1,6,4,1,1,1,3,3,1,1,2
109540,6713.415,6.59,0.0819,0.02,128,0,44.7149,0,76.8749,15.7101,84.7155,197.9431,132.436,59.2457,61.5126,42.7345,312.2631,77.1931,47.8874,64.84,81.05,32.42,97.26,72.94,158.05,22.37,0,3,0,4,1,5,11,7,3,3,3,21,5,3,4,5,2,6,6,13,23
109541,5976.7374,11.48,0.1479,0.02,124,0,44.4115,0,0,0,67.3153,35.7461,37.5832,19.6159,40.7329,84.8889,29.5375,15.3339,15.8541,112.7,177.09,482.98,515.18,144.89,36.22,4.83,0,3,0,0,0,4,2,2,1,2,6,2,1,1,7,11,30,32,12,3,5
109542,17834.2355,31.94,0.4002,0.02,380,0,120.2927,52.5812,77.5507,126.8179,307.6781,308.6153,38.1746,0,41.3738,143.7049,225.0173,358.2219,128.8224,572.35,768.59,915.77,1144.71,453.8,110.38,7.85,0,8,3,4,8,18,17,2,0,2,10,15,23,8,35,47,56,70,37,9,8
109543,18513.1055,29.33,0.3294,0.02,378,0,61.0313,0,0,0,69.3779,36.8414,58.1022,121.3018,104.9526,160.3927,395.7479,537.3233,555.555,1294.26,1227.89,1128.33,165.93,112,49.78,5.97,0,4,0,0,0,4,2,3,6,5,11,26,34,34,78,74,68,10,9,4,6
109544,9564.9074,14.18,0.1541,0.02,213,0,57.1557,16.6554,18.4244,0,64.9739,34.5027,0,75.7344,39.3161,95.5923,270.8372,325.6017,520.2721,699.27,435.1,341.87,170.93,34.96,23.31,1.86,0,4,1,1,0,4,2,0,4,2,7,19,22,34,45,28,22,11,3,2,2
109545,1330.4285,1.2,0.0113,0.02,31,0,0,17.9201,0,0,34.9538,74.2453,19.5153,40.7426,21.1508,132.2369,61.35,63.6974,0,0,0,16.72,0,12.54,12.54,0,0,0,1,0,0,2,4,1,2,1,9,4,4,0,0,0,1,0,1,1,0
109546,2128.6209,1.4,0.011,0.02,46,0,32.4995,37.8818,0,0,92.3599,39.2393,123.76,21.5328,111.7752,108.7123,97.2721,50.497,17.4002,17.67,35.35,0,17.67,0,0,2.12,0,2,2,0,0,5,2,6,1,5,7,6,3,1,1,2,0,1,0,0,2
109547,13728.3896,12.64,0.1009,0.02,315,0,29.318,17.0894,0,46.3612,116.6519,265.4832,297.7321,116.5501,161.3462,420.3057,1477.0969,895.8785,627.9819,302.92,95.66,0,0,0,0,1.91,0,2,1,0,3,7,15,16,6,8,30,101,59,40,19,6,0,0,0,0,2
109548,23479.9864,23.22,0.1861,0.02,494,0,31.3869,18.2952,0,0,71.3639,151.5767,99.6072,20.7937,129.5441,449.9553,3616.6602,2015.6981,789.9404,392.56,102.41,51.2,34.14,0,0,1.02,0,2,1,0,0,4,8,5,1,6,30,231,124,47,23,6,3,2,0,0,1
