NASA Data Processing/CAMP2Ex/FCDP/CAMP2Ex-HawkFCDP_P3B_20190830_R1.ict
79, 1001
Lawson, Paul
SPEC Inc
Hawkeye-FCDP on P3-B
CAMP2Ex 2019
1, 1
2019,08,30, 2021,01,13
1
Time_Start, seconds, elapsed time from 00:00:00 UTC
47
1,1,1,1,1,1,1,1,1,1,1,1,1,1,1,1,1,1,1,1,1,1,1,1,1,1,1,1,1,1,1,1,1,1,1,1,1,1,1,1,1,1,1,1,1,1,1
-9.99e+002,-9.99e+002,-9.99e+002,-9.99e+002,-9.99e+002,-9.99e+002,-9.99e+002,-9.99e+002,-9.99e+002,-9.99e+002,-9.99e+002,-9.99e+002,-9.99e+002,-9.99e+002,-9.99e+002,-9.99e+002,-9.99e+002,-9.99e+002,-9.99e+002,-9.99e+002,-9.99e+002,-9.99e+002,-9.99e+002,-9.99e+002,-9.99e+002,-9.99e+002,-9.99e+002,-9.99e+002,-9.99e+002,-9.99e+002,-9.99e+002,-9.99e+002,-9.99e+002,-9.99e+002,-9.99e+002,-9.99e+002,-9.99e+002,-9.99e+002,-9.99e+002,-9.99e+002,-9.99e+002,-9.99e+002,-9.99e+002,-9.99e+002,-9.99e+002,-9.99e+002,-9.99e+002
conc, #/L, CldMicro_NumSizeDist_InSitu_Optical_Drop_AMB, particle number concentration
ext,  1/km, CldOpt_Extinction_InSitu_IR, extinction of the particles
twc,  g/m3, CldMicro_TWC_InSitu_Optical_Drop_AMB, total water content across instrument size range
sv, liter, none, sample volume
CNT, #, none, accepted or rejected event count in this second. negative means rejected particle numbers. 
cbin01, #/liter/um, CldMicro_NumSizeDist_InSitu_Optical_Drop_AMB, concentration of size ( 0.00 - 1.5 um)    
cbin02, #/liter/um, CldMicro_NumSizeDist_InSitu_Optical_Drop_AMB, concentration of size ( 1.5  - 3.0 um)    
cbin03, #/liter/um, CldMicro_NumSizeDist_InSitu_Optical_Drop_AMB, concentration of size ( 3.0  - 4.5 um)    
cbin04, #/liter/um, CldMicro_NumSizeDist_InSitu_Optical_Drop_AMB, concentration of size ( 4.5  - 6.0 um)    
cbin05, #/liter/um, CldMicro_NumSizeDist_InSitu_Optical_Drop_AMB, concentration of size ( 6.0  - 8.0 um)    
cbin06, #/liter/um, CldMicro_NumSizeDist_InSitu_Optical_Drop_AMB, concentration of size ( 8.0  -10.0 um)    
cbin07, #/liter/um, CldMicro_NumSizeDist_InSitu_Optical_Drop_AMB, concentration of size ( 10.0 -12.0 um)    
cbin08, #/liter/um, CldMicro_NumSizeDist_InSitu_Optical_Drop_AMB, concentration of size ( 12.0 -14.0 um)    
cbin09, #/liter/um, CldMicro_NumSizeDist_InSitu_Optical_Drop_AMB, concentration of size ( 14.0 -16.0 um)   
cbin10, #/liter/um, CldMicro_NumSizeDist_InSitu_Optical_Drop_AMB, concentration of size ( 16.0 -18.0 um)    
cbin11, #/liter/um, CldMicro_NumSizeDist_InSitu_Optical_Drop_AMB, concentration of size ( 18.0 -21.0 um)    
cbin12, #/liter/um, CldMicro_NumSizeDist_InSitu_Optical_Drop_AMB, concentration of size ( 21.0 -24.0 um)    
cbin13, #/liter/um, CldMicro_NumSizeDist_InSitu_Optical_Drop_AMB, concentration of size ( 24.0 -27.0 um)    
cbin14, #/liter/um, CldMicro_NumSizeDist_InSitu_Optical_Drop_AMB, concentration of size ( 27.0 -30.0 um)    
cbin15, #/liter/um, CldMicro_NumSizeDist_InSitu_Optical_Drop_AMB, concentration of size ( 30.0 -33.0 um)    
cbin16, #/liter/um, CldMicro_NumSizeDist_InSitu_Optical_Drop_AMB, concentration of size ( 33.0 -36.0 um)    
cbin17, #/liter/um, CldMicro_NumSizeDist_InSitu_Optical_Drop_AMB, concentration of size ( 36.0 -39.0 um)    
cbin18, #/liter/um, CldMicro_NumSizeDist_InSitu_Optical_Drop_AMB, concentration of size ( 39.0 -42.0 um)    
cbin19, #/liter/um, CldMicro_NumSizeDist_InSitu_Optical_Drop_AMB, concentration of size ( 42.0 -46.0 um)    
cbin20, #/liter/um, CldMicro_NumSizeDist_InSitu_Optical_Drop_AMB, concentration of size ( 46.0 -50.0 um)    
[...]
INSTRUMENT_INFO: Hawkeye-FCDP SN02: Hawkeye- Fast Cloud Droplet Probe measuring size 1-50 microns in 20 bins with one overflow bin for particles >50um: concentration, extinction, liquid water content, see http://www.specinc.com/hawkeye-combination-cloud-particle_probe
DATA_INFO: Concentration (#/L), Extinction (1/km), LWC (g/m^3), Sample Volume (L), Total Counts, Concentration 21 Bins (#/L/um), Particle Counts 21 Bins
UNCERTAINTY: variables are not calculated
ULOD_FLAG: -7777
ULOD_VALUE: n/a
LLOD_FLAG: -8888
LLOD_VALUE: n/a
DM_CONTACT_INFO: Sarah Woods, SPEC Inc, 3022 Sterling Circle, Suite 200, Boulder, CO 80301, 303-449-1105, swoods@specinc.com
PROJECT_INFO: CAMP2Ex Campaign, 2019-08-24--2019-10-07
STIPULATIONS_ON_USE: Please contact PI or DM for stipulations or assistance interpreting and analyzing data.
OTHER_COMMENTS: For R0, P3 Nav TAS is used to calculate the sample volume; Adaptive2 shattering removal is applied. Extinction coefficient is also calculated assuming particles are spheres. software version: SP3Cv40
REVISION: R1
R1: Final Data with Correction Applied to FCDP 1Hz Bin Concentrations: FCDP Conc (#/L/um)= FCDP Conc * [Bin Center /30 ^ 0.3] 
Time_Start,conc,ext,twc,sv,CNT,cbin01,cbin02,cbin03,cbin04,cbin05,cbin06,cbin07,cbin08,cbin09,cbin10,cbin11,cbin12,cbin13,cbin14,cbin15,cbin16,cbin17,cbin18,cbin19,cbin20,cbin21,nbin01,nbin02,nbin03,nbin04,nbin05,nbin06,nbin07,nbin08,nbin09,nbin10,nbin11,nbin12,nbin13,nbin14,nbin15,nbin16,nbin17,nbin18,nbin19,nbin20,nbin21
[from data line 2754]
84471,6757.0132,5.26,0.0528,0.02,101,0,0,0,0,0,0,69.2053,121.2778,101.2798,315.4566,438.2765,171.5654,158.3388,81.8507,41.56,62.34,41.56,62.34,46.76,46.76,19.95,0,0,0,0,0,0,3,5,4,12,24,9,8,4,2,3,2,3,3,3,16
84472,3986.1479,3.77,0.04,0.02,78,0,32.8857,19.1687,42.4033,17.3321,74.7715,119.1166,83.4923,65.362,45.2447,110.0041,262.4713,85.1648,52.8308,53.65,71.53,17.88,35.77,40.24,40.24,6.44,0,2,1,2,1,4,6,4,3,2,7,16,5,3,3,4,1,2,3,3,6
84473,5317.2573,4.62,0.0506,0.02,87,0,53.6064,0,23.0423,0,60.9391,129.4408,158.7754,0,73.7493,85.3898,231.7504,185.0921,153.0959,58.3,58.3,0,19.43,29.15,87.45,15.16,0,3,0,1,0,3,6,7,0,3,5,13,10,8,3,3,0,1,2,6,13
84474,2665.1596,2.32,0.0271,0.01,38,0,66.9161,51.9971,86.2827,0,76.0676,53.856,28.3158,29.5579,122.7469,0,22.2541,23.1056,23.8895,48.52,72.77,48.52,24.26,36.39,18.19,7.28,0,3,2,3,0,3,2,1,1,4,0,1,1,1,2,3,2,1,2,1,5
84475,4309.4479,4.48,0.0498,0.01,56,0,22.6931,52.9027,0,0,25.7972,54.7959,86.418,60.1392,93.6604,65.0639,135.836,23.5056,145.8188,98.72,148.08,49.36,98.72,37.02,18.51,10.37,0,1,2,0,0,1,2,3,2,3,3,6,1,6,4,6,2,4,2,1,7
84476,4495.2803,8.03,0.1094,0.02,69,0,38.0532,22.175,24.5302,20.0593,0,45.9445,0,0,26.177,18.1817,37.9585,98.5367,101.8801,62.08,41.38,124.15,206.92,139.67,170.71,8.69,0,2,1,1,1,0,2,0,0,1,1,2,5,5,3,2,6,10,9,11,7
84477,4746.9931,6.83,0.0941,0.02,82,0,43.2483,0,0,0,0,17.4068,0,0,0,0,14.3835,29.8677,30.8811,15.68,94.07,156.79,235.19,129.35,105.83,19.76,0,3,0,0,0,0,1,0,0,0,0,1,2,2,1,6,10,15,11,9,21
84478,8106.8787,9.6,0.1387,0.02,136,0,68.2448,15.9105,0,0,0,16.4817,0,0,0,13.0409,27.2351,56.5448,43.85,44.53,44.53,148.44,103.91,222.66,289.45,44.53,0,5,1,0,0,0,1,0,0,0,1,2,4,3,3,3,10,7,20,26,50
84479,9177.4639,9.8,0.1416,0.02,141,0,42.4714,0,0,0,0,0,0,0,19.481,13.533,28.2441,73.3263,15.1648,61.59,30.79,30.79,215.56,277.15,254.05,55.43,0,3,0,0,0,0,0,0,0,1,1,2,5,1,4,2,2,14,24,22,60
84480,10000.805,17.73,0.2597,0.02,182,0,69.0217,0,0,0,0,0,0,0,0,0,27.547,14.2957,29.5714,45.04,15.01,60.05,450.39,653.07,371.57,38.73,0,5,0,0,0,0,0,0,0,0,0,2,1,2,3,1,4,30,58,33,43
84481,8371.1634,6.56,0.0929,0.02,130,0,95.5307,15.9051,0,0,15.5118,0,0,0,0,13.0409,13.613,56.5448,43.85,103.9,148.42,14.84,14.84,100.19,233.77,56.1,0,7,1,0,0,1,0,0,0,0,1,1,4,3,7,10,1,1,9,21,63
84482,8918.8259,5.34,0.0677,0.02,143,0,53.5513,0,0,0,15.2191,0,33.9883,0,18.4184,102.3588,200.3415,138.6714,57.3507,58.24,43.68,43.68,43.68,43.68,152.88,58.53,0,4,0,0,0,1,0,2,0,1,8,15,10,4,4,3,3,3,4,14,67
84483,10367.4999,6.63,0.0886,0.02,165,0,65.661,30.6152,0,0,0,0,33.3347,17.3984,18.0642,25.0976,157.2094,95.2128,28.1239,85.69,28.56,99.97,142.82,85.69,160.67,71.12,0,5,2,0,0,0,0,2,1,1,2,12,7,2,6,2,7,10,8,15,83
84484,9393.9409,8.14,0.107,0.02,156,0,80.4832,31.269,0,0,0,0,0,0,18.4521,38.4549,66.9089,55.5733,57.459,29.18,189.64,160.47,277.17,186,54.71,56.02,0,6,2,0,0,0,0,0,0,1,3,5,4,4,2,13,11,19,17,5,64
84485,9025.1668,9.23,0.1199,0.02,153,0,110.169,16.0498,0,0,0,0,0,0,0,0,27.4736,28.5248,88.4878,59.91,269.58,374.42,239.63,146.03,56.16,47.63,0,8,1,0,0,0,0,0,0,0,0,2,2,6,4,18,25,16,13,5,53
84486,9789.5778,9.37,0.1127,0.02,167,0,55.0822,16.0498,0,0,0,0,0,0,0,0,27.4736,42.792,162.2244,374.4,404.36,329.47,149.76,56.16,33.7,48.52,0,4,1,0,0,0,0,0,0,0,0,2,3,11,25,27,22,10,5,3,54
84487,5646.0267,5.01,0.0633,0.02,102,0,50.5675,14.7369,0,0,0,0,0,0,0,0,37.8392,39.2871,94.7704,123.74,123.74,151.24,82.5,61.87,51.56,31.35,0,4,1,0,0,0,0,0,0,0,0,3,3,7,9,9,11,6,6,5,38
84488,6994.5928,9.33,0.1259,0.02,138,0,102.2016,14.8923,0,0,0,0,0,0,0,12.2061,12.7415,52.9352,13.6779,125.04,263.98,277.88,152.83,114.62,177.15,29.18,0,8,1,0,0,0,0,0,0,0,1,1,4,1,9,19,20,11,11,17,35
84489,5030.9002,9.68,0.1281,0.02,114,0,63.6979,0,0,0,0,0,0,0,0,0,25.4188,13.2005,40.9352,69.28,249.4,415.66,263.25,114.31,103.92,8.31,0,5,0,0,0,0,0,0,0,0,0,2,1,3,5,18,30,19,11,10,10
84490,3477.4225,7.68,0.0981,0.02,85,0,12.6338,0,0,0,0,0,0,0,0,0,12.6039,0,0,123.64,343.44,274.75,274.75,61.82,30.91,0,0,1,0,0,0,0,0,0,0,0,0,1,0,0,9,25,20,20,6,3,0
84491,5701.6175,11.91,0.1483,0.02,136,0,78.989,0,0,0,0,0,0,0,0,0,0,0,14.1013,143.17,787.45,544.06,186.13,128.86,10.74,0,0,6,0,0,0,0,0,0,0,0,0,0,0,1,10,55,38,13,12,1,0
84492,5060.5622,9.48,0.1241,0.02,111,0,52.9444,0,0,0,0,0,0,0,0,0,52.819,68.5452,70.871,158.34,215.92,215.92,259.1,194.33,75.57,7.77,0,4,0,0,0,0,0,0,0,0,0,4,5,5,11,15,15,18,18,7,9
84493,4588.703,9.07,0.1164,0.02,108,0,12.5327,0,0,0,0,0,0,0,0,0,0,25.9628,134.2285,190.83,313.51,286.25,177.2,112.45,81.79,4.09,0,1,0,0,0,0,0,0,0,0,0,0,2,10,14,23,21,13,11,8,5
84494,6615.1849,12.11,0.147,0.02,149,0,13.0568,0,0,0,0,0,0,0,0,0,0,13.5243,97.8723,283.98,695.75,681.55,127.79,53.25,21.3,5.96,0,1,0,0,0,0,0,0,0,0,0,0,1,7,20,49,48,9,5,2,7
84495,3428.9292,5.17,0.0733,0.02,69,0,77.2604,0,0,0,0,0,0,0,0,0,12.8424,13.3338,0,56.02,154.04,112.03,0,52.51,178.55,13.44,0,6,0,0,0,0,0,0,0,0,0,1,1,0,4,11,8,0,5,17,16
84496,3014.528,3.92,0.0533,0.02,60,0,24.9642,14.5493,0,0,0,0,0,0,17.1702,0,0,64.6403,26.7354,67.87,40.72,27.15,108.59,81.44,71.26,13.03,0,2,1,0,0,0,0,0,0,1,0,0,5,2,5,3,2,8,8,7,16
84497,3347.5487,6,0.0831,0.02,70,0,0,0,0,0,0,0,0,0,0,24.4122,50.966,26.4581,0,83.33,55.56,152.78,69.45,125,135.42,9.17,0,0,0,0,0,0,0,0,0,0,2,4,2,0,6,4,11,5,12,13,11
84498,3559.8022,2.55,0.0301,0.02,62,0,39.7589,0,0,0,0,0,0,0,0,12.663,118.9941,27.4581,85.1594,115.31,28.83,0,43.24,10.81,43.24,19.89,0,3,0,0,0,0,0,0,0,0,1,9,2,6,8,2,0,3,1,4,23
84499,5991.9841,4.21,0.0589,0.02,90,0,54.2179,0,0,0,0,0,0,0,0,0,40.5637,28.0772,14.5149,29.48,58.97,58.97,103.19,44.22,121.62,42.46,0,4,0,0,0,0,0,0,0,0,0,3,2,1,2,4,4,7,4,11,48
84500,6979.5654,8.35,0.1201,0.02,122,0,65.3989,15.246,0,0,0,0,0,0,0,25.0009,0,0,42.0184,42.67,56.9,113.8,142.25,245.38,192.04,38.41,0,5,1,0,0,0,0,0,0,0,2,0,0,3,3,4,8,10,23,18,45
84501,5835.8154,9.79,0.1235,0.02,129,0,13.0844,0,0,0,0,0,49.8308,0,0,87.5428,143.6056,81.3266,56.0607,142.32,298.88,241.95,199.25,202.81,53.37,9.39,0,1,0,0,0,0,0,3,0,0,7,11,6,4,10,21,17,14,19,5,11
84502,6577.7208,10.63,0.132,0.02,146,0,52.2824,0,0,0,14.8567,15.7786,33.1868,34.6426,17.9798,0,91.282,94.7747,139.9793,255.88,326.95,341.17,170.58,170.58,53.31,11.09,0,4,0,0,0,1,1,2,2,1,0,7,7,10,18,23,24,12,16,5,13
84503,7773.457,13.71,0.1836,0.02,166,0,38.6601,0,0,0,0,0,32.7199,0,0,12.3203,77.137,80.0885,138.0099,112.12,168.19,308.34,462.51,283.81,147.16,18.5,0,3,0,0,0,0,0,2,0,0,1,6,6,10,8,12,22,33,27,14,22
84504,5625.7076,9.56,0.1227,0.02,126,0,12.7901,0,0,0,14.5362,0,48.7025,16.9436,17.5919,24.4473,76.5499,132.4617,82.1757,125.17,208.62,264.25,166.89,229.48,62.59,10.01,0,1,0,0,0,1,0,3,1,1,2,6,10,6,9,15,19,12,22,6,12
84505,6237.4145,9.35,0.1169,0.02,139,0,25.6493,0,0,0,0,0,16.2783,33.9846,35.285,61.2765,217.4953,225.8173,96.1392,139.47,167.36,167.36,139.47,167.36,115.06,12.55,0,2,0,0,0,0,0,1,2,2,5,17,17,7,10,12,12,10,16,11,15
84506,6375.1919,10.7,0.1439,0.02,137,0,64.0381,0,0,0,0,0,16.2549,0,17.6172,12.2412,114.9946,119.3946,68.5864,55.72,83.58,208.94,334.3,261.17,125.36,16.72,0,5,0,0,0,0,0,1,0,1,1,9,9,5,4,6,15,24,25,12,20
84507,4155.3874,6.91,0.0864,0.02,97,0,37.5889,0,0,0,0,45.382,0,0,0,11.9776,74.9997,64.888,80.5115,68.13,258.9,245.27,163.51,61.32,51.1,6.54,0,3,0,0,0,0,3,0,0,0,1,6,5,6,5,19,18,12,6,5,8
84508,6833.9868,11.9,0.1487,0.02,155,0,38.7934,0,0,0,14.7034,15.6158,16.4183,0,17.7943,37.0752,77.403,133.9475,110.792,126.57,351.6,520.36,323.47,105.48,63.29,9.28,0,3,0,0,0,1,1,1,0,1,3,6,10,8,9,25,37,23,10,6,11
84509,8186.9082,13.01,0.1508,0.02,193,0,26.7664,0,0,0,0,32.3121,16.9864,53.2025,18.4099,255.8004,347.1302,332.6877,229.3239,174.66,407.53,261.99,247.43,163.74,54.58,2.62,0,2,0,0,0,0,2,1,3,1,20,26,24,16,12,28,18,17,15,5,3
84510,6942.7951,7.86,0.0815,0.02,173,0,38.3566,0,0,0,101.7464,77.1834,113.6133,50.8226,193.494,195.517,420.9374,238.3892,136.9267,236.39,111.24,180.77,69.53,73,20.86,6.67,0,3,0,0,0,7,5,7,3,11,16,33,18,10,17,8,13,5,7,2,8
84511,5363.2691,6.23,0.064,0.02,139,0,12.6752,0,16.3436,13.3642,72.0538,76.5248,112.6329,100.7762,156.9524,145.3745,303.5119,118.166,217.2117,193.01,96.5,124.07,41.36,51.7,20.68,2.48,0,1,0,1,1,5,5,7,6,9,12,24,9,16,14,7,9,3,5,2,3
84512,4271.5093,10.19,0.1382,0.02,100,0,0,0,0,0,14.9264,0,16.6673,0,18.0642,12.5488,26.1985,81.5933,28.1239,14.28,71.39,228.44,428.33,310.54,42.83,0.86,0,0,0,0,0,1,0,1,0,1,1,2,6,2,1,5,16,30,29,4,1
84513,3533.4037,7.96,0.1076,0.02,86,0,0,0,0,0,14.5362,46.3219,32.471,16.9436,0,12.2237,51.0302,26.4962,41.0928,41.73,97.36,194.72,264.26,156.47,104.31,0.83,0,0,0,0,0,1,3,2,1,0,1,4,2,3,3,7,14,19,15,10,1
84514,3046.332,4.92,0.0584,0.02,75,0,12.5879,0,0,0,0,0,0,16.6755,17.3136,24.0607,113.0224,221.6457,121.3286,68.45,68.45,95.83,68.45,61.6,51.34,1.64,0,1,0,0,0,0,0,0,1,1,2,9,17,9,5,5,7,5,6,5,2
84515,2654.7056,4.47,0.0529,0.02,63,0,13.5993,0,0,0,0,0,17.2665,36.0396,18.7135,103.9758,81.4025,98.6034,72.8208,14.79,133.11,133.11,103.53,33.28,33.28,0,0,1,0,0,0,0,0,1,2,1,8,6,7,5,1,9,9,7,3,3,0
84516,3918.3876,3.84,0.0536,0.02,68,0,39.6118,0,0,0,0,31.8828,0,0,18.1654,37.8573,52.6906,13.6767,0,14.36,0,43.08,71.8,140,64.62,22.4,0,3,0,0,0,0,2,0,0,1,3,4,1,0,1,0,3,5,13,6,26
84517,4179.3643,4.26,0.0608,0.02,77,0,51.8594,0,0,0,58.9531,78.264,16.4572,17.1791,0,0,0,26.8581,13.8847,14.1,56.4,0,70.5,116.33,116.33,22.84,0,4,0,0,0,4,5,1,1,0,0,0,2,1,1,4,0,5,11,11,27
84518,2287.6833,2.25,0.0223,0.02,66,0,12.4591,0,32.13,13.1316,113.3001,150.4074,47.442,0,85.6993,35.7219,124.287,77.4217,53.3724,54.2,54.2,13.55,27.1,0,20.32,0,0,1,0,2,1,8,10,3,0,5,3,10,6,4,4,4,1,2,0,2,0
84519,3527.0233,6.79,0.0851,0.02,91,0,24.8677,0,16.0354,13.1057,0,0,0,16.4725,17.1028,47.5325,161.2639,77.2789,26.6369,81.14,162.28,202.85,162.28,91.28,60.85,0,0,2,0,1,1,0,0,0,1,1,4,13,6,2,6,12,15,12,9,6,0
84520,2308.7407,3.24,0.0381,0.02,54,0,40.4209,0,0,0,15.3167,48.8012,68.4123,0,18.5364,12.8739,67.2117,41.8681,57.715,43.96,87.92,117.23,87.92,21.98,10.99,2.64,0,3,0,0,0,1,3,4,0,1,1,5,3,4,3,6,8,6,2,1,3
84521,2437.032,4.01,0.0492,0.02,61,0,12.5695,0,0,13.2544,0,45.53,31.9107,33.3105,17.2967,36.0383,37.6191,65.0975,67.3063,27.34,123.04,82.02,95.69,71.77,20.51,1.64,0,1,0,0,1,0,3,2,2,1,3,3,5,5,2,9,6,7,7,2,2
84522,3635.3502,6.76,0.0915,0.02,81,0,52.8249,0,0,0,0,15.9414,0,0,18.1654,25.247,65.8724,82.079,99.0047,28.73,28.73,100.54,143.63,183.13,107.72,6.03,0,4,0,0,0,0,1,0,0,1,2,5,6,7,2,2,7,10,17,10,7
84523,4046.8882,6.92,0.0937,0.02,88,0,65.6794,0,0,0,0,31.72,16.6751,0,0,50.2216,65.5238,68.0309,0,14.29,71.43,157.15,185.72,182.15,85.72,9.43,0,5,0,0,0,0,2,1,0,0,4,5,5,0,1,5,11,13,17,8,11
84524,3427.7178,5.33,0.0645,0.02,83,0,12.974,0,0,13.6809,44.2566,15.6676,49.4184,0,17.8533,86.8134,142.4039,94.089,55.588,98.79,141.12,42.34,127.01,74.09,52.92,2.54,0,1,0,0,1,3,1,3,0,1,7,11,7,4,7,10,3,9,7,5,3
84525,3588.266,5.62,0.069,0.02,93,0,0,0,32.4916,13.2867,100.2691,91.2746,31.9885,0,69.3387,72.2523,113.1324,65.2594,67.4737,27.41,95.92,191.85,95.92,102.78,41.11,1.64,0,0,0,2,1,7,6,2,0,4,6,9,5,5,2,7,14,7,10,4,2
84526,3512.6332,5.31,0.0623,0.02,92,0,25.0976,0,0,0,28.5288,45.4486,95.5765,33.2536,86.3234,107.939,137.7073,51.9923,53.7564,95.53,81.89,163.77,122.83,61.41,30.71,0.82,0,2,0,0,0,2,3,6,2,5,9,11,4,4,7,6,12,9,6,3,1
84527,1127.5384,1.68,0.0196,0.02,30,0,0,0,0,0,0,45.0268,15.7803,32.945,34.2055,11.8809,37.2063,25.7533,39.9406,40.56,40.56,40.56,0,20.28,20.28,0,0,0,0,0,0,0,3,1,2,2,1,3,2,3,3,3,3,0,2,2,0
84528,224.32,0.26,0.0025,0.02,6,0,0,0,0,0,0,0,15.7569,0,17.0775,0,12.3837,0,0,27,13.5,0,0,0,0,0,0,0,0,0,0,0,0,1,0,1,0,1,0,0,2,1,0,0,0,0,0
84529,1889.5885,3.09,0.0373,0.02,48,0,13.089,0,0,13.7972,14.8776,79.0114,16.6129,0,18.0051,37.5234,26.116,81.3457,56.0705,56.94,42.7,71.17,71.17,32.03,32.03,0,0,1,0,0,1,1,5,1,0,1,3,2,6,4,4,3,5,5,3,3,0
84530,589.1513,0.55,0.005,0.02,17,0,0,14.4743,0,13.0928,14.1181,14.9941,31.5294,16.4562,17.0859,0,24.7767,25.7247,26.5976,13.51,13.51,13.51,0,0,0,0,0,0,1,0,1,1,1,2,1,1,0,2,2,2,1,1,1,0,0,0,0
84531,338.5657,0.51,0.0058,0.02,9,0,0,0,0,0,0,0,15.7647,32.9125,0,0,0,12.8671,0,13.51,27.01,13.51,0,10.13,0,0,0,0,0,0,0,0,0,1,2,0,0,0,1,0,1,2,1,0,1,0,0
84532,1311.0707,1.88,0.0206,0.02,35,0,0,14.5065,0,26.2373,0,30.0474,15.7958,0,0,23.7882,49.6542,51.5542,26.6566,54.13,94.73,27.07,40.6,10.15,0,0,0,0,1,0,2,0,2,1,0,0,2,4,4,2,4,7,2,3,1,0,0
84533,1728.1909,2.88,0.0327,0.02,43,0,0,0,0,0,0,15.305,0,0,0,36.3458,37.9401,78.7932,54.3078,96.51,96.51,68.94,68.94,20.68,0,0,0,0,0,0,0,0,1,0,0,0,3,3,6,4,7,7,5,5,2,0,0
84534,1134.3393,2.12,0.0262,0.02,29,0,0,0,0,0,14.146,0,0,32.9693,0,11.8897,12.4113,38.6585,26.6468,27.06,94.72,40.59,27.06,30.45,20.3,0,0,0,0,0,0,1,0,0,2,0,1,1,3,2,2,7,3,2,3,2,0
84535,193.5739,0.29,0.0031,0.02,5,0,0,0,0,0,0,0,15.7569,0,0,0,0,0,0,27.01,27.01,0,0,0,0,0,0,0,0,0,0,0,0,1,0,0,0,0,0,0,2,2,0,0,0,0,0
84536,4121.0476,7.62,0.0907,0.02,99,0,0,0,0,0,14.5014,0,0,0,17.5497,0,12.7323,92.508,109.3149,291.4,305.28,333.03,97.13,41.63,20.81,0.83,0,0,0,0,0,1,0,0,0,1,0,1,7,8,21,22,24,7,4,2,1
84537,3117.4367,4.69,0.0512,0.02,78,0,26.0079,0,16.7645,27.4199,0,31.4018,33.0156,0,17.8871,0,38.9217,215.5122,181.0426,84.85,240.42,99,56.57,10.61,10.61,0,0,2,0,1,2,0,2,2,0,1,0,3,16,13,6,17,7,4,1,1,0
84538,1595.961,1.86,0.0183,0.02,43,0,0,0,0,0,14.146,90.1497,15.7958,32.9774,0,35.678,62.0747,90.2317,106.6167,40.6,27.07,27.07,40.6,0,0,0,0,0,0,0,0,1,6,1,2,0,3,5,7,8,3,2,2,3,0,0,0
84539,7397.2068,11.45,0.1218,0.02,176,0,0,0,0,0,0,0,0,0,0,0,104.5005,461.1207,518.8344,612.32,455.68,227.84,42.72,21.36,10.68,0,0,0,0,0,0,0,0,0,0,0,0,8,34,37,43,32,16,3,2,1,0
84540,5405.9804,7.32,0.0724,0.02,135,0,12.7212,0,0,0,0,15.3568,16.146,0,17.4991,48.631,203.0476,355.7551,422.3112,359.69,318.19,41.5,0,10.38,0,0,0,1,0,0,0,0,1,1,0,1,4,16,27,31,26,23,3,0,1,0,0
84541,5717.4583,7.25,0.0685,0.02,143,0,12.7534,0,0,0,0,0,0,0,0,109.6878,267.1679,462.3112,491.6559,318.98,208.03,41.61,0,0,0,0,0,1,0,0,0,0,0,0,0,0,9,21,35,36,23,15,3,0,0,0,0
84542,4715.8327,8.04,0.0911,0.02,116,0,0,0,0,0,0,0,0,0,0,12.0918,50.4707,248.9229,325.0888,206.33,357.64,178.82,68.78,92.85,0,0,0,0,0,0,0,0,0,0,0,0,1,4,19,24,15,26,13,5,9,0,0
84543,4163.8451,6.62,0.0724,0.02,105,0,12.4591,0,0,0,0,0,0,16.5131,0,23.8146,49.7185,271.0284,240.1953,284.57,230.37,162.61,67.75,20.33,10.16,0,0,1,0,0,0,0,0,0,1,0,2,4,21,18,21,17,12,5,2,1,0
84544,2799.5445,2.98,0.0255,0.02,74,0,0,0,0,0,0,30.0992,79.1115,0,0,71.4702,236.2636,296.9436,120.137,54.22,67.78,13.56,0,0,0,0,0,0,0,0,0,0,2,5,0,0,6,19,23,9,4,5,1,0,0,0,0
84545,2511.7987,2.43,0.0219,0.02,70,0,0,0,0,0,56.6466,120.323,63.2534,33.0181,68.5544,166.6846,149.137,77.4217,40.0293,67.74,27.1,27.1,54.19,0,0,0,0,0,0,0,0,4,8,4,2,4,14,12,6,3,5,2,2,4,0,0,0
84546,2024.0596,2.91,0.0324,0.02,51,0,0,0,0,0,0,30.5359,48.1579,16.7568,34.7959,24.1749,113.5452,52.3923,81.2599,13.75,68.77,96.27,82.52,20.63,0,0.83,0,0,0,0,0,0,2,3,1,2,2,9,4,6,1,5,7,6,2,0,1
84547,2124.2362,3.77,0.0449,0.02,53,0,0,0,0,0,0,0,0,16.7649,17.4064,36.2667,63.1021,104.8227,27.0998,82.55,123.82,110.06,41.27,51.59,20.64,0,0,0,0,0,0,0,0,0,1,1,3,5,8,2,6,9,8,3,5,2,0
84548,3421.2656,4.7,0.0502,0.02,91,0,0,43.5837,16.0709,0,14.1669,45.1452,31.6384,0,85.7331,71.4702,186.5084,180.7396,106.7841,94.88,81.33,135.55,81.33,40.66,0,0,0,0,3,1,0,1,3,2,0,5,6,15,14,8,7,6,10,6,4,0,0
84549,331.6018,0.37,0.0036,0.02,9,0,0,0,0,0,0,14.9867,15.7569,16.4481,0,0,0,38.5728,0,27,0,13.5,0,0,0,0,0,0,0,0,0,0,1,1,1,0,0,0,3,0,2,0,1,0,0,0,0
84550,210.1172,0.19,0.0016,0.02,6,0,0,0,16.0057,0,0,0,0,0,17.0775,0,37.1512,0,0,0,13.5,0,0,0,0,0,0,0,0,1,0,0,0,0,0,1,0,3,0,0,0,1,0,0,0,0,0
84551,35.5901,0.02,0.0001,0.02,1,0,0,0,0,0,0,0,0,0,0,11.8634,0,0,0,0,0,0,0,0,0,0,0,0,0,0,0,0,0,0,0,0,1,0,0,0,0,0,0,0,0,0,0
84552,162.4509,0.08,0.0004,0.02,5,0,0,0,0,0,14.1111,14.9867,15.7569,0,0,11.8634,12.3837,0,0,0,0,0,0,0,0,0,0,0,0,0,0,1,1,1,0,0,1,1,0,0,0,0,0,0,0,0,0
84553,304.3231,0.23,0.0018,0.02,9,0,0,0,16.0057,0,0,29.9808,15.7569,0,17.0775,0,24.7675,0,13.2939,13.5,0,0,0,0,0,0,0,0,0,1,0,0,2,1,0,1,0,2,0,1,1,0,0,0,0,0,0
84554,550.2319,0.29,0.0017,0.02,17,0,0,0,0,26.1791,28.2292,44.9675,31.5216,32.9043,0,23.7267,24.7675,25.7152,0,0,0,0,0,0,0,0,0,0,0,0,2,2,3,2,2,0,2,2,2,0,0,0,0,0,0,0,0
