NASA Data Processing/CAMP2Ex/FCDP/CAMP2Ex-HawkFCDP_P3B_20190829_R1.ict
79, 1001
Lawson, Paul
SPEC Inc
Hawkeye-FCDP on P3-B
CAMP2Ex 2019
1, 1
2019,08,29, 2021,01,13
1
Time_Start, seconds, elapsed time from 00:00:00 UTC
47
1,1,1,1,1,1,1,1,1,1,1,1,1,1,1,1,1,1,1,1,1,1,1,1,1,1,1,1,1,1,1,1,1,1,1,1,1,1,1,1,1,1,1,1,1,1,1
-9.99e+002,-9.99e+002,-9.99e+002,-9.99e+002,-9.99e+002,-9.99e+002,-9.99e+002,-9.99e+002,-9.99e+002,-9.99e+002,-9.99e+002,-9.99e+002,-9.99e+002,-9.99e+002,-9.99e+002,-9.99e+002,-9.99e+002,-9.99e+002,-9.99e+002,-9.99e+002,-9.99e+002,-9.99e+002,-9.99e+002,-9.99e+002,-9.99e+002,-9.99e+002,-9.99e+002,-9.99e+002,-9.99e+002,-9.99e+002,-9.99e+002,-9.99e+002,-9.99e+002,-9.99e+002,-9.99e+002,-9.99e+002,-9.99e+002,-9.99e+002,-9.99e+002,-9.99e+002,-9.99e+002,-9.99e+002,-9.99e+002,-9.99e+002,-9.99e+002,-9.99e+002,-9.99e+002
conc, #/L, CldMicro_NumSizeDist_InSitu_Optical_Drop_AMB, particle number concentration
ext,  1/km, CldOpt_Extinction_InSitu_IR, extinction of the particles
twc,  g/m3, CldMicro_TWC_InSitu_Optical_Drop_AMB, total water content across instrument size range
sv, liter, none, sample volume
CNT, #, none, accepted or rejected event count in this second. negative means rejected particle numbers. 
cbin01, #/liter/um, CldMicro_NumSizeDist_InSitu_Optical_Drop_AMB, concentration of size ( 0.00 - 1.5 um)    
cbin02, #/liter/um, CldMicro_NumSizeDist_InSitu_Optical_Drop_AMB, concentration of size ( 1.5  - 3.0 um)    
cbin03, #/liter/um, CldMicro_NumSizeDist_InSitu_Optical_Drop_AMB, concentration of size ( 3.0  - 4.5 um)    
cbin04, #/liter/um, CldMicro_NumSizeDist_InSitu_Optical_Drop_AMB, concentration of size ( 4.5  - 6.0 um)    
cbin05, #/liter/um, CldMicro_NumSizeDist_InSitu_Optical_Drop_AMB, concentration of size ( 6.0  - 8.0 um)    
cbin06, #/liter/um, CldMicro_NumSizeDist_InSitu_Optical_Drop_AMB, concentration of size ( 8.0  -10.0 um)    
cbin07, #/liter/um, CldMicro_NumSizeDist_InSitu_Optical_Drop_AMB, concentration of size ( 10.0 -12.0 um)    
cbin08, #/liter/um, CldMicro_NumSizeDist_InSitu_Optical_Drop_AMB, concentration of size ( 12.0 -14.0 um)    
cbin09, #/liter/um, CldMicro_NumSizeDist_InSitu_Optical_Drop_AMB, concentration of size ( 14.0 -16.0 um)   
cbin10, #/liter/um, CldMicro_NumSizeDist_InSitu_Optical_Drop_AMB, concentration of size ( 16.0 -18.0 um)    
cbin11, #/liter/um, CldMicro_NumSizeDist_InSitu_Optical_Drop_AMB, concentration of size ( 18.0 -21.0 um)    
cbin12, #/liter/um, CldMicro_NumSizeDist_InSitu_Optical_Drop_AMB, concentration of size ( 21.0 -24.0 um)    
cbin13, #/liter/um, CldMicro_NumSizeDist_InSitu_Optical_Drop_AMB, concentration of size ( 24.0 -27.0 um)    
cbin14, #/liter/um, CldMicro_NumSizeDist_InSitu_Optical_Drop_AMB, concentration of size ( 27.0 -30.0 um)    
cbin15, #/liter/um, CldMicro_NumSizeDist_InSitu_Optical_Drop_AMB, concentration of size ( 30.0 -33.0 um)    
cbin16, #/liter/um, CldMicro_NumSizeDist_InSitu_Optical_Drop_AMB, concentration of size ( 33.0 -36.0 um)    
cbin17, #/liter/um, CldMicro_NumSizeDist_InSitu_Optical_Drop_AMB, concentration of size ( 36.0 -39.0 um)    
cbin18, #/liter/um, CldMicro_NumSizeDist_InSitu_Optical_Drop_AMB, concentration of size ( 39.0 -42.0 um)    
cbin19, #/liter/um, CldMicro_NumSizeDist_InSitu_Optical_Drop_AMB, concentration of size ( 42.0 -46.0 um)    
cbin20, #/liter/um, CldMicro_NumSizeDist_InSitu_Optical_Drop_AMB, concentration of size ( 46.0 -50.0 um)    
[...]
INSTRUMENT_INFO: Hawkeye-FCDP SN02: Hawkeye- Fast Cloud Droplet Probe measuring size 1-50 microns in 20 bins with one overflow bin for particles >50um: concentration, extinction, liquid water content, see http://www.specinc.com/hawkeye-combination-cloud-particle_probe
DATA_INFO: Concentration (#/L), Extinction (1/km), LWC (g/m^3), Sample Volume (L), Total Counts, Concentration 21 Bins (#/L/um), Particle Counts 21 Bins
UNCERTAINTY: variables are not calculated
ULOD_FLAG: -7777
ULOD_VALUE: n/a
LLOD_FLAG: -8888
LLOD_VALUE: n/a
DM_CONTACT_INFO: Sarah Woods, SPEC Inc, 3022 Sterling Circle, Suite 200, Boulder, CO 80301, 303-449-1105, swoods@specinc.com
PROJECT_INFO: CAMP2Ex Campaign, 2019-08-24--2019-10-07
STIPULATIONS_ON_USE: Please contact PI or DM for stipulations or assistance interpreting and analyzing data.
OTHER_COMMENTS: For R0, P3 Nav TAS is used to calculate the sample volume; Adaptive2 shattering removal is applied. Extinction coefficient is also calculated assuming particles are spheres. software version: SP3Cv40
REVISION: R1
R1: Final Data with Correction Applied to FCDP 1Hz Bin Concentrations: FCDP Conc (#/L/um)= FCDP Conc * [Bin Center /30 ^ 0.3] 
Time_Start,conc,ext,twc,sv,CNT,cbin01,cbin02,cbin03,cbin04,cbin05,cbin06,cbin07,cbin08,cbin09,cbin10,cbin11,cbin12,cbin13,cbin14,cbin15,cbin16,cbin17,cbin18,cbin19,cbin20,cbin21,nbin01,nbin02,nbin03,nbin04,nbin05,nbin06,nbin07,nbin08,nbin09,nbin10,nbin11,nbin12,nbin13,nbin14,nbin15,nbin16,nbin17,nbin18,nbin19,nbin20,nbin21
[from data line 17690]
98020,915.4609,0.41,0.0026,0.01,16,0,21.015,24.4954,54.1882,44.3061,23.8879,0,0,0,28.9094,60.2483,62.8911,21.7627,0,0,0,0,0,0,0,1.37,0,1,1,2,2,1,0,0,0,1,3,3,1,0,0,0,0,0,0,0,1
98021,261.0824,0.02,0,0.02,7,0,29.0974,0,37.5186,0,33.0792,0,0,0,0,0,0,0,0,0,0,0,0,0,0,0.95,0,2,0,2,0,2,0,0,0,0,0,0,0,0,0,0,0,0,0,0,1
98022,18823.7618,3.2,0.0073,0.02,578,0,119.4605,974.7029,885.6913,1810.3605,4498.3734,1189.8712,246.4151,98.9323,61.6307,14.2712,0,0,0,0,0,0,0,0,0,0,0,8,56,46,115,265,66,13,5,3,1,0,0,0,0,0,0,0,0,0,0
98023,9435.6565,1.49,0.0045,0.02,232,0,267.8851,691.4171,592.1464,907.7587,2240.4761,254.1229,0,0,0,18.2872,0,0,20.4922,20.81,0,0,0,0,0,1.25,0,14,31,24,45,103,11,0,0,0,1,0,0,1,1,0,0,0,0,0,1
98024,647.7975,0.2,0.0008,0.01,9,0,30.8122,0,0,0,175.1242,0,39.1083,0,42.3858,29.4475,0,0,0,0,0,0,0,0,0,0,0,1,0,0,0,5,0,1,0,1,1,0,0,0,0,0,0,0,0,0,0
98025,827.0862,0.61,0.0065,0.01,7,0,50.7422,59.1458,0,53.4956,57.6849,0,64.4128,0,0,48.4992,0,0,0,0,0,0,55.19,0,0,0,0,1,1,0,1,1,0,1,0,0,1,0,0,0,0,0,0,1,0,0,0
98026,271.7686,0.13,0.0013,0.01,6,0,70.1665,27.2606,0,24.654,0,0,0,0,0,0,0,0,0,25.44,0,0,0,0,0,0,0,3,1,0,1,0,0,0,0,0,0,0,0,0,1,0,0,0,0,0,0
98027,246.1452,0.02,0,0.01,6,0,45.9884,53.6047,29.6521,0,26.1387,0,0,0,0,0,0,0,0,0,0,0,0,0,0,0,0,2,2,1,0,1,0,0,0,0,0,0,0,0,0,0,0,0,0,0,0
98028,178.0288,0.06,0.0004,0.01,4,0,22.2839,51.9489,0,0,0,0,0,0,0,0,22.2265,0,0,0,0,0,0,0,0,0,0,1,2,0,0,0,0,0,0,0,0,1,0,0,0,0,0,0,0,0,0
98029,355.7267,0.12,0.0006,0.02,11,0,14.2935,16.6607,18.4303,30.1406,32.5009,17.2588,18.1458,0,0,0,28.5193,0,0,0,0,0,0,0,0,0,0,1,1,1,2,2,1,1,0,0,0,2,0,0,0,0,0,0,0,0,0
98030,69.372,0.01,0,0.02,2,0,19.2266,0,0,20.266,0,0,0,0,0,0,0,0,0,0,0,0,0,0,0,0,0,1,0,0,1,0,0,0,0,0,0,0,0,0,0,0,0,0,0,0,0
98031,49.323,0,0,0.01,1,0,0,32.882,0,0,0,0,0,0,0,0,0,0,0,0,0,0,0,0,0,0,0,0,1,0,0,0,0,0,0,0,0,0,0,0,0,0,0,0,0,0,0
98032,193.2481,0.04,0.0001,0.02,6,0,0,16.7893,18.5726,0,32.7448,0,18.278,19.0798,0,0,0,0,0,0,0,0,0,0,0,0,0,0,1,1,0,2,0,1,1,0,0,0,0,0,0,0,0,0,0,0,0
98033,252.6738,0.2,0.0016,0.02,5,0,0,21.8588,0,0,0,22.6392,0,0,0,0,18.704,19.4197,20.0786,0,0,0,0,0,0,0,0,0,1,0,0,0,1,0,0,0,0,1,1,1,0,0,0,0,0,0,0
98034,216.5793,0.03,0.0001,0.02,6,0,35.474,0,0,18.6957,20.1597,42.8287,0,0,0,0,0,0,0,0,0,0,0,0,0,0,0,2,0,0,1,1,2,0,0,0,0,0,0,0,0,0,0,0,0,0,0
98035,33.6743,0,0,0.02,1,0,0,0,22.4495,0,0,0,0,0,0,0,0,0,0,0,0,0,0,0,0,0,0,0,0,1,0,0,0,0,0,0,0,0,0,0,0,0,0,0,0,0,0
98036,0,0,0,0.02,0,0,0,0,0,0,0,0,0,0,0,0,0,0,0,0,0,0,0,0,0,0,0,0,0,0,0,0,0,0,0,0,0,0,0,0,0,0,0,0,0,0,0
98037,33.4105,0,0,0.02,1,0,0,0,0,16.7053,0,0,0,0,0,0,0,0,0,0,0,0,0,0,0,0,0,0,0,0,1,0,0,0,0,0,0,0,0,0,0,0,0,0,0,0,0
98038,900.1084,0.67,0.0064,0.01,10,0,24.9872,0,0,0,0,0,0,0,34.3742,0,49.8561,51.7637,0,0,27.17,27.17,0,0,0,3.26,0,1,0,0,0,0,0,0,0,1,0,2,2,0,0,1,1,0,0,0,2
98039,290.6765,0.03,0,0.01,6,0,50.8847,0,32.8058,53.6443,28.926,0,0,0,0,0,0,0,0,0,0,0,0,0,0,0,0,2,0,1,2,1,0,0,0,0,0,0,0,0,0,0,0,0,0,0,0
98040,218.5655,0.02,0,0.01,5,0,0,25.4814,56.3698,23.0449,24.8495,0,0,0,0,0,0,0,0,0,0,0,0,0,0,0,0,0,1,2,1,1,0,0,0,0,0,0,0,0,0,0,0,0,0,0,0
98041,433.2744,0.29,0.002,0.01,7,0,0,0,0,0,78.2348,0,0,0,0,21.9253,45.774,0,24.569,0,0,0,0,0,0,0,0,0,0,0,0,3,0,0,0,0,1,2,0,1,0,0,0,0,0,0,0
98042,12179.9272,2.6,0.0079,0.01,107,0,516.4975,481.6282,466.1873,653.4056,2055.0107,1060.0825,458.9352,615.9472,71.0591,0,51.5256,0,0,0,0,0,0,0,0,0,0,10,8,7,12,35,17,7,9,1,0,1,0,0,0,0,0,0,0,0,0
98043,346.7426,0.04,0.0001,0.01,7,0,25.1619,29.3291,32.4442,79.5714,28.5985,0,0,0,0,0,0,0,0,0,0,0,0,0,0,0,0,1,1,1,3,1,0,0,0,0,0,0,0,0,0,0,0,0,0,0,0
98044,185.813,0.02,0,0.02,6,0,15.9164,18.5524,20.5229,33.5656,18.0971,0,0,0,0,0,0,0,0,0,0,0,0,0,0,0,0,1,1,1,2,1,0,0,0,0,0,0,0,0,0,0,0,0,0,0,0
98045,130.4261,0.09,0.001,0.02,4,0,0,16.7893,18.5726,15.1866,0,0,0,0,0,0,0,0,0,0,15.67,0,0,0,0,0,0,0,1,1,1,0,0,0,0,0,0,0,0,0,0,1,0,0,0,0,0
98046,368.4034,0.17,0.0013,0.02,11,0,14.5694,33.9645,18.786,0,49.6851,17.5918,0,0,0,13.9197,14.5303,0,0,15.84,0,0,0,0,0,0,0,1,2,1,0,3,1,0,0,0,1,1,0,0,1,0,0,0,0,0,0
98047,504.306,0.14,0.0007,0.01,10,0,23.5758,54.9659,30.399,74.5695,26.8007,0,0,0,0,22.5316,23.52,0,0,0,0,0,0,0,0,0,0,1,2,1,3,1,0,0,0,0,1,1,0,0,0,0,0,0,0,0,0
98048,302.7196,0.03,0,0.02,11,0,29.2307,51.1075,37.6905,46.2255,16.6128,0,0,0,0,0,0,0,0,0,0,0,0,0,0,0,0,2,3,2,3,1,0,0,0,0,0,0,0,0,0,0,0,0,0,0,0
98049,764.2183,0.14,0.0004,0.01,8,0,45.7678,53.3475,59.0137,96.4964,104.0529,0,0,0,62.9631,0,0,0,0,0,0,0,0,0,0,0,0,1,1,1,2,2,0,0,0,1,0,0,0,0,0,0,0,0,0,0,0
98050,35857.2345,7.57,0.0198,0.02,988,0,302.5407,575.3709,841.8,1812.9713,7475.8261,5728.8995,828.7135,569.6732,131.4416,60.8722,0,0,0,0,0,0,0,0,0,0,0,19,31,41,108,413,298,41,27,6,4,0,0,0,0,0,0,0,0,0,0
98051,249544.5444,52.15,0.1372,0.01,4570,0,1826.4577,5630.5083,5020.004,15404.0714,48656.3173,40011.4955,7168.9138,2738.5983,760.4404,252.6457,95.9053,49.7827,51.4718,0,0,0,0,0,0,0,0,76,201,162,608,1781,1379,235,86,23,11,4,2,2,0,0,0,0,0,0,0
98052,437239.8834,99.28,0.2626,0.01,3294,0,397.5106,1257.6511,1025.1189,18618.6571,80565.0727,99413.3582,12614.8051,3085.1052,1562.5161,271.3634,169.9601,58.8211,0,0,0,0,0,0,0,0,0,7,19,14,311,1248,1450,175,41,20,5,3,1,0,0,0,0,0,0,0,0
98053,479899.489,106.31,0.2747,0.01,3485,0,236.5625,137.8676,0,35475.6672,73616.8282,115241.5498,11786.1072,1724.0057,1139.0709,339.1252,118.0034,0,0,0,0,0,0,0,0,0,0,4,2,0,569,1095,1614,157,22,14,6,2,0,0,0,0,0,0,0,0,0
98054,493512.7216,101.63,0.2544,0.01,4652,0,138.8342,647.3137,656.3945,58740.8459,84647.1925,87497.2544,10926.518,2207.5721,700.3446,265.3702,323.1792,47.935,0,0,0,0,0,0,0,0,0,3,12,11,1204,1609,1566,186,36,11,6,7,1,0,0,0,0,0,0,0,0
98055,443372.6577,75.7,0.1619,0.01,4602,0,5104.0131,9864.6565,8943.6399,28283.7401,161171.2593,11323.666,1605.8765,867.0632,240.0627,83.3863,43.5174,0,46.7156,0,0,0,0,0,0,0,0,117,194,159,615,3250,215,29,15,4,2,1,0,1,0,0,0,0,0,0,0
98056,516641.704,88.66,0.189,0.01,4880,0,1665.6476,2718.1032,2699.981,76259.4107,150126.2613,21258.9332,3624.5612,1198.1291,327.3644,45.485,47.4802,49.2969,0,0,0,0,0,0,0,0,0,35,49,44,1520,2775,370,60,19,5,1,1,1,0,0,0,0,0,0,0,0
98057,573858.2523,99.27,0.2155,0,3468,0,446.0368,693.207,862.6905,120534.524,109184.5093,47299.1836,6416.7751,1379.0502,613.6333,0,0,0,0,0,0,0,0,0,0,0,0,6,8,9,1538,1292,527,68,14,6,0,0,0,0,0,0,0,0,0,0,0
98058,576045.0883,105.6,0.2422,0.01,4979,0,4139.6535,6272.8221,7339.3927,71954.1677,132353.9187,59974.9103,7422.3631,1988.4101,640.7042,197.8194,51.6265,0,0,0,0,0,0,0,0,0,0,80,104,110,1319,2250,960,113,29,9,4,1,0,0,0,0,0,0,0,0,0
98059,329660.7224,47.34,0.0946,0.01,4062,0,10657.8421,21560.0629,19269.1661,32282.6012,85819.2863,6853.325,833.2966,255.8351,0,73.8077,0,40.0014,0,0,0,0,0,0,0,0,0,276,479,387,793,1955,147,17,5,0,2,0,1,0,0,0,0,0,0,0,0
98060,247084.401,26.78,0.0458,0.01,5086,0,16630.4081,25340.3151,25687.815,39233.9982,32337.1062,682.1287,374.1824,65.102,33.7923,23.4807,24.5107,0,0,0,0,0,0,0,0,0,0,677,885,811,1515,1158,23,12,2,1,1,1,0,0,0,0,0,0,0,0,0
98061,610176.83,76.15,0.1417,0.01,5071,0,27963.8936,54784.7723,55114.7437,78344.1771,111362.1509,9778.7392,1651.0074,470.0261,0,56.5048,0,0,0,0,0,0,0,0,0,0,0,473,795,723,1257,1657,137,22,6,0,1,0,0,0,0,0,0,0,0,0,0
98062,743169.739,128.48,0.2743,0,4079,0,4504.5359,6968.8854,9504.3736,73563.3024,253521.3798,22149.2551,3534.7272,2387.5022,450.7016,78.2718,0,84.8315,0,0,0,0,0,0,0,0,0,55,73,90,852,2723,224,34,22,4,1,0,1,0,0,0,0,0,0,0,0
98063,727217.4931,123.27,0.2562,0,3845,0,1189.9249,2773.9802,4054.948,102686.0543,231406.2973,17136.8834,4207.7,1801.9576,233.8642,81.2333,0,0,0,0,0,0,0,0,0,0,0,14,28,37,1146,2395,167,39,16,2,1,0,0,0,0,0,0,0,0,0,0
98064,730421.3532,111.97,0.2203,0,4407,0,606.5067,88.3677,3323.6764,192459.611,155906.5931,8237.8088,4426.8419,602.74,0,217.3632,75.6326,0,0,82.45,0,0,0,0,0,0,0,8,1,34,2408,1809,90,46,6,0,3,1,0,0,1,0,0,0,0,0,0
98065,807293.2817,111.4,0.2004,0,5452,0,1448.9139,0,17526.0248,283604.4864,91767.5578,9329.6558,3503.2678,822.8117,189.8423,131.8766,0,0,0,0,0,0,0,0,0,0,0,21,0,197,3899,1170,112,40,9,2,2,0,0,0,0,0,0,0,0,0,0
98066,840373.4209,113.67,0.2004,0,5428,0,1229.7712,0,19867.7207,307108.8381,84537.091,8908.3996,3213.9005,383.4156,0,69.1326,72.1652,0,0,0,0,0,0,0,0,0,0,17,0,213,4027,1028,102,35,4,0,1,1,0,0,0,0,0,0,0,0,0
98067,859950.6834,120.63,0.2212,0,3669,0,3710.3009,0,21669.2533,289107.2098,96265.6942,20948.4676,3601.5833,867.5912,150.1299,0,0,0,0,0,0,0,0,0,0,0,0,34,0,154,2513,776,159,26,6,1,0,0,0,0,0,0,0,0,0,0,0
98068,831429.218,124.08,0.2471,0,5710,0,2554.411,0,17855.3276,257175.904,104690.5539,29298.0293,6570.3371,1692.3685,369.9189,128.4846,67.0649,139.2524,71.9936,0,0,0,0,0,0,0,0,38,0,206,3629,1370,361,77,19,4,2,1,2,1,0,0,0,0,0,0,0
98069,813956.4534,126.07,0.2567,0,4197,0,3383.4672,207.5704,17909.9842,224061.335,117109.0341,41601.9375,5990.233,1061.8251,367.4901,85.0911,355.3127,0,0,0,0,0,0,0,0,0,0,38,2,156,2387,1157,387,53,9,3,1,4,0,0,0,0,0,0,0,0,0
98070,691350.7449,130.56,0.3322,0,4850,45.7964,1528.1834,0,6157.6964,150969.7869,99600.7959,58041.069,13013.047,9280.9583,4905.6169,2190.7499,381.1443,0,0,0,0,0,0,0,0,4.15,1,24,0,75,2249,1376,755,161,110,56,36,6,0,0,0,0,0,0,0,0,1
98071,682695.8623,118.31,0.2928,0,4209,0,809.379,0,4743.7512,194235.4752,89750.8875,26828.1446,9340.0089,7702.2889,5567.5309,1968.9841,146.8071,152.4243,157.5962,80.02,0,0,0,0,0,0,0,11,0,50,2504,1073,302,100,79,55,28,2,2,2,1,0,0,0,0,0,0
98072,395461.7544,158.12,0.7158,0.01,4015,0,392.0074,45.6951,1364.7424,34135.7556,21122.7748,19451.7943,13684.0977,28932.2679,40771.4496,23040.5819,2111.8237,284.2288,83.9679,0,0,0,0,0,0,0,0,10,1,27,826,474,411,275,557,756,615,54,7,2,0,0,0,0,0,0,0
98073,347845.246,156.02,0.7398,0.01,3501,0,153.5323,89.477,197.967,14283.9456,15882.4981,22892.3001,11254.8846,22734.2135,45254.3466,23220.2899,3867.4999,397.5756,41.1026,0,0,0,0,0,0,0,0,4,2,4,353,364,494,231,447,857,633,101,10,1,0,0,0,0,0,0,0
98074,423655.3789,181.69,0.8329,0.01,3420,0,434.2811,168.7347,248.8711,18414.9626,23038.5419,27730.4558,13414.0123,30690.307,55829.4701,26101.6808,1444.1653,449.825,51.6786,0,0,0,0,0,0,0,0,9,3,4,362,420,476,219,480,841,566,30,9,1,0,0,0,0,0,0,0
98075,550197.8569,157.57,0.5814,0,3198,0,1160.9103,338.2946,5052.0154,64405.9692,59139.3096,58866.9295,16946.6775,21151.2149,30445.1932,11580.3108,1085.7704,75.155,0,78.91,0,0,0,0,0,0,0,16,4,54,842,717,672,184,220,305,167,15,1,0,1,0,0,0,0,0,0
98076,296482.0691,120.71,0.5018,0.01,3695,0,155.1736,36.1724,0,425.335,11007.4381,21957.0551,31713.0625,46962.6466,23483.1547,7711.73,588.2648,32.144,0,33.75,0,0,0,0,0,0,0,5,1,0,13,312,586,805,1142,550,260,19,1,0,1,0,0,0,0,0,0
98077,272300.0901,99.86,0.388,0.01,2279,0,47.1746,109.9747,0,1790.3465,18340.2018,26198.7765,29641.0843,37692.0851,15186.4599,4553.5098,235.3096,0,0,0,0,0,0,0,0,0,0,1,2,0,36,342,460,495,603,234,101,5,0,0,0,0,0,0,0,0,0
98078,270315.693,100.02,0.3951,0.01,3603,0,88.8,69.0061,0,2121.9833,18641.7268,26910.146,26076.2827,37417.8687,14945.2671,5233.5177,590.6039,30.6582,31.6985,0,0,0,0,0,0,1.93,0,3,2,0,68,554,753,694,954,367,185,20,1,1,0,0,0,0,0,0,1
98079,293085.0933,89.44,0.3149,0.01,4100,0,146.535,204.9606,302.3125,7785.8205,39112.6028,38284.3598,22730.0551,23222.296,9515.3088,3305.0447,233.8969,30.3534,0,0,31.87,0,0,0,0,0,0,5,6,8,252,1174,1082,611,598,236,118,8,1,0,0,1,0,0,0,0,0
98080,216126.5623,89.21,0.3899,0.01,3389,0,99.0616,173.1986,127.7316,939.9026,15061.8234,17700.6799,15278.0768,22445.7015,20272.2546,9088.6533,1383.5767,76.955,53.0474,0,0,0,0,0,0,3.23,0,4,6,4,36,535,592,486,684,595,384,56,3,2,0,0,0,0,0,0,2
98081,202690.8647,131.73,0.7902,0.01,1894,0,191.6223,134.0146,98.8323,404.0285,3311.0674,4673.2723,6616.1295,9953.2596,8119.6543,24869.7365,18619.7466,1230.5948,246.2612,166.72,0,83.36,41.68,31.26,0,0,0,5,3,2,10,76,101,136,196,154,679,487,31,6,4,0,2,1,1,0,0
98082,201642.634,124.22,0.7104,0.01,1634,0,177.4391,51.7077,114.3935,140.2984,1210.253,5248.5105,7376.4306,16693.1676,10374.6636,24080.1639,14249.8426,918.9555,190.0233,0,0,0,0,36.18,0,5.79,0,4,1,2,3,24,98,131,284,170,568,322,20,4,0,0,0,0,1,0,2
98083,209197.7178,106.59,0.5532,0.01,3324,0,94.7216,82.8052,152.6708,1323.1223,12086.8514,10949.9233,8657.0529,15500.6186,13454.8474,20956.7604,6354.9181,735.8444,76.0802,25.75,51.51,0,0,0,0,1.55,0,4,3,5,53,449,383,288,494,413,926,269,30,3,1,2,0,0,0,0,1
98084,240297.6898,97.12,0.4492,0.01,3834,0,1594.088,1277.4414,1091.9576,7404.8628,22396.9564,15607.2023,13500.5392,13861.6557,16585.1251,15211.0267,2832.7505,232.1985,26.6763,27.09,0,27.09,0,20.32,0,4.88,0,64,44,34,282,791,519,427,420,484,639,114,9,1,1,0,1,0,1,0,3
98085,209663.1021,116.73,0.5979,0,851,0,449.8021,419.4385,347.988,0,102.269,3366.9636,6509.0446,17403.6447,35891.5121,25019.127,1794.9556,186.3683,96.346,0,0,0,0,0,0,0,0,5,4,3,0,1,31,57,146,290,291,20,2,1,0,0,0,0,0,0,0
98086,149901.9596,75.54,0.3698,0.01,2544,0,43.9012,0,28.3005,138.8444,2694.8402,6678.1321,9389.653,14949.5054,18903.6963,12775.3468,1708.0309,159.1483,23.5055,47.74,0,0,0,0,0,1.43,0,2,0,1,6,108,252,337,514,626,609,78,7,1,2,0,0,0,0,0,1
98087,176762.0985,79.22,0.3573,0.01,2290,0,0,34.2324,37.8683,123.8387,6042.4501,8863.7725,16401.9934,26460.5026,12766.8576,10973.7854,585.944,91.2508,31.4523,31.94,0,0,0,0,0,1.92,0,0,1,1,4,181,250,440,680,316,391,20,3,1,1,0,0,0,0,0,1
98088,102918.1938,45.8,0.2124,0.01,1939,0,452.4135,1078.6435,954.5692,1452.5187,4184.5003,3947.597,5847.2146,10027.4995,14796.3347,5954.9682,205.1574,21.296,0,0,22.36,0,0,16.77,0,0,0,22,45,36,67,179,159,224,368,523,303,10,1,0,0,1,0,0,1,0,0
98089,98120.5512,21.41,0.0619,0.02,2628,0,442.0784,1717.6402,1562.2886,9579.9734,18966.5961,11188.6006,1828.9791,2191.2458,1374.0652,641.5706,65.3403,16.9625,0,0,0,0,0,0,0,1.07,0,27,90,74,555,1019,566,88,101,61,41,4,1,0,0,0,0,0,0,0,1
98090,125492.5259,34.09,0.1191,0.01,1959,0,27.1434,1392.1909,1120.0387,8012.8442,23915.1036,11437.7871,4307.1593,4855.7748,4406.7105,2412.6826,162.484,0,29.0692,0,0,0,0,0,0,0,0,1,44,32,280,775,349,125,135,118,93,6,0,1,0,0,0,0,0,0,0
98091,63264.8742,13.87,0.0456,0.02,1736,0,764.379,2161.0811,2369.6466,4697.8395,14402.1896,3632.5208,1259.3018,1228.3449,1208.2241,621.728,113.5727,33.6869,17.4199,17.69,0,0,0,13.27,0,0,0,47,114,113,274,779,185,61,57,54,40,7,2,1,1,0,0,0,1,0,0
98092,13139.1851,2.05,0.0059,0.02,400,0,402.0345,793.0373,1056.7094,1516.0245,2724.5745,336.0355,19.632,20.4931,21.2773,14.7809,30.8493,32.0297,0,16.82,0,0,0,0,0,2.02,0,26,44,53,93,155,18,1,1,1,1,2,2,0,1,0,0,0,0,0,2
98093,9413.5617,1.78,0.0064,0.02,270,0,243.8771,625.3798,461.2018,839.8649,2347.2537,235.5468,0,43.09,22.3652,46.6186,48.6635,16.8387,17.41,0,17.68,0,0,0,0,0,0,15,33,22,49,127,12,0,2,1,3,3,1,1,0,1,0,0,0,0,0
98094,2320.8607,1.15,0.0095,0.02,46,0,74.5157,43.4283,96.0817,19.6392,190.5942,112.4559,0,49.3687,25.6288,106.823,92.924,19.2959,0,40.52,0,0,0,0,15.19,3.65,0,4,2,4,1,9,5,0,2,1,6,5,1,0,2,0,0,0,0,1,3
98095,2036.771,1.1,0.0097,0.01,39,0,41.5197,24.1953,133.8374,153.1909,117.9898,75.1852,52.7021,27.5029,28.5552,79.3615,62.1297,21.5055,0,22.58,22.58,0,0,0,16.93,1.35,0,2,1,5,7,5,3,2,1,1,4,3,1,0,1,1,0,0,0,1,1
98096,1950.9813,1.02,0.0079,0.02,41,0,55.8408,43.3961,0,98.1184,211.604,67.4217,70.8867,24.6681,51.2155,53.3676,18.5665,38.5632,39.8717,40.49,0,20.24,0,0,0,1.21,0,3,2,0,5,10,3,3,1,2,3,1,2,2,2,0,1,0,0,0,1
98097,1139.7464,0.51,0.0033,0.02,28,0,14.6567,51.2468,18.8986,30.9031,83.3009,0,37.2097,19.421,20.1641,56.0302,29.244,45.5444,15.6966,0,0,0,0,0,0,1.91,0,1,3,1,2,5,0,2,1,1,4,2,3,1,0,0,0,0,0,0,2
98098,1335.2175,0.85,0.007,0.01,19,0,24.7114,0,31.8632,0,56.1797,59.6656,62.732,32.7419,33.9947,47.2338,98.6022,0,0,26.87,0,0,26.87,0,0,1.61,0,1,0,1,0,2,2,2,1,1,2,4,0,0,1,0,0,1,0,0,1
98099,1533.2384,0.84,0.0061,0.01,27,0,0,49.1087,54.3246,88.832,71.8448,25.4367,26.744,27.9171,28.9853,60.3977,105.0784,0,22.5602,45.82,0,0,0,0,0,1.37,0,0,2,2,4,3,1,1,1,1,3,5,0,1,2,0,0,0,0,0,1
