NASA Data Processing/CAMP2Ex/FCDP/CAMP2Ex-HawkFCDP_P3B_20190916_R1.ict
79, 1001
Lawson, Paul
SPEC Inc
Hawkeye-FCDP on P3-B
CAMP2Ex 2019
1, 1
2019,09,16, 2021,01,13
1
Time_Start, seconds, elapsed time from 00:00:00 UTC
47
1,1,1,1,1,1,1,1,1,1,1,1,1,1,1,1,1,1,1,1,1,1,1,1,1,1,1,1,1,1,1,1,1,1,1,1,1,1,1,1,1,1,1,1,1,1,1
-9.99e+002,-9.99e+002,-9.99e+002,-9.99e+002,-9.99e+002,-9.99e+002,-9.99e+002,-9.99e+002,-9.99e+002,-9.99e+002,-9.99e+002,-9.99e+002,-9.99e+002,-9.99e+002,-9.99e+002,-9.99e+002,-9.99e+002,-9.99e+002,-9.99e+002,-9.99e+002,-9.99e+002,-9.99e+002,-9.99e+002,-9.99e+002,-9.99e+002,-9.99e+002,-9.99e+002,-9.99e+002,-9.99e+002,-9.99e+002,-9.99e+002,-9.99e+002,-9.99e+002,-9.99e+002,-9.99e+002,-9.99e+002,-9.99e+002,-9.99e+002,-9.99e+002,-9.99e+002,-9.99e+002,-9.99e+002,-9.99e+002,-9.99e+002,-9.99e+002,-9.99e+002,-9.99e+002
conc, #/L, CldMicro_NumSizeDist_InSitu_Optical_Drop_AMB, particle number concentration
ext,  1/km, CldOpt_Extinction_InSitu_IR, extinction of the particles
twc,  g/m3, CldMicro_TWC_InSitu_Optical_Drop_AMB, total water content across instrument size range
sv, liter, none, sample volume
CNT, #, none, accepted or rejected event count in this second. negative means rejected particle numbers. 
cbin01, #/liter/um, CldMicro_NumSizeDist_InSitu_Optical_Drop_AMB, concentration of size ( 0.00 - 1.5 um)    
cbin02, #/liter/um, CldMicro_NumSizeDist_InSitu_Optical_Drop_AMB, concentration of size ( 1.5  - 3.0 um)    
cbin03, #/liter/um, CldMicro_NumSizeDist_InSitu_Optical_Drop_AMB, concentration of size ( 3.0  - 4.5 um)    
cbin04, #/liter/um, CldMicro_NumSizeDist_InSitu_Optical_Drop_AMB, concentration of size ( 4.5  - 6.0 um)    
cbin05, #/liter/um, CldMicro_NumSizeDist_InSitu_Optical_Drop_AMB, concentration of size ( 6.0  - 8.0 um)    
cbin06, #/liter/um, CldMicro_NumSizeDist_InSitu_Optical_Drop_AMB, concentration of size ( 8.0  -10.0 um)    
cbin07, #/liter/um, CldMicro_NumSizeDist_InSitu_Optical_Drop_AMB, concentration of size ( 10.0 -12.0 um)    
cbin08, #/liter/um, CldMicro_NumSizeDist_InSitu_Optical_Drop_AMB, concentration of size ( 12.0 -14.0 um)    
cbin09, #/liter/um, CldMicro_NumSizeDist_InSitu_Optical_Drop_AMB, concentration of size ( 14.0 -16.0 um)   
cbin10, #/liter/um, CldMicro_NumSizeDist_InSitu_Optical_Drop_AMB, concentration of size ( 16.0 -18.0 um)    
cbin11, #/liter/um, CldMicro_NumSizeDist_InSitu_Optical_Drop_AMB, concentration of size ( 18.0 -21.0 um)    
cbin12, #/liter/um, CldMicro_NumSizeDist_InSitu_Optical_Drop_AMB, concentration of size ( 21.0 -24.0 um)    
cbin13, #/liter/um, CldMicro_NumSizeDist_InSitu_Optical_Drop_AMB, concentration of size ( 24.0 -27.0 um)    
cbin14, #/liter/um, CldMicro_NumSizeDist_InSitu_Optical_Drop_AMB, concentration of size ( 27.0 -30.0 um)    
cbin15, #/liter/um, CldMicro_NumSizeDist_InSitu_Optical_Drop_AMB, concentration of size ( 30.0 -33.0 um)    
cbin16, #/liter/um, CldMicro_NumSizeDist_InSitu_Optical_Drop_AMB, concentration of size ( 33.0 -36.0 um)    
cbin17, #/liter/um, CldMicro_NumSizeDist_InSitu_Optical_Drop_AMB, concentration of size ( 36.0 -39.0 um)    
cbin18, #/liter/um, CldMicro_NumSizeDist_InSitu_Optical_Drop_AMB, concentration of size ( 39.0 -42.0 um)    
cbin19, #/liter/um, CldMicro_NumSizeDist_InSitu_Optical_Drop_AMB, concentration of size ( 42.0 -46.0 um)    
cbin20, #/liter/um, CldMicro_NumSizeDist_InSitu_Optical_Drop_AMB, concentration of size ( 46.0 -50.0 um)    
[...]
INSTRUMENT_INFO: Hawkeye-FCDP SN02: Hawkeye- Fast Cloud Droplet Probe measuring size 1-50 microns in 20 bins with one overflow bin for particles >50um: concentration, extinction, liquid water content, see http://www.specinc.com/hawkeye-combination-cloud-particle_probe
DATA_INFO: Concentration (#/L), Extinction (1/km), LWC (g/m^3), Sample Volume (L), Total Counts, Concentration 21 Bins (#/L/um), Particle Counts 21 Bins
UNCERTAINTY: variables are not calculated
ULOD_FLAG: -7777
ULOD_VALUE: n/a
LLOD_FLAG: -8888
LLOD_VALUE: n/a
DM_CONTACT_INFO: Sarah Woods, SPEC Inc, 3022 Sterling Circle, Suite 200, Boulder, CO 80301, 303-449-1105, swoods@specinc.com
PROJECT_INFO: CAMP2Ex Campaign, 2019-08-24--2019-10-07
STIPULATIONS_ON_USE: Please contact PI or DM for stipulations or assistance interpreting and analyzing data.
OTHER_COMMENTS: For R0, P3 Nav TAS is used to calculate the sample volume; Adaptive2 shattering removal is applied. Extinction coefficient is also calculated assuming particles are spheres. software version: SP3Cv40
REVISION: R1
R1: Final Data with Correction Applied to FCDP 1Hz Bin Concentrations: FCDP Conc (#/L/um)= FCDP Conc * [Bin Center /30 ^ 0.3] 
Time_Start,conc,ext,twc,sv,CNT,cbin01,cbin02,cbin03,cbin04,cbin05,cbin06,cbin07,cbin08,cbin09,cbin10,cbin11,cbin12,cbin13,cbin14,cbin15,cbin16,cbin17,cbin18,cbin19,cbin20,cbin21,nbin01,nbin02,nbin03,nbin04,nbin05,nbin06,nbin07,nbin08,nbin09,nbin10,nbin11,nbin12,nbin13,nbin14,nbin15,nbin16,nbin17,nbin18,nbin19,nbin20,nbin21
[from data line 17050]
95325,732.4729,0.4,0.0035,0.02,17,0,12.7947,0,0,13.4935,14.5501,30.8985,16.2471,0,0,36.6885,25.5289,0,0,13.92,27.83,0,0,0,0,2.51,0,1,0,0,1,1,2,1,0,0,3,2,0,0,1,2,0,0,0,0,3
95326,673.7852,0.4,0.0033,0.02,17,0,0,0,0,26.2696,0,45.1304,15.8192,16.5131,17.1449,11.9073,24.8592,25.8104,0,0,27.1,0,0,0,0,1.63,0,0,0,0,2,0,3,1,1,1,1,2,2,0,0,2,0,0,0,0,2
95327,884.6167,0.23,0.0013,0.02,24,0,39.4646,30.6688,16.9601,55.4731,44.8629,0,16.6985,52.2928,18.0979,0,13.1268,27.2486,0,0,0,0,0,0,0,2.58,0,3,2,1,4,3,0,1,3,1,0,1,2,0,0,0,0,0,0,0,3
95328,915.9176,0.81,0.0083,0.02,23,0,12.7396,0,0,26.8577,14.4804,30.7579,0,0,17.5244,48.6925,25.4188,13.1909,27.2869,41.56,0,0,0,20.78,0,1.66,0,1,0,0,2,1,2,0,0,1,4,2,1,2,3,0,0,0,2,0,2
95329,884.2863,0.74,0.0088,0.02,24,0,12.997,30.299,33.5172,54.8075,29.5462,0,49.4962,0,0,12.417,0,13.4576,13.9142,0,28.27,0,14.13,10.6,10.6,1.7,0,1,2,2,4,2,0,3,0,0,1,0,1,1,0,2,0,1,1,1,2
95330,1024.4174,0.61,0.0065,0.03,32,0,22.4724,39.2859,14.4881,35.5367,12.7732,54.2556,14.2629,89.3234,30.9165,0,0,23.277,12.0334,12.22,0,0,0,0,18.33,2.2,0,2,3,1,3,1,4,1,6,2,0,0,2,1,1,0,0,0,0,2,3
95331,1031.7066,0.78,0.0076,0.03,32,0,12.0454,28.0751,46.5885,76.1786,41.0721,0,0,31.9134,16.5715,23.0237,24.0336,12.4766,38.69,26.2,13.1,0,26.2,0,0,0.79,0,1,2,3,6,3,0,0,2,1,2,2,1,3,2,1,0,2,0,0,1
95332,1068.8775,0.57,0.0047,0.03,32,0,12.1051,42.3351,31.223,12.7632,68.8135,43.85,15.3679,32.084,49.9674,34.7113,12.081,0,25.9279,13.17,13.17,13.17,0,0,0,1.58,0,1,3,2,1,5,3,1,2,3,3,1,0,2,1,1,1,0,0,0,2
95333,1242.1948,0.38,0.0028,0.02,28,0,0,0,72.251,29.5331,95.5445,33.8219,35.5601,55.688,0,13.3836,0,0,14.9974,15.23,15.23,0,0,0,0,4.57,0,0,0,4,2,6,2,2,3,0,1,0,0,1,1,1,0,0,0,0,5
95334,934.3925,0.23,0.0015,0.02,25,0,12.6108,58.7921,32.5153,26.5863,28.6682,15.2235,48.0178,66.8321,0,0,12.5764,0,0,0,13.71,0,0,0,0,3.29,0,1,4,2,2,2,1,3,4,0,0,1,0,0,0,1,0,0,0,0,4
95335,1046.959,0.43,0.0033,0.03,29,0,0,41.4401,30.5591,37.4819,53.887,14.3058,15.0411,15.7008,48.9132,11.3273,0,36.8298,25.3863,0,12.89,0,0,0,0,3.09,0,0,3,2,3,4,1,1,1,3,1,0,3,2,0,1,0,0,0,0,4
95336,1238.7613,0.38,0.0025,0.02,33,0,24.9091,29.0343,16.0591,78.7765,14.1599,45.1082,31.615,66.0118,17.1365,47.6116,0,12.8957,0,0,0,13.54,0,0,0,4.06,0,2,2,1,6,1,3,2,4,1,4,0,1,0,0,0,1,0,0,0,5
95337,934.6675,0.28,0.0019,0.03,29,0,0,25.3689,28.0634,68.8309,37.107,39.4095,41.4349,0,0,10.3958,43.4257,0,0,0,11.83,0,0,0,0,2.84,0,0,2,2,6,3,3,3,0,0,1,4,0,0,0,1,0,0,0,0,4
95338,1117.3311,0.51,0.0044,0.03,31,0,0,0,43.1562,0,63.4129,40.4086,42.4854,29.566,46.0459,0,22.2632,23.1151,11.9448,0,12.13,0,0,9.1,0,3.64,0,0,0,3,0,5,3,3,2,3,0,2,2,1,0,1,0,0,1,0,5
95339,856.5942,0.26,0.0023,0.03,24,0,10.9558,12.7702,28.2531,11.5483,49.8175,26.4506,27.81,0,45.2194,10.4661,10.9252,0,0,0,0,0,0,8.94,0,3.57,0,1,1,2,1,4,2,2,0,3,1,1,0,0,0,0,0,0,1,0,5
95340,1036.1795,0.3,0.0016,0.03,32,0,22.1046,25.7654,0,58.2649,12.5641,66.726,42.0885,14.6449,45.6158,31.6884,22.0522,11.448,0,0,0,0,0,0,0,2.89,0,2,2,0,5,1,5,3,1,3,3,2,1,0,0,0,0,0,0,0,4
95341,1043.1732,0.24,0.002,0.03,25,0,23.7459,0,15.3062,50.0641,40.4867,28.6709,30.1444,15.7333,0,0,11.8425,0,12.7129,0,0,12.91,0,0,0,5.42,0,2,0,1,4,3,2,2,1,0,0,1,0,1,0,0,1,0,0,0,7
95342,996.6962,0.6,0.0049,0.02,27,0,0,0,52.6766,57.4248,77.4056,16.4447,17.2898,18.0482,37.4692,26.0291,13.5854,28.2105,14.5838,29.62,0,14.81,0,0,0,0.89,0,0,0,3,4,5,1,1,1,2,2,1,2,1,2,0,1,0,0,0,1
95343,1151.0102,0.47,0.0044,0.02,27,0,0,0,33.6772,27.5362,44.5354,47.2988,66.3114,51.9111,17.963,0,26.0609,0,0,0,0,0,14.2,10.65,0,4.26,0,0,0,2,2,3,3,4,3,1,0,2,0,0,0,0,0,1,1,0,5
95344,443.7496,0.36,0.0033,0.03,15,0,11.1305,0,0,0,37.9641,13.4399,28.2613,29.501,15.3149,0,11.1087,0,11.9251,12.11,12.11,12.11,0,0,0,0,0,1,0,0,0,3,1,2,2,1,0,1,0,1,1,1,1,0,0,0,0
95345,981.1596,0.35,0.0031,0.03,29,0,32.6558,12.6898,0,11.4772,37.1209,131.4168,0,14.4256,14.9776,0,0,11.2766,23.3184,0,0,0,0,8.88,0,3.55,0,3,1,0,1,3,10,0,1,1,0,0,1,2,0,0,0,0,1,0,5
95346,1360.471,0.68,0.0075,0.02,23,0,0,0,0,14.4757,31.2187,0,0,0,56.6719,0,13.6955,28.4486,14.702,29.87,0,0,14.93,0,11.2,8.06,0,0,0,0,1,2,0,0,0,3,0,1,2,1,2,0,0,1,0,1,9
95347,929.3281,0.34,0.003,0.02,23,0,12.8131,14.9352,16.5215,27.0128,14.5641,46.4107,65.0586,33.9522,17.6256,12.2412,0,0,13.7173,0,0,0,0,10.45,0,3.34,0,1,1,1,2,1,3,4,2,1,1,0,0,1,0,0,0,0,1,0,4
95348,371.3783,0.34,0.0042,0.03,11,0,11.673,0,15.0513,12.3044,13.2679,14.0912,14.8154,0,16.057,0,0,0,0,0,0,12.69,12.69,9.52,0,0.76,0,1,0,1,1,1,1,1,0,1,0,0,0,0,0,0,1,1,1,0,1
95349,425.6592,0.19,0.0012,0.03,14,0,0,0,27.844,11.3803,24.5429,26.0658,0,14.3038,14.8511,0,32.3078,0,11.5607,0,0,0,0,0,0,0.7,0,0,0,2,1,2,2,0,1,1,0,3,0,1,0,0,0,0,0,0,1
95350,409.3168,0.25,0.0022,0.02,11,0,0,14.7798,32.6932,0,14.4108,15.305,0,0,17.4401,0,12.6498,0,27.1588,0,13.79,0,0,0,0,0.83,0,0,1,2,0,1,1,0,0,1,0,1,0,2,0,1,0,0,0,0,1
95351,216.9746,0.06,0.0003,0.03,9,0,10.7351,12.513,13.842,0,24.4035,12.9589,27.2498,0,0,0,10.7051,0,0,0,0,0,0,0,0,0,0,1,1,1,0,2,1,2,0,0,0,1,0,0,0,0,0,0,0,0,0
95352,231.6887,0.11,0.0008,0.03,7,0,10.7305,0,0,11.3092,12.1948,0,0,0,0,10.2552,0,11.1147,11.4918,0,0,0,0,0,0,0.7,0,1,0,0,1,1,0,0,0,0,1,0,1,1,0,0,0,0,0,0,1
95353,476.6246,0.26,0.0023,0.02,14,0,24.7482,0,15.9524,0,28.1316,0,62.8254,16.3913,0,0,0,0,26.4991,0,0,13.46,0,0,0,0.81,0,2,0,1,0,2,0,4,1,0,0,0,0,2,0,0,1,0,0,0,1
95354,421.5653,0.17,0.0012,0.03,11,0,0,0,0,12.0653,26.0272,13.8174,0,0,15.745,21.8813,11.4206,0,0,12.45,0,0,0,0,0,1.49,0,0,0,0,1,2,1,0,0,1,2,1,0,0,1,0,0,0,0,0,2
95355,762.1873,0.25,0.0023,0.02,16,0,0,35.6257,59.1204,16.1107,0,55.3509,0,20.2495,21.0243,0,15.2458,0,0,0,0,0,16.62,0,0,2.99,0,0,2,3,1,0,3,0,1,1,0,1,0,0,0,0,0,1,0,0,3
95356,378.3171,0.12,0.0008,0.03,10,0,0,13.3007,0,24.0595,0,0,0,30.2402,15.6944,10.9055,0,0,12.2205,0,0,0,0,0,0,1.49,0,0,1,0,2,0,0,0,2,1,1,0,0,1,0,0,0,0,0,0,2
95357,513.8861,0.22,0.0019,0.02,16,0,12.4867,14.5547,48.3017,26.3278,14.1947,30.1511,0,33.0912,0,23.8673,0,0,0,0,0,0,13.58,0,0,0.81,0,1,1,3,2,1,2,0,2,0,2,0,0,0,0,0,0,1,0,0,1
95358,792.7456,0.29,0.0027,0.03,16,0,12.1005,0,15.6026,12.7568,13.7557,0,0,0,16.6474,0,24.1437,0,0,26.32,13.16,0,0,0,0,4.74,0,1,0,1,1,1,0,0,0,1,0,2,0,0,2,1,0,0,0,0,6
95359,673.2445,0.42,0.0038,0.02,16,0,13.3648,15.5782,0,0,0,16.1338,33.926,17.7071,36.7693,25.5458,13.3286,0,14.3081,0,0,29.07,0,0,0,1.74,0,1,1,0,0,0,1,2,1,2,2,1,0,1,0,0,2,0,0,0,2
95360,834.3544,0.45,0.0048,0.03,26,0,22.808,66.4714,14.7075,36.0731,25.9296,27.5386,28.9538,0,0,0,11.3747,11.8099,0,24.81,0,0,12.4,9.3,0,2.23,0,2,5,1,3,2,2,2,0,0,0,1,1,0,2,0,0,1,1,0,3
95361,1358.9917,0.47,0.0037,0.03,40,0,0,27.1748,75.1557,73.7358,66.2561,42.2218,29.5919,61.788,32.0719,11.1428,34.8855,0,0,12.68,0,0,0,9.51,0,3.8,0,0,2,5,6,5,3,2,4,2,1,3,0,0,1,0,0,0,1,0,5
95362,795.1882,0.37,0.0026,0.03,24,0,11.5396,0,44.6382,24.3309,26.2362,13.9284,14.6442,45.8679,31.7514,22.0571,23.0246,11.9528,0,25.1,0,0,0,0,0,1.51,0,1,0,3,2,2,1,1,3,2,2,2,1,0,2,0,0,0,0,0,2
95363,886.9956,0.37,0.0034,0.03,24,0,11.8155,27.5499,0,49.8315,26.8704,28.5377,30.0043,0,16.2594,22.5843,11.7875,12.2385,0,12.85,0,0,0,9.64,0,3.08,0,1,2,0,4,2,2,2,0,1,2,1,1,0,1,0,0,0,1,0,4
95364,874.4014,0.43,0.0049,0.03,21,0,0,26.103,0,11.8068,25.4558,27.0353,28.4247,14.8399,0,0,0,0,11.994,12.18,24.36,0,0,0,9.13,4.38,0,0,2,0,1,2,2,2,1,0,0,0,0,1,1,2,0,0,0,1,6
95365,494.2456,0.21,0.0019,0.03,20,0,21.7736,12.6898,28.0752,34.4316,37.1279,39.4317,27.6388,28.8512,14.9776,0,0,0,0,0,0,0,0,8.88,0,0,0,2,1,2,3,3,3,2,2,1,0,0,0,0,0,0,0,0,1,0,0
95366,1239.2713,0.61,0.0054,0.03,36,0,33.6029,0,43.3281,47.2336,0,40.5714,71.0891,29.6797,15.4077,10.7034,22.3458,23.2008,11.994,36.54,0,0,0,9.14,0,3.65,0,3,0,3,4,0,3,5,2,1,1,2,2,1,3,0,0,0,1,0,5
95367,1242.6958,0.49,0.0046,0.03,35,0,22.7804,26.5532,29.3735,24.0142,77.6913,41.2523,43.3724,15.0916,15.6691,21.7759,22.7311,0,12.2008,0,0,12.39,0,0,9.29,4.46,0,2,2,2,2,6,3,3,1,1,2,2,0,1,0,0,1,0,0,1,6
95368,1436.4977,0.57,0.0053,0.03,34,0,0,13.424,14.8498,12.1428,39.2742,27.805,58.4757,61.0408,15.8462,0,34.4635,11.9337,12.3387,25.05,0,0,0,0,9.39,6.76,0,0,1,1,1,3,2,4,4,1,0,3,1,1,2,0,0,0,0,1,9
95369,1209.9206,0.82,0.0092,0.03,32,0,0,41.6598,76.8037,12.5564,40.6261,28.7671,15.1189,0,16.3859,22.7689,0,12.3433,0,51.82,12.96,12.96,0,9.72,9.72,3.89,0,0,3,5,1,3,2,1,0,1,2,0,1,0,4,1,1,0,1,1,5
95370,1307.5587,0.54,0.0055,0.02,32,0,25.424,14.8173,16.391,26.806,72.2559,15.3494,64.5451,67.3763,0,24.2979,25.3638,0,0,0,0,0,0,10.37,10.37,4.98,0,2,1,1,2,5,1,4,4,0,2,2,0,0,0,0,0,0,1,1,6
95371,1341.4918,0.48,0.0035,0.03,37,0,23.2218,40.6041,0,12.2398,52.8,84.1106,73.6958,15.3841,47.9181,11.0988,11.5857,0,24.8743,12.63,0,12.63,0,0,0,4.55,0,2,3,0,1,4,6,5,1,3,1,1,0,2,1,0,1,0,0,0,6
95372,1233.0172,0.45,0.0043,0.02,30,0,51.2204,0,16.5096,53.9933,43.6713,30.9207,0,16.968,52.8516,24.4737,25.5472,0,0,13.93,0,0,0,0,10.44,5.01,0,4,0,1,4,3,2,0,1,3,2,2,0,0,1,0,0,0,0,1,6
95373,1323.454,0.76,0.0082,0.03,30,0,0,0,0,0,27.6857,58.8071,77.2907,16.1313,67.0111,0,12.1452,0,26.0855,0,0,0,26.49,19.86,0,5.56,0,0,0,0,0,2,4,5,1,4,0,1,0,2,0,0,0,2,2,0,7
95374,1351.8481,0.72,0.0071,0.02,34,0,0,44.3875,32.7347,26.7672,43.288,76.6284,16.1149,0,34.9308,48.5255,25.3271,13.1528,0,13.81,13.81,0,13.81,0,10.35,4.14,0,0,3,2,2,3,5,1,0,2,4,2,1,0,1,1,0,1,0,1,5
95375,574.9879,0.23,0.0019,0.02,14,0,24.7895,14.4475,15.982,0,14.0902,0,0,0,17.0522,35.5374,0,0,13.2742,0,13.48,0,0,0,0,2.43,0,2,1,1,0,1,0,0,0,1,3,0,0,1,0,1,0,0,0,0,3
95376,796.5328,0.49,0.0043,0.03,26,0,35.4602,41.3329,0,24.919,40.3125,28.5377,15.0022,0,48.7867,11.2922,47.1683,12.2385,0,0,0,0,25.71,0,0,0.77,0,3,3,0,2,3,2,1,0,3,1,4,1,0,0,0,0,2,0,0,1
95377,881.0555,0.46,0.0041,0.03,24,0,22.6149,13.1828,0,11.9231,12.8568,27.3017,43.0612,14.9861,15.5595,10.8088,33.8397,0,12.1122,12.3,12.3,0,12.3,0,0,2.95,0,2,1,0,1,1,2,3,1,1,1,3,0,1,1,1,0,1,0,0,4
95378,1059.4772,0.42,0.0036,0.02,24,0,0,15.1602,16.7704,13.7132,29.5741,62.811,49.5273,17.236,0,12.4346,25.9508,0,13.9339,14.15,0,0,14.15,0,0,4.24,0,0,1,1,1,2,4,3,1,0,1,2,0,1,1,0,0,1,0,0,5
95379,452.9187,0.06,0.0002,0.03,12,0,0,0,14.5652,59.538,0,0,14.3408,14.9698,0,10.7913,0,0,0,0,0,0,0,0,0,2.21,0,0,0,1,5,0,0,1,1,0,1,0,0,0,0,0,0,0,0,0,3
95380,884.206,0.23,0.0012,0.02,23,0,24.6148,14.3457,0,0,69.9493,44.5753,15.6247,32.6119,16.9341,35.2825,0,0,13.1757,0,0,0,0,0,0,3.21,0,2,1,0,0,5,3,1,2,1,3,0,0,1,0,0,0,0,0,0,4
95381,809.7507,0.28,0.0018,0.02,17,0,0,0,18.7741,0,82.7504,0,36.9607,0,40.0582,27.8306,0,0,31.1864,0,0,0,0,0,0,2.85,0,0,0,1,0,5,0,2,0,2,2,0,0,2,0,0,0,0,0,0,3
95382,1203.163,0.37,0.0035,0.02,28,0,0,61.5144,17.0135,41.7276,59.9914,15.9266,33.4981,34.9675,18.1485,12.6103,26.3269,0,0,0,0,0,0,0,10.76,5.17,0,0,4,1,3,4,1,2,2,1,1,2,0,0,0,0,0,0,0,1,6
95383,965.7696,0.51,0.0047,0.02,18,0,16.3762,0,0,34.535,0,59.3178,41.5827,0,22.5338,31.3017,0,16.9625,17.538,0,0,35.62,0,0,0,3.21,0,1,0,0,2,0,3,2,0,1,2,0,1,1,0,0,2,0,0,0,3
95384,399.3533,0.21,0.0017,0.02,11,0,0,29.4416,0,13.3125,28.71,0,0,0,17.3726,12.0655,12.5947,13.0766,0,0,13.73,0,0,0,0,0.82,0,0,2,0,1,2,0,0,0,1,1,1,1,0,0,1,0,0,0,0,1
95385,845.1153,0.49,0.0042,0.03,23,0,0,13.3972,0,24.2404,39.2045,0,29.1873,30.4676,15.8125,0,45.8749,11.9052,24.6182,12.5,0,0,12.5,0,0,2.25,0,0,1,0,2,3,0,2,2,1,0,4,1,2,1,0,0,1,0,0,3
95386,771.6203,0.67,0.0081,0.02,16,0,15.5072,18.0755,0,0,70.5207,18.7241,0,20.55,0,0,0,16.0672,33.2149,0,16.87,0,0,12.65,12.65,2.02,0,1,1,0,0,4,1,0,1,0,0,0,1,2,0,1,0,0,1,1,2
95387,649.1286,0.4,0.0044,0.02,14,0,0,15.3692,0,13.9006,14.9891,0,16.7374,0,36.2801,12.6015,13.1543,13.6576,0,0,14.34,0,0,0,10.75,2.58,0,0,1,0,1,1,0,1,0,2,1,1,1,0,0,1,0,0,0,1,3
95388,1151.2977,0.54,0.0044,0.02,24,0,15.6452,0,0,49.476,35.567,56.6609,39.7152,20.7287,0,74.748,31.2162,16.2006,0,0,0,0,0,12.76,0,3.06,0,1,0,0,3,2,3,2,1,0,5,2,1,0,0,0,0,0,1,0,3
95389,772.7863,0.13,0.0006,0.03,21,0,11.1259,25.9369,0,46.9105,25.2955,13.4325,28.2458,0,30.6129,10.6331,11.0995,0,0,0,0,0,0,0,0,3.63,0,1,2,0,4,2,1,2,0,2,1,1,0,0,0,0,0,0,0,0,5
95390,598.2634,0.28,0.0025,0.02,15,0,13.4844,31.4351,17.387,14.2173,0,48.8382,0,17.8696,18.5533,0,0,13.9624,0,14.66,0,14.66,0,0,0,1.76,0,1,2,1,1,0,3,0,1,1,0,0,1,0,1,0,1,0,0,0,2
95391,662.9793,0.16,0.001,0.03,15,0,11.4523,0,14.7668,12.0717,0,13.8248,14.5353,15.1729,0,0,34.2801,11.8671,0,0,0,0,0,0,0,3.74,0,1,0,1,1,0,1,1,1,0,0,3,1,0,0,0,0,0,0,0,5
95392,752.2306,0.8,0.009,0.02,16,0,0,0,22.242,18.1852,19.6092,20.826,43.7926,45.7136,23.7313,16.4857,34.4176,17.8673,0,0,0,18.76,0,14.07,14.07,0,0,0,0,1,1,1,1,2,2,1,1,2,1,0,0,0,1,0,1,1,0
95393,440.5697,0.11,0.0005,0.03,13,0,23.0241,26.8372,0,0,0,13.8988,29.2262,15.2541,0,33.0065,0,0,0,0,0,0,0,0,0,1.5,0,2,2,0,0,0,1,2,1,0,3,0,0,0,0,0,0,0,0,0,2
95394,475.4665,0.19,0.0018,0.02,12,0,0,15.0048,33.197,27.142,14.6338,15.5418,0,0,0,0,12.8424,13.3338,0,0,0,14,0,0,0,1.68,0,0,1,2,2,1,1,0,0,0,0,1,1,0,0,0,1,0,0,0,2
95395,371.628,0.12,0.0008,0.03,9,0,0,14.0242,15.5137,0,0,0,15.2745,15.9445,16.5546,0,0,24.9247,0,0,0,0,0,0,0,1.57,0,0,1,1,0,0,0,1,1,1,0,0,2,0,0,0,0,0,0,0,2
95396,449.3866,0.17,0.0013,0.02,10,0,0,0,17.215,14.0751,15.1773,0,16.9475,17.6909,18.3678,0,0,13.829,0,14.52,0,0,0,0,0,1.74,0,0,0,1,1,1,0,1,1,1,0,0,1,0,1,0,0,0,0,0,2
95397,346.4913,0.2,0.0017,0.03,13,0,11.1121,12.9524,14.3281,23.4326,0,26.8355,14.1073,14.7261,30.5792,0,11.0903,0,0,0,0,0,12.09,0,0,0,0,1,1,1,2,0,2,1,1,2,0,1,0,0,0,0,0,1,0,0,0
95398,333.771,0.28,0.0029,0.02,7,0,0,0,0,59.189,21.2747,0,0,0,0,17.8829,0,19.3816,0,0,0,0,20.35,0,0,0,0,0,0,0,3,1,0,0,0,0,1,0,1,0,0,0,0,1,0,0,0
95399,380.5636,0.38,0.0043,0.02,10,0,0,0,0,30.1277,0,17.2514,54.4139,0,19.6581,0,0,14.8005,0,0,0,0,15.54,11.66,0,0,0,0,0,0,2,0,1,3,0,1,0,0,1,0,0,0,0,1,1,0,0
95400,427.338,0.23,0.002,0.02,12,0,0,29.4898,16.308,13.3384,14.3829,30.5433,0,0,0,0,12.6223,13.1052,13.5499,0,13.76,0,0,0,0,0.83,0,0,2,1,1,1,2,0,0,0,0,1,1,1,0,1,0,0,0,0,1
95401,350.0564,0.02,0,0.01,6,0,21.2449,0,0,89.5945,0,0,0,0,0,0,0,0,0,0,0,0,0,0,0,1.39,0,1,0,0,4,0,0,0,0,0,0,0,0,0,0,0,0,0,0,0,1
95402,385.6078,0.2,0.002,0.02,13,0,13.1442,30.642,0,55.4344,29.8877,31.7422,0,0,0,0,0,0,0,14.3,0,14.3,0,0,0,0,0,1,2,0,4,2,2,0,0,0,0,0,0,0,1,0,1,0,0,0,0
95403,358.5447,0.15,0.001,0.02,10,0,12.4775,14.544,0,13.151,0,15.0607,0,16.5293,17.1618,11.9249,12.448,0,13.3628,0,0,0,0,0,0,0.81,0,1,1,0,1,0,1,0,1,1,1,1,0,1,0,0,0,0,0,0,1
95404,746.5035,0.18,0.0014,0.02,21,0,37.8141,14.694,16.2547,53.1531,14.3271,76.0955,0,16.6999,17.3389,0,0,0,0,0,0,13.71,0,0,0,2.47,0,3,1,1,4,1,5,0,1,1,0,0,0,0,0,0,1,0,0,0,3
95405,497.0014,0.22,0.0018,0.03,13,0,12.2155,14.2385,0,0,27.7693,14.7499,31.0081,0,0,11.67,12.1819,0,0,26.57,0,0,0,0,0,1.59,0,1,1,0,0,2,1,2,0,0,1,1,0,0,2,0,0,0,0,0,2
95406,584.1835,0.25,0.0016,0.02,13,0,0,18.4291,40.7672,0,0,38.1736,0,41.896,21.7495,30.2208,15.7686,0,16.9275,0,0,0,0,0,0,1.03,0,0,1,2,0,0,2,0,2,1,2,1,0,1,0,0,0,0,0,0,1
95407,468.718,0.33,0.0024,0.01,6,0,29.9709,0,0,0,0,36.1827,38.0423,0,0,28.639,0,31.0392,32.0923,0,0,0,0,0,0,0,0,1,0,0,0,0,1,1,0,0,1,0,1,1,0,0,0,0,0,0,0
95408,651.5926,0.32,0.0028,0.02,17,0,0,60.3462,0,0,14.7104,0,49.2861,51.4481,0,12.373,0,13.41,13.865,0,0,0,14.08,0,0,1.69,0,0,4,0,0,1,0,3,3,0,1,0,1,1,0,0,0,1,0,0,2
95409,458.5496,0.25,0.003,0.02,10,0,0,16.3874,18.128,14.8183,15.9787,0,17.8423,0,0,26.8727,0,0,0,0,0,0,0,0,11.47,1.83,0,0,1,1,1,1,0,1,0,0,2,0,0,0,0,0,0,0,0,1,2
95410,580.2594,0.45,0.0048,0.03,19,0,11.319,39.586,29.1956,11.936,0,27.3387,28.7438,0,0,0,22.5843,11.7242,12.122,12.31,12.31,0,0,0,9.23,0.74,0,1,3,2,1,0,2,2,0,0,0,2,1,1,1,1,0,0,0,1,1
95411,654.2842,0.09,0.0005,0.02,16,0,28.4951,66.4339,18.371,30.0436,32.3963,0,18.0835,0,0,0,0,14.7624,0,0,0,0,0,0,0,2.79,0,2,4,1,2,2,0,1,0,0,0,0,1,0,0,0,0,0,0,0,3
95412,326.556,0.12,0.0011,0.03,14,0,11.3419,66.0909,14.6245,47.8217,12.8916,0,0,15.0267,0,0,0,0,0,0,0,12.33,0,0,0,0,0,1,5,1,4,1,0,0,1,0,0,0,0,0,0,0,1,0,0,0,0
95413,11011.5705,1.49,0.0058,0.02,436,0,327.6797,1586.557,1121.2954,1833.5475,1189.1456,91.2968,15.9981,0,0,0,12.5764,26.1057,0,0,0,13.71,0,10.28,0,0,0,26,108,69,138,83,6,1,0,0,0,1,2,0,0,0,1,0,1,0,0
95414,7467.6106,1.19,0.0033,0.03,299,0,46.0804,308.8583,609.0472,1396.7159,1126.2971,250.3633,14.6209,30.5326,31.7008,33.0329,11.494,0,0,12.53,0,0,0,0,0,1.5,0,4,23,41,115,86,18,1,2,2,3,1,0,0,1,0,0,0,0,0,2
