NASA Data Processing/CAMP2Ex/FCDP/CAMP2Ex-HawkFCDP_P3B_20190916_R1.ict
79, 1001
Lawson, Paul
SPEC Inc
Hawkeye-FCDP on P3-B
CAMP2Ex 2019
1, 1
2019,09,16, 2021,01,13
1
Time_Start, seconds, elapsed time from 00:00:00 UTC
47
1,1,1,1,1,1,1,1,1,1,1,1,1,1,1,1,1,1,1,1,1,1,1,1,1,1,1,1,1,1,1,1,1,1,1,1,1,1,1,1,1,1,1,1,1,1,1
-9.99e+002,-9.99e+002,-9.99e+002,-9.99e+002,-9.99e+002,-9.99e+002,-9.99e+002,-9.99e+002,-9.99e+002,-9.99e+002,-9.99e+002,-9.99e+002,-9.99e+002,-9.99e+002,-9.99e+002,-9.99e+002,-9.99e+002,-9.99e+002,-9.99e+002,-9.99e+002,-9.99e+002,-9.99e+002,-9.99e+002,-9.99e+002,-9.99e+002,-9.99e+002,-9.99e+002,-9.99e+002,-9.99e+002,-9.99e+002,-9.99e+002,-9.99e+002,-9.99e+002,-9.99e+002,-9.99e+002,-9.99e+002,-9.99e+002,-9.99e+002,-9.99e+002,-9.99e+002,-9.99e+002,-9.99e+002,-9.99e+002,-9.99e+002,-9.99e+002,-9.99e+002,-9.99e+002
conc, #/L, CldMicro_NumSizeDist_InSitu_Optical_Drop_AMB, particle number concentration
ext,  1/km, CldOpt_Extinction_InSitu_IR, extinction of the particles
twc,  g/m3, CldMicro_TWC_InSitu_Optical_Drop_AMB, total water content across instrument size range
sv, liter, none, sample volume
CNT, #, none, accepted or rejected event count in this second. negative means rejected particle numbers. 
cbin01, #/liter/um, CldMicro_NumSizeDist_InSitu_Optical_Drop_AMB, concentration of size ( 0.00 - 1.5 um)    
cbin02, #/liter/um, CldMicro_NumSizeDist_InSitu_Optical_Drop_AMB, concentration of size ( 1.5  - 3.0 um)    
cbin03, #/liter/um, CldMicro_NumSizeDist_InSitu_Optical_Drop_AMB, concentration of size ( 3.0  - 4.5 um)    
cbin04, #/liter/um, CldMicro_NumSizeDist_InSitu_Optical_Drop_AMB, concentration of size ( 4.5  - 6.0 um)    
cbin05, #/liter/um, CldMicro_NumSizeDist_InSitu_Optical_Drop_AMB, concentration of size ( 6.0  - 8.0 um)    
cbin06, #/liter/um, CldMicro_NumSizeDist_InSitu_Optical_Drop_AMB, concentration of size ( 8.0  -10.0 um)    
cbin07, #/liter/um, CldMicro_NumSizeDist_InSitu_Optical_Drop_AMB, concentration of size ( 10.0 -12.0 um)    
cbin08, #/liter/um, CldMicro_NumSizeDist_InSitu_Optical_Drop_AMB, concentration of size ( 12.0 -14.0 um)    
cbin09, #/liter/um, CldMicro_NumSizeDist_InSitu_Optical_Drop_AMB, concentration of size ( 14.0 -16.0 um)   
cbin10, #/liter/um, CldMicro_NumSizeDist_InSitu_Optical_Drop_AMB, concentration of size ( 16.0 -18.0 um)    
cbin11, #/liter/um, CldMicro_NumSizeDist_InSitu_Optical_Drop_AMB, concentration of size ( 18.0 -21.0 um)    
cbin12, #/liter/um, CldMicro_NumSizeDist_InSitu_Optical_Drop_AMB, concentration of size ( 21.0 -24.0 um)    
cbin13, #/liter/um, CldMicro_NumSizeDist_InSitu_Optical_Drop_AMB, concentration of size ( 24.0 -27.0 um)    
cbin14, #/liter/um, CldMicro_NumSizeDist_InSitu_Optical_Drop_AMB, concentration of size ( 27.0 -30.0 um)    
cbin15, #/liter/um, CldMicro_NumSizeDist_InSitu_Optical_Drop_AMB, concentration of size ( 30.0 -33.0 um)    
cbin16, #/liter/um, CldMicro_NumSizeDist_InSitu_Optical_Drop_AMB, concentration of size ( 33.0 -36.0 um)    
cbin17, #/liter/um, CldMicro_NumSizeDist_InSitu_Optical_Drop_AMB, concentration of size ( 36.0 -39.0 um)    
cbin18, #/liter/um, CldMicro_NumSizeDist_InSitu_Optical_Drop_AMB, concentration of size ( 39.0 -42.0 um)    
cbin19, #/liter/um, CldMicro_NumSizeDist_InSitu_Optical_Drop_AMB, concentration of size ( 42.0 -46.0 um)    
cbin20, #/liter/um, CldMicro_NumSizeDist_InSitu_Optical_Drop_AMB, concentration of size ( 46.0 -50.0 um)    
[...]
INSTRUMENT_INFO: Hawkeye-FCDP SN02: Hawkeye- Fast Cloud Droplet Probe measuring size 1-50 microns in 20 bins with one overflow bin for particles >50um: concentration, extinction, liquid water content, see http://www.specinc.com/hawkeye-combination-cloud-particle_probe
DATA_INFO: Concentration (#/L), Extinction (1/km), LWC (g/m^3), Sample Volume (L), Total Counts, Concentration 21 Bins (#/L/um), Particle Counts 21 Bins
UNCERTAINTY: variables are not calculated
ULOD_FLAG: -7777
ULOD_VALUE: n/a
LLOD_FLAG: -8888
LLOD_VALUE: n/a
DM_CONTACT_INFO: Sarah Woods, SPEC Inc, 3022 Sterling Circle, Suite 200, Boulder, CO 80301, 303-449-1105, swoods@specinc.com
PROJECT_INFO: CAMP2Ex Campaign, 2019-08-24--2019-10-07
STIPULATIONS_ON_USE: Please contact PI or DM for stipulations or assistance interpreting and analyzing data.
OTHER_COMMENTS: For R0, P3 Nav TAS is used to calculate the sample volume; Adaptive2 shattering removal is applied. Extinction coefficient is also calculated assuming particles are spheres. software version: SP3Cv40
REVISION: R1
R1: Final Data with Correction Applied to FCDP 1Hz Bin Concentrations: FCDP Conc (#/L/um)= FCDP Conc * [Bin Center /30 ^ 0.3] 
Time_Start,conc,ext,twc,sv,CNT,cbin01,cbin02,cbin03,cbin04,cbin05,cbin06,cbin07,cbin08,cbin09,cbin10,cbin11,cbin12,cbin13,cbin14,cbin15,cbin16,cbin17,cbin18,cbin19,cbin20,cbin21,nbin01,nbin02,nbin03,nbin04,nbin05,nbin06,nbin07,nbin08,nbin09,nbin10,nbin11,nbin12,nbin13,nbin14,nbin15,nbin16,nbin17,nbin18,nbin19,nbin20,nbin21
[from data line 29487]
107762,120073.9696,94.08,0.6843,0.01,1934,0,303.9292,177.132,111.9689,503.504,2813.3944,2778.278,2011.6739,3193.0292,4091.7346,8070.8911,11240.4081,5868.9929,2185.4601,1156.89,330.54,94.44,165.27,35.42,17.71,8.5,0,14,7,4,22,114,106,73,111,137,389,519,261,94,49,14,4,7,2,1,6
107763,139225.672,120.74,0.9134,0.01,1158,0,82.4325,384.3272,318.8636,304.1523,1780.4049,1791.3602,1569.5227,1037.6362,3912.4339,8232.4437,17968.3614,7855.0995,2295.2476,1524.01,672.36,224.12,134.47,100.85,33.62,0,0,2,8,6,7,38,36,30,19,69,209,437,184,52,34,15,5,3,3,1,0
107764,122705.2591,81.96,0.5707,0.01,1374,0,263.4485,460.6161,721.8461,1770.5522,9171.6688,5208.3239,2173.6785,1876.3112,4032.1195,5948.2632,10611.4971,4331.9494,1269.622,1253.49,286.51,143.26,35.81,53.72,0,2.15,0,8,12,17,51,245,131,52,43,89,189,323,127,36,35,8,4,1,2,0,1
107765,130405.5589,106.1,0.775,0.01,1939,0,186.3766,325.8674,240.317,835.0633,1959.8217,1997.0446,1981.3894,2130.0426,4583.3462,7503.4533,15827.8992,6418.9547,2095.8201,1494.89,278.71,126.69,50.67,76.01,0,6.08,0,8,12,8,34,74,71,67,69,143,337,681,266,84,59,11,5,2,4,0,4
107766,133762.952,100.72,0.7329,0.01,1548,0,216.2325,576.105,716.9554,1888.8139,6320.8747,3729.4941,1607.6739,2333.1057,2422.3768,6642.5335,14052.7117,6303.3126,2381.9137,1511.78,302.36,100.79,67.19,50.39,0,6.05,0,7,16,18,58,180,100,41,57,57,225,456,197,72,45,9,3,2,2,0,3
107767,110514.8507,75.37,0.5373,0.01,1497,0,161.9365,346.0542,452.4105,1138.1299,6013.538,5930.4912,2980.5968,3397.4406,3119.0024,5674.7029,8966.2105,3047.1813,1445.219,1174.1,440.29,88.06,146.76,66.04,44.03,5.28,0,6,11,13,40,196,182,87,95,84,220,333,109,50,40,15,3,5,3,2,3
107768,158601.0006,135.16,0.9876,0.01,2065,0,183.6733,244.6752,67.6686,580.8976,2028.3076,1647.3027,1065.8222,1495.0236,2562.9855,9378.7345,24187.2968,8153.5097,2191.8411,1969,228.29,171.22,28.54,0,0,1.71,0,7,8,2,21,68,52,32,43,71,374,924,300,78,69,8,6,1,0,0,1
107769,120080.2096,93.3,0.6484,0,443,0,94.5193,110.173,121.8747,199.2871,3223.3834,1597.5838,1559.7106,3005.7725,3250.8151,8762.1121,14992.6841,4601.3587,2024.4666,822.34,0,102.79,0,0,0,0,0,1,1,1,2,30,14,13,24,25,97,159,47,20,8,0,1,0,0,0,0
107770,106224.304,83.75,0.6009,0.01,1819,0,473.4285,719.7816,636.9861,954.8049,2597.3306,1292.2693,1071.2691,1391.0066,2605.2786,6059.0055,14251.3103,4669.2467,1741.4947,738.74,246.25,67.16,44.77,16.79,0,1.34,0,23,30,24,44,111,52,41,51,92,308,694,219,79,33,11,3,2,1,0,1
107771,30439.0922,17.57,0.1191,0.02,690,0,432.0007,704.9644,735.2731,892.6367,2553.6732,959.6752,614.1702,366.3502,1093.5563,1222.0844,2154.8824,823.3427,351.6175,244.31,37.59,37.59,0,14.09,0,0,0,25,35,33,49,130,46,28,16,46,74,125,46,19,13,2,2,0,1,0,0
107772,39613.5494,10.18,0.0337,0.02,998,0,462.0636,937.5446,1323.9871,1605.7031,5291.5993,5186.0474,2606.8112,1655.3704,871.1277,278.042,68.2941,0,0,18.61,0,0,0,0,0,0,0,27,47,60,89,272,251,120,73,37,17,4,0,0,1,0,0,0,0,0,0
107773,97865.3531,46.2,0.2252,0.02,1937,0,76.8926,89.6271,49.5703,162.1219,4698.2983,7612.3633,6368.734,6928.2855,9044.6455,7183.3271,1936.9285,79.6408,20.5907,83.62,0,0,0,0,0,0,0,4,4,2,8,215,328,261,272,342,391,101,4,1,4,0,0,0,0,0,0
107774,86619.0637,37.87,0.174,0,349,0,0,0,0,200.9092,3574.5516,6097.173,8224.8072,11237.0246,6947.7693,3915.8145,665.4201,0,0,0,0,0,103.63,0,0,0,0,0,0,0,2,33,53,68,89,53,43,7,0,0,0,0,0,1,0,0,0
107775,42186.9625,9.72,0.0288,0.02,1080,0,219.9979,808.7495,654.622,1338.0504,9157.1744,6211.1831,2062.2283,358.78,349.232,97.0423,50.6449,70.1167,0,18.4,0,0,0,0,0,0,0,13,41,30,75,476,304,96,16,15,6,3,4,0,1,0,0,0,0,0,0
107776,36492.0031,11.45,0.0494,0.02,895,0,154.2541,839.07,596.6932,1264.8186,5825.6476,4386.8595,1479.4242,635.8962,1037.5001,868.152,581.3574,0,110.1322,55.92,0,0,0,0,0,0,0,9,42,27,70,299,212,68,28,44,53,34,0,6,3,0,0,0,0,0,0
107777,76108.4936,33.28,0.1605,0.01,1297,0,114.3343,426.4694,265.3689,940.187,5770.9174,5852.9229,5253.8902,4484.4374,5631.2783,4611.2712,1277.5259,331.6019,48.9805,74.61,0,0,0,0,0,0,0,5,16,9,39,222,212,181,148,179,211,56,14,2,3,0,0,0,0,0,0
107778,25387.1435,11.27,0.0633,0.01,415,0,122.9684,315.3318,570.7995,1011.1569,2991.4524,1840.9163,874.109,228.113,439.848,1245.7233,1373.9724,254.7421,52.6732,106.99,0,0,0,0,0,0,0,5,11,18,39,107,62,28,7,13,53,56,10,2,4,0,0,0,0,0,0
107779,7093.2396,3.36,0.0182,0.02,173,0,16.013,111.9896,61.9421,101.2915,564.3193,560.666,365.8876,190.9687,440.607,397.9059,287.5598,49.7636,34.2981,17.42,0,0,0,0,0,0,0,1,6,3,6,31,29,18,9,20,26,18,3,2,1,0,0,0,0,0,0
107780,5324.5295,2.67,0.0147,0.02,129,0,31.8834,92.9013,0,67.2218,326.1793,423.4025,182.1112,274.59,197.3733,457.0382,174.9319,82.5552,0,17.34,0,0,0,0,0,0,0,2,5,0,4,18,22,9,13,9,30,11,5,0,1,0,0,0,0,0,0
107781,1295.837,0.41,0.0017,0.02,34,0,0,18.3434,0,33.1844,232.5861,133.008,59.9308,62.5597,21.6483,45.1247,15.7044,0,0,0,0,0,0,0,0,0,0,0,1,0,2,13,7,3,3,1,3,1,0,0,0,0,0,0,0,0,0
107782,32834.6647,22.67,0.1482,0.02,690,0,85.2554,99.3748,65.9613,215.7145,1163.0278,823.4626,865.7831,632.6309,1360.5888,2346.6433,3844.4753,794.7798,255.6556,129.81,37.09,0,0,0,0,1.11,0,5,5,3,12,60,40,40,28,58,144,226,45,14,7,2,0,0,0,0,1
107783,61551.6501,42.87,0.2855,0.02,1184,0,111.9299,217.4468,240.5422,334.3381,2014.6495,1824.3384,1847.0548,1458.4154,2412.493,3957.9954,7090.7421,1623.1322,499.4648,284.04,81.15,40.58,0,0,15.22,1.22,0,6,10,10,17,95,81,78,59,94,222,381,84,25,14,4,2,0,0,1,1
107784,69993.8402,43.45,0.28,0.01,787,0,98.965,422.9593,340.2816,625.9792,4200.0051,3544.5987,2344.9349,2272.9502,2949.8975,3467.9331,5792.0905,1947.6195,600.5769,322.88,71.75,71.75,0,0,0,0,0,3,11,8,18,112,89,56,52,65,110,176,57,17,9,2,2,0,0,0,0
107785,72777.7094,41.37,0.2529,0.02,1430,0,191.4706,178.5467,246.8852,847.7942,4853.876,4137.9172,3256.8528,3044.525,3924.9321,3659.8208,4431.621,1388.286,635.6726,395.65,62.47,0,0,0,0,0,0,10,8,10,42,223,179,134,120,149,200,232,70,31,19,3,0,0,0,0,0
107786,73251.4465,51.24,0.3392,0.01,947,0,82.8923,257.6597,178.1377,378.683,1947.4596,2235.0928,2034.3016,2123.5364,3421.2186,4779.7045,7773.4903,2261.0018,769.3792,300.5,90.15,30.05,0,0,0,1.8,0,3,8,5,13,62,67,58,58,90,181,282,79,26,10,3,1,0,0,0,1
107787,127018.1644,87.71,0.5845,0.01,2149,0,341.564,646.9653,495.4718,1080.2593,3737.2441,4433.063,3875.0458,4356.1827,4464.1245,6753.1264,14120.0426,4068.6165,1165.9792,650.07,116.08,46.43,46.43,0,0,0,0,16,26,18,48,154,172,143,154,152,331,663,184,51,28,5,2,2,0,0,0
107788,151061.5793,109.66,0.7479,0,520,0,414.4062,483.0376,400.7536,436.8768,4357.5758,4753.046,4602.7982,4667.4216,4703.4788,6831.8552,17880.4827,7189.7908,1220.4643,450.69,225.34,225.34,0,0,0,0,0,4,4,3,4,37,38,35,34,33,69,173,67,11,4,2,2,0,0,0,0
107789,86993.3352,61.64,0.4081,0.01,1315,0,307.5106,165.4336,305.0038,598.5011,2662.1372,2284.7007,1561.3758,2256.7377,3189.2097,6126.4685,9864.1608,3307.7045,633.3191,180.08,102.9,25.73,0,0,0,0,0,13,6,10,24,99,80,52,72,98,271,418,135,25,7,4,1,0,0,0,0
107790,13515.7744,8.32,0.0527,0.02,298,0,325.6154,79.9007,88.3871,216.8002,584.4511,434.5037,326.3124,522.2864,447.9608,753.4114,1350.6542,337.2688,110.1223,18.64,0,0,0,0,0,0,0,19,4,4,12,30,21,15,23,19,46,79,19,6,1,0,0,0,0,0,0
107791,1727.3927,0.85,0.0048,0.02,41,0,16.4819,0,21.252,52.1321,206.1129,39.8018,83.6946,43.6829,45.3544,110.2678,98.6664,34.144,0,0,0,0,0,0,0,0,0,1,0,1,3,11,2,4,2,2,7,6,2,0,0,0,0,0,0,0,0
107792,35810.8984,25.87,0.1713,0.02,715,0,70.9757,62.045,68.6349,243.1797,685.8073,664.1002,900.9386,1081.5222,1489.0704,2441.928,4513.9408,1102.7428,266.0346,77.19,0,57.89,0,0,0,0,0,4,3,3,13,34,31,40,46,61,144,255,60,14,4,0,3,0,0,0,0
107793,142918.0553,109.36,0.7572,0.01,929,0,377.8242,440.3971,417.5773,625.9211,2883.8176,2932.4302,2740.5623,2646.2208,4306.8516,7479.7002,20084.8817,6485.2427,1040.4754,821.81,176.1,0,0,44.03,0,3.52,0,7,7,6,11,47,45,40,37,58,145,373,116,18,14,3,0,0,1,0,1
107794,181797.1652,144.53,1.025,0.01,2568,0,197.3783,488.8948,381.7601,806.3251,4263.202,3157.5048,2912.6358,3073.092,3869.5421,10139.3078,23703.3215,9915.6753,2668.7261,1368.47,161,53.67,0,0,0,0,0,8,17,12,31,152,106,93,94,114,430,963,388,101,51,6,2,0,0,0,0
107795,256704.497,212.77,1.5336,0.01,2634,0,335.8264,626.3069,909.3323,1203.7232,3321.318,2554.3284,2216.6852,3737.8718,7530.7897,15341.4359,33268.3459,14470.499,5358.7913,2337.46,146.09,0,0,0,0,0,0,10,16,21,34,87,63,52,84,163,478,993,416,149,64,4,0,0,0,0,0
107796,357808.9919,313.97,2.2989,0.01,2753,0,438.9107,51.1611,169.7792,601.5255,1496.8376,1218.7863,1448.5639,3722.106,7366.7448,23490.2473,51493.4638,21776.4652,8554.8894,2386.69,477.34,47.73,95.47,35.8,0,0,0,10,1,3,13,30,23,26,64,122,560,1176,479,182,50,10,1,2,1,0,0
107797,307785.3099,264.3,1.9436,0,1253,0,167.1822,0,107.7837,1233.7474,2660.7296,2825.8284,4138.2605,3987.4932,6210.0989,18294.6221,41029.7461,17922.999,6445.6178,4000.07,454.55,90.91,0,0,0,5.45,0,2,0,1,14,28,28,39,36,54,229,492,207,72,44,5,1,0,0,0,1
107798,324146.2119,265.58,1.8598,0.01,2410,0,414.5396,107.3756,178.1733,776.9212,1989.6885,2168.759,2806.4146,6103.1752,10392.2049,23154.3823,46042.596,15266.8122,5574.0237,1252.31,200.37,0,50.09,0,0,0,0,9,2,3,16,38,39,48,100,164,526,1002,320,113,25,4,0,1,0,0,0
107799,236094.9347,189.48,1.3404,0.01,2637,0,216.9084,252.8314,359.6011,1176.0383,2324.9059,3329.6337,3854.7602,6405.3168,8739.2752,13830.0436,27698.7777,12742.3442,5309.7123,1314.31,168.5,0,0,0,0,0,0,7,7,9,36,66,89,98,156,205,467,896,397,160,39,5,0,0,0,0,0
107800,223142.4188,180.5,1.3008,0.01,2198,0,105.4199,122.8788,90.6161,740.8999,4114.4325,3478.8126,4683.5204,5680.5034,7203.1217,12660.7555,23031.8471,13175.8829,5983.5531,1757.93,229.3,38.22,0,0,0,2.29,0,3,3,2,20,103,82,105,122,149,377,657,362,159,46,6,1,0,0,0,1
107801,0,0,0,0.02,0,0,0,0,0,0,0,0,0,0,0,0,0,0,0,0,0,0,0,0,0,0,0,0,0,0,0,0,0,0,0,0,0,0,0,0,0,0,0,0,0,0,0
107802,213937.8576,172.58,1.2246,0.01,2386,0,310.8024,434.7328,320.6064,1277.8662,3886.4874,3902.5037,2722.222,3500.5642,4746.2357,8435.8608,31409.7745,14164.9647,2329.979,709.83,169.01,101.41,0,25.35,0,2.03,0,10,12,8,39,110,104,69,85,111,284,1013,440,70,21,5,3,0,1,0,1
107803,158311.7629,121.58,0.8286,0.01,1189,0,0,215.6676,59.6421,438.8866,1735.2633,2568.945,2759.6885,3493.6681,6809.2268,11803.4299,20719.9388,5989.0827,891.6925,754.6,301.84,201.23,0,0,0,3.02,0,0,4,1,9,33,46,47,57,107,267,449,125,18,15,6,4,0,0,0,1
107804,90250.5465,65.8,0.4447,0.01,1550,0,165.4949,385.8063,240.068,479.7935,2234.0721,2147.9182,2100.7531,2055.8433,3415.2057,5773.0282,11515.9694,2657.0154,620.3305,674.94,112.49,0,45,0,0,0,0,8,16,9,22,95,86,80,75,120,292,558,124,28,30,5,0,2,0,0,0
107805,164283.871,130.22,0.9034,0.01,2313,0,196.4497,57.2434,63.3234,621.3069,2177.3628,1808.471,2275.4644,2765.7275,6249.8535,11053.5775,22415.5033,7732.2857,1814.5715,534.12,293.77,80.12,26.71,0,0,1.6,0,8,2,2,24,78,61,73,85,185,471,915,304,69,20,11,3,1,0,0,1
107806,111642.8594,85.72,0.5913,0.01,1787,0,262.5658,204.0335,112.8522,346.0092,2437.6067,1875.6041,2277.5186,2116.4861,3582.1684,7151.709,14275.9861,5258.0289,1101.3514,571.11,118.98,0,0,0,17.85,0,0,12,8,4,15,98,71,82,73,119,342,654,232,47,24,5,0,0,0,1,0
107807,81246.845,52.59,0.3542,0.02,1493,0,161.3618,493.7232,546.1625,893.0891,5778.1646,4432.0639,2201.9009,1496.6888,1637.21,3296.3361,6922.1122,3697.9466,1123.2616,394.85,87.74,0,0,0,0,0,0,8,21,21,42,252,182,86,56,59,171,344,177,52,18,4,0,0,0,0,0
107808,249505.4927,201.77,1.4075,0.01,2924,0,58.682,307.808,189.1639,927.9795,2301.4849,2019.2027,2607.1614,4820.986,7871.4703,16909.1571,35799.4925,12126.3229,3016.6114,989.22,127.64,191.46,31.91,0,0,0,0,2,9,5,30,69,57,70,124,195,603,1223,399,96,31,4,6,1,0,0,0
107809,173171.2762,137.79,0.9753,0.01,2094,0,172.1567,267.5575,36.9969,453.7307,2087.5186,2632.7477,3241.5316,4296.1897,7184.2901,11599.4679,19407.5365,8915.9932,2519.7266,1341.81,187.23,124.82,31.2,70.21,0,0,0,6,8,1,15,64,76,89,113,182,423,678,300,82,43,6,4,1,3,0,0
107810,158871.0985,125.85,0.889,0.01,2211,0,99.5489,29.0075,96.2714,209.8919,1527.7149,2253.4913,3317.0248,5474.0938,7566.6481,10822.0223,15567.1066,8171.5866,2931.777,1326.23,297.72,81.2,0,20.3,0,1.62,0,4,1,3,8,54,75,105,166,221,455,627,317,110,49,11,3,0,1,0,1
107811,166979.8075,133.56,0.9568,0.01,2325,0,49.7813,87.0441,160.4781,157.4496,1782.6766,2674.6513,4233.9615,4716.5304,8903.6405,10776.5021,14949.2951,8585.677,3865.3599,2111.54,162.43,54.14,0,20.3,0,0,0,2,3,5,6,63,89,134,143,260,453,602,333,145,78,6,2,0,1,0,0
107812,192083.0743,153.71,1.0859,0.01,2201,0,30.164,105.4786,155.5756,381.5911,2057.3661,2585.6117,4096.8879,5275.8067,7594.048,12770.6014,20462.5402,10279.1164,4167.15,1344.98,164.02,32.8,0,0,0,0,0,1,3,4,12,60,71,107,132,183,443,680,329,129,41,5,1,0,0,0,0
107813,225300.8693,178.98,1.2539,0.01,2640,0,118.1916,241.0901,76.1991,747.6014,2586.3831,3103.6044,3638.1783,6499.2782,8292.6722,14260.6397,27620.5307,11048.5715,3639.0591,1317.52,385.62,0,32.13,0,0,0,0,4,7,2,24,77,87,97,166,204,505,937,361,115,41,12,0,1,0,0,0
107814,253143.7982,199.85,1.3868,0.01,2821,0,62.052,180.8189,160.0216,523.3307,2786.2802,4007.9879,3190.02,6166.5715,10841.6162,17790.8246,29590.0972,13111.595,3555.2586,1585.87,134.97,0,0,0,0,2.02,0,2,5,4,16,79,107,81,150,254,600,956,408,107,47,4,0,0,0,0,1
107815,86122.1379,67.4,0.4708,0.01,1424,0,21.0426,147.1545,108.5247,266.1858,1363.3987,1041.5434,1655.9641,1979.5241,3936.8568,5670.7924,10369.6929,3726.8619,1171.7694,594.97,114.42,45.77,22.88,17.16,0,0,0,1,6,4,12,57,41,62,71,136,282,494,171,52,26,5,2,1,1,0,0
107816,35944.1789,31.17,0.2422,0.02,667,0,55.896,65.1531,24.0264,137.5002,889.5927,629.8639,543.976,444.3995,1230.3953,1798.5032,3624.6683,1910.6278,957.7974,567.38,344.48,81.05,40.53,0,0,0,0,3,3,1,7,42,28,23,18,48,101,195,99,48,28,17,4,2,0,0,0
107817,1123.8439,0.65,0.0038,0.02,25,0,0,0,0,0,133.2786,40.4456,0,66.5803,0,64.027,150.3846,0,0,0,0,0,0,0,0,0,0,0,0,0,0,7,2,0,3,0,4,9,0,0,0,0,0,0,0,0,0
107818,45.3401,0.01,0,0.01,1,0,0,0,0,22.6701,0,0,0,0,0,0,0,0,0,0,0,0,0,0,0,0,0,0,0,0,1,0,0,0,0,0,0,0,0,0,0,0,0,0,0,0,0
107819,0,0,0,0.02,0,0,0,0,0,0,0,0,0,0,0,0,0,0,0,0,0,0,0,0,0,0,0,0,0,0,0,0,0,0,0,0,0,0,0,0,0,0,0,0,0,0,0
107820,0,0,0,0.02,0,0,0,0,0,0,0,0,0,0,0,0,0,0,0,0,0,0,0,0,0,0,0,0,0,0,0,0,0,0,0,0,0,0,0,0,0,0,0,0,0,0,0
107821,37.6157,0.01,0,0.02,1,0,0,0,0,0,18.8079,0,0,0,0,0,0,0,0,0,0,0,0,0,0,0,0,0,0,0,0,1,0,0,0,0,0,0,0,0,0,0,0,0,0,0,0
107822,72.4997,0.01,0,0.02,2,0,0,0,0,17.442,18.8079,0,0,0,0,0,0,0,0,0,0,0,0,0,0,0,0,0,0,0,1,1,0,0,0,0,0,0,0,0,0,0,0,0,0,0,0
107823,113.8506,0.02,0,0.02,3,0,0,0,0,0,56.9253,0,0,0,0,0,0,0,0,0,0,0,0,0,0,0,0,0,0,0,0,3,0,0,0,0,0,0,0,0,0,0,0,0,0,0,0
107824,0,0,0,0.02,0,0,0,0,0,0,0,0,0,0,0,0,0,0,0,0,0,0,0,0,0,0,0,0,0,0,0,0,0,0,0,0,0,0,0,0,0,0,0,0,0,0,0
107825,2012.3226,1.9,0.0158,0.02,41,0,0,0,0,17.7199,57.3155,40.5862,0,22.272,46.2483,96.3744,201.2038,87.0411,71.9936,54.84,18.28,0,18.28,0,0,0,0,0,0,0,1,3,2,0,1,2,6,12,5,4,3,1,0,1,0,0,0
107826,9061.7565,6.3,0.0436,0.02,191,0,69.3068,60.5874,0,54.8011,551.4973,251.0219,219.9356,275.4998,238.3676,430.5346,864.2664,394.8327,129.8859,18.84,56.53,0,0,0,0,0,0,4,3,0,3,28,12,10,12,10,26,50,22,7,1,3,0,0,0,0,0
107827,28982.3371,21.02,0.1493,0.02,572,0,109.4472,85.0506,47.039,173.0757,1119.7747,1035.0973,949.361,676.7849,1129.3052,1656.178,2675.1375,774.6743,410.2483,456.29,158.71,19.84,0,0,0,0,0,6,4,2,9,54,47,41,28,45,95,147,41,21,23,8,1,0,0,0,0
107828,18239.2225,13.06,0.0956,0.02,379,0,70.4332,82.0978,227.05,129.9457,1201.0408,637.7828,312.9288,396.6553,484.5024,925.5795,1422.9295,729.568,339.4462,287.26,19.15,19.15,19.15,14.36,0,0,0,4,4,10,7,60,30,14,17,20,55,81,40,18,15,1,1,1,1,0,0
107829,159912.0909,112.06,0.7116,0.01,1110,0,460.4682,477.0946,395.8214,647.2534,3373.3793,2100.1976,2987.4832,3050.7307,7883.4625,16576.1042,18477.1959,3232.6924,767.1045,166.93,55.64,0,0,0,0,0,0,9,8,6,12,58,34,46,45,112,339,362,61,14,3,1,0,0,0,0,0
107830,202744.5069,147.43,0.9523,0.01,2655,0,160.7641,374.7777,172.7432,734.4181,2954.5196,2393.8188,3469.1628,3692.3451,9362.9188,21023.4589,24886.0154,4718.0389,1033.0111,378.82,87.42,29.14,0,0,0,0,0,6,12,5,26,97,74,102,104,254,821,931,170,36,13,3,1,0,0,0,0
