NASA Data Processing/CAMP2Ex/FCDP/CAMP2Ex-HawkFCDP_P3B_20190829_R1.ict
79, 1001
Lawson, Paul
SPEC Inc
Hawkeye-FCDP on P3-B
CAMP2Ex 2019
1, 1
2019,08,29, 2021,01,13
1
Time_Start, seconds, elapsed time from 00:00:00 UTC
47
1,1,1,1,1,1,1,1,1,1,1,1,1,1,1,1,1,1,1,1,1,1,1,1,1,1,1,1,1,1,1,1,1,1,1,1,1,1,1,1,1,1,1,1,1,1,1
-9.99e+002,-9.99e+002,-9.99e+002,-9.99e+002,-9.99e+002,-9.99e+002,-9.99e+002,-9.99e+002,-9.99e+002,-9.99e+002,-9.99e+002,-9.99e+002,-9.99e+002,-9.99e+002,-9.99e+002,-9.99e+002,-9.99e+002,-9.99e+002,-9.99e+002,-9.99e+002,-9.99e+002,-9.99e+002,-9.99e+002,-9.99e+002,-9.99e+002,-9.99e+002,-9.99e+002,-9.99e+002,-9.99e+002,-9.99e+002,-9.99e+002,-9.99e+002,-9.99e+002,-9.99e+002,-9.99e+002,-9.99e+002,-9.99e+002,-9.99e+002,-9.99e+002,-9.99e+002,-9.99e+002,-9.99e+002,-9.99e+002,-9.99e+002,-9.99e+002,-9.99e+002,-9.99e+002
conc, #/L, CldMicro_NumSizeDist_InSitu_Optical_Drop_AMB, particle number concentration
ext,  1/km, CldOpt_Extinction_InSitu_IR, extinction of the particles
twc,  g/m3, CldMicro_TWC_InSitu_Optical_Drop_AMB, total water content across instrument size range
sv, liter, none, sample volume
CNT, #, none, accepted or rejected event count in this second. negative means rejected particle numbers. 
cbin01, #/liter/um, CldMicro_NumSizeDist_InSitu_Optical_Drop_AMB, concentration of size ( 0.00 - 1.5 um)    
cbin02, #/liter/um, CldMicro_NumSizeDist_InSitu_Optical_Drop_AMB, concentration of size ( 1.5  - 3.0 um)    
cbin03, #/liter/um, CldMicro_NumSizeDist_InSitu_Optical_Drop_AMB, concentration of size ( 3.0  - 4.5 um)    
cbin04, #/liter/um, CldMicro_NumSizeDist_InSitu_Optical_Drop_AMB, concentration of size ( 4.5  - 6.0 um)    
cbin05, #/liter/um, CldMicro_NumSizeDist_InSitu_Optical_Drop_AMB, concentration of size ( 6.0  - 8.0 um)    
cbin06, #/liter/um, CldMicro_NumSizeDist_InSitu_Optical_Drop_AMB, concentration of size ( 8.0  -10.0 um)    
cbin07, #/liter/um, CldMicro_NumSizeDist_InSitu_Optical_Drop_AMB, concentration of size ( 10.0 -12.0 um)    
cbin08, #/liter/um, CldMicro_NumSizeDist_InSitu_Optical_Drop_AMB, concentration of size ( 12.0 -14.0 um)    
cbin09, #/liter/um, CldMicro_NumSizeDist_InSitu_Optical_Drop_AMB, concentration of size ( 14.0 -16.0 um)   
cbin10, #/liter/um, CldMicro_NumSizeDist_InSitu_Optical_Drop_AMB, concentration of size ( 16.0 -18.0 um)    
cbin11, #/liter/um, CldMicro_NumSizeDist_InSitu_Optical_Drop_AMB, concentration of size ( 18.0 -21.0 um)    
cbin12, #/liter/um, CldMicro_NumSizeDist_InSitu_Optical_Drop_AMB, concentration of size ( 21.0 -24.0 um)    
cbin13, #/liter/um, CldMicro_NumSizeDist_InSitu_Optical_Drop_AMB, concentration of size ( 24.0 -27.0 um)    
cbin14, #/liter/um, CldMicro_NumSizeDist_InSitu_Optical_Drop_AMB, concentration of size ( 27.0 -30.0 um)    
cbin15, #/liter/um, CldMicro_NumSizeDist_InSitu_Optical_Drop_AMB, concentration of size ( 30.0 -33.0 um)    
cbin16, #/liter/um, CldMicro_NumSizeDist_InSitu_Optical_Drop_AMB, concentration of size ( 33.0 -36.0 um)    
cbin17, #/liter/um, CldMicro_NumSizeDist_InSitu_Optical_Drop_AMB, concentration of size ( 36.0 -39.0 um)    
cbin18, #/liter/um, CldMicro_NumSizeDist_InSitu_Optical_Drop_AMB, concentration of size ( 39.0 -42.0 um)    
cbin19, #/liter/um, CldMicro_NumSizeDist_InSitu_Optical_Drop_AMB, concentration of size ( 42.0 -46.0 um)    
cbin20, #/liter/um, CldMicro_NumSizeDist_InSitu_Optical_Drop_AMB, concentration of size ( 46.0 -50.0 um)    
[...]
INSTRUMENT_INFO: Hawkeye-FCDP SN02: Hawkeye- Fast Cloud Droplet Probe measuring size 1-50 microns in 20 bins with one overflow bin for particles >50um: concentration, extinction, liquid water content, see http://www.specinc.com/hawkeye-combination-cloud-particle_probe
DATA_INFO: Concentration (#/L), Extinction (1/km), LWC (g/m^3), Sample Volume (L), Total Counts, Concentration 21 Bins (#/L/um), Particle Counts 21 Bins
UNCERTAINTY: variables are not calculated
ULOD_FLAG: -7777
ULOD_VALUE: n/a
LLOD_FLAG: -8888
LLOD_VALUE: n/a
DM_CONTACT_INFO: Sarah Woods, SPEC Inc, 3022 Sterling Circle, Suite 200, Boulder, CO 80301, 303-449-1105, swoods@specinc.com
PROJECT_INFO: CAMP2Ex Campaign, 2019-08-24--2019-10-07
STIPULATIONS_ON_USE: Please contact PI or DM for stipulations or assistance interpreting and analyzing data.
OTHER_COMMENTS: For R0, P3 Nav TAS is used to calculate the sample volume; Adaptive2 shattering removal is applied. Extinction coefficient is also calculated assuming particles are spheres. software version: SP3Cv40
REVISION: R1
R1: Final Data with Correction Applied to FCDP 1Hz Bin Concentrations: FCDP Conc (#/L/um)= FCDP Conc * [Bin Center /30 ^ 0.3] 
Time_Start,conc,ext,twc,sv,CNT,cbin01,cbin02,cbin03,cbin04,cbin05,cbin06,cbin07,cbin08,cbin09,cbin10,cbin11,cbin12,cbin13,cbin14,cbin15,cbin16,cbin17,cbin18,cbin19,cbin20,cbin21,nbin01,nbin02,nbin03,nbin04,nbin05,nbin06,nbin07,nbin08,nbin09,nbin10,nbin11,nbin12,nbin13,nbin14,nbin15,nbin16,nbin17,nbin18,nbin19,nbin20,nbin21
[from data line 21225]
101555,7071.5509,6.18,0.0605,0.03,232,0,11.1259,25.9316,14.3459,93.821,644.9443,429.782,296.5416,176.8842,76.5239,85.0559,166.4651,138.2714,154.8783,254.06,145.18,48.39,60.49,45.37,18.15,1.45,0,1,2,1,8,51,32,21,12,5,8,15,12,13,21,12,4,5,5,2,2
101556,7009.7981,7.89,0.0871,0.03,218,0,22.0402,51.3862,56.844,0,338.2626,266.1123,153.8888,131.4306,121.2964,168.5213,230.8881,205.4738,153.4406,239.72,71.91,119.86,71.91,62.93,98.88,3.6,0,2,4,4,0,27,20,11,9,8,16,21,18,13,20,6,10,6,7,11,5
101557,9246.5748,12.01,0.1351,0.03,277,0,22.408,26.1191,43.334,35.4333,292.9189,270.5158,127.993,103.9114,184.951,182.0191,368.8339,324.916,191.9731,280.23,268.05,207.13,121.84,137.07,100.52,2.92,0,2,2,3,3,23,20,9,7,12,17,33,28,16,23,22,17,10,15,11,4
101558,14201.1801,18.72,0.2026,0.03,415,0,67.031,13.022,43.2154,11.7809,127.007,121.3961,170.1826,88.8198,338.1422,480.4837,735.613,486.0358,466.6241,583.22,364.51,255.16,157.96,227.82,91.13,4.37,0,6,1,3,1,10,9,12,6,22,45,66,42,39,48,30,21,13,25,10,6
101559,13185.5029,16.33,0.171,0.03,383,0,45.0965,26.2852,43.6126,83.2032,230.7046,204.182,143.1196,44.8201,294.7106,301.7073,438.6691,583.9154,519.2086,747.97,367.85,171.67,110.36,147.14,45.98,5.15,0,4,2,3,7,18,15,10,3,19,28,39,50,43,61,30,14,9,16,5,7
101560,17359.4693,22.89,0.238,0.03,481,0,11.6592,13.5901,0,24.5829,291.5531,253.3458,192.3746,77.2371,112.2643,178.2668,558.2411,917.7078,886.4242,1534.09,380.35,228.21,114.11,85.58,95.09,3.04,0,1,1,0,2,22,18,13,5,7,16,48,76,71,121,30,18,9,9,10,4
101561,8996.3132,10.91,0.118,0.03,277,0,33.8511,65.7587,29.0948,47.5826,513.0593,408.6674,100.2608,29.899,77.6118,129.3985,292.6693,198.683,326.2607,478.57,220.88,147.25,110.44,138.05,27.61,0.74,0,3,5,2,4,40,30,7,2,5,12,26,17,27,39,18,12,9,15,3,1
101562,9379.4325,12.04,0.1371,0.03,289,0,89.7701,39.2376,101.2806,82.809,331.6566,379.3304,113.9479,59.4731,200.6876,160.8584,235.0803,290.5719,240.343,317.29,207.46,244.07,109.83,183.05,82.37,2.2,0,8,3,7,7,26,28,8,4,13,15,21,25,20,26,17,20,9,20,9,3
101563,16388.7379,22.57,0.2455,0.03,458,0,45.5379,0,14.6778,0,142.3585,68.7243,187.8615,105.5928,219.2662,304.6423,692.7928,731.0919,633.9789,916.19,606.67,247.62,160.95,213.57,111.43,6.69,0,4,0,1,0,11,5,13,7,14,28,61,62,52,74,49,20,13,23,12,9
101564,15311.3968,18.7,0.2026,0.03,432,0,82.5521,41.2418,15.2054,49.7345,361.9763,512.5827,314.3683,218.7721,340.7143,293.0426,388.2535,354.2503,580.9807,846.51,410.43,192.39,102.61,240.48,86.57,6.93,0,7,3,1,4,27,36,21,14,21,26,33,29,46,66,32,15,8,25,9,9
101565,17397.9352,24.8,0.2833,0.03,506,0,91.1585,0,88.1559,84.0886,362.694,453.9828,144.637,135.8898,250.8236,315.8115,647.9545,318.6681,634.5599,780.72,582.44,359.38,396.55,316,130.12,3.72,0,8,0,6,7,28,33,10,9,16,29,57,27,52,63,47,29,32,34,14,5
101566,7044.2565,8.9,0.0944,0.03,208,0,0,12.8452,14.2095,11.6194,125.2719,93.1323,97.9186,87.6095,106.1248,242.2323,307.8325,216.8741,177.0249,335.58,203.74,179.77,95.88,89.89,8.99,2.88,0,0,1,1,1,10,7,7,6,7,23,28,19,15,28,17,15,8,10,1,4
101567,19012.0697,26.01,0.2743,0.03,504,0,11.9764,0,30.891,25.255,149.773,57.845,76.0223,63.4856,148.3083,286.1794,1027.631,980.11,743.9929,1185.39,664.34,390.79,234.47,127.01,78.16,5.47,0,1,0,2,2,11,4,5,4,9,25,86,79,58,91,51,30,18,13,8,7
101568,18308.0895,23.22,0.2436,0.03,505,0,35.5844,0,15.2944,50.0189,296.654,458.2753,301.1403,188.6131,212.1485,328.7557,662.6865,774.0553,533.5463,1135.24,606.32,399.91,219.31,116.1,58.05,5.42,0,3,0,1,4,22,32,20,12,13,29,56,63,42,88,47,31,17,12,6,7
101569,15936.1539,22.7,0.2495,0.03,442,0,69.0631,13.4186,44.5255,12.1364,170.0999,264.04,131.5023,61.0083,79.1804,209.0061,333.0128,584.2011,751.9495,1051.52,688.5,450.65,212.81,159.61,56.33,6.01,0,6,1,3,1,13,19,9,4,5,19,29,49,61,84,55,36,17,17,6,8
101570,4116.9025,4.2,0.0436,0.03,127,0,0,13.1828,29.166,47.6924,141.4178,191.1565,172.268,164.8385,124.4757,108.0884,33.8489,58.5734,72.6731,184.49,147.6,36.9,24.6,27.67,27.67,1.48,0,0,1,2,4,11,14,12,11,8,10,3,5,6,15,12,3,2,3,3,2
101571,1406.6916,1.01,0.0083,0.03,46,0,0,0,14.1147,11.5418,87.1266,132.1865,13.8972,0,90.3798,20.9235,76.4582,34.0202,0,35.72,35.72,11.91,0,0,0,0.71,0,0,0,1,1,7,10,1,0,6,2,7,3,0,3,3,1,0,0,0,1
101572,9927.4496,8.66,0.082,0.03,321,0,33.5155,26.0441,72.0317,47.1108,584.2421,553.0431,340.3731,281.283,353.5245,320.3283,378.9702,231.4556,131.619,315.92,85.06,121.51,48.6,27.34,63.79,1.46,0,3,2,5,4,46,41,24,19,23,30,34,20,11,26,7,10,4,3,7,2
101573,15724.6557,15.37,0.1522,0.03,492,0,33.9431,65.9462,131.3121,143.1484,746.0495,655.7299,517.0764,179.922,358.0364,627.2115,733.7417,386.7657,254.4739,467.62,184.59,246.12,209.2,36.92,101.52,2.95,0,3,5,9,12,58,48,36,12,23,58,65,33,21,38,15,20,17,4,11,4
101574,20611.6952,20.23,0.1843,0.03,607,0,34.8396,0,59.897,24.486,224.419,266.3861,486.4418,323.1302,926.6104,1764.6179,1482.8852,336.7926,310.9087,467.29,328.36,176.81,151.55,85.25,85.25,2.27,0,3,0,4,2,17,19,33,21,58,159,128,28,25,37,26,14,12,9,9,3
101575,19334.8405,17.41,0.1541,0.03,590,0,57.1419,26.6443,29.4742,60.2424,441.7302,524.3352,623.8189,636.0342,801.8817,1223.3235,1174.3739,319.6205,220.3136,584.18,298.31,186.44,74.58,65.25,46.61,2.98,0,5,2,2,5,34,38,43,42,51,112,103,27,18,47,24,15,6,7,5,4
101576,22353.3293,21.21,0.1842,0.03,646,0,11.7511,13.6973,15.1521,12.3884,120.2058,283.7041,596.5691,513.7578,678.8903,1336.2363,2637.3258,596.3253,150.9985,345.01,255.56,217.23,153.34,57.5,67.08,3.07,0,1,1,1,1,9,20,40,33,42,119,225,49,12,27,20,17,12,6,7,4
101577,16871.08,17.91,0.1816,0.03,515,0,102.951,13.3329,0,0,338.0954,814.8185,711.4897,469.8718,771.117,590.3385,502.1198,390.9944,220.5105,597.14,510.06,161.73,186.61,111.96,102.63,1.49,0,9,1,0,0,26,59,49,31,49,54,44,33,18,48,41,13,15,12,11,2
101578,101.8832,0.13,0.0013,0.03,3,0,0,0,0,0,0,0,0,0,0,10.4222,0,0,11.6789,0,11.86,0,0,0,0,0,0,0,0,0,0,0,0,0,0,0,1,0,0,1,0,1,0,0,0,0,0
101579,1977.3203,1.67,0.0165,0.03,63,0,11.0661,38.7017,0,0,100.6523,53.4489,126.4445,43.9997,91.3581,63.4646,66.2485,22.9246,11.8561,48.15,48.15,0,12.04,9.03,18.06,1.44,0,1,3,0,0,8,4,9,3,6,6,6,2,1,4,4,0,1,1,2,2
101580,1932.9366,2.08,0.0224,0.03,63,0,0,12.7112,14.0613,0,37.1906,118.5024,110.7498,28.8999,75.0143,62.5331,76.1555,56.4781,58.3945,11.86,23.72,11.86,11.86,17.79,35.58,0,0,0,1,1,0,3,9,8,2,5,6,7,5,5,1,2,1,1,2,4,0
101581,5432.1453,8.96,0.1095,0.03,159,0,33.0374,12.8345,0,23.2194,37.553,66.4744,69.8907,131.3168,75.748,63.1482,153.797,68.4405,47.1686,119.76,347.3,239.52,203.59,62.87,89.82,2.16,0,3,1,0,2,3,5,5,9,5,6,14,6,4,10,29,20,17,7,10,3
101582,11841.3458,21.21,0.2627,0.03,328,0,127.2532,13.4829,14.915,12.1945,78.9038,111.738,102.7897,122.6339,111.4041,99.5028,184.6555,107.8418,173.4503,616.49,754.88,629.07,264.21,217.03,217.03,3.02,0,11,1,1,1,6,8,7,8,7,9,16,9,14,49,60,50,21,23,23,4
101583,9218.4232,13.41,0.1605,0.03,255,0,33.7454,26.2263,14.5059,35.5754,127.8781,54.3222,142.7928,0,123.8095,150.5153,303.0074,244.6942,265.04,244.68,379.26,256.92,171.28,100.93,183.51,9.54,0,3,2,1,3,10,4,10,0,8,14,27,21,22,20,31,21,14,11,20,13
101584,15391.2649,23.13,0.2772,0.03,411,0,81.7061,13.6062,30.1026,24.6088,132.6933,140.9269,118.531,61.8693,224.8153,435.069,558.9566,193.4448,225.0108,482.39,596.64,698.2,279.28,276.11,209.46,14.47,0,7,1,2,2,10,10,8,4,14,39,48,16,18,38,47,55,22,29,22,19
101585,17058.2476,23.74,0.2687,0.03,467,0,46.4482,27.073,59.891,24.486,171.6121,98.1352,117.9241,138.4809,207.6872,355.1363,996.2864,637.4887,460.1347,479.9,505.16,505.16,277.84,189.44,217.85,10.61,0,4,2,4,2,13,7,8,9,13,32,86,53,37,38,40,40,22,20,23,14
101586,14592.8267,18.65,0.2092,0.03,419,0,58.8475,41.1561,91.0548,86.8545,347.8652,397.8695,313.738,62.381,194.3036,427.4325,751.4642,560.7812,352.9272,384,243.2,256,192,163.2,240,3.84,0,5,3,6,7,26,28,21,4,12,38,64,46,28,30,19,20,15,17,25,5
101587,9099.7499,13.07,0.1578,0.03,269,0,80.4097,40.1701,118.4897,36.3315,365.6278,221.8922,87.484,45.6648,47.4121,109.7844,458.3914,226.0649,221.4362,174.9,237.36,199.88,124.93,215.5,178.02,3,0,7,3,8,3,28,16,6,3,3,10,40,19,18,14,19,16,10,23,19,4
101588,2096.2043,2.2,0.0214,0.03,66,0,11.0201,0,0,0,50.1032,106.4168,27.9734,14.5962,45.4724,94.7663,153.8887,114.1277,23.604,47.93,23.97,11.98,23.97,8.99,17.97,0,0,1,0,0,0,4,8,2,1,3,9,14,10,2,4,2,1,2,1,2,0
101589,12255.0435,12.53,0.1253,0.03,374,0,22.2747,51.9274,71.8005,82.1887,455.7856,497.5145,141.3766,59.0264,61.2849,308.6759,855.5428,715.2342,250.4759,290.7,121.12,109.01,72.67,36.34,136.26,5.81,0,2,4,5,7,36,37,10,4,4,29,77,62,21,24,10,9,6,4,15,8
101590,10971.3088,12.93,0.144,0.03,334,0,124.1775,78.9522,116.4505,95.2104,423.4938,286.2204,200.6149,74.7922,77.654,151.0426,484.278,596.3539,278.068,245.55,184.16,159.61,73.66,92.08,193.37,5.16,0,11,6,8,8,33,21,14,5,5,14,43,51,23,20,15,13,6,10,21,7
101591,5935.7608,4.78,0.0478,0.03,202,0,33.1615,64.4243,99.7749,81.5747,464.9631,507.1578,182.4225,102.5306,182.4969,84.5199,187.4808,125.9567,59.1921,84.16,72.13,24.04,72.13,36.07,45.08,1.44,0,3,5,7,7,37,38,13,7,12,8,17,11,5,7,6,2,6,4,5,2
101592,70.1999,0.12,0.0014,0.03,2,0,0,0,0,0,0,0,0,0,0,0,0,0,11.61,0,0,11.79,0,0,0,0,0,0,0,0,0,0,0,0,0,0,0,0,0,1,0,0,1,0,0,0,0
101593,0,0,0,0.03,0,0,0,0,0,0,0,0,0,0,0,0,0,0,0,0,0,0,0,0,0,0,0,0,0,0,0,0,0,0,0,0,0,0,0,0,0,0,0,0,0,0,0
101594,5337.2259,4.18,0.0415,0.03,184,0,0,64.0545,70.8579,11.5871,562.2357,464.4328,181.3642,101.9458,151.2093,115.5404,175.4364,56.9258,47.0799,71.72,35.86,71.72,35.86,17.93,53.79,0.72,0,0,5,5,1,45,35,13,7,10,11,16,5,4,6,3,6,3,2,6,1
101595,14336.0707,15.03,0.157,0.03,436,0,45.5471,66.3642,58.7291,60.0227,453.054,398.6762,563.7091,256.5012,657.9419,576.7703,670.2269,283.0669,170.7226,185.76,247.67,284.83,148.6,157.89,111.45,5.2,0,4,5,4,5,35,29,39,17,42,53,59,24,14,15,20,23,12,17,12,7
101596,15495.4498,18.11,0.1908,0.03,457,0,35.12,13.6437,30.1915,24.6863,266.174,424.0389,520.1344,325.7701,612.0478,962.2417,642.3863,254.6564,188.0735,305.58,331.04,331.04,343.78,124.14,114.59,0,0,3,1,2,2,20,30,35,21,38,86,55,21,15,24,26,26,27,13,12,0
101597,14587.0975,13.02,0.1213,0.03,453,0,45.8827,80.2222,0,60.4621,469.4159,650.8749,640.6496,425.5634,710.1188,887.9419,480.6087,213.855,135.1246,311.87,237.02,199.59,137.22,65.49,46.78,2.25,0,4,6,0,5,36,47,44,28,45,81,42,18,11,25,19,16,11,7,5,3
101598,10662.3214,11.02,0.1202,0.03,341,0,56.6316,79.2148,87.6283,119.4055,1017.1712,574.3279,215.656,75.044,218.153,129.8994,225.9897,93.8509,157.6848,369.54,381.86,172.45,86.23,110.86,73.91,2.96,0,5,6,6,10,79,42,15,5,14,12,20,8,13,30,31,14,7,12,8,4
101599,0,0,0,0.03,0,0,0,0,0,0,0,0,0,0,0,0,0,0,0,0,0,0,0,0,0,0,0,0,0,0,0,0,0,0,0,0,0,0,0,0,0,0,0,0,0,0,0
101600,0,0,0,0.03,0,0,0,0,0,0,0,0,0,0,0,0,0,0,0,0,0,0,0,0,0,0,0,0,0,0,0,0,0,0,0,0,0,0,0,0,0,0,0,0,0,0,0
101601,0,0,0,0.03,0,0,0,0,0,0,0,0,0,0,0,0,0,0,0,0,0,0,0,0,0,0,0,0,0,0,0,0,0,0,0,0,0,0,0,0,0,0,0,0,0,0,0
101602,4158.7941,5.3,0.0606,0.03,127,0,0,25.7279,56.927,34.9098,138.0172,159.9027,70.0542,0,45.5568,94.9333,187.1872,68.5928,59.1035,84.02,144.04,108.03,96.03,72.02,27.01,2.16,0,0,2,4,3,11,12,5,0,3,9,17,6,5,7,12,9,8,8,3,3
101603,14812.7586,9.43,0.0825,0.03,501,0,34.8856,176.2049,209.912,257.4357,1784.5511,1347.7535,752.7923,246.5267,239.9615,377.8525,348.02,132.4903,87.1683,151.76,164.4,189.7,88.52,47.42,28.45,0,0,3,13,14,21,135,96,51,16,15,34,30,11,7,12,13,15,7,5,3,0
101604,21632.056,21.24,0.1913,0.03,636,0,11.5856,54.0174,44.816,24.4278,447.8067,475.5932,220.6048,184.227,318.7877,1206.9433,2774.0607,516.0368,359.8301,239.41,239.41,214.21,151.21,94.5,85.05,3.02,0,1,4,3,2,34,34,15,12,20,109,240,43,29,19,19,17,12,10,9,4
101605,20303.3354,21.83,0.2058,0.03,586,0,34.5178,0,0,12.1299,156.9644,138.9213,262.9034,137.2219,633.1986,989.7032,2479.4743,488.6454,221.8104,475.52,337.87,312.84,175.19,75.08,93.85,4.5,0,3,0,0,1,12,10,18,9,40,90,216,41,18,38,27,25,14,8,10,6
101606,13775.1817,9.01,0.0665,0.03,448,0,0,39.6931,58.5454,95.7338,567.7756,753.7541,821.3135,436.1877,999.4574,900.4292,679.4642,82.3076,72.9389,148.14,37.04,24.69,24.69,46.29,27.78,0.74,0,0,3,4,8,44,55,57,29,64,83,60,7,6,12,3,2,2,5,3,1
101607,9117.3002,6.79,0.0563,0.03,298,0,22.6149,39.5377,58.3201,59.6026,527.0102,477.8061,559.7718,104.878,420.0128,378.2215,530.1804,269.3807,36.3267,98.38,24.59,86.08,61.49,27.67,18.45,0,0,2,3,4,5,41,35,39,7,27,35,47,23,3,8,2,7,5,3,2,0
101608,7068.4346,3.49,0.0221,0.01,74,0,76.2719,177.8072,147.5194,120.614,520.2299,644.599,338.8635,252.6592,262.3267,255.1326,190.2327,118.5088,40.8466,82.95,41.48,0,0,0,0,0,0,2,4,3,3,12,14,7,5,5,7,5,3,1,2,1,0,0,0,0,0
101609,7242.6499,3.65,0.0254,0.03,257,0,22.2195,64.7566,128.935,152.2733,719.9388,737.783,409.0033,191.391,244.5661,159.2766,177.3536,92.0698,59.4974,60.42,48.33,24.17,0,18.13,0,0.73,0,2,5,9,13,57,55,29,13,16,15,16,8,5,5,4,2,0,2,0,1
101610,11280.215,6.61,0.0518,0.03,395,0,55.6339,103.753,71.7353,187.6742,961.2702,900.017,734.4209,427.5453,596.9775,414.708,188.7008,92.1937,71.4914,72.6,96.8,84.7,12.1,9.08,45.38,0,0,5,8,5,16,76,67,52,29,39,39,17,8,6,6,8,7,1,1,5,0
101611,14781.5228,17.4,0.1861,0.03,427,0,119.7456,13.9598,30.8792,25.2486,231.4084,332.5127,425.6006,444.2696,741.3221,766.751,430.0555,297.6769,307.7773,377.66,299.52,312.55,117.21,175.81,156.27,0.78,0,10,1,2,2,17,23,28,28,45,67,36,24,24,29,23,24,9,18,16,1
101612,7494.7621,8.87,0.0951,0.03,234,0,44.4299,0,57.2886,11.7098,340.9107,187.7373,211.4853,117.736,183.3656,265.379,188.3706,207.0833,154.6321,277.83,229.51,108.72,84.56,126.83,27.18,0.72,0,4,0,4,1,27,14,15,8,12,25,17,18,13,23,19,9,7,14,3,1
101613,0,0,0,0.03,0,0,0,0,0,0,0,0,0,0,0,0,0,0,0,0,0,0,0,0,0,0,0,0,0,0,0,0,0,0,0,0,0,0,0,0,0,0,0,0,0,0,0
101614,0,0,0,0.03,0,0,0,0,0,0,0,0,0,0,0,0,0,0,0,0,0,0,0,0,0,0,0,0,0,0,0,0,0,0,0,0,0,0,0,0,0,0,0,0,0,0,0
101615,0,0,0,0.03,0,0,0,0,0,0,0,0,0,0,0,0,0,0,0,0,0,0,0,0,0,0,0,0,0,0,0,0,0,0,0,0,0,0,0,0,0,0,0,0,0,0,0
101616,11441.033,9.75,0.0975,0.03,381,0,78.6304,13.0917,28.9644,130.2624,625.6835,854.3686,570.3387,520.9381,525.4124,526.0215,224.1183,46.5349,60.1473,48.86,183.24,122.16,158.81,91.62,82.46,0,0,7,1,2,11,49,63,40,35,34,49,20,4,5,4,15,10,13,10,9,0
101617,10989.7052,11.4,0.12,0.03,347,0,45.1839,0,0,11.9102,128.4077,518.2369,688.255,404.1281,839.1823,636.9395,247.9227,35.0964,72.5844,110.56,135.13,171.99,159.7,156.63,101.35,0,0,4,0,0,1,10,38,48,27,54,59,22,3,6,9,11,14,13,17,11,0
101618,1404.4259,1.36,0.0133,0.03,43,0,11.1443,0,0,0,0,67.2737,56.5849,44.3002,61.3271,95.856,33.3536,23.0865,23.8699,24.24,12.12,24.24,36.36,9.09,0,0.73,0,1,0,0,0,0,5,4,3,4,9,3,2,2,2,1,2,3,1,0,1
101619,0,0,0,0.03,0,0,0,0,0,0,0,0,0,0,0,0,0,0,0,0,0,0,0,0,0,0,0,0,0,0,0,0,0,0,0,0,0,0,0,0,0,0,0,0,0,0,0
101620,0,0,0,0.03,0,0,0,0,0,0,0,0,0,0,0,0,0,0,0,0,0,0,0,0,0,0,0,0,0,0,0,0,0,0,0,0,0,0,0,0,0,0,0,0,0,0,0
101621,0,0,0,0.03,0,0,0,0,0,0,0,0,0,0,0,0,0,0,0,0,0,0,0,0,0,0,0,0,0,0,0,0,0,0,0,0,0,0,0,0,0,0,0,0,0,0,0
101622,0,0,0,0.03,0,0,0,0,0,0,0,0,0,0,0,0,0,0,0,0,0,0,0,0,0,0,0,0,0,0,0,0,0,0,0,0,0,0,0,0,0,0,0,0,0,0,0
101623,204.1952,0.03,0.0001,0.03,9,0,21.8104,0,0,22.9932,49.5805,13.1661,0,0,0,0,0,0,0,0,0,0,0,0,0,0,0,2,0,0,2,4,1,0,0,0,0,0,0,0,0,0,0,0,0,0,0
101624,0,0,0,0.03,0,0,0,0,0,0,0,0,0,0,0,0,0,0,0,0,0,0,0,0,0,0,0,0,0,0,0,0,0,0,0,0,0,0,0,0,0,0,0,0,0,0,0
101625,0,0,0,0.03,0,0,0,0,0,0,0,0,0,0,0,0,0,0,0,0,0,0,0,0,0,0,0,0,0,0,0,0,0,0,0,0,0,0,0,0,0,0,0,0,0,0,0
101626,0,0,0,0.03,0,0,0,0,0,0,0,0,0,0,0,0,0,0,0,0,0,0,0,0,0,0,0,0,0,0,0,0,0,0,0,0,0,0,0,0,0,0,0,0,0,0,0
101627,11207.1581,7.4,0.0542,0.03,368,0,0,26.3978,58.3972,35.8081,1029.6935,437.4345,273.0735,75.0115,482.8832,1287.6932,530.8959,23.458,12.122,24.63,73.88,98.51,61.57,18.47,0,0,0,0,2,4,3,80,32,19,5,31,119,47,2,1,2,6,8,5,2,0,0
101628,7466.6261,8.45,0.0876,0.03,237,0,22.1092,25.7708,28.508,11.6517,263.9162,280.2923,210.497,102.5387,288.976,486.0112,220.5775,22.9056,35.5192,108.21,228.44,396.76,132.25,36.07,0,0,0,2,2,2,1,21,21,15,7,19,46,20,2,3,9,19,33,11,4,0,0
101629,6044.2689,2.28,0.0089,0.03,211,0,0,0,14.4763,0,165.9258,908.232,584.3448,728.9965,494.3019,75.117,11.2004,0,0,0,0,0,0,0,0,0,0,0,0,1,0,13,67,41,49,32,7,1,0,0,0,0,0,0,0,0,0
