NASA Data Processing/CAMP2Ex/OPTICAL/CAMP2Ex-LARGE-OPTICAL_P3B_20191003_R0.ict
100,1001
Luke Ziemba
NASA Langley
In-situ optical aerosol measurements from the NASA P3B
CAMP2Ex
1,1
2019,10,03,2020,05,5
1.0
Time_Mid,Secs after midnight,Time of acquisition
19
1,1,1,1,1,1,1,1,1,1,1,1,1,1,1,1,1,1,1
-9999,-9999,-9999,-9999,-9999,-9999,-9999,-9999,-9999,-9999,-9999,-9999,-9999,-9999,-9999,-9999,-9999,-9999,-9999
Sc550_total_amb, Mm-1, AerOpt_Scattering_InSitu_Green_RHa_Bulk_STP, scattering coefficient of ambient  particles at 550nm
Sc450_total, Mm-1, AerOpt_Scattering_InSitu_Blue_RHd_Bulk_STP, Dry Scattering at 450nm (Total Aerosols)
Sc550_total, Mm-1, AerOpt_Scattering_InSitu_Green_RHd_Bulk_STP, Dry Scattering at 550nm (Total Aerosols)
Sc700_total, Mm-1, AerOpt_Scattering_InSitu_Red_RHd_Bulk_STP, Dry Scattering at 700nm (Total Aerosols)
Abs470_total, Mm-1, AerOpt_Absorption_InSitu_Blue_RHd_Bulk_STP, Dry absorption at 470nm (Total Aerosols)
Abs532_total, Mm-1, AerOpt_Absorption_InSitu_Green_RHd_Bulk_STP, Dry absorption at 532nm (Total Aerosols)
Abs660_total, Mm-1, AerOpt_Absorption_InSitu_Red_RHd_Bulk_STP, Dry absorption at 660nm (Total Aerosols)
Ext532_total_amb, Mm-1, AerOpt_Extinction_InSitu_Green_RHa_Bulk_STP, extinction coefficient of aerosols at 532nm for AMBIENT relative humidity
Ext532_total_dry, Mm-1, AerOpt_Extinction_InSitu_Green_RHd_Bulk_STP, extinction coefficient of aerosols at 532nm for DRY relative humidity
gamma550, unitless, AerOpt_Gamma_InSitu_Green_None_Bulk_STP, derived optical hygroscopic growth factor for particles at 550nm
fRH550_RH20to80, unitless, AerOpt_fRHScat_InSitu_Green_RHsp_Bulk_STP, derived optical hygroscopic growth parameter for particles at 550nm
AEscatAMB_450to700nm,unitless, AerOpt_AngstromExponentScat_InSitu_BluetoRed_RHa_Bulk_STP, derived ambient Angstrom Exponent for scattering coefficient over wavelength range from 450nm to 700nm
AEscatDRY_450to700nm,unitless, AerOpt_AngstromExponentScatInSitu_BluetoRed_RHd_Bulk_STP, derived dry Angstrom Exponent for scattering coefficient over wavelength range from 450nm to 700nm
AEabsDRY_470to660nm,unitless, AerOpt_AngstromExponentAbs_InSitu_BluetoRed_RHd_Bulk_STP, derived dry Angstrom Exponent for absorption coefficient over wavelength range from 450nm to 700nm
SSA_dry_450nm,unitless, AerOpt_SSA_InSitu_Blue_RHd_Bulk_STP, single_scattering_albedo_at_450nm_as_derived_from_dry_scattering_and_absorption
SSA_dry_550nm,unitless, AerOpt_SSA_InSitu_Green_RHd_Bulk_STP, single_scattering_albedo_at_550nm_as_derived_from_dry_scattering_and_absorption
SSA_dry_700nm,unitless, AerOpt_SSA_InSitu_Red_RHd_Bulk_STP, single_scattering_albedo_at_700nm_as_derived_from_dry_scattering_and_absorption
SSA_amb_550nm,unitless, AerOpt_SSA_InSitu_Green_RHa_Bulk_STP, single_scattering_albedo_at_550nm_as_derived_from_ambient_scattering_and_absorption
stdPT,unitless, None, Conversion factor to convert between ambient and standard pressure and temperature conditions
0
67
******************************************************************************************************************
Langley Aerosol data from the 2019 CAMP2Ex field campaign
 
PI_CONTACT_INFO: luke.ziemba@nasa.gov
PLATFORM: NASA P3B aircraft
LOCATION: Latitude, Longitude, and Altitude included in MetNav files
[...]
UNCERTAINTY: estimated uncertainties for directly measured properties
	- For dry scattering, accuracy estimated at 30% for all wavelengths; precision estimated at 4.5 Mm-1 for 450nm wavelength and 3 Mm-1 for 550nm and 700nm wavelengths
	- For dry absorption, accuracy estimated at 15% for all wavelengths; precision is a function of pressure and is estimated to vary from 0.5 Mm-1 near the surface to 2 at high altitude
	- For derived parameters, please contact the PI for a more detailed discussion of uncertainty
ULOD_FLAG: -7777
ULOD_VALUE: N/A
LLOD_FLAG: -8888
LLOD_VALUE: N/A
DM_CONTACT_INFO: Michael Shook (michael.shook@nasa.gov)
PROJECT_INFO: CAMP2Ex 2019
STIPULATIONS_ON_USE: This is FINAL data. Users are strongly encouraged to consult the PI and/or DM prior to use.
OTHER_COMMENTS: N/A
REVISION: R0
R0: STP and ambient parameter calculations now use data from their respective publicly available files, data is time synced to DLH
RD: Correction factor applied to raw scattering data, which also affects the absorption data via the Virkkula correction
RC: Higher threshholds required for calculating intensive parameters; absorption smoothing algorithm applied
RB: Time sync to LARGE CNgt3nm applied
RA: None
******************************************************************************************************************
Time_Mid,Sc550_total_amb,Sc450_total,Sc550_total,Sc700_total,Abs470_total,Abs532_total,Abs660_total,Ext532_total_amb,Ext532_total_dry,gamma550,fRH550_RH20to80,AEscatAMB_450to700nm,AEscatDRY_450to700nm,AEabsDRY_470to660nm,SSA_dry_450nm,SSA_dry_550nm,SSA_dry_700nm,SSA_amb_550nm,stdPT
[from data line 3724]
86268,15.81,14.83,8.45,8.26,0.37,0.61,2.02,17.62,9.60,0.31,1.54,1.76,1.79,-9999,-9999,-9999,-9999,-9999,1.131
86269,18.44,17.92,9.66,10.33,0.29,0.40,2.17,20.21,10.67,0.33,1.58,1.80,1.77,-9999,-9999,-9999,-9999,-9999,1.131
86270,19.92,10.20,10.76,9.90,-0.03,0.01,1.61,21.39,11.47,0.31,1.53,1.76,1.75,-9999,-9999,-9999,-9999,-9999,1.131
86271,14.25,14.36,14.35,10.93,-0.02,0.14,0.61,15.41,15.43,-0.00,0.99,1.73,1.73,-9999,-9999,-9999,-9999,-9999,1.130
86272,16.22,15.94,13.18,9.37,0.11,0.24,-0.38,17.62,14.27,0.11,1.16,1.67,1.71,-9999,-9999,-9999,-9999,-9999,1.130
86273,13.81,16.83,11.87,7.59,0.45,0.30,-0.55,15.10,12.93,0.08,1.12,1.67,1.72,-9999,-9999,-9999,-9999,-9999,1.130
86274,17.23,15.78,10.03,6.46,0.27,0.30,-0.14,18.74,11.00,0.28,1.48,1.67,1.72,-9999,-9999,-9999,-9999,-9999,1.129
86275,15.61,14.95,10.59,7.17,0.10,0.40,-0.07,17.07,11.69,0.20,1.33,1.63,1.72,-9999,-9999,-9999,-9999,-9999,1.129
86276,13.26,13.97,13.68,5.96,0.07,0.34,-0.21,14.46,14.91,-0.02,0.98,1.62,1.69,-9999,-9999,-9999,-9999,-9999,1.128
86277,9.21,14.66,10.53,7.43,-0.15,-0.09,-0.38,9.71,11.12,-0.07,0.91,1.62,1.72,-9999,-9999,-9999,-9999,-9999,1.128
86278,9.32,14.58,9.84,6.43,-0.37,-0.01,-0.86,9.90,10.47,-0.03,0.96,1.62,1.71,-9999,-9999,-9999,-9999,-9999,1.127
86279,9.10,14.49,9.15,5.42,-0.24,0.28,-0.37,9.95,10.01,-0.00,1.00,1.65,1.72,-9999,-9999,-9999,-9999,-9999,1.127
86280,10.11,11.49,9.04,7.78,-0.12,0.52,0.48,11.23,10.13,0.06,1.09,1.61,1.71,-9999,-9999,-9999,-9999,-9999,1.127
86281,10.89,17.25,10.84,9.70,-0.12,0.66,1.32,12.19,12.16,0.00,1.00,1.55,1.70,-9999,-9999,-9999,-9999,-9999,1.127
86282,10.82,18.51,11.14,9.97,-0.33,0.65,1.38,12.10,12.47,-0.02,0.98,1.52,1.69,-9999,-9999,-9999,-9999,-9999,1.126
86283,11.76,19.75,11.45,10.23,-0.37,0.46,0.93,12.89,12.60,0.01,1.02,1.49,1.68,-9999,-9999,-9999,-9999,-9999,1.126
86284,13.04,14.28,9.44,6.57,-0.39,0.29,0.45,14.10,10.30,0.18,1.28,1.50,1.70,-9999,-9999,-9999,-9999,-9999,1.126
86285,13.84,13.35,8.16,6.04,-0.74,0.41,0.51,15.11,9.06,0.29,1.50,1.50,1.74,-9999,-9999,-9999,-9999,-9999,1.125
86286,13.26,14.65,12.98,9.71,-0.61,0.69,0.59,14.80,14.48,0.01,1.02,1.51,1.82,-9999,-9999,-9999,-9999,-9999,1.126
86287,11.98,12.56,10.12,5.41,-0.07,0.90,0.71,13.63,11.69,0.09,1.14,1.50,1.88,-9999,-9999,-9999,-9999,-9999,1.125
86288,15.60,17.72,10.99,6.38,0.11,0.87,0.60,17.43,12.61,0.19,1.31,1.49,1.90,-9999,-9999,-9999,-9999,-9999,1.125
86289,15.68,13.60,7.95,4.78,0.28,0.85,0.74,17.44,9.35,0.38,1.70,1.46,1.94,-9999,-9999,-9999,-9999,-9999,1.124
86290,14.83,18.71,12.79,6.63,0.46,0.85,0.89,16.51,14.54,0.08,1.12,1.42,1.92,-9999,-9999,-9999,-9999,-9999,1.124
86291,18.46,14.33,11.51,7.14,0.60,0.95,1.01,20.44,13.30,0.27,1.45,1.39,1.97,-9999,-9999,-9999,-9999,-9999,1.124
86292,14.81,20.84,13.10,4.45,0.43,0.97,0.65,16.62,15.07,0.07,1.10,1.38,1.96,-9999,-9999,-9999,-9999,-9999,1.124
86293,15.29,15.50,10.73,6.37,0.35,1.01,0.60,17.18,12.58,0.20,1.32,1.41,2.00,-9999,-9999,-9999,-9999,-9999,1.123
86294,14.83,18.98,13.43,5.75,0.67,0.87,0.49,16.52,15.33,0.06,1.08,1.42,1.97,-9999,-9999,-9999,-9999,-9999,1.123
86295,20.86,17.31,13.03,6.37,0.93,0.85,0.72,22.86,14.88,0.26,1.44,1.42,1.95,-9999,-9999,-9999,-9999,-9999,1.123
86296,18.47,15.65,12.64,7.01,0.44,0.73,1.07,20.20,14.33,0.22,1.35,1.40,1.94,-9999,-9999,-9999,-9999,-9999,1.122
86297,12.24,10.95,6.85,5.50,0.24,0.73,1.27,13.61,8.09,0.33,1.58,1.41,1.93,-9999,-9999,-9999,-9999,-9999,1.122
86298,12.32,17.98,9.16,8.44,-0.04,0.60,0.82,13.57,10.43,0.16,1.26,1.37,1.94,-9999,-9999,-9999,-9999,-9999,1.122
86299,12.73,16.04,9.89,6.42,-0.13,0.48,0.59,13.86,11.07,0.14,1.22,1.38,1.97,-9999,-9999,-9999,-9999,-9999,1.122
86300,12.14,19.01,12.55,6.90,-0.13,0.35,0.40,13.13,13.80,-0.02,0.97,1.40,1.98,-9999,-9999,-9999,-9999,-9999,1.121
86301,11.43,15.98,9.62,5.21,0.18,0.39,0.60,12.42,10.70,0.10,1.15,1.40,2.00,-9999,-9999,-9999,-9999,-9999,1.121
86302,12.66,18.10,9.90,6.35,0.33,0.41,0.87,13.76,11.04,0.14,1.22,1.45,2.06,-9999,-9999,-9999,-9999,-9999,1.121
86303,15.44,15.68,9.01,8.04,0.37,0.36,0.98,16.64,10.04,0.32,1.56,1.50,2.07,-9999,-9999,-9999,-9999,-9999,1.121
86304,15.29,18.08,9.43,4.31,0.10,0.38,1.43,16.51,10.50,0.29,1.50,1.51,2.07,-9999,-9999,-9999,-9999,-9999,1.121
86305,17.94,17.33,9.30,8.23,0.25,0.36,1.44,19.29,10.32,0.40,1.73,1.49,2.06,-9999,-9999,-9999,-9999,-9999,1.121
86306,13.66,17.85,9.09,3.85,0.48,0.31,0.97,14.71,10.07,0.24,1.40,1.50,2.09,-9999,-9999,-9999,-9999,-9999,1.121
86307,13.20,15.27,8.71,7.86,0.87,0.40,0.96,14.33,9.76,0.25,1.41,1.52,2.10,-9999,-9999,-9999,-9999,-9999,1.120
86308,13.08,17.90,9.29,4.87,1.00,0.44,0.89,14.25,10.40,0.21,1.34,1.53,2.08,-9999,-9999,-9999,-9999,-9999,1.120
86309,13.85,11.69,8.59,7.91,0.93,0.52,0.92,15.14,9.74,0.29,1.50,1.55,2.08,-9999,-9999,-9999,-9999,-9999,1.120
86310,13.40,16.01,11.47,8.44,0.72,0.63,1.09,14.80,12.94,0.09,1.14,1.55,2.07,-9999,-9999,-9999,-9999,-9999,1.120
86311,13.37,11.09,9.14,8.59,0.49,0.67,0.94,14.84,10.48,0.23,1.38,1.60,2.08,-9999,-9999,-9999,-9999,-9999,1.120
86312,16.22,15.14,12.64,9.09,0.49,0.60,0.72,17.83,14.19,0.15,1.24,1.66,2.11,-9999,-9999,-9999,-9999,-9999,1.119
86313,11.41,13.33,9.61,6.96,0.71,0.55,0.23,12.66,10.87,0.11,1.16,1.68,2.11,-9999,-9999,-9999,-9999,-9999,1.119
86314,14.83,15.82,12.39,5.56,0.69,0.59,0.15,16.33,13.89,0.11,1.17,1.70,2.14,-9999,-9999,-9999,-9999,-9999,1.120
86315,13.40,14.58,9.04,5.80,0.54,0.57,0.59,14.79,10.27,0.25,1.41,1.73,2.16,-9999,-9999,-9999,-9999,-9999,1.119
86316,13.38,15.35,8.73,4.98,0.60,0.71,0.74,14.90,10.05,0.27,1.46,1.76,2.17,-9999,-9999,-9999,-9999,-9999,1.119
86317,13.68,13.88,9.00,4.87,0.65,0.91,0.99,15.39,10.52,0.27,1.44,1.75,2.16,-9999,-9999,-9999,-9999,-9999,1.119
86318,13.09,14.90,11.18,4.99,0.53,0.79,0.90,14.63,12.73,0.10,1.15,1.77,2.16,-9999,-9999,-9999,-9999,-9999,1.119
86319,11.90,15.20,11.95,5.66,0.56,0.56,0.46,13.15,13.31,-0.00,1.00,1.81,2.18,-9999,-9999,-9999,-9999,-9999,1.118
86320,10.69,15.51,12.69,6.56,0.48,0.52,0.35,11.84,14.04,-0.11,0.86,1.83,2.14,-9999,-9999,-9999,-9999,-9999,1.119
86321,12.30,20.68,10.59,4.69,0.21,0.72,0.07,13.77,11.99,0.09,1.14,1.86,2.16,-9999,-9999,-9999,-9999,-9999,1.118
86322,17.98,17.16,9.94,6.87,0.09,0.60,0.07,19.68,11.16,0.37,1.67,1.85,2.10,-9999,-9999,-9999,-9999,-9999,1.119
86323,15.64,16.05,12.74,4.89,0.24,0.45,0.56,17.01,13.98,0.13,1.20,1.81,2.11,-9999,-9999,-9999,-9999,-9999,1.118
86324,16.95,16.87,12.28,6.61,0.44,0.46,0.77,18.39,13.51,0.21,1.33,1.72,2.07,-9999,-9999,-9999,-9999,-9999,1.117
86325,15.39,15.81,11.16,5.08,0.28,0.29,0.56,16.57,12.15,0.21,1.33,1.73,2.11,-9999,-9999,-9999,-9999,-9999,1.117
86326,15.48,17.08,13.07,6.11,0.08,0.15,0.04,16.53,14.05,0.11,1.17,1.70,2.14,-9999,-9999,-9999,-9999,-9999,1.117
86327,12.80,17.43,10.49,5.14,0.05,0.14,0.44,13.68,11.28,0.13,1.20,1.65,2.18,-9999,-9999,-9999,-9999,-9999,1.117
86328,13.01,15.36,12.05,6.75,0.04,0.29,0.89,14.07,13.10,0.05,1.07,1.61,2.23,-9999,-9999,-9999,-9999,-9999,1.116
86329,14.34,16.24,7.91,5.34,0.23,0.41,1.18,15.58,8.82,0.39,1.72,1.62,2.26,-9999,-9999,-9999,-9999,-9999,1.116
86330,14.00,13.50,10.27,3.93,0.46,0.45,1.40,15.27,11.37,0.21,1.34,1.60,2.24,-9999,-9999,-9999,-9999,-9999,1.117
86331,13.73,8.78,8.61,2.17,0.56,0.51,1.62,15.04,9.67,0.32,1.55,1.58,2.24,-9999,-9999,-9999,-9999,-9999,1.116
86332,14.10,13.15,11.98,4.48,0.87,0.55,1.92,15.47,13.29,0.11,1.16,1.60,2.22,-9999,-9999,-9999,-9999,-9999,1.116
86333,15.48,15.85,10.09,5.40,0.72,0.38,2.30,16.75,11.13,0.29,1.49,1.60,2.22,-9999,-9999,-9999,-9999,-9999,1.116
86334,15.12,15.47,10.35,6.22,0.35,0.36,2.30,16.35,11.40,0.26,1.43,1.60,2.21,-9999,-9999,-9999,-9999,-9999,1.116
86335,12.79,15.10,10.61,7.06,0.48,0.35,2.44,13.88,11.69,0.13,1.20,1.61,2.19,-9999,-9999,-9999,-9999,-9999,1.116
86336,14.02,14.92,8.73,5.51,1.10,0.56,1.96,15.37,9.89,0.32,1.56,1.61,2.18,-9999,-9999,-9999,-9999,-9999,1.115
86337,13.24,15.51,11.27,7.32,1.33,0.70,1.48,14.68,12.75,0.11,1.16,1.58,2.16,-9999,-9999,-9999,-9999,-9999,1.115
86338,15.34,17.76,11.21,8.33,1.18,0.67,1.36,16.89,12.65,0.22,1.35,1.56,2.16,-9999,-9999,-9999,-9999,-9999,1.115
86339,10.86,19.92,11.16,9.36,0.99,0.47,1.60,11.96,12.42,-0.02,0.97,1.54,2.13,-9999,-9999,-9999,-9999,-9999,1.115
86340,11.01,22.32,13.54,8.13,0.74,0.30,1.39,11.96,14.80,-0.14,0.82,1.51,2.12,-9999,-9999,-9999,-9999,-9999,1.114
86341,10.93,16.05,10.98,6.36,0.32,0.11,0.60,11.68,11.88,-0.00,1.00,1.48,2.09,-9999,-9999,-9999,-9999,-9999,1.114
86342,13.18,17.03,14.71,7.39,0.40,0.32,0.01,14.24,16.09,-0.08,0.90,1.46,2.07,-9999,-9999,-9999,-9999,-9999,1.114
86343,12.79,16.99,13.08,6.14,0.73,0.55,0.04,14.03,14.56,-0.02,0.98,1.44,2.06,-9999,-9999,-9999,-9999,-9999,1.114
86344,12.41,15.74,11.83,5.15,1.00,0.49,0.33,13.58,13.19,0.03,1.05,1.44,2.10,-9999,-9999,-9999,-9999,-9999,1.114
86345,11.80,13.37,8.48,5.94,0.69,0.39,0.30,12.81,9.46,0.24,1.39,1.42,2.10,-9999,-9999,-9999,-9999,-9999,1.114
86346,12.37,13.35,8.47,5.93,0.48,0.29,0.21,13.32,9.36,0.27,1.46,1.42,2.10,-9999,-9999,-9999,-9999,-9999,1.113
86347,11.36,13.52,7.44,5.67,0.60,0.24,0.35,12.22,8.22,0.30,1.52,1.43,2.11,-9999,-9999,-9999,-9999,-9999,1.113
86348,12.33,16.60,8.23,5.97,0.65,0.27,0.87,13.28,9.11,0.28,1.48,1.42,2.11,-9999,-9999,-9999,-9999,-9999,1.113
86349,11.87,16.53,8.24,6.29,1.16,0.85,1.10,13.41,9.70,0.26,1.44,1.42,2.11,-9999,-9999,-9999,-9999,-9999,1.113
86350,13.77,14.35,8.87,6.81,1.38,1.35,1.23,15.92,10.87,0.32,1.56,1.42,2.11,-9999,-9999,-9999,-9999,-9999,1.113
86351,13.58,13.85,10.95,6.50,1.17,1.45,1.23,15.81,13.20,0.16,1.24,1.42,2.11,-9999,-9999,-9999,-9999,-9999,1.113
86352,12.26,15.68,8.00,5.02,0.58,0.82,0.88,13.78,9.40,0.31,1.54,1.42,2.08,-9999,-9999,-9999,-9999,-9999,1.113
86353,11.50,12.65,7.30,5.28,0.34,0.78,0.97,12.93,8.62,0.34,1.59,1.41,2.08,-9999,-9999,-9999,-9999,-9999,1.113
86354,10.62,12.59,7.13,5.50,0.25,0.79,1.20,12.01,8.44,0.30,1.51,1.43,2.04,-9999,-9999,-9999,-9999,-9999,1.113
86355,10.54,12.53,6.96,5.74,0.30,0.86,1.56,11.98,8.30,0.31,1.53,1.48,2.01,-9999,-9999,-9999,-9999,-9999,1.112
86356,12.97,13.90,9.01,7.03,0.11,0.76,1.24,14.44,10.38,0.27,1.45,1.48,1.96,-9999,-9999,-9999,-9999,-9999,1.112
86357,17.90,14.55,10.74,6.40,-0.34,0.47,0.04,19.34,11.93,0.38,1.70,1.51,1.96,-9999,-9999,-9999,-9999,-9999,1.113
86358,16.15,16.81,12.51,5.73,-0.88,-0.11,-0.28,16.92,13.24,0.19,1.30,1.54,1.94,-9999,-9999,-9999,-9999,-9999,1.112
86359,12.92,18.33,10.48,4.71,-0.63,-0.20,0.25,13.43,10.99,0.15,1.24,1.55,1.91,-9999,-9999,-9999,-9999,-9999,1.113
86360,14.59,17.43,14.73,5.88,-0.30,-0.18,0.55,15.20,15.53,-0.01,0.99,1.55,1.89,-9999,-9999,-9999,-9999,-9999,1.113
86361,11.32,17.22,11.50,5.60,0.23,0.31,1.01,12.25,12.58,-0.01,0.98,1.54,1.91,-9999,-9999,-9999,-9999,-9999,1.112
86362,11.80,21.98,14.42,6.51,0.03,0.35,0.45,12.79,15.75,-0.14,0.82,1.53,1.92,-9999,-9999,-9999,-9999,-9999,1.112
86363,11.50,16.96,12.00,5.90,-0.11,0.43,0.27,12.54,13.26,-0.03,0.96,1.50,1.92,-9999,-9999,-9999,-9999,-9999,1.112
86364,14.53,19.92,12.54,6.78,0.02,0.11,0.38,15.40,13.49,0.09,1.13,1.49,1.93,-9999,-9999,-9999,-9999,-9999,1.111
86365,13.67,19.53,12.73,7.89,0.29,0.07,0.57,14.44,13.64,0.04,1.06,1.47,1.93,-9999,-9999,-9999,-9999,-9999,1.111
86366,14.97,19.14,12.90,9.01,0.74,0.33,1.05,16.07,14.08,0.09,1.14,1.46,1.96,-9999,-9999,-9999,-9999,-9999,1.111
86367,15.93,15.73,11.07,7.94,0.84,0.64,1.04,17.38,12.45,0.23,1.38,1.46,1.95,-9999,-9999,-9999,-9999,-9999,1.111
86368,17.17,18.53,11.99,9.25,0.49,0.55,0.57,18.61,13.32,0.23,1.37,1.47,1.92,-9999,-9999,-9999,-9999,-9999,1.112
86369,14.91,13.73,10.52,9.81,0.38,0.52,0.52,16.19,11.70,0.22,1.36,1.45,1.91,-9999,-9999,-9999,-9999,-9999,1.112
86370,15.58,14.12,11.95,9.64,0.31,0.49,0.74,16.84,13.19,0.17,1.27,1.43,1.92,-9999,-9999,-9999,-9999,-9999,1.112
86371,16.54,16.67,14.71,10.19,0.46,0.58,1.12,17.91,16.20,0.08,1.11,1.42,1.93,-9999,-9999,-9999,-9999,-9999,1.112
86372,15.15,15.43,11.04,6.37,0.38,0.31,1.01,16.20,12.04,0.21,1.34,1.44,1.95,-9999,-9999,-9999,-9999,-9999,1.111
86373,14.57,16.03,13.35,9.30,0.07,0.31,0.48,15.63,14.49,0.06,1.08,1.42,1.97,-9999,-9999,-9999,-9999,-9999,1.111
86374,16.35,17.22,13.90,8.24,0.04,0.36,0.26,17.55,15.14,0.11,1.16,1.40,1.96,-9999,-9999,-9999,-9999,-9999,1.111
86375,14.05,15.93,12.65,7.51,0.31,0.44,0.34,15.21,13.89,0.07,1.10,1.40,1.96,-9999,-9999,-9999,-9999,-9999,1.112
86376,16.59,21.93,13.25,7.95,0.54,0.25,0.31,17.70,14.37,0.15,1.23,1.39,1.96,-9999,-9999,-9999,-9999,-9999,1.111
86377,15.23,18.73,10.97,7.61,0.81,0.13,0.16,16.12,11.83,0.22,1.36,1.40,1.96,-9999,-9999,-9999,-9999,-9999,1.111
86378,15.42,20.86,10.55,8.48,0.56,0.15,-0.02,16.35,11.42,0.25,1.42,1.40,1.96,-9999,-9999,-9999,-9999,-9999,1.111
86379,16.18,17.71,11.02,4.95,0.77,0.18,0.10,17.16,11.98,0.24,1.40,1.41,1.97,-9999,-9999,-9999,-9999,-9999,1.111
86380,15.40,15.69,10.55,6.04,0.85,0.09,0.14,16.25,11.40,0.24,1.39,1.41,1.95,-9999,-9999,-9999,-9999,-9999,1.111
86381,13.61,13.54,8.88,4.18,1.11,0.21,0.23,14.51,9.73,0.28,1.47,1.41,1.93,-9999,-9999,-9999,-9999,-9999,1.111
86382,12.32,15.32,9.93,7.87,1.37,0.70,0.85,13.66,11.35,0.14,1.22,1.40,1.92,-9999,-9999,-9999,-9999,-9999,1.111
86383,12.36,15.99,12.19,8.14,1.24,0.86,1.23,13.86,13.94,0.01,1.01,1.40,1.90,-9999,-9999,-9999,-9999,-9999,1.111
86384,13.75,18.72,15.26,8.57,0.95,0.79,1.30,15.26,17.15,-0.07,0.91,1.39,1.89,-9999,-9999,-9999,-9999,-9999,1.111
86385,14.34,17.71,11.05,6.65,0.64,0.67,1.14,15.76,12.52,0.17,1.27,1.37,1.90,-9999,-9999,-9999,-9999,-9999,1.111
86386,14.59,16.64,11.89,7.09,0.48,0.71,1.11,16.05,13.46,0.14,1.21,1.33,1.91,-9999,-9999,-9999,-9999,-9999,1.111
86387,13.67,15.61,9.31,5.39,0.78,0.68,1.10,15.06,10.68,0.26,1.44,1.31,1.95,-9999,-9999,-9999,-9999,-9999,1.111
86388,16.01,18.14,13.37,6.07,0.51,0.72,0.68,17.54,15.07,0.12,1.19,1.32,1.94,-9999,-9999,-9999,-9999,-9999,1.111
86389,15.71,18.24,11.17,7.41,0.13,0.82,0.36,17.34,12.81,0.23,1.38,1.35,1.97,-9999,-9999,-9999,-9999,-9999,1.111
86390,16.05,21.46,12.79,6.05,0.09,0.81,0.25,17.69,14.57,0.16,1.24,1.37,1.99,-9999,-9999,-9999,-9999,-9999,1.111
86391,19.45,18.25,10.99,5.83,0.15,0.66,0.34,21.12,12.50,0.40,1.73,1.38,2.00,-9999,-9999,-9999,-9999,-9999,1.110
86392,16.29,21.82,12.90,7.10,0.46,0.89,1.03,18.01,14.76,0.16,1.25,1.40,1.99,-9999,-9999,-9999,-9999,-9999,1.111
86393,16.14,25.21,11.46,8.10,0.64,1.03,1.06,18.00,13.34,0.24,1.39,1.40,1.98,-9999,-9999,-9999,-9999,-9999,1.110
86394,12.97,22.78,11.57,8.03,0.63,1.12,1.20,14.76,13.53,0.08,1.12,1.44,1.99,-9999,-9999,-9999,-9999,-9999,1.110
86395,15.40,19.08,9.50,8.25,0.31,0.99,1.08,17.19,11.19,0.34,1.60,1.44,1.98,-9999,-9999,-9999,-9999,-9999,1.110
86396,13.35,18.84,11.02,9.22,-0.05,0.71,1.08,14.75,12.53,0.14,1.21,1.45,1.99,-9999,-9999,-9999,-9999,-9999,1.110
86397,13.85,18.63,12.57,10.18,-0.13,0.62,1.03,15.18,14.11,0.07,1.10,1.46,1.97,-9999,-9999,-9999,-9999,-9999,1.110
86398,13.95,18.41,11.90,10.72,0.41,0.66,1.60,15.34,13.43,0.11,1.17,1.49,1.97,-9999,-9999,-9999,-9999,-9999,1.111
86399,13.81,13.68,10.03,8.83,0.42,0.78,1.83,15.32,11.56,0.22,1.37,1.52,1.95,-9999,-9999,-9999,-9999,-9999,1.110
86400,13.82,12.50,9.95,8.26,0.18,0.67,1.27,15.24,11.38,0.23,1.38,1.54,1.93,-9999,-9999,-9999,-9999,-9999,1.110
86401,14.62,14.28,11.19,8.20,0.09,0.55,0.43,15.98,12.59,0.19,1.31,1.56,1.92,-9999,-9999,-9999,-9999,-9999,1.110
86402,15.17,17.49,12.94,6.60,0.38,0.44,0.82,16.46,14.38,0.12,1.17,1.56,1.93,-9999,-9999,-9999,-9999,-9999,1.111
86403,15.17,18.37,14.42,8.16,0.70,0.44,1.15,16.45,15.97,0.04,1.05,1.55,1.94,-9999,-9999,-9999,-9999,-9999,1.110
86404,15.01,18.33,14.29,7.85,1.03,0.56,1.42,16.41,15.98,0.03,1.05,1.57,1.95,-9999,-9999,-9999,-9999,-9999,1.110
86405,15.03,22.52,13.16,7.85,1.60,1.01,1.32,16.88,15.19,0.10,1.14,1.59,1.95,-9999,-9999,-9999,-9999,-9999,1.110
86406,14.21,17.93,11.44,7.90,1.50,0.95,1.07,15.96,13.25,0.16,1.25,1.61,1.91,-9999,-9999,-9999,-9999,-9999,1.110
86407,16.52,17.94,12.77,6.88,1.00,0.71,0.42,18.17,14.41,0.19,1.31,1.63,1.91,-9999,-9999,-9999,-9999,-9999,1.110
86408,14.44,17.93,12.95,8.24,0.75,0.49,0.23,15.76,14.37,0.08,1.12,1.62,1.89,-9999,-9999,-9999,-9999,-9999,1.110
86409,16.32,18.08,12.57,6.90,0.53,0.38,0.58,17.64,13.81,0.19,1.31,1.63,1.88,-9999,-9999,-9999,-9999,-9999,1.109
