NASA Data Processing/CAMP2Ex/OPTICAL/CAMP2Ex-LARGE-OPTICAL_P3B_20190916_R0.ict
100,1001
Luke Ziemba
NASA Langley
In-situ optical aerosol measurements from the NASA P3B
CAMP2Ex
1,1
2019,09,16,2020,05,5
1.0
Time_Mid,Secs after midnight,Time of acquisition
19
1,1,1,1,1,1,1,1,1,1,1,1,1,1,1,1,1,1,1
-9999,-9999,-9999,-9999,-9999,-9999,-9999,-9999,-9999,-9999,-9999,-9999,-9999,-9999,-9999,-9999,-9999,-9999,-9999
Sc550_total_amb, Mm-1, AerOpt_Scattering_InSitu_Green_RHa_Bulk_STP, scattering coefficient of ambient  particles at 550nm
Sc450_total, Mm-1, AerOpt_Scattering_InSitu_Blue_RHd_Bulk_STP, Dry Scattering at 450nm (Total Aerosols)
Sc550_total, Mm-1, AerOpt_Scattering_InSitu_Green_RHd_Bulk_STP, Dry Scattering at 550nm (Total Aerosols)
Sc700_total, Mm-1, AerOpt_Scattering_InSitu_Red_RHd_Bulk_STP, Dry Scattering at 700nm (Total Aerosols)
Abs470_total, Mm-1, AerOpt_Absorption_InSitu_Blue_RHd_Bulk_STP, Dry absorption at 470nm (Total Aerosols)
Abs532_total, Mm-1, AerOpt_Absorption_InSitu_Green_RHd_Bulk_STP, Dry absorption at 532nm (Total Aerosols)
Abs660_total, Mm-1, AerOpt_Absorption_InSitu_Red_RHd_Bulk_STP, Dry absorption at 660nm (Total Aerosols)
Ext532_total_amb, Mm-1, AerOpt_Extinction_InSitu_Green_RHa_Bulk_STP, extinction coefficient of aerosols at 532nm for AMBIENT relative humidity
Ext532_total_dry, Mm-1, AerOpt_Extinction_InSitu_Green_RHd_Bulk_STP, extinction coefficient of aerosols at 532nm for DRY relative humidity
gamma550, unitless, AerOpt_Gamma_InSitu_Green_None_Bulk_STP, derived optical hygroscopic growth factor for particles at 550nm
fRH550_RH20to80, unitless, AerOpt_fRHScat_InSitu_Green_RHsp_Bulk_STP, derived optical hygroscopic growth parameter for particles at 550nm
AEscatAMB_450to700nm,unitless, AerOpt_AngstromExponentScat_InSitu_BluetoRed_RHa_Bulk_STP, derived ambient Angstrom Exponent for scattering coefficient over wavelength range from 450nm to 700nm
AEscatDRY_450to700nm,unitless, AerOpt_AngstromExponentScatInSitu_BluetoRed_RHd_Bulk_STP, derived dry Angstrom Exponent for scattering coefficient over wavelength range from 450nm to 700nm
AEabsDRY_470to660nm,unitless, AerOpt_AngstromExponentAbs_InSitu_BluetoRed_RHd_Bulk_STP, derived dry Angstrom Exponent for absorption coefficient over wavelength range from 450nm to 700nm
SSA_dry_450nm,unitless, AerOpt_SSA_InSitu_Blue_RHd_Bulk_STP, single_scattering_albedo_at_450nm_as_derived_from_dry_scattering_and_absorption
SSA_dry_550nm,unitless, AerOpt_SSA_InSitu_Green_RHd_Bulk_STP, single_scattering_albedo_at_550nm_as_derived_from_dry_scattering_and_absorption
SSA_dry_700nm,unitless, AerOpt_SSA_InSitu_Red_RHd_Bulk_STP, single_scattering_albedo_at_700nm_as_derived_from_dry_scattering_and_absorption
SSA_amb_550nm,unitless, AerOpt_SSA_InSitu_Green_RHa_Bulk_STP, single_scattering_albedo_at_550nm_as_derived_from_ambient_scattering_and_absorption
stdPT,unitless, None, Conversion factor to convert between ambient and standard pressure and temperature conditions
0
67
******************************************************************************************************************
Langley Aerosol data from the 2019 CAMP2Ex field campaign
 
PI_CONTACT_INFO: luke.ziemba@nasa.gov
PLATFORM: NASA P3B aircraft
LOCATION: Latitude, Longitude, and Altitude included in MetNav files
[...]
UNCERTAINTY: estimated uncertainties for directly measured properties
	- For dry scattering, accuracy estimated at 30% for all wavelengths; precision estimated at 4.5 Mm-1 for 450nm wavelength and 3 Mm-1 for 550nm and 700nm wavelengths
	- For dry absorption, accuracy estimated at 15% for all wavelengths; precision is a function of pressure and is estimated to vary from 0.5 Mm-1 near the surface to 2 at high altitude
	- For derived parameters, please contact the PI for a more detailed discussion of uncertainty
ULOD_FLAG: -7777
ULOD_VALUE: N/A
LLOD_FLAG: -8888
LLOD_VALUE: N/A
DM_CONTACT_INFO: Michael Shook (michael.shook@nasa.gov)
PROJECT_INFO: CAMP2Ex 2019
STIPULATIONS_ON_USE: This is FINAL data. Users are strongly encouraged to consult the PI and/or DM prior to use.
OTHER_COMMENTS: N/A
REVISION: R0
R0: STP and ambient parameter calculations now use data from their respective publicly available files, data is time synced to DLH
RD: Correction factor applied to raw scattering data, which also affects the absorption data via the Virkkula correction
RC: Higher threshholds required for calculating intensive parameters; absorption smoothing algorithm applied
RB: Time sync to LARGE CNgt3nm applied
RA: None
******************************************************************************************************************
Time_Mid,Sc550_total_amb,Sc450_total,Sc550_total,Sc700_total,Abs470_total,Abs532_total,Abs660_total,Ext532_total_amb,Ext532_total_dry,gamma550,fRH550_RH20to80,AEscatAMB_450to700nm,AEscatDRY_450to700nm,AEabsDRY_470to660nm,SSA_dry_450nm,SSA_dry_550nm,SSA_dry_700nm,SSA_amb_550nm,stdPT
[from data line 27928]
106983,-9999.00,-4.62,1.32,1.57,3.59,3.48,1.23,-9999.00,-9999.00,-9999.00,-9999.00,-9999,-9999,-9999,-9999,-9999,-9999,-9999,2.075
106984,-9999.00,-0.17,2.20,-0.08,2.69,2.94,2.62,-9999.00,-9999.00,-9999.00,-9999.00,-9999,-9999,-9999,-9999,-9999,-9999,-9999,2.074
106985,-9999.00,0.56,-0.80,2.17,3.11,2.96,4.55,-9999.00,-9999.00,-9999.00,-9999.00,-9999,-9999,-9999,-9999,-9999,-9999,-9999,2.072
106986,-9999.00,0.57,4.76,2.24,4.10,3.52,3.88,-9999.00,-9999.00,-9999.00,-9999.00,-9999,-9999,0.13,-9999,-9999,-9999,-9999,2.070
106987,-9999.00,4.28,2.95,3.45,4.13,3.66,3.10,-9999.00,-9999.00,-9999.00,-9999.00,-9999,-9999,-0.14,-9999,-9999,-9999,-9999,2.067
106988,-9999.00,6.08,2.70,-2.83,3.19,3.47,5.06,-9999.00,-9999.00,-9999.00,-9999.00,-9999,-9999,-0.13,-9999,-9999,-9999,-9999,2.068
106989,-9999.00,4.53,1.64,-1.87,2.82,2.87,5.06,-9999.00,-9999.00,-9999.00,-9999.00,-9999,-9999,0.47,-9999,-9999,-9999,-9999,2.065
106990,-9999.00,2.52,1.12,-3.09,2.69,2.05,5.38,-9999.00,-9999.00,-9999.00,-9999.00,-9999,-9999,0.71,-9999,-9999,-9999,-9999,2.064
106991,-9999.00,-2.04,-0.43,-0.67,1.77,1.41,5.09,-9999.00,-9999.00,-9999.00,-9999.00,-9999,-9999,0.61,-9999,-9999,-9999,-9999,2.064
106992,-9999.00,1.40,1.44,1.55,0.49,0.06,1.95,-9999.00,-9999.00,-9999.00,-9999.00,-9999,-9999,-9999,-9999,-9999,-9999,-9999,2.063
106993,-9999.00,4.37,-0.27,1.14,-0.44,-0.37,-1.19,-9999.00,-9999.00,-9999.00,-9999.00,-9999,-9999,-9999,-9999,-9999,-9999,-9999,2.061
106994,-9999.00,7.75,-1.59,1.13,-0.65,0.06,-2.19,-9999.00,-9999.00,-9999.00,-9999.00,-9999,-9999,-9999,-9999,-9999,-9999,-9999,2.058
106995,-9999.00,3.59,-2.08,-1.38,-0.65,-0.38,-0.18,-9999.00,-9999.00,-9999.00,-9999.00,-9999,-9999,-9999,-9999,-9999,-9999,-9999,2.058
106996,-9999.00,1.98,-1.04,-0.94,0.14,-0.30,0.86,-9999.00,-9999.00,-9999.00,-9999.00,-9999,-9999,-9999,-9999,-9999,-9999,-9999,2.058
106997,-9999.00,-1.72,-2.13,-1.35,1.23,0.74,0.22,-9999.00,-9999.00,-9999.00,-9999.00,-9999,-9999,-9999,-9999,-9999,-9999,-9999,2.056
106998,-9999.00,-1.70,-2.13,-1.61,1.47,0.83,1.10,-9999.00,-9999.00,-9999.00,-9999.00,-9999,-9999,-9999,-9999,-9999,-9999,-9999,2.055
106999,-9999.00,0.56,0.39,-1.51,1.47,0.87,1.21,-9999.00,-9999.00,-9999.00,-9999.00,-9999,-9999,-9999,-9999,-9999,-9999,-9999,2.054
107000,-9999.00,0.63,0.68,-0.66,1.74,1.06,0.19,-9999.00,-9999.00,-9999.00,-9999.00,-9999,-9999,-9999,-9999,-9999,-9999,-9999,2.051
107001,-9999.00,4.13,2.04,-0.15,2.18,1.19,0.42,-9999.00,-9999.00,-9999.00,-9999.00,-9999,-9999,-9999,-9999,-9999,-9999,-9999,2.050
107002,-9999.00,4.12,0.09,0.57,2.86,1.83,1.75,-9999.00,-9999.00,-9999.00,-9999.00,-9999,-9999,-9999,-9999,-9999,-9999,-9999,2.048
107003,-9999.00,8.27,-0.92,1.83,2.97,2.16,1.95,-9999.00,-9999.00,-9999.00,-9999.00,-9999,-9999,-9999,-9999,-9999,-9999,-9999,2.047
107004,-9999.00,-5.47,0.08,1.29,2.45,1.71,-0.73,-9999.00,-9999.00,-9999.00,-9999.00,-9999,-9999,-9999,-9999,-9999,-9999,-9999,2.045
107005,-9999.00,-4.00,-0.41,-1.21,2.18,1.12,-2.00,-9999.00,-9999.00,-9999.00,-9999.00,-9999,-9999,-9999,-9999,-9999,-9999,-9999,2.043
107006,-9999.00,0.61,-0.68,0.98,2.38,0.94,-0.13,-9999.00,-9999.00,-9999.00,-9999.00,-9999,-9999,-9999,-9999,-9999,-9999,-9999,2.042
107007,-9999.00,1.48,-0.74,1.30,2.91,1.24,0.26,-9999.00,-9999.00,-9999.00,-9999.00,-9999,-9999,-9999,-9999,-9999,-9999,-9999,2.041
107008,-9999.00,-3.37,-0.86,2.65,2.71,1.09,-0.00,-9999.00,-9999.00,-9999.00,-9999.00,-9999,-9999,-9999,-9999,-9999,-9999,-9999,2.040
107009,-9999.00,0.70,-0.57,2.43,0.97,0.70,0.97,-9999.00,-9999.00,-9999.00,-9999.00,-9999,-9999,-9999,-9999,-9999,-9999,-9999,2.037
107010,-9999.00,2.49,0.55,-2.48,-0.06,0.82,1.43,-9999.00,-9999.00,-9999.00,-9999.00,-9999,-9999,-9999,-9999,-9999,-9999,-9999,2.036
107011,-9999.00,6.20,2.21,-1.03,-0.02,1.23,1.63,-9999.00,-9999.00,-9999.00,-9999.00,-9999,-9999,-9999,-9999,-9999,-9999,-9999,2.036
107012,-9999.00,2.27,3.17,2.76,-0.18,1.10,2.06,-9999.00,-9999.00,-9999.00,-9999.00,-9999,-9999,-9999,-9999,-9999,-9999,-9999,2.034
107013,-9999.00,2.28,4.11,3.04,-1.05,0.26,3.01,-9999.00,-9999.00,-9999.00,-9999.00,-9999,-9999,-9999,-9999,-9999,-9999,-9999,2.033
107014,-9999.00,-3.05,3.10,0.09,-2.49,-0.93,1.67,-9999.00,-9999.00,-9999.00,-9999.00,-9999,-9999,-9999,-9999,-9999,-9999,-9999,2.032
107015,-9999.00,-2.03,3.02,-0.47,-3.36,-2.08,-1.92,-9999.00,-9999.00,-9999.00,-9999.00,-9999,-9999,-9999,-9999,-9999,-9999,-9999,2.031
107016,-9999.00,-3.42,1.53,-0.88,-3.85,-2.31,-3.74,-9999.00,-0.72,-9999.00,-9999.00,-9999,-9999,-9999,-9999,-9999,-9999,-9999,2.033
107017,-9999.00,-1.97,-0.08,-0.15,-3.53,-1.77,-3.46,-9999.00,-1.86,-9999.00,-9999.00,-0.70,-9999,-9999,-9999,-9999,-9999,-9999,2.033
107018,-9999.00,-5.12,1.13,-0.39,-0.94,-0.82,-1.06,-9999.00,0.37,-9999.00,-9999.00,-0.29,-9999,-9999,-9999,-9999,-9999,-9999,2.032
107019,-9999.00,9.23,7.68,-1.05,0.48,-0.04,1.03,-9999.00,7.88,-9999.00,-9999.00,-0.03,1.21,-9999,-9999,-9999,-9999,-9999,2.028
107020,-9999.00,2.80,3.68,0.25,-0.08,-0.92,-0.88,-9999.00,2.90,-9999.00,-9999.00,-0.23,1.26,-9999,-9999,-9999,-9999,-9999,2.026
107021,-9999.00,2.79,3.70,0.13,0.01,-1.19,-3.04,-9999.00,2.68,-9999.00,-9999.00,-0.36,1.32,-9999,-9999,-9999,-9999,-9999,2.025
107022,-9999.00,2.63,3.65,0.25,1.24,-0.02,-2.14,-9999.00,3.81,-9999.00,-9999.00,-0.36,1.28,-9999,-9999,-9999,-9999,-9999,2.025
107023,-9999.00,7.53,2.39,4.31,2.62,1.03,0.07,-9999.00,3.53,-9999.00,-9999.00,-0.36,1.20,-9999,0.813,-9999.000,-9999.000,-9999.000,2.022
107024,-9999.00,7.00,2.23,1.81,2.75,2.31,1.91,-9999.00,4.65,-9999.00,-9999.00,-0.36,1.18,0.47,0.779,0.774,0.731,0.944,2.020
107025,-9999.00,6.48,2.21,-0.26,2.25,2.83,3.33,-9999.00,5.13,-9999.00,-9999.00,-0.36,1.13,0.28,0.767,0.762,0.709,0.933,2.017
107026,-9999.00,0.72,2.52,0.44,2.08,2.39,3.31,-9999.00,5.01,-9999.00,-9999.00,-0.36,1.04,0.67,0.746,0.743,0.720,0.917,2.018
107027,-9999.00,4.91,3.41,-0.85,1.19,1.95,0.46,-9999.00,5.48,-9999.00,-9999.00,-0.35,1.08,0.86,0.762,0.753,0.747,0.920,2.019
107028,-9999.00,5.11,3.59,0.35,0.67,1.52,-1.46,-9999.00,5.23,-9999.00,-9999.00,-0.49,1.08,1.10,0.806,0.799,0.806,0.931,2.016
107029,-9999.00,5.31,3.91,1.54,1.16,1.77,-0.13,-9999.00,5.81,-9999.00,-9999.00,-0.49,1.10,1.58,0.845,0.851,0.864,0.945,2.015
107030,15.14,9.60,5.05,3.05,2.67,2.22,1.16,17.28,7.44,0.54,2.12,-0.49,1.09,1.28,0.876,0.886,-9999.000,0.955,2.014
107031,18.48,14.87,6.16,4.59,4.13,2.91,1.83,21.28,9.28,0.68,2.57,-0.49,1.08,-9999,0.895,0.911,-9999.000,0.962,2.013
107032,27.76,18.49,9.25,12.27,3.20,3.08,2.78,30.69,12.65,0.91,3.51,-0.49,1.05,-9999,0.887,0.911,-9999.000,0.959,2.011
107033,36.70,22.14,12.23,20.07,3.64,2.97,3.91,39.46,15.61,0.76,2.87,-0.49,1.03,-9999,0.868,0.889,-9999.000,0.944,2.009
107034,56.39,35.08,31.01,28.69,7.37,5.34,4.79,61.41,37.39,0.25,1.41,-0.49,1.03,1.22,0.850,0.865,0.858,0.926,2.008
107035,76.26,31.47,25.42,20.34,10.11,8.25,6.01,84.08,34.51,0.42,1.79,-0.49,1.00,0.72,0.850,0.864,0.837,0.921,2.009
107036,79.73,44.57,26.58,23.62,12.63,10.24,9.03,89.51,37.66,0.52,2.05,-0.49,1.01,0.66,0.860,0.875,0.846,0.924,2.004
107037,-9999.00,46.44,32.69,28.90,16.77,13.46,12.89,-9999.00,47.14,0.35,1.63,-0.49,0.98,0.87,0.865,0.876,0.860,0.921,2.004
107038,-9999.00,47.63,38.58,33.91,18.16,14.95,14.04,-9999.00,54.70,0.35,1.61,-0.49,0.96,1.22,0.882,0.885,0.891,0.923,1.998
107039,-9999.00,40.37,33.72,30.22,14.44,11.94,11.81,-9999.00,46.62,0.54,2.12,-0.49,0.95,1.50,0.907,0.906,0.922,0.936,1.987
107040,-9999.00,45.83,40.14,35.20,9.30,7.61,8.08,-9999.00,48.85,0.22,1.36,-0.49,0.93,1.05,0.919,0.919,0.922,0.942,1.991
107041,-9999.00,47.64,42.83,36.20,6.84,5.39,5.48,-9999.00,49.36,0.36,1.64,-0.49,0.91,0.79,0.920,0.925,0.918,0.945,1.995
107042,99.26,72.22,59.10,35.32,5.48,4.19,3.27,102.89,64.86,0.19,1.31,-0.49,0.91,0.86,0.921,0.930,0.920,0.947,1.995
107043,52.03,62.21,56.11,38.80,3.55,2.36,0.68,54.09,59.97,-0.03,0.96,-0.49,0.90,0.88,0.924,0.934,0.925,0.949,1.994
107044,-9999.00,72.22,63.47,43.46,2.96,1.82,0.48,-9999.00,67.03,0.27,1.45,-0.49,0.89,1.12,0.928,0.940,0.934,0.953,1.991
107045,-9999.00,61.16,55.20,41.39,2.96,2.23,1.98,-9999.00,58.93,0.33,1.57,-0.49,0.87,-9999,0.934,0.945,-9999.000,0.956,1.991
107046,-9999.00,69.35,63.28,45.12,-0.11,-0.80,0.41,-9999.00,64.20,0.22,1.35,-0.35,0.85,-9999,0.941,0.945,-9999.000,0.958,1.988
107047,-9999.00,63.01,54.96,48.55,-2.00,-3.05,-1.38,-9999.00,53.37,0.34,1.60,-0.16,0.84,-9999,0.946,0.945,-9999.000,0.961,1.989
107048,-9999.00,71.66,62.74,51.10,1.05,0.34,0.79,-9999.00,64.68,0.25,1.42,-0.17,0.84,-9999,0.950,0.952,-9999.000,0.968,1.984
107049,-9999.00,64.37,57.51,43.27,3.66,3.65,2.95,-9999.00,62.58,0.32,1.55,-0.24,0.84,-9999,0.952,-9999.000,-9999.000,-9999.000,1.988
107050,-9999.00,63.67,55.48,43.02,3.47,3.90,2.31,-9999.00,60.73,0.24,1.39,-0.37,0.86,-9999,0.958,-9999.000,-9999.000,-9999.000,1.982
107051,-9999.00,61.11,57.51,35.57,2.37,3.00,1.65,-9999.00,61.91,0.25,1.42,-0.39,0.86,-9999,0.962,-9999.000,-9999.000,-9999.000,1.982
107052,-9999.00,59.87,58.57,44.17,0.81,1.56,1.69,-9999.00,61.49,0.12,1.18,-0.37,0.84,-9999,0.950,0.954,-9999.000,0.972,1.981
107053,-9999.00,51.45,44.87,39.37,-1.10,-0.65,0.50,-9999.00,45.24,0.39,1.71,-0.37,0.83,-9999,0.948,0.954,-9999.000,0.972,1.979
107054,-9999.00,51.91,50.86,38.07,-3.65,-3.68,-3.07,-9999.00,48.32,0.22,1.36,-0.37,0.82,-9999,-9999,-9999,-9999,-9999,1.978
107055,-9999.00,46.35,43.42,34.52,-4.97,-4.27,-5.36,-9999.00,40.11,0.37,1.67,-0.37,0.82,-9999,-9999,-9999,-9999,-9999,1.976
107056,-9999.00,46.24,40.28,34.80,-5.72,-3.80,-5.07,-9999.00,37.37,0.32,1.55,-0.37,0.83,-9999,-9999,-9999,-9999,-9999,1.974
107057,-9999.00,45.28,40.54,29.50,-7.18,-4.74,-4.89,-9999.00,36.69,0.31,1.53,-0.37,0.84,-9999,-9999,-9999,-9999,-9999,1.973
107058,-9999.00,38.84,31.57,27.15,-6.67,-4.45,-4.23,-9999.00,27.79,0.42,1.80,-0.80,0.81,-9999,-9999,-9999,-9999,-9999,1.972
107059,-9999.00,38.23,26.60,27.21,-4.29,-3.21,-3.13,-9999.00,23.95,0.64,2.44,-9999,0.80,-9999,-9999,-9999,-9999,-9999,1.972
107060,-9999.00,38.27,34.66,31.10,-2.50,-2.34,-2.74,-9999.00,33.05,0.20,1.32,-9999,0.79,-9999,-9999,-9999,-9999,-9999,1.969
107061,-9999.00,38.71,29.19,31.46,-2.21,-1.83,-1.69,-9999.00,27.98,0.55,2.15,-9999,0.79,-9999,-9999,-9999,-9999,-9999,1.969
107062,-9999.00,43.16,35.51,29.53,-1.75,-0.78,-0.62,-9999.00,35.51,0.18,1.28,0.21,0.78,-9999,-9999,-9999,-9999,-9999,1.966
107063,-9999.00,45.74,39.32,33.02,-0.28,0.90,-0.27,-9999.00,41.09,0.26,1.43,0.24,0.81,-9999,-9999,-9999,-9999,-9999,1.966
107064,-9999.00,44.41,39.53,33.07,0.90,1.62,0.42,-9999.00,42.04,0.30,1.51,0.37,0.82,-9999,-9999,-9999,-9999,-9999,1.962
107065,-9999.00,41.13,39.21,24.86,1.78,1.69,0.19,-9999.00,41.81,0.27,1.45,0.43,0.82,-9999,-9999,-9999,-9999,-9999,1.959
107066,-9999.00,41.55,35.65,27.37,1.85,0.99,-0.81,-9999.00,37.48,0.30,1.51,0.38,0.82,-9999,-9999,-9999,-9999,-9999,1.958
107067,-9999.00,40.03,29.87,26.72,1.68,0.48,-0.81,-9999.00,31.08,0.46,1.90,0.44,0.80,-9999,-9999,-9999,-9999,-9999,1.959
107068,-9999.00,40.12,31.82,30.91,3.12,1.27,0.62,-9999.00,33.89,0.37,1.66,0.39,0.80,-9999,-9999,-9999,-9999,-9999,1.958
107069,-9999.00,32.94,27.95,28.08,3.43,1.10,2.24,-9999.00,29.73,0.46,1.89,0.47,0.80,-9999,-9999,-9999,-9999,-9999,1.953
107070,-9999.00,38.95,34.54,29.99,1.31,-0.46,1.57,-9999.00,34.92,0.36,1.65,0.43,0.79,-9999,-9999,-9999,-9999,-9999,1.954
107071,-9999.00,41.98,37.43,27.66,-1.49,-2.37,-1.06,-9999.00,35.98,0.24,1.40,0.50,0.78,-9999,-9999,-9999,-9999,-9999,1.952
107072,-9999.00,41.86,39.19,27.12,-4.10,-4.14,-3.27,-9999.00,35.96,0.23,1.38,0.51,0.77,-9999,-9999,-9999,-9999,-9999,1.952
107073,-9999.00,41.40,37.93,26.83,-4.87,-4.99,-3.41,-9999.00,33.87,0.32,1.56,0.48,0.76,-9999,-9999,-9999,-9999,-9999,1.951
107074,-9999.00,35.66,35.93,29.04,-3.86,-4.69,-1.14,-9999.00,32.08,0.30,1.51,0.51,0.73,-9999,-9999,-9999,-9999,-9999,1.950
107075,-9999.00,41.84,35.23,26.19,-3.15,-3.76,0.54,-9999.00,32.29,0.35,1.63,0.53,0.72,-9999,-9999,-9999,-9999,-9999,1.949
107076,-9999.00,33.02,27.29,22.13,-3.60,-3.93,0.18,-9999.00,24.02,0.44,1.83,0.56,0.70,-9999,-9999,-9999,-9999,-9999,1.948
107077,88.84,36.44,30.28,22.44,-5.03,-5.30,-1.77,83.65,25.70,0.40,1.74,0.53,0.69,-9999,-9999,-9999,-9999,-9999,1.947
107078,71.91,36.79,30.55,20.38,-5.04,-4.83,-3.73,67.25,26.40,0.36,1.65,0.51,0.67,-9999,-9999,-9999,-9999,-9999,1.945
107079,63.60,40.46,31.89,23.49,-2.49,-2.24,-3.12,61.55,30.34,0.30,1.51,0.51,0.67,-9999,-9999,-9999,-9999,-9999,1.944
107080,54.64,35.65,27.50,22.08,0.25,-0.27,-0.57,54.47,27.83,0.28,1.47,0.46,0.67,-9999,-9999,-9999,-9999,-9999,1.943
107081,79.13,37.73,30.53,27.58,1.26,0.39,0.88,79.67,31.62,0.36,1.66,0.46,0.65,-9999,-9999,-9999,-9999,-9999,1.942
107082,86.91,36.22,31.36,25.84,1.17,0.41,-0.09,87.47,32.49,0.37,1.67,0.46,0.65,-9999,-9999,-9999,-9999,-9999,1.941
107083,99.11,38.40,36.36,29.29,0.82,-0.19,-0.50,99.10,36.90,0.38,1.70,0.46,0.62,-9999,-9999,-9999,-9999,-9999,1.939
107084,77.15,32.99,33.53,26.76,1.19,-0.71,0.20,76.58,33.42,0.33,1.58,0.46,0.63,-9999,-9999,-9999,-9999,-9999,1.938
107085,74.81,36.14,35.88,28.86,2.41,0.18,-0.54,75.15,36.66,0.28,1.47,0.45,0.63,-9999,-9999,-9999,-9999,-9999,1.937
107086,84.59,30.37,28.20,26.32,2.81,2.11,-0.80,86.88,30.76,0.44,1.84,0.45,0.63,-9999,-9999,-9999,-9999,-9999,1.934
107087,79.90,30.06,35.23,28.93,2.65,3.09,-0.45,83.16,38.85,0.32,1.56,0.45,0.61,-9999,-9999,-9999,-9999,-9999,1.935
107088,69.09,33.93,23.03,23.01,2.69,2.67,0.21,71.90,26.03,0.56,2.17,0.45,0.59,-9999,-9999,-9999,-9999,-9999,1.932
107089,78.44,32.76,33.41,35.02,2.00,1.50,0.85,80.11,35.37,0.33,1.58,0.45,0.56,-9999,-9999,-9999,-9999,-9999,1.931
107090,56.16,30.87,18.72,26.78,1.28,1.16,1.61,57.44,20.13,0.56,2.19,0.45,0.57,-9999,-9999,-9999,-9999,-9999,1.930
107091,60.65,25.15,20.22,28.52,0.98,1.30,2.27,62.08,21.74,0.52,2.06,0.45,0.54,-9999,-9999,-9999,-9999,-9999,1.927
107092,51.98,23.98,17.33,22.15,0.12,1.45,-0.00,53.53,18.96,0.65,2.47,0.45,0.53,-9999,-9999,-9999,-9999,-9999,1.926
107093,44.81,26.17,29.71,25.48,-1.10,1.87,-1.98,46.87,31.91,0.17,1.27,0.47,0.51,-9999,-9999,-9999,-9999,-9999,1.926
107094,56.65,23.84,24.79,16.71,-1.42,1.35,-0.41,58.28,26.39,0.31,1.55,0.48,0.49,-9999,-9999,-9999,-9999,-9999,1.925
107095,39.70,23.33,18.78,18.75,-0.82,0.32,0.94,40.22,19.26,0.27,1.46,0.47,0.46,-9999,-9999,-9999,-9999,-9999,1.922
107096,-9999.00,20.68,16.07,17.28,-1.02,-0.77,1.32,-9999.00,15.42,0.33,1.58,0.46,0.44,-9999,-9999,-9999,-9999,-9999,1.921
107097,-9999.00,27.63,22.79,14.83,-3.00,-2.47,0.17,-9999.00,20.49,0.11,1.16,0.48,0.45,-9999,-9999,-9999,-9999,-9999,1.919
107098,-9999.00,16.20,25.52,18.47,-4.49,-3.43,-2.44,-9999.00,22.27,-0.03,0.96,0.46,0.44,-9999,-9999,-9999,-9999,-9999,1.917
107099,-9999.00,20.43,24.30,15.00,-3.74,-3.62,-3.98,-9999.00,20.84,-0.05,0.93,0.49,0.41,-9999,-9999,-9999,-9999,-9999,1.916
107100,39.73,14.20,18.03,12.01,-2.78,-3.25,-4.11,36.91,14.90,0.30,1.52,0.44,0.40,-9999,-9999,-9999,-9999,-9999,1.916
107101,-9999.00,20.09,20.91,17.27,-2.31,-2.68,-3.48,-9999.00,18.39,0.23,1.38,0.48,0.41,-9999,-9999,-9999,-9999,-9999,1.914
107102,-9999.00,16.07,18.74,13.65,-1.09,-2.74,-2.73,-9999.00,16.15,0.36,1.65,0.40,0.43,-9999,-9999,-9999,-9999,-9999,1.911
107103,-9999.00,22.44,22.64,17.68,-0.43,-2.17,-2.08,-9999.00,20.72,0.22,1.35,0.36,0.47,-9999,-9999,-9999,-9999,-9999,1.909
107104,-9999.00,18.45,23.58,18.70,0.00,-0.20,-0.69,-9999.00,23.59,0.29,1.49,0.41,0.46,-9999,-9999,-9999,-9999,-9999,1.907
107105,-9999.00,23.86,25.35,16.87,0.85,1.28,-0.06,-9999.00,26.85,0.33,1.59,0.32,0.50,-9999,-9999,-9999,-9999,-9999,1.907
107106,-9999.00,17.59,23.44,15.67,2.31,1.97,-0.38,-9999.00,25.56,0.48,1.94,0.24,0.50,-9999,-9999,-9999,-9999,-9999,1.905
107107,-9999.00,28.59,25.69,23.83,4.05,2.92,0.74,-9999.00,28.74,0.36,1.64,0.05,0.54,-9999,-9999,-9999,-9999,-9999,1.905
107108,-9999.00,28.70,22.09,20.61,4.26,3.87,2.03,-9999.00,26.05,0.52,2.06,0.01,0.54,-9999,-9999,-9999,-9999,-9999,1.904
107109,-9999.00,40.22,38.24,29.47,3.90,3.86,1.83,-9999.00,42.29,0.08,1.12,0.02,0.55,-9999,-9999,-9999,-9999,-9999,1.903
107110,-9999.00,34.69,32.40,27.09,3.77,3.34,1.92,-9999.00,35.90,0.35,1.63,-0.32,0.55,-9999,-9999,-9999,-9999,-9999,1.898
