NASA Data Processing/CAMP2Ex/OPTICAL/CAMP2Ex-LARGE-OPTICAL_P3B_20191001_R0.ict
100,1001
Luke Ziemba
NASA Langley
In-situ optical aerosol measurements from the NASA P3B
CAMP2Ex
1,1
2019,10,01,2020,05,5
1.0
Time_Mid,Secs after midnight,Time of acquisition
19
1,1,1,1,1,1,1,1,1,1,1,1,1,1,1,1,1,1,1
-9999,-9999,-9999,-9999,-9999,-9999,-9999,-9999,-9999,-9999,-9999,-9999,-9999,-9999,-9999,-9999,-9999,-9999,-9999
Sc550_total_amb, Mm-1, AerOpt_Scattering_InSitu_Green_RHa_Bulk_STP, scattering coefficient of ambient  particles at 550nm
Sc450_total, Mm-1, AerOpt_Scattering_InSitu_Blue_RHd_Bulk_STP, Dry Scattering at 450nm (Total Aerosols)
Sc550_total, Mm-1, AerOpt_Scattering_InSitu_Green_RHd_Bulk_STP, Dry Scattering at 550nm (Total Aerosols)
Sc700_total, Mm-1, AerOpt_Scattering_InSitu_Red_RHd_Bulk_STP, Dry Scattering at 700nm (Total Aerosols)
Abs470_total, Mm-1, AerOpt_Absorption_InSitu_Blue_RHd_Bulk_STP, Dry absorption at 470nm (Total Aerosols)
Abs532_total, Mm-1, AerOpt_Absorption_InSitu_Green_RHd_Bulk_STP, Dry absorption at 532nm (Total Aerosols)
Abs660_total, Mm-1, AerOpt_Absorption_InSitu_Red_RHd_Bulk_STP, Dry absorption at 660nm (Total Aerosols)
Ext532_total_amb, Mm-1, AerOpt_Extinction_InSitu_Green_RHa_Bulk_STP, extinction coefficient of aerosols at 532nm for AMBIENT relative humidity
Ext532_total_dry, Mm-1, AerOpt_Extinction_InSitu_Green_RHd_Bulk_STP, extinction coefficient of aerosols at 532nm for DRY relative humidity
gamma550, unitless, AerOpt_Gamma_InSitu_Green_None_Bulk_STP, derived optical hygroscopic growth factor for particles at 550nm
fRH550_RH20to80, unitless, AerOpt_fRHScat_InSitu_Green_RHsp_Bulk_STP, derived optical hygroscopic growth parameter for particles at 550nm
AEscatAMB_450to700nm,unitless, AerOpt_AngstromExponentScat_InSitu_BluetoRed_RHa_Bulk_STP, derived ambient Angstrom Exponent for scattering coefficient over wavelength range from 450nm to 700nm
AEscatDRY_450to700nm,unitless, AerOpt_AngstromExponentScatInSitu_BluetoRed_RHd_Bulk_STP, derived dry Angstrom Exponent for scattering coefficient over wavelength range from 450nm to 700nm
AEabsDRY_470to660nm,unitless, AerOpt_AngstromExponentAbs_InSitu_BluetoRed_RHd_Bulk_STP, derived dry Angstrom Exponent for absorption coefficient over wavelength range from 450nm to 700nm
SSA_dry_450nm,unitless, AerOpt_SSA_InSitu_Blue_RHd_Bulk_STP, single_scattering_albedo_at_450nm_as_derived_from_dry_scattering_and_absorption
SSA_dry_550nm,unitless, AerOpt_SSA_InSitu_Green_RHd_Bulk_STP, single_scattering_albedo_at_550nm_as_derived_from_dry_scattering_and_absorption
SSA_dry_700nm,unitless, AerOpt_SSA_InSitu_Red_RHd_Bulk_STP, single_scattering_albedo_at_700nm_as_derived_from_dry_scattering_and_absorption
SSA_amb_550nm,unitless, AerOpt_SSA_InSitu_Green_RHa_Bulk_STP, single_scattering_albedo_at_550nm_as_derived_from_ambient_scattering_and_absorption
stdPT,unitless, None, Conversion factor to convert between ambient and standard pressure and temperature conditions
0
67
******************************************************************************************************************
Langley Aerosol data from the 2019 CAMP2Ex field campaign
 
PI_CONTACT_INFO: luke.ziemba@nasa.gov
PLATFORM: NASA P3B aircraft
LOCATION: Latitude, Longitude, and Altitude included in MetNav files
[...]
UNCERTAINTY: estimated uncertainties for directly measured properties
	- For dry scattering, accuracy estimated at 30% for all wavelengths; precision estimated at 4.5 Mm-1 for 450nm wavelength and 3 Mm-1 for 550nm and 700nm wavelengths
	- For dry absorption, accuracy estimated at 15% for all wavelengths; precision is a function of pressure and is estimated to vary from 0.5 Mm-1 near the surface to 2 at high altitude
	- For derived parameters, please contact the PI for a more detailed discussion of uncertainty
ULOD_FLAG: -7777
ULOD_VALUE: N/A
LLOD_FLAG: -8888
LLOD_VALUE: N/A
DM_CONTACT_INFO: Michael Shook (michael.shook@nasa.gov)
PROJECT_INFO: CAMP2Ex 2019
STIPULATIONS_ON_USE: This is FINAL data. Users are strongly encouraged to consult the PI and/or DM prior to use.
OTHER_COMMENTS: N/A
REVISION: R0
R0: STP and ambient parameter calculations now use data from their respective publicly available files, data is time synced to DLH
RD: Correction factor applied to raw scattering data, which also affects the absorption data via the Virkkula correction
RC: Higher threshholds required for calculating intensive parameters; absorption smoothing algorithm applied
RB: Time sync to LARGE CNgt3nm applied
RA: None
******************************************************************************************************************
Time_Mid,Sc550_total_amb,Sc450_total,Sc550_total,Sc700_total,Abs470_total,Abs532_total,Abs660_total,Ext532_total_amb,Ext532_total_dry,gamma550,fRH550_RH20to80,AEscatAMB_450to700nm,AEscatDRY_450to700nm,AEabsDRY_470to660nm,SSA_dry_450nm,SSA_dry_550nm,SSA_dry_700nm,SSA_amb_550nm,stdPT
[from data line 12599]
90648,149.11,173.12,108.75,68.89,1.88,2.43,2.32,159.62,118.66,0.17,1.27,1.68,2.11,-9999,0.987,-9999.000,-9999.000,-9999.000,1.167
90649,153.06,158.67,96.98,58.87,1.77,2.68,2.24,163.96,106.39,0.24,1.39,1.67,2.11,-9999,0.986,-9999.000,-9999.000,-9999.000,1.167
90650,139.90,160.48,108.63,60.80,2.45,3.31,1.53,150.65,119.46,0.11,1.17,1.67,2.10,-9999,0.986,-9999.000,-9999.000,-9999.000,1.166
90651,-9999.00,142.68,95.83,59.00,3.78,3.77,2.23,-9999.00,106.26,0.19,1.30,1.66,2.10,-9999,0.986,-9999.000,-9999.000,-9999.000,1.165
90652,-9999.00,155.65,97.52,62.40,4.57,3.48,3.24,-9999.00,107.76,0.18,1.28,1.65,2.10,-9999,0.985,-9999.000,-9999.000,-9999.000,1.164
90653,-9999.00,140.41,95.62,59.47,4.45,3.61,3.62,-9999.00,105.90,0.19,1.30,1.64,2.10,-9999,0.984,0.978,-9999.000,0.985,1.164
90654,147.61,148.27,92.55,66.01,4.17,4.05,4.02,159.68,103.08,0.18,1.28,1.63,2.10,-9999,0.984,0.978,-9999.000,0.985,1.164
90655,132.76,137.93,91.74,55.05,4.03,4.10,3.79,144.12,102.25,0.16,1.24,1.63,2.09,-9999,0.984,0.979,-9999.000,0.986,1.163
90656,-9999.00,137.99,91.75,54.75,3.68,3.67,2.75,-9999.00,101.87,0.12,1.19,1.62,2.09,-9999,0.983,-9999.000,-9999.000,-9999.000,1.162
90657,-9999.00,128.09,88.90,54.81,3.13,2.86,1.66,-9999.00,97.97,0.14,1.21,1.62,2.09,-9999,0.984,-9999.000,-9999.000,-9999.000,1.163
90658,-9999.00,119.16,87.19,48.23,2.23,1.97,1.73,-9999.00,95.29,0.15,1.23,1.61,2.09,-9999,0.984,-9999.000,-9999.000,-9999.000,1.163
90659,-9999.00,120.79,81.43,51.26,1.42,1.19,1.78,-9999.00,88.40,0.18,1.28,1.57,2.09,-9999,0.984,0.977,-9999.000,0.985,1.164
90660,-9999.00,115.80,82.21,47.05,0.87,0.74,0.56,-9999.00,88.76,0.17,1.27,1.56,2.08,-9999,-9999,-9999,-9999,-9999,1.163
90661,-9999.00,120.72,78.56,45.19,0.19,0.68,-0.42,-9999.00,84.80,0.21,1.33,1.56,2.08,-9999,-9999,-9999,-9999,-9999,1.163
90662,-9999.00,115.20,81.78,44.83,-0.00,0.58,-0.63,-9999.00,88.18,0.11,1.17,1.55,2.08,-9999,0.984,-9999.000,-9999.000,-9999.000,1.162
90663,-9999.00,111.87,78.90,46.25,0.48,0.65,-0.18,-9999.00,85.15,0.18,1.29,1.53,2.08,-9999,0.982,-9999.000,-9999.000,-9999.000,1.161
90664,116.48,115.94,68.11,46.31,0.88,0.99,0.62,123.07,73.96,0.24,1.40,1.51,2.09,-9999,0.983,-9999.000,-9999.000,-9999.000,1.161
90665,109.55,108.80,74.99,47.57,1.37,1.15,1.14,116.13,81.47,0.20,1.32,1.52,2.09,-9999,0.983,0.975,-9999.000,0.984,1.162
90666,105.65,116.25,68.74,44.10,2.24,1.50,1.36,112.08,75.16,0.21,1.33,1.49,2.09,-9999,0.983,0.974,-9999.000,0.983,1.162
90667,-9999.00,108.78,75.01,46.91,2.65,1.91,1.21,-9999.00,82.27,0.14,1.22,1.49,2.10,-9999,0.982,0.975,-9999.000,0.984,1.161
90668,-9999.00,116.37,71.37,42.54,2.07,1.64,1.43,-9999.00,78.06,0.18,1.28,1.49,2.11,-9999,0.981,-9999.000,-9999.000,-9999.000,1.160
90669,-9999.00,114.45,72.23,40.97,1.37,1.33,1.82,-9999.00,78.67,0.24,1.39,1.50,2.12,-9999,0.983,-9999.000,-9999.000,-9999.000,1.161
90670,-9999.00,106.43,74.34,42.38,1.21,1.48,1.68,-9999.00,81.05,0.22,1.36,1.52,2.14,-9999,-9999,-9999,-9999,-9999,1.159
90671,-9999.00,114.49,72.44,42.39,1.28,1.43,1.72,-9999.00,78.99,0.25,1.41,1.56,2.14,-9999,-9999,-9999,-9999,-9999,1.161
90672,-9999.00,106.31,78.09,42.04,1.17,1.11,1.61,-9999.00,84.77,0.19,1.30,1.56,2.15,-9999,-9999,-9999,-9999,-9999,1.159
90673,-9999.00,112.63,76.51,42.67,1.19,1.18,0.98,-9999.00,83.23,0.20,1.32,1.56,2.17,-9999,-9999,-9999,-9999,-9999,1.159
90674,132.34,118.69,74.94,43.29,1.53,1.59,1.27,139.88,82.04,0.22,1.36,1.56,2.18,-9999,-9999,-9999,-9999,-9999,1.158
90675,121.82,112.94,79.68,50.11,1.46,1.85,2.10,129.23,87.44,0.20,1.31,1.56,2.20,-9999,-9999,-9999,-9999,-9999,1.159
90676,119.61,118.13,76.03,45.04,1.34,2.24,2.22,127.26,83.93,0.21,1.34,1.56,2.21,-9999,-9999,-9999,-9999,-9999,1.159
90677,123.79,120.73,78.67,49.71,1.81,2.52,2.14,132.01,87.06,0.19,1.30,1.57,2.21,-9999,-9999,-9999,-9999,-9999,1.159
90678,128.82,117.84,76.37,45.16,2.33,2.34,2.41,137.05,84.44,0.20,1.33,1.58,2.22,-9999,0.983,-9999.000,-9999.000,-9999.000,1.158
90679,-9999.00,132.23,77.07,46.45,2.39,2.18,2.58,-9999.00,85.08,0.24,1.39,1.59,2.24,-9999,0.983,-9999.000,-9999.000,-9999.000,1.157
90680,139.27,120.76,74.91,45.21,2.21,2.25,2.25,148.11,82.78,0.26,1.43,1.60,2.24,-9999,-9999,-9999,-9999,-9999,1.156
90681,138.15,135.07,87.03,46.21,2.16,2.31,2.14,147.06,95.92,0.20,1.32,1.61,2.26,-9999,0.984,0.975,-9999.000,0.984,1.157
90682,141.95,124.67,85.97,45.18,2.18,1.95,2.53,150.77,94.38,0.21,1.34,1.62,2.26,-9999,0.982,0.975,-9999.000,0.984,1.157
90683,138.87,126.85,87.22,46.27,2.02,1.71,2.37,147.34,95.51,0.20,1.32,1.62,2.27,-9999,0.982,-9999.000,-9999.000,-9999.000,1.157
90684,134.42,124.17,84.69,47.07,2.22,1.92,1.90,142.86,92.95,0.20,1.33,1.62,2.26,-9999,0.983,-9999.000,-9999.000,-9999.000,1.157
90685,132.32,128.16,84.19,48.53,2.86,1.79,2.02,140.51,92.27,0.21,1.34,1.62,2.25,-9999,0.983,0.976,-9999.000,0.984,1.156
90686,132.20,131.27,82.27,48.68,2.96,1.90,2.29,140.46,90.35,0.23,1.37,1.62,2.26,-9999,0.984,0.975,-9999.000,0.983,1.156
90687,134.98,134.27,80.35,48.82,2.23,2.38,1.65,143.94,88.72,0.25,1.41,1.63,2.25,0.05,0.983,0.975,-9999.000,0.983,1.157
90688,133.52,131.91,77.86,45.76,1.98,2.54,1.47,142.65,86.26,0.27,1.46,1.64,2.25,-9999,0.982,0.974,-9999.000,0.983,1.156
90689,119.77,135.02,82.56,42.96,2.29,2.36,1.89,128.13,91.14,0.20,1.32,1.65,2.25,-9999,0.982,0.974,-9999.000,0.982,1.156
90690,120.05,128.22,77.11,46.60,2.07,2.17,1.34,128.32,85.07,0.22,1.36,1.66,2.25,-9999,0.983,0.974,-9999.000,0.982,1.156
90691,120.82,130.18,85.54,42.79,1.80,2.46,1.08,129.47,94.46,0.19,1.31,1.67,2.26,-9999,0.982,0.974,-9999.000,0.982,1.155
90692,113.35,126.14,80.66,46.23,2.12,2.83,1.25,121.99,89.62,0.19,1.30,1.68,2.27,-9999,0.982,0.973,-9999.000,0.982,1.156
90693,118.49,130.10,85.94,45.57,2.51,2.66,1.19,127.24,95.13,0.19,1.31,1.69,2.28,0.15,0.982,0.974,0.958,0.982,1.155
90694,110.12,126.19,80.34,42.28,2.43,2.46,1.12,118.21,88.90,0.20,1.31,1.70,2.29,0.32,0.982,0.975,-9999.000,0.983,1.155
90695,100.12,125.82,84.25,45.83,2.07,2.32,0.83,107.56,92.91,0.13,1.21,1.70,2.29,-9999,0.981,0.974,-9999.000,0.982,1.155
90696,102.49,127.95,77.86,42.83,2.27,2.25,1.56,109.98,85.94,0.22,1.36,1.70,2.29,-9999,0.980,0.975,-9999.000,0.983,1.156
90697,98.40,130.98,85.39,49.77,2.61,2.24,2.33,105.76,94.00,0.10,1.16,1.70,2.27,-9999,0.981,0.975,-9999.000,0.982,1.156
90698,103.64,123.17,80.67,48.70,2.76,2.39,2.23,111.50,89.09,0.17,1.26,1.70,2.26,-9999,0.981,0.973,-9999.000,0.981,1.155
90699,112.11,123.31,81.75,48.75,2.82,2.55,2.58,120.68,90.40,0.19,1.29,1.70,2.25,-9999,0.981,0.973,-9999.000,0.980,1.155
90700,115.28,123.45,82.84,48.80,2.42,2.28,2.27,123.83,91.32,0.19,1.30,1.69,2.26,-9999,0.980,0.972,-9999.000,0.980,1.154
90701,118.21,123.66,80.27,45.95,1.77,1.92,1.41,126.55,88.20,0.22,1.37,1.68,2.26,-9999,0.980,0.971,-9999.000,0.979,1.154
90702,107.09,120.28,81.33,49.89,1.31,1.89,1.52,114.79,89.24,0.16,1.25,1.67,2.27,0.49,0.980,0.970,-9999.000,0.979,1.153
90703,111.77,123.05,78.80,46.09,1.30,2.04,2.33,119.92,86.59,0.18,1.29,1.67,2.27,0.30,0.979,0.970,0.955,0.978,1.153
90704,119.01,115.37,79.74,48.13,1.80,2.02,2.91,127.54,87.50,0.20,1.31,1.66,2.27,0.17,0.979,0.972,0.953,0.979,1.153
90705,120.04,119.61,77.11,43.05,2.37,1.91,2.31,128.64,84.50,0.22,1.35,1.68,2.26,0.33,0.980,0.973,0.957,0.980,1.152
90706,120.01,119.54,77.06,43.02,2.76,2.13,1.65,128.87,84.60,0.21,1.34,1.69,2.25,0.67,0.979,0.973,-9999.000,0.979,1.152
90707,113.71,129.04,76.37,43.05,2.66,2.36,2.04,122.62,84.06,0.20,1.31,1.70,2.23,0.64,0.977,0.972,0.957,0.979,1.152
90708,110.61,121.79,79.43,42.45,2.48,2.45,2.11,119.47,87.37,0.17,1.27,1.70,2.22,0.61,0.976,0.971,0.954,0.978,1.152
90709,110.22,121.19,79.48,42.56,2.70,2.60,2.19,119.32,87.52,0.17,1.27,1.71,2.22,0.63,0.976,0.970,0.955,0.978,1.152
90710,109.29,119.85,79.76,41.80,2.99,2.62,3.08,118.29,87.86,0.17,1.27,1.70,2.22,0.53,0.976,0.970,0.954,0.977,1.152
90711,105.20,124.24,81.98,47.70,3.00,2.67,3.07,113.98,90.28,0.14,1.22,1.70,2.22,0.48,0.976,0.970,0.953,0.978,1.152
90712,100.02,116.12,78.37,48.33,2.84,2.84,2.14,108.68,86.52,0.14,1.21,1.70,2.21,0.28,0.977,0.971,0.951,0.978,1.152
90713,100.66,116.59,79.93,48.25,2.83,3.02,2.28,109.49,88.33,0.12,1.19,1.70,2.21,0.09,0.978,0.971,0.949,0.978,1.152
90714,100.94,116.95,81.42,48.13,2.88,3.05,3.20,109.85,89.93,0.10,1.15,1.70,2.21,0.18,0.978,0.970,0.951,0.977,1.151
90715,101.40,119.58,78.00,42.19,2.64,2.71,3.42,110.06,85.94,0.12,1.18,1.72,2.21,0.43,0.976,0.970,0.952,0.977,1.150
90716,113.85,117.12,77.56,43.26,2.81,2.43,2.70,123.04,85.20,0.20,1.31,1.73,2.22,0.77,0.976,0.970,0.956,0.977,1.150
90717,110.91,123.98,88.21,43.67,3.49,2.56,2.46,120.13,96.65,0.12,1.18,1.74,2.22,1.02,0.975,0.970,-9999.000,0.977,1.150
90718,107.93,123.86,88.23,43.65,3.83,2.86,2.92,117.25,96.97,0.11,1.17,1.74,2.22,0.79,0.975,0.970,0.955,0.976,1.150
90719,111.95,123.77,88.27,43.64,3.85,3.02,2.96,121.67,97.15,0.14,1.21,1.73,2.22,0.65,0.975,0.969,0.952,0.976,1.151
90720,98.61,124.39,87.48,45.17,3.69,2.89,2.93,107.40,96.18,0.07,1.10,1.73,2.22,0.72,0.973,0.969,0.951,0.976,1.151
90721,99.73,111.83,80.39,46.37,3.34,2.57,2.71,108.30,88.27,0.12,1.18,1.73,2.21,0.55,0.973,0.969,0.947,0.975,1.150
90722,98.54,111.08,77.93,46.73,3.09,2.50,2.21,106.99,85.55,0.13,1.20,1.73,2.21,0.47,0.973,0.969,0.945,0.975,1.150
90723,94.33,109.33,78.58,42.74,2.89,2.66,2.00,102.69,86.33,0.10,1.16,1.73,2.20,0.77,0.973,0.969,0.951,0.976,1.150
90724,102.97,107.51,79.13,38.78,2.98,2.85,1.88,112.04,87.10,0.14,1.22,1.73,2.20,0.93,0.973,0.969,0.955,0.975,1.150
90725,111.55,119.98,74.14,43.28,3.01,3.09,2.05,121.43,82.02,0.21,1.33,1.73,2.20,0.70,0.974,0.969,0.951,0.975,1.149
90726,101.98,116.48,77.77,41.94,2.82,2.97,2.08,111.19,85.75,0.15,1.23,1.73,2.19,0.62,0.974,0.969,0.951,0.975,1.149
90727,100.26,112.83,81.48,40.65,2.71,2.61,1.56,109.03,89.38,0.12,1.18,1.73,2.19,0.84,0.974,0.969,0.955,0.975,1.149
90728,96.73,113.99,80.20,45.89,2.70,2.52,1.35,105.21,87.93,0.12,1.18,1.75,2.20,0.96,0.974,0.969,-9999.000,0.975,1.149
90729,87.43,116.86,79.53,45.68,2.97,2.56,1.97,95.39,87.29,0.06,1.09,1.76,2.21,0.80,0.973,0.970,0.951,0.976,1.149
90730,89.79,119.62,78.83,45.45,3.27,2.59,2.62,97.87,86.59,0.10,1.15,1.78,2.21,0.80,0.972,0.969,0.950,0.975,1.149
90731,89.00,119.93,80.76,44.79,3.32,2.55,2.32,96.96,88.63,0.08,1.12,1.80,2.20,0.80,0.972,0.968,0.949,0.974,1.149
90732,90.55,120.22,82.69,44.14,3.26,2.50,1.89,98.62,90.62,0.08,1.11,1.81,2.19,0.57,0.973,0.969,0.948,0.975,1.149
90733,89.54,114.23,77.29,42.63,3.10,2.35,1.98,97.46,84.76,0.12,1.18,1.83,2.18,0.56,0.974,0.969,0.951,0.974,1.149
90734,87.65,101.76,68.69,40.03,2.89,2.13,2.02,95.27,75.42,0.19,1.31,1.83,2.17,0.85,0.974,0.967,-9999.000,0.973,1.149
90735,89.61,101.56,69.97,41.52,2.68,2.09,2.28,97.41,76.77,0.18,1.29,1.85,2.17,1.08,0.973,0.965,-9999.000,0.972,1.148
90736,84.35,101.35,71.24,43.00,2.77,2.10,2.82,91.79,78.14,0.13,1.19,1.85,2.16,0.87,0.973,0.965,-9999.000,0.971,1.148
90737,86.63,103.92,70.72,39.68,2.88,2.24,2.78,94.36,77.77,0.16,1.24,1.85,2.17,0.62,0.975,0.966,-9999.000,0.972,1.148
90738,91.60,105.34,71.56,39.27,2.60,2.35,1.88,99.69,78.81,0.17,1.27,1.85,2.18,-9999,0.975,0.968,-9999.000,0.973,1.148
90739,90.25,106.73,72.37,38.85,2.44,2.18,1.28,98.03,79.51,0.16,1.25,1.85,2.18,-9999,0.975,0.967,-9999.000,0.973,1.147
90740,85.21,103.99,67.10,35.98,2.54,2.02,1.85,92.48,73.77,0.19,1.31,1.84,2.17,0.79,0.974,0.966,-9999.000,0.972,1.147
90741,86.71,101.93,69.58,38.55,2.79,2.08,2.21,94.19,76.46,0.16,1.25,1.85,2.17,0.75,0.972,0.966,0.951,0.972,1.147
90742,85.51,105.72,64.37,38.65,2.87,2.43,2.00,93.28,71.26,0.21,1.34,1.85,2.16,0.97,0.972,0.967,-9999.000,0.973,1.147
90743,82.66,100.77,67.45,36.76,2.33,2.60,2.29,90.47,74.78,0.15,1.24,1.86,2.15,-9999,0.972,0.968,-9999.000,0.974,1.147
90744,79.20,94.52,59.60,37.16,1.91,2.69,2.53,86.90,66.48,0.23,1.37,1.86,2.15,-9999,0.973,0.968,-9999.000,0.974,1.147
90745,81.86,99.16,65.37,41.43,2.17,2.94,2.25,89.96,72.90,0.18,1.29,1.85,2.14,-9999,0.974,0.968,-9999.000,0.973,1.147
90746,79.78,93.89,57.72,35.80,2.57,2.94,2.21,87.72,64.69,0.26,1.43,1.85,2.13,-9999,0.975,0.968,-9999.000,0.974,1.146
90747,75.90,96.55,64.76,41.44,2.64,2.76,2.50,83.39,72.03,0.13,1.20,1.84,2.12,0.44,0.974,0.969,0.950,0.974,1.146
90748,74.21,96.66,62.89,39.71,2.45,2.76,2.51,81.60,70.03,0.15,1.23,1.82,2.12,0.37,0.973,0.968,0.947,0.973,1.146
90749,75.83,96.69,61.00,37.96,2.16,2.75,1.88,83.30,67.98,0.18,1.29,1.82,2.11,0.56,0.974,0.967,-9999.000,0.973,1.146
90750,74.61,91.37,62.23,34.58,2.04,2.77,1.47,82.00,69.30,0.15,1.23,1.81,2.11,-9999,0.974,0.966,-9999.000,0.972,1.146
90751,71.10,91.45,61.82,33.74,2.24,2.72,1.86,78.21,68.81,0.14,1.21,1.81,2.11,-9999,0.974,0.967,-9999.000,0.973,1.146
90752,70.31,91.52,61.39,32.90,2.87,2.47,1.84,77.09,68.09,0.14,1.21,1.80,2.11,-9999,0.972,0.967,-9999.000,0.973,1.146
90753,68.00,89.87,56.91,37.56,3.29,2.10,1.33,74.27,62.92,0.19,1.29,1.81,2.12,-9999,0.972,0.966,-9999.000,0.972,1.146
90754,73.44,86.54,60.88,33.39,2.90,1.56,1.44,79.56,66.60,0.18,1.29,1.81,2.12,0.58,0.973,0.965,-9999.000,0.971,1.146
90755,70.76,88.57,56.70,34.68,2.21,1.29,1.33,76.45,61.85,0.22,1.36,1.82,2.12,0.39,0.974,0.965,-9999.000,0.971,1.145
90756,70.60,84.47,55.03,33.34,1.98,1.59,1.11,76.59,60.38,0.26,1.43,1.81,2.12,-9999,0.974,0.966,-9999.000,0.972,1.145
90757,69.50,87.88,56.87,35.88,2.16,1.72,1.49,75.57,62.48,0.20,1.32,1.81,2.11,-9999,0.973,0.967,-9999.000,0.972,1.145
90758,65.80,87.33,54.85,33.52,2.48,1.70,2.00,71.60,60.28,0.19,1.31,1.82,2.11,-9999,0.972,0.966,-9999.000,0.971,1.144
90759,69.40,89.83,61.58,39.64,2.58,1.77,2.40,75.49,67.54,0.12,1.19,1.81,2.11,0.39,0.972,0.964,0.945,0.970,1.145
90760,70.12,88.74,61.70,39.11,2.22,1.73,1.91,76.19,67.61,0.13,1.19,1.81,2.11,0.37,0.972,0.964,0.944,0.970,1.145
90761,73.27,87.55,61.76,38.54,1.89,1.95,1.23,79.76,67.87,0.17,1.26,1.81,2.11,0.54,0.971,0.965,-9999.000,0.970,1.144
90762,79.12,88.02,62.94,34.93,2.06,2.13,1.23,86.15,69.25,0.16,1.25,1.81,2.10,0.55,0.971,0.966,-9999.000,0.971,1.143
90763,74.38,89.23,62.41,34.46,2.47,2.24,1.26,81.20,68.78,0.12,1.18,1.81,2.10,0.84,0.970,0.965,-9999.000,0.971,1.143
90764,78.30,91.67,62.84,39.09,2.66,2.38,1.90,85.50,69.38,0.16,1.25,1.81,2.10,-9999,0.969,0.966,-9999.000,0.971,1.142
90765,75.35,87.20,61.88,34.34,2.64,2.34,2.64,82.37,68.30,0.15,1.22,1.81,2.10,-9999,0.970,0.968,-9999.000,0.973,1.143
90766,74.85,85.82,62.10,34.35,2.50,2.44,2.71,81.95,68.65,0.14,1.22,1.81,2.10,-9999,0.972,-9999.000,-9999.000,-9999.000,1.143
90767,73.23,84.39,62.29,34.35,2.37,2.36,2.14,80.18,68.78,0.13,1.20,1.81,2.10,-9999,0.971,-9999.000,-9999.000,-9999.000,1.142
90768,71.03,91.89,64.66,31.12,2.56,2.14,1.21,77.59,71.08,0.09,1.14,1.80,2.09,0.57,0.971,0.968,0.947,0.973,1.142
90769,71.71,84.32,60.60,31.12,2.84,2.28,1.49,78.43,66.83,0.17,1.27,1.80,2.09,0.62,0.970,0.967,0.947,0.972,1.143
90770,76.35,92.05,63.63,33.91,2.90,2.38,2.86,83.45,70.21,0.15,1.23,1.79,2.09,0.76,0.971,0.966,-9999.000,0.972,1.142
90771,73.50,95.48,59.14,32.35,2.89,2.45,3.70,80.54,65.48,0.17,1.26,1.80,2.10,0.62,0.972,0.967,-9999.000,0.972,1.141
90772,74.19,91.94,62.52,36.76,2.81,2.49,3.56,81.32,69.15,0.14,1.21,1.79,2.10,0.46,0.973,0.968,-9999.000,0.973,1.142
90773,72.89,92.36,60.18,34.42,2.87,2.46,2.97,79.95,66.64,0.16,1.25,1.80,2.11,0.44,0.972,0.967,0.947,0.972,1.142
90774,71.80,91.55,60.32,35.04,3.11,2.47,2.30,78.79,66.82,0.16,1.24,1.80,2.11,0.51,0.971,0.965,0.946,0.970,1.142
90775,73.68,91.50,60.30,35.08,3.29,2.41,1.42,80.74,66.78,0.18,1.28,1.80,2.12,0.59,0.971,0.965,0.947,0.970,1.142
90776,81.27,95.03,67.28,40.89,3.21,2.38,1.33,88.78,74.24,0.18,1.28,1.81,2.14,0.61,0.971,0.967,0.947,0.972,1.142
90777,77.12,95.01,67.40,41.84,2.89,2.38,2.36,84.39,74.39,0.13,1.19,1.81,2.14,0.56,0.971,0.966,0.946,0.971,1.142
90778,80.98,97.35,69.78,40.99,2.71,2.10,2.69,88.21,76.65,0.14,1.21,1.82,2.14,0.71,0.970,0.963,0.947,0.969,1.141
90779,72.67,96.52,61.84,38.91,2.73,1.90,2.27,79.16,67.99,0.14,1.22,1.84,2.14,-9999,0.970,0.965,-9999.000,0.970,1.141
90780,76.26,102.42,68.25,38.80,2.57,2.10,1.58,83.13,75.03,0.10,1.15,1.84,2.14,-9999,0.970,0.966,-9999.000,0.972,1.140
