NASA Data Processing/CAMP2Ex/OPTICAL/CAMP2Ex-LARGE-OPTICAL_P3B_20190913_R0.ict
100,1001
Luke Ziemba
NASA Langley
In-situ optical aerosol measurements from the NASA P3B
CAMP2Ex
1,1
2019,09,13,2020,05,5
1.0
Time_Mid,Secs after midnight,Time of acquisition
19
1,1,1,1,1,1,1,1,1,1,1,1,1,1,1,1,1,1,1
-9999,-9999,-9999,-9999,-9999,-9999,-9999,-9999,-9999,-9999,-9999,-9999,-9999,-9999,-9999,-9999,-9999,-9999,-9999
Sc550_total_amb, Mm-1, AerOpt_Scattering_InSitu_Green_RHa_Bulk_STP, scattering coefficient of ambient  particles at 550nm
Sc450_total, Mm-1, AerOpt_Scattering_InSitu_Blue_RHd_Bulk_STP, Dry Scattering at 450nm (Total Aerosols)
Sc550_total, Mm-1, AerOpt_Scattering_InSitu_Green_RHd_Bulk_STP, Dry Scattering at 550nm (Total Aerosols)
Sc700_total, Mm-1, AerOpt_Scattering_InSitu_Red_RHd_Bulk_STP, Dry Scattering at 700nm (Total Aerosols)
Abs470_total, Mm-1, AerOpt_Absorption_InSitu_Blue_RHd_Bulk_STP, Dry absorption at 470nm (Total Aerosols)
Abs532_total, Mm-1, AerOpt_Absorption_InSitu_Green_RHd_Bulk_STP, Dry absorption at 532nm (Total Aerosols)
Abs660_total, Mm-1, AerOpt_Absorption_InSitu_Red_RHd_Bulk_STP, Dry absorption at 660nm (Total Aerosols)
Ext532_total_amb, Mm-1, AerOpt_Extinction_InSitu_Green_RHa_Bulk_STP, extinction coefficient of aerosols at 532nm for AMBIENT relative humidity
Ext532_total_dry, Mm-1, AerOpt_Extinction_InSitu_Green_RHd_Bulk_STP, extinction coefficient of aerosols at 532nm for DRY relative humidity
gamma550, unitless, AerOpt_Gamma_InSitu_Green_None_Bulk_STP, derived optical hygroscopic growth factor for particles at 550nm
fRH550_RH20to80, unitless, AerOpt_fRHScat_InSitu_Green_RHsp_Bulk_STP, derived optical hygroscopic growth parameter for particles at 550nm
AEscatAMB_450to700nm,unitless, AerOpt_AngstromExponentScat_InSitu_BluetoRed_RHa_Bulk_STP, derived ambient Angstrom Exponent for scattering coefficient over wavelength range from 450nm to 700nm
AEscatDRY_450to700nm,unitless, AerOpt_AngstromExponentScatInSitu_BluetoRed_RHd_Bulk_STP, derived dry Angstrom Exponent for scattering coefficient over wavelength range from 450nm to 700nm
AEabsDRY_470to660nm,unitless, AerOpt_AngstromExponentAbs_InSitu_BluetoRed_RHd_Bulk_STP, derived dry Angstrom Exponent for absorption coefficient over wavelength range from 450nm to 700nm
SSA_dry_450nm,unitless, AerOpt_SSA_InSitu_Blue_RHd_Bulk_STP, single_scattering_albedo_at_450nm_as_derived_from_dry_scattering_and_absorption
SSA_dry_550nm,unitless, AerOpt_SSA_InSitu_Green_RHd_Bulk_STP, single_scattering_albedo_at_550nm_as_derived_from_dry_scattering_and_absorption
SSA_dry_700nm,unitless, AerOpt_SSA_InSitu_Red_RHd_Bulk_STP, single_scattering_albedo_at_700nm_as_derived_from_dry_scattering_and_absorption
SSA_amb_550nm,unitless, AerOpt_SSA_InSitu_Green_RHa_Bulk_STP, single_scattering_albedo_at_550nm_as_derived_from_ambient_scattering_and_absorption
stdPT,unitless, None, Conversion factor to convert between ambient and standard pressure and temperature conditions
0
67
******************************************************************************************************************
Langley Aerosol data from the 2019 CAMP2Ex field campaign
 
PI_CONTACT_INFO: luke.ziemba@nasa.gov
PLATFORM: NASA P3B aircraft
LOCATION: Latitude, Longitude, and Altitude included in MetNav files
[...]
UNCERTAINTY: estimated uncertainties for directly measured properties
	- For dry scattering, accuracy estimated at 30% for all wavelengths; precision estimated at 4.5 Mm-1 for 450nm wavelength and 3 Mm-1 for 550nm and 700nm wavelengths
	- For dry absorption, accuracy estimated at 15% for all wavelengths; precision is a function of pressure and is estimated to vary from 0.5 Mm-1 near the surface to 2 at high altitude
	- For derived parameters, please contact the PI for a more detailed discussion of uncertainty
ULOD_FLAG: -7777
ULOD_VALUE: N/A
LLOD_FLAG: -8888
LLOD_VALUE: N/A
DM_CONTACT_INFO: Michael Shook (michael.shook@nasa.gov)
PROJECT_INFO: CAMP2Ex 2019
STIPULATIONS_ON_USE: This is FINAL data. Users are strongly encouraged to consult the PI and/or DM prior to use.
OTHER_COMMENTS: N/A
REVISION: R0
R0: STP and ambient parameter calculations now use data from their respective publicly available files, data is time synced to DLH
RD: Correction factor applied to raw scattering data, which also affects the absorption data via the Virkkula correction
RC: Higher threshholds required for calculating intensive parameters; absorption smoothing algorithm applied
RB: Time sync to LARGE CNgt3nm applied
RA: None
******************************************************************************************************************
Time_Mid,Sc550_total_amb,Sc450_total,Sc550_total,Sc700_total,Abs470_total,Abs532_total,Abs660_total,Ext532_total_amb,Ext532_total_dry,gamma550,fRH550_RH20to80,AEscatAMB_450to700nm,AEscatDRY_450to700nm,AEabsDRY_470to660nm,SSA_dry_450nm,SSA_dry_550nm,SSA_dry_700nm,SSA_amb_550nm,stdPT
[from data line 10954]
85482,68.61,40.56,27.58,16.50,-0.43,-0.03,0.24,72.25,29.57,0.36,1.64,1.53,2.05,-9999,-9999,-9999,-9999,-9999,1.137
85483,58.02,43.96,31.23,18.63,-0.58,-0.13,0.13,60.99,33.40,0.25,1.41,1.53,2.04,-9999,-9999,-9999,-9999,-9999,1.136
85484,56.58,41.09,27.34,15.91,-0.81,-0.40,-0.49,59.18,28.96,0.31,1.54,1.53,2.02,-9999,-9999,-9999,-9999,-9999,1.136
85485,52.33,41.03,27.27,17.08,-0.68,-0.35,-0.60,54.75,28.95,0.32,1.57,1.54,2.01,-9999,-9999,-9999,-9999,-9999,1.136
85486,54.08,40.95,27.18,18.26,-0.42,-0.15,-0.15,56.78,29.05,0.35,1.62,1.54,1.98,-9999,-9999,-9999,-9999,-9999,1.137
85487,-9999.00,41.55,29.86,20.00,-0.40,-0.13,-0.27,-9999.00,31.97,-9999.00,-9999.00,1.54,1.99,-9999,-9999,-9999,-9999,-9999,1.137
85488,62.91,41.73,25.17,15.39,-0.33,-0.08,-0.19,66.19,27.02,0.42,1.78,1.54,1.99,-9999,-9999,-9999,-9999,-9999,1.136
85489,50.05,43.24,31.64,17.49,-0.32,-0.13,-0.14,52.60,33.92,0.21,1.34,1.53,2.00,-9999,-9999,-9999,-9999,-9999,1.137
85490,56.70,41.33,27.25,17.87,-0.66,-0.29,-0.49,59.37,29.01,0.29,1.50,1.51,1.98,-9999,-9999,-9999,-9999,-9999,1.136
85491,49.18,47.56,29.64,20.95,-1.12,-0.36,-0.66,51.34,31.50,0.20,1.32,1.51,1.98,-9999,-9999,-9999,-9999,-9999,1.135
85492,57.24,40.10,23.31,15.89,-1.32,-0.36,-0.90,59.75,24.69,0.38,1.69,1.50,1.96,-9999,-9999,-9999,-9999,-9999,1.136
85493,48.97,48.00,26.40,19.56,-1.04,-0.43,-0.56,50.97,27.97,0.26,1.43,1.51,1.97,-9999,-9999,-9999,-9999,-9999,1.136
85494,52.66,40.15,23.03,17.52,-0.92,-0.47,-0.16,54.74,24.34,0.33,1.58,1.49,1.98,-9999,-9999,-9999,-9999,-9999,1.136
85495,63.72,44.71,26.66,18.62,-1.23,-0.39,-0.29,66.36,28.35,0.35,1.63,1.49,1.97,-9999,-9999,-9999,-9999,-9999,1.136
85496,53.82,38.74,24.87,16.22,-1.16,-0.42,0.16,55.96,26.41,0.30,1.52,1.49,1.97,-9999,-9999,-9999,-9999,-9999,1.136
85497,53.98,43.55,25.74,16.28,-0.80,-0.49,0.42,55.99,27.28,0.29,1.49,1.53,1.96,-9999,-9999,-9999,-9999,-9999,1.136
85498,-9999.00,39.60,25.38,16.75,-0.55,-0.28,0.29,-9999.00,27.09,-9999.00,-9999.00,1.55,1.94,-9999,-9999,-9999,-9999,-9999,1.135
85499,55.54,35.55,25.03,17.23,-0.22,-0.24,0.18,57.96,26.76,0.33,1.57,1.55,1.94,-9999,-9999,-9999,-9999,-9999,1.135
85500,-9999.00,37.61,24.82,15.12,0.14,-0.45,-0.04,-9999.00,26.31,0.32,1.55,1.55,1.92,-9999,-9999,-9999,-9999,-9999,1.136
85501,55.02,35.69,23.61,17.73,0.20,-0.34,-0.18,57.25,25.10,0.33,1.59,1.53,1.91,-9999,-9999,-9999,-9999,-9999,1.136
85502,43.41,41.58,25.53,15.00,0.02,-0.14,-0.25,45.32,27.34,0.23,1.37,1.53,1.91,-9999,-9999,-9999,-9999,-9999,1.136
85503,-9999.00,42.72,22.38,17.82,-0.20,-0.30,-0.09,-9999.00,23.81,-9999.00,-9999.00,1.52,1.91,-9999,-9999,-9999,-9999,-9999,1.136
85504,-9999.00,41.10,27.07,16.91,-0.38,-0.40,-0.28,-9999.00,28.77,-9999.00,-9999.00,1.49,1.89,-9999,-9999,-9999,-9999,-9999,1.136
85505,-9999.00,35.78,23.11,15.54,-0.57,-0.35,-0.77,-9999.00,24.59,-9999.00,-9999.00,1.49,1.88,-9999,-9999,-9999,-9999,-9999,1.137
85506,-9999.00,41.42,26.92,16.14,-0.86,-0.46,-1.06,-9999.00,28.60,0.28,1.48,1.45,1.87,-9999,-9999,-9999,-9999,-9999,1.135
85507,-9999.00,36.66,23.05,15.74,-0.85,-0.39,-1.38,-9999.00,24.50,0.35,1.62,1.44,1.88,-9999,-9999,-9999,-9999,-9999,1.135
85508,-9999.00,44.58,25.32,15.33,-0.70,-0.29,-1.17,-9999.00,27.07,0.31,1.54,1.43,1.86,-9999,-9999,-9999,-9999,-9999,1.136
85509,-9999.00,37.17,19.81,14.22,-0.85,-0.31,-0.75,-9999.00,21.11,-9999.00,-9999.00,1.44,1.87,-9999,-9999,-9999,-9999,-9999,1.136
85510,-9999.00,37.20,21.89,18.33,-0.96,-0.38,-0.34,-9999.00,23.29,-9999.00,-9999.00,1.44,1.87,-9999,-9999,-9999,-9999,-9999,1.137
85511,-9999.00,36.92,23.62,17.98,-0.87,-0.66,0.16,-9999.00,24.87,-9999.00,-9999.00,1.45,1.87,-9999,-9999,-9999,-9999,-9999,1.135
85512,62.34,36.51,25.33,17.62,-0.68,-0.71,0.31,64.22,26.66,0.35,1.62,1.44,1.86,-9999,-9999,-9999,-9999,-9999,1.136
85513,-9999.00,32.86,24.19,16.62,-0.34,-0.34,0.59,-9999.00,25.78,0.40,1.75,1.46,1.84,-9999,-9999,-9999,-9999,-9999,1.136
85514,-9999.00,38.47,26.58,16.79,-0.39,-0.02,0.62,-9999.00,28.68,0.35,1.61,1.45,1.85,-9999,-9999,-9999,-9999,-9999,1.135
85515,60.15,31.59,24.24,16.01,-0.43,0.19,0.47,62.97,26.34,0.36,1.64,1.42,1.85,-9999,-9999,-9999,-9999,-9999,1.135
85516,49.95,38.86,27.86,18.82,-0.39,0.10,0.55,52.30,30.15,0.23,1.38,1.44,1.84,-9999,-9999,-9999,-9999,-9999,1.136
85517,-9999.00,31.96,25.74,16.06,-0.54,-0.09,0.32,-9999.00,27.68,0.32,1.56,1.44,1.85,-9999,-9999,-9999,-9999,-9999,1.136
85518,50.97,41.42,26.93,18.18,-0.36,-0.10,0.32,53.06,28.91,0.25,1.42,1.44,1.84,-9999,-9999,-9999,-9999,-9999,1.135
85519,55.23,33.94,18.41,16.65,-0.15,-0.13,0.37,57.48,19.69,0.49,1.96,1.44,1.86,-9999,-9999,-9999,-9999,-9999,1.137
85520,47.77,38.18,21.58,18.04,-0.48,-0.18,-0.22,49.73,23.06,0.35,1.63,1.44,1.88,-9999,-9999,-9999,-9999,-9999,1.136
85521,52.83,33.66,20.78,18.13,-0.69,-0.28,-0.96,54.91,22.09,0.42,1.80,1.44,1.90,-9999,-9999,-9999,-9999,-9999,1.136
85522,60.53,43.49,25.47,17.11,-0.47,-0.40,-1.50,62.86,27.03,0.38,1.70,1.44,1.90,-9999,-9999,-9999,-9999,-9999,1.136
85523,60.36,43.45,22.13,19.78,-0.16,-0.36,-1.41,62.77,23.49,0.47,1.92,1.43,1.92,-9999,-9999,-9999,-9999,-9999,1.137
85524,-9999.00,48.20,24.97,18.39,-0.17,-0.42,-1.04,-9999.00,26.51,-9999.00,-9999.00,1.43,1.92,-9999,-9999,-9999,-9999,-9999,1.136
85525,-9999.00,45.73,24.63,19.69,-0.33,-0.48,-0.75,-9999.00,26.10,-9999.00,-9999.00,1.43,1.91,-9999,-9999,-9999,-9999,-9999,1.136
85526,-9999.00,43.65,28.25,19.00,-0.44,-0.43,-0.36,-9999.00,30.07,-9999.00,-9999.00,1.43,1.95,-9999,-9999,-9999,-9999,-9999,1.136
85527,-9999.00,43.23,29.39,19.51,-0.80,-0.38,-0.19,-9999.00,31.34,-9999.00,-9999.00,1.43,1.97,-9999,-9999,-9999,-9999,-9999,1.136
85528,-9999.00,42.48,29.20,19.96,-0.97,-0.36,-0.41,-9999.00,31.18,-9999.00,-9999.00,1.41,2.01,-9999,-9999,-9999,-9999,-9999,1.135
85529,50.58,41.94,26.46,17.46,-0.51,-0.18,-0.65,52.82,28.43,0.32,1.55,1.41,2.04,-9999,-9999,-9999,-9999,-9999,1.137
85530,50.37,35.69,29.34,16.58,-0.46,-0.05,-0.40,52.72,31.70,0.27,1.45,1.41,2.06,-9999,-9999,-9999,-9999,-9999,1.136
85531,54.45,39.12,26.91,17.84,-0.96,-0.21,0.31,56.84,28.94,0.35,1.63,1.42,2.08,-9999,-9999,-9999,-9999,-9999,1.136
85532,55.18,42.68,26.38,18.43,-1.01,-0.49,0.81,57.36,28.12,0.36,1.65,1.45,2.09,-9999,-9999,-9999,-9999,-9999,1.136
85533,61.28,41.03,32.03,16.87,-0.77,-0.46,0.44,63.79,34.33,0.32,1.56,1.45,2.10,-9999,-9999,-9999,-9999,-9999,1.136
85534,-9999.00,55.96,34.13,18.21,-0.67,-0.30,-0.48,-9999.00,36.79,-9999.00,-9999.00,1.46,2.11,-9999,-9999,-9999,-9999,-9999,1.136
85535,62.72,48.53,31.09,16.51,-0.43,-0.26,-0.71,65.61,33.52,0.33,1.57,1.46,2.12,-9999,-9999,-9999,-9999,-9999,1.136
85536,-9999.00,53.38,34.28,18.30,-0.17,-0.16,-0.27,-9999.00,37.07,-9999.00,-9999.00,1.45,2.13,-9999,-9999,-9999,-9999,-9999,1.136
85537,58.05,45.54,27.81,17.30,-0.21,-0.06,-0.02,60.92,30.15,0.35,1.63,1.46,2.14,-9999,-9999,-9999,-9999,-9999,1.136
85538,57.03,50.05,27.55,18.03,-0.43,-0.09,0.21,59.89,29.79,0.35,1.63,1.47,2.13,-9999,-9999,-9999,-9999,-9999,1.136
85539,-9999.00,54.53,27.33,18.78,-0.22,0.08,0.40,-9999.00,29.65,-9999.00,-9999.00,1.48,2.12,-9999,-9999,-9999,-9999,-9999,1.136
85540,-9999.00,51.60,27.63,22.15,0.29,0.24,-0.21,-9999.00,30.08,-9999.00,-9999.00,1.48,2.10,-9999,-9999,-9999,-9999,-9999,1.136
85541,-9999.00,53.27,29.07,16.16,0.21,0.20,-0.84,-9999.00,31.54,-9999.00,-9999.00,1.48,2.09,-9999,-9999,-9999,-9999,-9999,1.136
85542,-9999.00,44.81,30.76,16.91,-0.18,0.12,-0.46,-9999.00,33.25,-9999.00,-9999.00,1.47,2.07,-9999,-9999,-9999,-9999,-9999,1.136
85543,64.59,54.56,32.46,14.80,-0.42,-0.06,0.16,67.72,34.88,0.32,1.56,1.46,2.06,-9999,-9999,-9999,-9999,-9999,1.136
85544,59.39,51.05,30.28,17.36,-0.83,-0.22,0.15,62.08,32.40,0.33,1.59,1.46,2.07,-9999,-9999,-9999,-9999,-9999,1.136
85545,60.51,54.76,33.55,17.23,-1.11,-0.25,-0.14,63.19,35.92,0.30,1.51,1.46,2.09,-9999,-9999,-9999,-9999,-9999,1.136
85546,58.97,50.50,29.09,19.79,-0.90,-0.18,-0.29,61.65,31.23,0.35,1.63,1.48,2.10,-9999,-9999,-9999,-9999,-9999,1.136
85547,58.66,49.28,28.51,19.37,-0.72,-0.15,-0.46,61.35,30.65,0.36,1.65,1.49,2.10,-9999,-9999,-9999,-9999,-9999,1.136
85548,-9999.00,51.97,30.86,21.50,-0.96,-0.52,-0.31,-9999.00,32.86,-9999.00,-9999.00,1.47,2.13,-9999,-9999,-9999,-9999,-9999,1.137
85549,-9999.00,47.43,28.41,19.59,-1.28,-0.88,0.32,-9999.00,29.90,-9999.00,-9999.00,1.48,2.15,-9999,-9999,-9999,-9999,-9999,1.136
85550,-9999.00,51.85,30.33,19.86,-1.20,-0.72,0.71,-9999.00,32.14,-9999.00,-9999.00,1.48,2.16,-9999,-9999,-9999,-9999,-9999,1.136
85551,55.92,49.92,29.66,20.09,-0.96,-0.51,0.57,58.08,31.64,0.33,1.57,1.46,2.14,-9999,-9999,-9999,-9999,-9999,1.136
85552,64.83,47.96,28.97,20.30,-0.80,-0.49,0.34,67.43,30.90,0.39,1.73,1.46,2.14,-9999,-9999,-9999,-9999,-9999,1.137
85553,-9999.00,46.23,36.89,22.67,-0.47,-0.41,0.03,-9999.00,39.58,-9999.00,-9999.00,1.47,2.14,-9999,-9999,-9999,-9999,-9999,1.135
85554,68.42,45.84,35.41,22.61,-0.12,-0.45,-0.54,71.16,37.91,0.31,1.53,1.48,2.13,-9999,-9999,-9999,-9999,-9999,1.136
85555,-9999.00,45.88,35.37,22.53,-0.17,-0.72,-0.35,-9999.00,37.57,-9999.00,-9999.00,1.48,2.12,-9999,-9999,-9999,-9999,-9999,1.135
85556,-9999.00,39.67,29.36,20.33,-0.50,-0.72,0.41,-9999.00,31.06,-9999.00,-9999.00,1.48,2.13,-9999,-9999,-9999,-9999,-9999,1.136
85557,64.28,44.37,33.70,23.62,-0.58,-0.35,0.22,66.93,36.11,0.31,1.54,1.48,2.11,-9999,-9999,-9999,-9999,-9999,1.136
85558,57.66,38.64,29.63,20.74,-0.27,-0.07,-0.41,60.28,32.02,0.33,1.59,1.48,2.12,-9999,-9999,-9999,-9999,-9999,1.136
85559,57.03,47.15,29.03,18.43,-0.23,-0.12,-0.85,59.55,31.31,0.34,1.61,1.47,2.10,-9999,-9999,-9999,-9999,-9999,1.136
85560,-9999.00,44.59,24.77,14.40,-0.42,-0.18,-1.06,-9999.00,26.62,-9999.00,-9999.00,1.48,2.09,-9999,-9999,-9999,-9999,-9999,1.137
85561,52.79,48.80,27.37,18.62,-0.27,-0.09,-0.74,55.09,29.51,0.35,1.63,1.47,2.08,-9999,-9999,-9999,-9999,-9999,1.136
85562,52.63,44.60,25.33,18.90,-0.25,-0.08,-0.16,54.98,27.32,0.39,1.72,1.47,2.08,-9999,-9999,-9999,-9999,-9999,1.136
85563,-9999.00,51.07,27.01,15.60,-0.58,-0.20,0.24,-9999.00,29.03,-9999.00,-9999.00,1.46,2.08,-9999,-9999,-9999,-9999,-9999,1.136
85564,-9999.00,49.75,27.92,14.18,-0.75,-0.13,0.20,-9999.00,30.08,-9999.00,-9999.00,1.46,2.09,-9999,-9999,-9999,-9999,-9999,1.136
85565,-9999.00,48.35,28.80,12.79,-0.46,0.01,-0.08,-9999.00,31.17,-9999.00,-9999.00,1.49,2.09,-9999,-9999,-9999,-9999,-9999,1.136
85566,49.98,44.08,25.75,19.26,0.03,-0.10,-0.19,52.23,27.74,0.36,1.64,1.49,2.07,-9999,-9999,-9999,-9999,-9999,1.137
85567,-9999.00,52.57,35.38,20.09,-0.04,-0.27,0.11,-9999.00,37.99,-9999.00,-9999.00,1.49,2.07,-9999,-9999,-9999,-9999,-9999,1.136
85568,-9999.00,51.65,29.66,18.74,-0.31,-0.26,0.38,-9999.00,31.83,-9999.00,-9999.00,1.51,2.07,-9999,-9999,-9999,-9999,-9999,1.137
85569,-9999.00,51.59,31.21,20.74,-0.55,-0.34,0.32,-9999.00,33.45,-9999.00,-9999.00,1.49,2.08,-9999,-9999,-9999,-9999,-9999,1.136
85570,-9999.00,44.42,26.70,19.11,-0.81,-0.54,0.20,-9999.00,28.40,-9999.00,-9999.00,1.49,2.10,-9999,-9999,-9999,-9999,-9999,1.137
85571,-9999.00,52.28,28.24,18.15,-0.87,-0.62,-0.22,-9999.00,30.00,-9999.00,-9999.00,1.49,2.12,-9999,-9999,-9999,-9999,-9999,1.136
85572,-9999.00,48.56,29.92,20.06,-0.82,-0.46,-0.65,-9999.00,32.01,-9999.00,-9999.00,1.49,2.14,-9999,-9999,-9999,-9999,-9999,1.136
85573,-9999.00,54.06,30.65,17.06,-0.79,-0.34,-0.69,-9999.00,32.94,-9999.00,-9999.00,1.52,2.16,-9999,-9999,-9999,-9999,-9999,1.136
85574,-9999.00,48.82,31.41,18.93,-1.01,-0.57,-0.72,-9999.00,33.57,-9999.00,-9999.00,1.56,2.19,-9999,-9999,-9999,-9999,-9999,1.136
85575,-9999.00,48.93,31.23,18.44,-1.44,-0.64,-0.78,-9999.00,33.32,-9999.00,-9999.00,1.57,2.20,-9999,-9999,-9999,-9999,-9999,1.136
85576,-9999.00,51.57,33.05,19.42,-1.15,-0.37,-0.74,-9999.00,35.57,-9999.00,-9999.00,1.57,2.20,-9999,-9999,-9999,-9999,-9999,1.136
85577,50.71,56.07,30.73,20.76,-0.23,-0.19,-0.57,53.32,33.22,0.28,1.48,1.53,2.22,-9999,-9999,-9999,-9999,-9999,1.137
85578,-9999.00,55.35,33.30,22.27,0.25,-0.20,-0.25,-9999.00,35.94,-9999.00,-9999.00,1.51,2.24,-9999,-9999,-9999,-9999,-9999,1.137
85579,-9999.00,54.07,32.63,20.97,-0.03,-0.20,-0.12,-9999.00,35.14,-9999.00,-9999.00,1.51,2.23,-9999,-9999,-9999,-9999,-9999,1.136
85580,56.97,53.99,31.85,21.99,-0.46,0.04,-0.20,59.95,34.49,0.32,1.55,1.51,2.21,-9999,-9999,-9999,-9999,-9999,1.136
85581,-9999.00,54.72,34.06,25.17,-0.53,0.19,0.11,-9999.00,37.01,-9999.00,-9999.00,1.51,2.19,-9999,-9999,-9999,-9999,-9999,1.137
85582,-9999.00,52.97,32.54,21.11,-0.39,0.05,0.26,-9999.00,35.22,-9999.00,-9999.00,1.58,2.21,-9999,-9999,-9999,-9999,-9999,1.136
85583,-9999.00,58.83,33.52,24.06,-0.10,0.04,0.11,-9999.00,36.30,-9999.00,-9999.00,1.58,2.21,-9999,-9999,-9999,-9999,-9999,1.136
85584,57.95,44.77,30.06,19.96,0.39,0.18,0.22,61.10,32.66,0.36,1.65,1.58,2.21,-9999,-9999,-9999,-9999,-9999,1.136
85585,-9999.00,51.53,33.25,19.65,0.12,0.17,0.10,-9999.00,36.08,-9999.00,-9999.00,1.58,2.21,-9999,-9999,-9999,-9999,-9999,1.136
85586,-9999.00,44.82,31.23,18.27,-0.75,0.03,-0.17,-9999.00,33.74,-9999.00,-9999.00,1.58,2.22,-9999,-9999,-9999,-9999,-9999,1.137
85587,-9999.00,51.11,33.82,19.41,-0.87,-0.16,-0.52,-9999.00,36.31,-9999.00,-9999.00,1.58,2.22,-9999,-9999,-9999,-9999,-9999,1.136
85588,-9999.00,46.86,31.38,18.86,-0.67,-0.36,-0.88,-9999.00,33.49,-9999.00,-9999.00,1.58,2.22,-9999,-9999,-9999,-9999,-9999,1.136
85589,-9999.00,54.02,35.02,17.39,-0.85,-0.59,-0.84,-9999.00,37.18,-9999.00,-9999.00,1.58,2.20,-9999,-9999,-9999,-9999,-9999,1.136
85590,-9999.00,56.82,30.60,21.24,-0.88,-0.54,-0.73,-9999.00,32.45,-9999.00,-9999.00,1.58,2.18,-9999,-9999,-9999,-9999,-9999,1.136
85591,-9999.00,55.42,30.77,18.21,-0.56,-0.15,-0.64,-9999.00,33.05,-9999.00,-9999.00,1.58,2.17,-9999,-9999,-9999,-9999,-9999,1.135
85592,-9999.00,53.92,30.85,15.22,-0.37,-0.06,-0.50,-9999.00,33.23,-9999.00,-9999.00,1.50,2.17,-9999,-9999,-9999,-9999,-9999,1.136
85593,58.98,54.41,42.74,17.49,-0.62,-0.42,-0.13,61.17,45.69,0.17,1.27,1.48,2.16,-9999,-9999,-9999,-9999,-9999,1.136
85594,-9999.00,46.95,37.23,15.17,-0.78,-0.56,0.22,-9999.00,39.59,-9999.00,-9999.00,1.48,2.16,-9999,-9999,-9999,-9999,-9999,1.136
85595,-9999.00,49.40,36.57,20.44,-0.81,-0.46,0.22,-9999.00,38.96,-9999.00,-9999.00,1.48,2.15,-9999,-9999,-9999,-9999,-9999,1.136
85596,-9999.00,51.32,31.85,18.21,-1.11,-0.30,0.33,-9999.00,34.01,-9999.00,-9999.00,1.39,2.15,-9999,-9999,-9999,-9999,-9999,1.136
85597,-9999.00,53.74,32.72,18.88,-1.28,-0.18,0.48,-9999.00,35.08,-9999.00,-9999.00,1.39,2.15,-9999,-9999,-9999,-9999,-9999,1.136
85598,-9999.00,56.14,33.59,19.55,-0.47,-0.06,0.75,-9999.00,36.12,-9999.00,-9999.00,1.39,2.17,-9999,-9999,-9999,-9999,-9999,1.137
85599,-9999.00,52.93,36.13,20.53,0.17,-0.15,0.62,-9999.00,38.74,-9999.00,-9999.00,1.39,2.18,-9999,-9999,-9999,-9999,-9999,1.137
85600,-9999.00,53.04,36.01,20.53,-0.02,-0.52,0.02,-9999.00,38.23,-9999.00,-9999.00,1.39,2.17,-9999,-9999,-9999,-9999,-9999,1.136
85601,-9999.00,53.19,35.91,20.55,-0.12,-0.51,-0.12,-9999.00,38.14,-9999.00,-9999.00,1.39,2.15,-9999,-9999,-9999,-9999,-9999,1.136
85602,-9999.00,51.20,31.46,17.56,-0.36,-0.42,-0.37,-9999.00,33.45,-9999.00,-9999.00,1.39,2.15,-9999,-9999,-9999,-9999,-9999,1.136
85603,-9999.00,54.31,32.27,21.89,-0.61,-0.71,-0.62,-9999.00,34.06,-9999.00,-9999.00,1.39,2.15,-9999,-9999,-9999,-9999,-9999,1.136
85604,-9999.00,52.56,32.58,23.33,-0.37,-0.76,-0.70,-9999.00,34.34,-9999.00,-9999.00,1.39,2.15,-9999,-9999,-9999,-9999,-9999,1.137
85605,-9999.00,50.74,32.84,24.75,-0.13,-0.35,-0.66,-9999.00,35.05,-9999.00,-9999.00,1.39,2.15,-9999,-9999,-9999,-9999,-9999,1.136
85606,-9999.00,48.20,28.06,19.20,-0.05,-0.02,-0.06,-9999.00,30.19,-9999.00,-9999.00,1.39,2.13,-9999,-9999,-9999,-9999,-9999,1.136
85607,65.35,48.11,27.78,19.16,-0.35,-0.26,0.17,67.66,29.63,0.40,1.74,1.39,2.10,-9999,-9999,-9999,-9999,-9999,1.136
85608,-9999.00,49.00,30.30,20.05,-0.66,-0.46,0.08,-9999.00,32.12,-9999.00,-9999.00,1.39,2.07,-9999,-9999,-9999,-9999,-9999,1.136
85609,-9999.00,44.94,28.89,19.56,-0.94,-0.20,-0.05,-9999.00,30.91,-9999.00,-9999.00,1.24,2.04,-9999,-9999,-9999,-9999,-9999,1.136
85610,-9999.00,49.69,30.82,21.44,-1.27,-0.08,-0.03,-9999.00,33.18,-9999.00,-9999.00,1.24,2.06,-9999,-9999,-9999,-9999,-9999,1.136
