NASA Data Processing/CAMP2Ex/OPTICAL/CAMP2Ex-LARGE-OPTICAL_P3B_20190824_R0.ict
100,1001
Luke Ziemba
NASA Langley
In-situ optical aerosol measurements from the NASA P3B
CAMP2Ex
1,1
2019,08,24,2020,05,5
1.0
Time_Mid,Secs after midnight,Time of acquisition
19
1,1,1,1,1,1,1,1,1,1,1,1,1,1,1,1,1,1,1
-9999,-9999,-9999,-9999,-9999,-9999,-9999,-9999,-9999,-9999,-9999,-9999,-9999,-9999,-9999,-9999,-9999,-9999,-9999
Sc550_total_amb, Mm-1, AerOpt_Scattering_InSitu_Green_RHa_Bulk_STP, scattering coefficient of ambient  particles at 550nm
Sc450_total, Mm-1, AerOpt_Scattering_InSitu_Blue_RHd_Bulk_STP, Dry Scattering at 450nm (Total Aerosols)
Sc550_total, Mm-1, AerOpt_Scattering_InSitu_Green_RHd_Bulk_STP, Dry Scattering at 550nm (Total Aerosols)
Sc700_total, Mm-1, AerOpt_Scattering_InSitu_Red_RHd_Bulk_STP, Dry Scattering at 700nm (Total Aerosols)
Abs470_total, Mm-1, AerOpt_Absorption_InSitu_Blue_RHd_Bulk_STP, Dry absorption at 470nm (Total Aerosols)
Abs532_total, Mm-1, AerOpt_Absorption_InSitu_Green_RHd_Bulk_STP, Dry absorption at 532nm (Total Aerosols)
Abs660_total, Mm-1, AerOpt_Absorption_InSitu_Red_RHd_Bulk_STP, Dry absorption at 660nm (Total Aerosols)
Ext532_total_amb, Mm-1, AerOpt_Extinction_InSitu_Green_RHa_Bulk_STP, extinction coefficient of aerosols at 532nm for AMBIENT relative humidity
Ext532_total_dry, Mm-1, AerOpt_Extinction_InSitu_Green_RHd_Bulk_STP, extinction coefficient of aerosols at 532nm for DRY relative humidity
gamma550, unitless, AerOpt_Gamma_InSitu_Green_None_Bulk_STP, derived optical hygroscopic growth factor for particles at 550nm
fRH550_RH20to80, unitless, AerOpt_fRHScat_InSitu_Green_RHsp_Bulk_STP, derived optical hygroscopic growth parameter for particles at 550nm
AEscatAMB_450to700nm,unitless, AerOpt_AngstromExponentScat_InSitu_BluetoRed_RHa_Bulk_STP, derived ambient Angstrom Exponent for scattering coefficient over wavelength range from 450nm to 700nm
AEscatDRY_450to700nm,unitless, AerOpt_AngstromExponentScatInSitu_BluetoRed_RHd_Bulk_STP, derived dry Angstrom Exponent for scattering coefficient over wavelength range from 450nm to 700nm
AEabsDRY_470to660nm,unitless, AerOpt_AngstromExponentAbs_InSitu_BluetoRed_RHd_Bulk_STP, derived dry Angstrom Exponent for absorption coefficient over wavelength range from 450nm to 700nm
SSA_dry_450nm,unitless, AerOpt_SSA_InSitu_Blue_RHd_Bulk_STP, single_scattering_albedo_at_450nm_as_derived_from_dry_scattering_and_absorption
SSA_dry_550nm,unitless, AerOpt_SSA_InSitu_Green_RHd_Bulk_STP, single_scattering_albedo_at_550nm_as_derived_from_dry_scattering_and_absorption
SSA_dry_700nm,unitless, AerOpt_SSA_InSitu_Red_RHd_Bulk_STP, single_scattering_albedo_at_700nm_as_derived_from_dry_scattering_and_absorption
SSA_amb_550nm,unitless, AerOpt_SSA_InSitu_Green_RHa_Bulk_STP, single_scattering_albedo_at_550nm_as_derived_from_ambient_scattering_and_absorption
stdPT,unitless, None, Conversion factor to convert between ambient and standard pressure and temperature conditions
0
67
******************************************************************************************************************
Langley Aerosol data from the 2019 CAMP2Ex field campaign
 
PI_CONTACT_INFO: luke.ziemba@nasa.gov
PLATFORM: NASA P3B aircraft
LOCATION: Latitude, Longitude, and Altitude included in MetNav files
[...]
UNCERTAINTY: estimated uncertainties for directly measured properties
	- For dry scattering, accuracy estimated at 30% for all wavelengths; precision estimated at 4.5 Mm-1 for 450nm wavelength and 3 Mm-1 for 550nm and 700nm wavelengths
	- For dry absorption, accuracy estimated at 15% for all wavelengths; precision is a function of pressure and is estimated to vary from 0.5 Mm-1 near the surface to 2 at high altitude
	- For derived parameters, please contact the PI for a more detailed discussion of uncertainty
ULOD_FLAG: -7777
ULOD_VALUE: N/A
LLOD_FLAG: -8888
LLOD_VALUE: N/A
DM_CONTACT_INFO: Michael Shook (michael.shook@nasa.gov)
PROJECT_INFO: CAMP2Ex 2019
STIPULATIONS_ON_USE: This is FINAL data. Users are strongly encouraged to consult the PI and/or DM prior to use.
OTHER_COMMENTS: N/A
REVISION: R0
R0: STP and ambient parameter calculations now use data from their respective publicly available files, data is time synced to DLH
RD: Correction factor applied to raw scattering data, which also affects the absorption data via the Virkkula correction
RC: Higher threshholds required for calculating intensive parameters; absorption smoothing algorithm applied
RB: Time sync to LARGE CNgt3nm applied
RA: None
******************************************************************************************************************
Time_Mid,Sc550_total_amb,Sc450_total,Sc550_total,Sc700_total,Abs470_total,Abs532_total,Abs660_total,Ext532_total_amb,Ext532_total_dry,gamma550,fRH550_RH20to80,AEscatAMB_450to700nm,AEscatDRY_450to700nm,AEabsDRY_470to660nm,SSA_dry_450nm,SSA_dry_550nm,SSA_dry_700nm,SSA_amb_550nm,stdPT
[from data line 16221]
96092,-9999.00,44.24,32.76,20.66,1.72,1.17,0.43,-9999.00,35.77,0.41,1.77,1.43,1.76,-9999,-9999,-9999,-9999,-9999,1.153
96093,-9999.00,47.41,30.25,18.62,1.44,1.69,0.47,-9999.00,33.61,0.49,1.98,1.43,1.76,-9999,-9999,-9999,-9999,-9999,1.153
96094,-9999.00,62.72,53.47,36.55,1.02,1.85,0.67,-9999.00,58.25,0.12,1.18,1.43,1.75,-9999,-9999,-9999,-9999,-9999,1.153
96095,-9999.00,53.96,44.12,32.10,1.13,1.68,1.19,-9999.00,48.23,0.26,1.42,1.76,1.76,-9999,-9999,-9999,-9999,-9999,1.153
96096,-9999.00,56.09,45.69,35.46,1.35,1.42,1.82,-9999.00,49.58,0.33,1.58,-9999,1.74,-9999,-9999,-9999,-9999,-9999,1.153
96097,-9999.00,48.68,38.94,20.81,1.48,1.21,1.34,-9999.00,42.22,0.28,1.47,-9999,1.74,-9999,-9999,-9999,-9999,-9999,1.154
96098,-9999.00,59.42,46.19,24.39,1.47,0.91,0.48,-9999.00,49.53,0.07,1.10,-9999,1.73,-9999,-9999,-9999,-9999,-9999,1.154
96099,-9999.00,51.66,41.10,22.44,1.36,0.72,0.59,-9999.00,43.94,0.10,1.15,-9999,1.71,-9999,-9999,-9999,-9999,-9999,1.153
96100,-9999.00,49.42,32.08,25.63,1.02,0.86,0.85,-9999.00,34.59,0.20,1.32,-9999,1.71,-9999,-9999,-9999,-9999,-9999,1.154
96101,-9999.00,44.00,28.99,22.68,0.78,1.03,0.81,-9999.00,31.52,0.20,1.33,-9999,1.70,-9999,-9999,-9999,-9999,-9999,1.153
96102,-9999.00,47.84,32.83,18.28,0.99,0.97,1.16,-9999.00,35.51,0.09,1.14,-9999,1.72,-9999,-9999,-9999,-9999,-9999,1.154
96103,-9999.00,38.31,24.89,18.55,1.14,0.85,1.71,-9999.00,27.08,0.21,1.33,-9999,1.73,-9999,-9999,-9999,-9999,-9999,1.154
96104,-9999.00,37.90,31.96,19.60,1.22,0.97,1.66,-9999.00,34.69,0.09,1.14,-9999,1.74,-9999,-9999,-9999,-9999,-9999,1.153
96105,-9999.00,31.65,24.43,15.04,1.14,1.23,1.33,-9999.00,27.05,0.28,1.47,-9999,1.74,-9999,-9999,-9999,-9999,-9999,1.154
96106,-9999.00,35.73,28.13,17.40,0.86,1.05,1.26,-9999.00,30.79,0.15,1.24,-9999,1.73,-9999,-9999,-9999,-9999,-9999,1.153
96107,-9999.00,31.66,25.54,13.38,0.80,0.78,1.30,-9999.00,27.77,0.25,1.41,-9999,1.70,-9999,-9999,-9999,-9999,-9999,1.153
96108,-9999.00,36.89,28.75,17.59,0.87,0.79,0.82,-9999.00,31.17,0.16,1.25,1.34,1.69,-9999,-9999,-9999,-9999,-9999,1.154
96109,-9999.00,36.25,23.10,14.69,0.93,1.03,0.60,-9999.00,25.39,0.37,1.66,1.46,1.64,-9999,-9999,-9999,-9999,-9999,1.154
96110,-9999.00,37.71,26.46,18.69,0.51,0.83,0.85,-9999.00,28.76,0.16,1.26,1.52,1.66,-9999,-9999,-9999,-9999,-9999,1.154
96111,-9999.00,35.95,22.79,22.09,0.33,0.42,0.49,-9999.00,24.51,0.35,1.63,1.53,1.67,-9999,-9999,-9999,-9999,-9999,1.153
96112,-9999.00,37.80,26.45,15.38,0.96,0.54,0.14,-9999.00,28.53,0.18,1.29,1.56,1.71,-9999,-9999,-9999,-9999,-9999,1.153
96113,-9999.00,34.49,23.91,16.98,1.13,0.63,0.16,-9999.00,25.95,0.32,1.55,1.56,1.72,-9999,-9999,-9999,-9999,-9999,1.153
96114,-9999.00,31.05,22.60,14.85,0.78,0.43,-0.09,-9999.00,24.37,0.36,1.64,1.52,1.72,-9999,-9999,-9999,-9999,-9999,1.153
96115,-9999.00,34.43,23.85,16.21,0.58,0.63,-0.02,-9999.00,25.94,0.40,1.74,1.51,1.72,-9999,-9999,-9999,-9999,-9999,1.153
96116,-9999.00,42.81,27.48,15.85,0.57,0.94,0.36,-9999.00,30.09,0.15,1.23,1.50,1.73,-9999,-9999,-9999,-9999,-9999,1.153
96117,-9999.00,35.60,23.56,12.28,0.75,0.84,0.39,-9999.00,25.82,0.31,1.53,1.46,1.76,-9999,-9999,-9999,-9999,-9999,1.153
96118,-9999.00,49.06,27.02,17.44,0.91,0.72,0.47,-9999.00,29.39,0.16,1.24,1.45,1.74,-9999,-9999,-9999,-9999,-9999,1.153
96119,-9999.00,42.17,25.04,13.38,1.44,0.76,0.76,-9999.00,27.31,0.33,1.58,1.43,1.76,-9999,-9999,-9999,-9999,-9999,1.152
96120,-9999.00,47.41,25.49,20.39,1.72,0.59,0.62,-9999.00,27.64,0.20,1.32,1.39,1.79,-9999,-9999,-9999,-9999,-9999,1.153
96121,-9999.00,39.54,26.31,20.85,1.12,0.37,0.10,-9999.00,28.28,0.23,1.38,1.37,1.77,-9999,-9999,-9999,-9999,-9999,1.154
96122,-9999.00,34.83,30.12,23.36,0.92,0.46,0.35,-9999.00,32.41,-0.02,0.98,1.33,1.79,-9999,-9999,-9999,-9999,-9999,1.153
96123,33.83,32.77,25.55,18.60,1.12,0.77,1.30,36.28,27.84,0.15,1.22,1.33,1.77,-9999,-9999,-9999,-9999,-9999,1.153
96124,29.46,31.04,28.71,23.24,0.95,0.89,1.17,31.82,31.33,0.02,1.02,1.33,1.78,-9999,-9999,-9999,-9999,-9999,1.155
96125,32.48,31.51,25.68,17.09,0.80,0.62,0.53,34.72,27.86,0.13,1.20,1.33,1.78,-9999,-9999,-9999,-9999,-9999,1.154
96126,31.27,36.73,24.60,21.10,0.74,0.47,0.43,33.31,26.59,0.13,1.20,1.33,1.80,-9999,-9999,-9999,-9999,-9999,1.154
96127,32.06,38.14,27.40,15.21,0.68,0.63,0.12,34.26,29.71,0.10,1.14,1.23,1.82,-9999,-9999,-9999,-9999,-9999,1.154
96128,28.37,38.09,27.24,14.33,0.41,0.85,-0.30,30.60,29.72,0.03,1.04,1.23,1.80,-9999,-9999,-9999,-9999,-9999,1.154
96129,37.32,36.89,26.90,14.29,0.25,1.21,-0.08,40.35,29.75,0.20,1.32,1.23,1.81,-9999,-9999,-9999,-9999,-9999,1.154
96130,28.87,36.33,23.59,14.02,0.67,1.51,0.92,31.79,26.56,0.12,1.17,1.26,1.84,-9999,-9999,-9999,-9999,-9999,1.154
96131,44.76,34.23,21.90,16.32,1.03,1.48,1.15,48.37,24.77,0.35,1.63,1.27,1.86,-9999,-9999,-9999,-9999,-9999,1.154
96132,35.17,34.04,23.81,11.91,1.20,1.43,0.36,38.28,26.78,0.17,1.27,1.27,1.84,-9999,-9999,-9999,-9999,-9999,1.153
96133,38.95,30.14,19.04,13.78,1.43,1.42,0.39,42.18,21.70,0.35,1.61,1.22,1.84,-9999,-9999,-9999,-9999,-9999,1.154
96134,34.67,33.85,23.48,12.78,1.81,1.56,1.16,37.82,26.54,0.20,1.32,1.20,1.83,-9999,-9999,-9999,-9999,-9999,1.154
96135,24.92,32.60,24.48,11.02,1.94,1.53,1.82,27.59,27.54,0.01,1.01,1.20,1.81,-9999,-9999,-9999,-9999,-9999,1.154
96136,23.16,32.02,27.53,17.87,1.54,0.90,1.66,25.12,30.11,-0.09,0.88,1.20,1.80,-9999,-9999,-9999,-9999,-9999,1.153
96137,22.78,32.83,26.32,13.24,1.53,0.74,1.33,24.56,28.64,-0.08,0.90,1.20,1.82,-9999,-9999,-9999,-9999,-9999,1.154
96138,32.59,31.32,30.47,17.33,1.89,1.15,1.72,35.23,33.48,0.03,1.05,1.20,1.84,-9999,-9999,-9999,-9999,-9999,1.154
96139,-9999.00,37.64,24.73,15.07,1.78,0.99,1.43,-9999.00,27.26,0.01,1.02,1.19,1.86,-9999,-9999,-9999,-9999,-9999,1.154
96140,-9999.00,33.65,19.98,13.01,1.55,0.64,0.43,-9999.00,21.86,0.15,1.24,1.17,1.89,-9999,-9999,-9999,-9999,-9999,1.153
96141,-9999.00,39.90,23.54,15.00,1.26,0.49,0.03,-9999.00,25.52,0.07,1.11,1.15,1.91,-9999,-9999,-9999,-9999,-9999,1.154
96142,30.81,27.89,20.18,14.21,1.07,0.47,0.25,32.66,21.92,0.21,1.34,1.13,1.93,-9999,-9999,-9999,-9999,-9999,1.154
96143,-9999.00,35.10,28.24,18.17,0.67,0.69,0.32,-9999.00,30.72,-0.07,0.91,1.06,1.93,-9999,-9999,-9999,-9999,-9999,1.154
96144,-9999.00,37.40,23.34,16.96,0.31,1.10,0.23,-9999.00,25.92,0.07,1.11,1.05,1.91,-9999,-9999,-9999,-9999,-9999,1.154
96145,35.13,44.04,26.23,15.32,0.81,1.44,0.35,38.20,29.35,0.13,1.19,1.03,1.89,-9999,-9999,-9999,-9999,-9999,1.153
96146,37.95,39.49,21.80,13.27,1.01,1.32,0.33,40.99,24.51,0.26,1.43,1.03,1.88,-9999,-9999,-9999,-9999,-9999,1.154
96147,-9999.00,40.70,20.69,18.18,0.43,0.67,-0.25,-9999.00,22.67,0.31,1.53,0.99,1.89,-9999,-9999,-9999,-9999,-9999,1.153
96148,35.40,39.63,23.31,14.20,0.25,0.51,-0.38,37.54,25.31,0.19,1.30,1.02,1.89,-9999,-9999,-9999,-9999,-9999,1.153
96149,37.34,41.21,26.90,16.88,0.40,0.80,0.42,39.93,29.39,0.14,1.21,1.01,1.88,-9999,-9999,-9999,-9999,-9999,1.154
96150,-9999.00,36.17,27.77,14.60,0.73,0.56,1.07,-9999.00,30.05,0.12,1.18,0.99,1.87,-9999,-9999,-9999,-9999,-9999,1.153
96151,-9999.00,39.05,27.00,18.90,0.84,0.42,1.14,-9999.00,29.12,0.18,1.28,1.00,1.87,-9999,-9999,-9999,-9999,-9999,1.153
96152,-9999.00,34.69,24.43,14.23,0.66,0.60,1.01,-9999.00,26.64,0.19,1.30,0.99,1.89,-9999,-9999,-9999,-9999,-9999,1.153
96153,-9999.00,39.41,29.43,20.70,1.11,0.48,0.99,-9999.00,31.89,0.04,1.06,1.01,1.90,-9999,-9999,-9999,-9999,-9999,1.154
96154,-9999.00,38.00,25.93,17.08,1.39,0.35,1.27,-9999.00,28.10,0.10,1.15,0.98,1.95,-9999,-9999,-9999,-9999,-9999,1.153
96155,-9999.00,38.34,33.22,20.31,1.03,0.44,1.58,-9999.00,36.01,-0.07,0.90,0.98,1.95,-9999,-9999,-9999,-9999,-9999,1.153
96156,-9999.00,37.23,24.39,16.29,0.98,0.62,2.14,-9999.00,26.73,0.13,1.20,0.98,1.97,-9999,-9999,-9999,-9999,-9999,1.153
96157,-9999.00,33.95,26.87,15.20,0.97,0.71,2.06,-9999.00,29.45,0.06,1.09,0.98,1.97,-9999,-9999,-9999,-9999,-9999,1.153
96158,32.61,37.45,23.65,14.52,0.81,0.97,1.01,35.01,26.25,0.15,1.23,1.09,1.99,-9999,-9999,-9999,-9999,-9999,1.154
96159,29.81,35.33,24.31,16.53,0.83,1.30,0.81,32.43,27.30,0.11,1.17,1.09,2.02,-9999,-9999,-9999,-9999,-9999,1.154
96160,33.73,31.90,21.97,16.71,1.19,1.20,1.14,36.42,24.66,0.28,1.47,1.09,2.03,-9999,-9999,-9999,-9999,-9999,1.155
96161,30.70,37.22,24.52,16.93,1.54,0.83,0.93,32.86,26.99,0.15,1.23,1.03,2.04,-9999,-9999,-9999,-9999,-9999,1.155
96162,34.34,40.01,27.71,15.91,1.14,0.69,0.53,36.57,30.20,0.12,1.18,0.99,2.02,-9999,-9999,-9999,-9999,-9999,1.155
96163,34.86,44.52,28.34,16.98,0.69,0.82,0.37,37.25,30.97,0.11,1.16,0.99,2.02,-9999,-9999,-9999,-9999,-9999,1.154
96164,33.70,34.95,25.75,17.75,0.79,0.83,0.27,36.13,28.19,0.12,1.18,1.05,1.99,-9999,-9999,-9999,-9999,-9999,1.154
96165,-9999.00,38.05,31.14,17.23,0.73,0.72,-0.39,-9999.00,33.81,0.09,1.14,1.10,1.98,-9999,-9999,-9999,-9999,-9999,1.154
96166,-9999.00,32.49,20.02,11.17,0.30,0.61,-0.30,-9999.00,21.89,0.34,1.61,1.10,1.97,-9999,-9999,-9999,-9999,-9999,1.153
96167,-9999.00,39.58,21.79,15.78,0.00,0.43,1.04,-9999.00,23.59,0.40,1.74,1.10,1.96,-9999,-9999,-9999,-9999,-9999,1.153
96168,-9999.00,35.63,20.88,12.09,0.01,0.43,1.24,-9999.00,22.62,0.31,1.54,1.10,1.93,-9999,-9999,-9999,-9999,-9999,1.153
96169,-9999.00,44.34,24.78,13.03,0.09,0.43,0.46,-9999.00,26.80,0.34,1.61,1.10,1.95,-9999,-9999,-9999,-9999,-9999,1.153
96170,-9999.00,35.75,22.80,13.23,0.34,0.58,0.28,-9999.00,24.87,0.24,1.40,1.10,1.94,-9999,-9999,-9999,-9999,-9999,1.153
96171,-9999.00,40.13,25.59,12.82,0.48,0.76,0.41,-9999.00,28.08,0.17,1.27,1.05,1.97,-9999,-9999,-9999,-9999,-9999,1.153
96172,-9999.00,33.59,22.27,12.20,0.45,0.63,0.55,-9999.00,24.43,0.35,1.62,1.01,1.97,-9999,-9999,-9999,-9999,-9999,1.154
96173,-9999.00,37.49,30.00,13.01,0.49,0.67,0.19,-9999.00,32.79,0.15,1.24,1.01,2.00,-9999,-9999,-9999,-9999,-9999,1.154
96174,-9999.00,35.29,26.59,12.71,0.54,0.95,-0.04,-9999.00,29.42,0.24,1.40,1.00,2.02,-9999,-9999,-9999,-9999,-9999,1.154
96175,-9999.00,37.54,30.24,14.55,0.81,1.19,0.17,-9999.00,33.55,-0.01,0.98,0.98,2.02,-9999,-9999,-9999,-9999,-9999,1.154
96176,-9999.00,34.40,22.75,10.34,1.55,1.37,-0.09,-9999.00,25.69,0.27,1.45,0.93,2.05,-9999,-9999,-9999,-9999,-9999,1.154
96177,-9999.00,34.94,27.25,13.72,1.83,1.41,-0.32,-9999.00,30.51,0.06,1.09,0.90,2.04,-9999,-9999,-9999,-9999,-9999,1.153
96178,-9999.00,36.07,23.82,16.68,1.28,1.15,-0.10,-9999.00,26.56,0.27,1.45,0.90,2.05,-9999,-9999,-9999,-9999,-9999,1.153
96179,-9999.00,37.73,25.56,19.68,0.84,0.76,0.23,-9999.00,27.99,0.11,1.17,0.90,2.03,-9999,-9999,-9999,-9999,-9999,1.154
96180,-9999.00,31.34,22.22,15.72,0.78,0.87,0.24,-9999.00,24.53,0.20,1.31,0.96,2.04,-9999,-9999,-9999,-9999,-9999,1.153
96181,-9999.00,36.27,26.44,17.52,0.75,1.04,-0.00,-9999.00,29.21,0.07,1.11,1.04,2.03,-9999,-9999,-9999,-9999,-9999,1.153
96182,-9999.00,35.34,23.73,17.61,0.61,0.73,0.57,-9999.00,25.99,0.15,1.23,1.08,2.00,-9999,-9999,-9999,-9999,-9999,1.154
96183,-9999.00,35.05,23.13,21.69,0.36,0.37,1.25,-9999.00,24.97,0.17,1.26,1.12,1.98,-9999,-9999,-9999,-9999,-9999,1.154
96184,-9999.00,37.88,22.80,16.18,0.43,0.01,0.73,-9999.00,24.22,0.12,1.18,1.14,1.95,-9999,-9999,-9999,-9999,-9999,1.154
96185,-9999.00,34.15,19.92,17.13,0.42,-0.43,0.08,-9999.00,20.67,0.23,1.37,1.12,1.92,-9999,-9999,-9999,-9999,-9999,1.154
96186,30.79,40.08,22.83,15.27,-0.23,-0.59,0.17,31.35,23.59,0.14,1.22,1.08,1.91,-9999,-9999,-9999,-9999,-9999,1.154
96187,32.67,35.45,19.72,13.95,-0.60,-0.33,-0.06,33.61,20.56,0.25,1.42,1.13,1.90,-9999,-9999,-9999,-9999,-9999,1.154
96188,35.59,41.93,22.97,13.59,-0.31,0.07,-0.47,37.08,24.41,0.24,1.39,1.16,1.91,-9999,-9999,-9999,-9999,-9999,1.155
96189,27.65,37.37,24.06,10.40,0.02,0.20,-0.02,28.95,25.73,0.08,1.11,1.20,1.88,-9999,-9999,-9999,-9999,-9999,1.154
96190,33.92,32.24,25.38,13.88,0.13,0.29,0.53,35.56,27.24,0.16,1.24,1.20,1.87,-9999,-9999,-9999,-9999,-9999,1.155
96191,30.29,30.80,24.70,12.05,0.46,0.50,0.51,31.97,26.76,0.12,1.18,1.22,1.86,-9999,-9999,-9999,-9999,-9999,1.155
96192,29.62,33.07,27.73,15.34,1.03,0.42,0.21,31.13,29.94,0.04,1.06,1.18,1.85,-9999,-9999,-9999,-9999,-9999,1.156
96193,29.86,29.89,25.42,11.73,1.11,0.54,0.25,31.50,27.61,0.10,1.14,1.18,1.85,-9999,-9999,-9999,-9999,-9999,1.155
96194,32.91,29.28,24.79,14.52,0.81,0.84,0.60,34.97,27.25,0.16,1.25,1.18,1.87,-9999,-9999,-9999,-9999,-9999,1.154
96195,33.55,25.05,22.01,11.02,1.29,0.89,0.94,35.68,24.35,0.25,1.42,1.18,1.91,-9999,-9999,-9999,-9999,-9999,1.154
96196,32.93,28.77,20.68,16.04,1.83,0.94,1.28,35.08,23.00,0.29,1.50,1.18,1.94,-9999,-9999,-9999,-9999,-9999,1.155
96197,31.42,26.30,20.50,13.69,1.53,0.82,1.11,33.40,22.70,0.28,1.47,1.18,1.96,-9999,-9999,-9999,-9999,-9999,1.155
96198,33.67,32.05,20.49,17.55,1.24,0.51,0.69,35.42,22.39,0.32,1.56,1.18,1.96,-9999,-9999,-9999,-9999,-9999,1.155
96199,33.35,29.90,24.15,15.07,1.23,0.34,0.58,34.92,26.13,0.20,1.32,1.18,1.99,-9999,-9999,-9999,-9999,-9999,1.155
96200,33.56,35.60,26.60,14.82,1.13,0.34,0.48,35.14,28.72,0.13,1.19,1.18,1.98,-9999,-9999,-9999,-9999,-9999,1.154
96201,31.04,32.57,24.70,14.58,0.80,0.65,0.68,32.84,26.99,0.10,1.14,1.18,1.98,-9999,-9999,-9999,-9999,-9999,1.154
96202,27.89,40.06,25.02,13.86,0.59,0.87,1.17,29.78,27.53,0.06,1.08,1.21,1.98,-9999,-9999,-9999,-9999,-9999,1.154
96203,28.21,35.39,21.17,12.33,0.62,0.88,1.17,30.12,23.43,0.18,1.28,1.24,1.97,-9999,-9999,-9999,-9999,-9999,1.155
96204,33.24,35.45,20.85,16.66,0.27,0.99,0.09,35.49,23.16,0.21,1.33,1.25,1.95,-9999,-9999,-9999,-9999,-9999,1.155
96205,-9999.00,29.90,19.60,14.18,0.11,1.06,-0.18,-9999.00,21.87,0.27,1.44,1.30,1.91,-9999,-9999,-9999,-9999,-9999,1.154
96206,44.82,33.85,22.83,14.89,0.42,1.01,1.07,47.56,25.26,0.30,1.51,1.31,1.92,-9999,-9999,-9999,-9999,-9999,1.154
96207,43.78,36.59,20.28,11.72,0.64,0.99,1.40,46.42,22.54,0.34,1.61,1.37,1.92,-9999,-9999,-9999,-9999,-9999,1.154
96208,-9999.00,37.28,25.08,15.06,0.60,0.93,0.87,-9999.00,27.62,0.21,1.33,1.40,1.95,-9999,-9999,-9999,-9999,-9999,1.154
96209,-9999.00,36.17,21.78,12.09,0.32,0.82,0.61,-9999.00,24.00,0.16,1.25,1.44,1.90,-9999,-9999,-9999,-9999,-9999,1.154
96210,-9999.00,38.87,25.79,13.79,0.30,0.84,0.23,-9999.00,28.31,0.07,1.10,1.43,1.89,-9999,-9999,-9999,-9999,-9999,1.154
96211,-9999.00,35.79,20.52,11.17,0.62,0.81,-0.42,-9999.00,22.66,0.31,1.53,1.39,1.84,-9999,-9999,-9999,-9999,-9999,1.154
96212,-9999.00,37.98,25.40,14.95,0.83,0.54,-0.43,-9999.00,27.57,0.08,1.12,1.35,1.84,-9999,-9999,-9999,-9999,-9999,1.154
96213,-9999.00,34.87,22.98,15.60,1.26,0.37,0.71,-9999.00,24.82,0.16,1.25,1.32,1.85,-9999,-9999,-9999,-9999,-9999,1.154
96214,-9999.00,39.83,26.69,18.67,1.58,0.42,1.14,-9999.00,28.80,0.07,1.09,1.29,1.85,-9999,-9999,-9999,-9999,-9999,1.153
96215,-9999.00,34.21,24.33,16.34,1.01,0.50,0.04,-9999.00,26.37,0.29,1.49,1.25,1.86,-9999,-9999,-9999,-9999,-9999,1.153
96216,-9999.00,39.85,25.62,19.00,0.36,0.31,-0.42,-9999.00,27.55,0.12,1.18,1.34,1.86,-9999,-9999,-9999,-9999,-9999,1.154
96217,-9999.00,36.42,23.15,13.62,0.41,0.30,0.36,-9999.00,24.91,0.14,1.21,1.50,1.88,-9999,-9999,-9999,-9999,-9999,1.154
96218,-9999.00,44.32,27.97,19.87,0.60,0.63,0.70,-9999.00,30.35,0.04,1.06,1.40,1.87,-9999,-9999,-9999,-9999,-9999,1.154
96219,-9999.00,35.87,24.61,15.12,0.80,0.61,0.29,-9999.00,26.74,0.06,1.09,1.20,1.83,-9999,-9999,-9999,-9999,-9999,1.154
96220,-9999.00,37.21,32.01,18.45,0.72,0.48,0.31,-9999.00,34.43,0.18,1.28,0.85,1.84,-9999,-9999,-9999,-9999,-9999,1.154
96221,-9999.00,35.70,25.21,13.92,0.50,0.68,0.59,-9999.00,27.45,0.31,1.54,0.87,1.86,-9999,-9999,-9999,-9999,-9999,1.154
96222,-9999.00,40.56,29.31,16.08,0.48,0.83,0.37,-9999.00,32.00,0.28,1.47,0.71,1.88,-9999,-9999,-9999,-9999,-9999,1.154
96223,-9999.00,44.15,31.07,14.52,0.45,0.68,0.21,-9999.00,33.73,0.23,1.37,0.75,1.89,-9999,-9999,-9999,-9999,-9999,1.153
96224,-9999.00,41.20,30.76,26.49,0.94,0.65,0.42,-9999.00,33.39,0.28,1.48,0.79,1.91,-9999,-9999,-9999,-9999,-9999,1.153
96225,-9999.00,46.29,32.17,23.50,1.52,1.05,0.48,-9999.00,35.28,0.26,1.43,0.82,1.90,-9999,-9999,-9999,-9999,-9999,1.153
96226,-9999.00,39.62,34.91,29.69,1.34,1.22,-0.01,-9999.00,38.38,0.13,1.19,0.87,1.89,-9999,-9999,-9999,-9999,-9999,1.154
