NASA Data Processing/CAMP2Ex/OPTICAL/CAMP2Ex-LARGE-OPTICAL_P3B_20190925_R0.ict
100,1001
Luke Ziemba
NASA Langley
In-situ optical aerosol measurements from the NASA P3B
CAMP2Ex
1,1
2019,09,25,2020,05,5
1.0
Time_Mid,Secs after midnight,Time of acquisition
19
1,1,1,1,1,1,1,1,1,1,1,1,1,1,1,1,1,1,1
-9999,-9999,-9999,-9999,-9999,-9999,-9999,-9999,-9999,-9999,-9999,-9999,-9999,-9999,-9999,-9999,-9999,-9999,-9999
Sc550_total_amb, Mm-1, AerOpt_Scattering_InSitu_Green_RHa_Bulk_STP, scattering coefficient of ambient  particles at 550nm
Sc450_total, Mm-1, AerOpt_Scattering_InSitu_Blue_RHd_Bulk_STP, Dry Scattering at 450nm (Total Aerosols)
Sc550_total, Mm-1, AerOpt_Scattering_InSitu_Green_RHd_Bulk_STP, Dry Scattering at 550nm (Total Aerosols)
Sc700_total, Mm-1, AerOpt_Scattering_InSitu_Red_RHd_Bulk_STP, Dry Scattering at 700nm (Total Aerosols)
Abs470_total, Mm-1, AerOpt_Absorption_InSitu_Blue_RHd_Bulk_STP, Dry absorption at 470nm (Total Aerosols)
Abs532_total, Mm-1, AerOpt_Absorption_InSitu_Green_RHd_Bulk_STP, Dry absorption at 532nm (Total Aerosols)
Abs660_total, Mm-1, AerOpt_Absorption_InSitu_Red_RHd_Bulk_STP, Dry absorption at 660nm (Total Aerosols)
Ext532_total_amb, Mm-1, AerOpt_Extinction_InSitu_Green_RHa_Bulk_STP, extinction coefficient of aerosols at 532nm for AMBIENT relative humidity
Ext532_total_dry, Mm-1, AerOpt_Extinction_InSitu_Green_RHd_Bulk_STP, extinction coefficient of aerosols at 532nm for DRY relative humidity
gamma550, unitless, AerOpt_Gamma_InSitu_Green_None_Bulk_STP, derived optical hygroscopic growth factor for particles at 550nm
fRH550_RH20to80, unitless, AerOpt_fRHScat_InSitu_Green_RHsp_Bulk_STP, derived optical hygroscopic growth parameter for particles at 550nm
AEscatAMB_450to700nm,unitless, AerOpt_AngstromExponentScat_InSitu_BluetoRed_RHa_Bulk_STP, derived ambient Angstrom Exponent for scattering coefficient over wavelength range from 450nm to 700nm
AEscatDRY_450to700nm,unitless, AerOpt_AngstromExponentScatInSitu_BluetoRed_RHd_Bulk_STP, derived dry Angstrom Exponent for scattering coefficient over wavelength range from 450nm to 700nm
AEabsDRY_470to660nm,unitless, AerOpt_AngstromExponentAbs_InSitu_BluetoRed_RHd_Bulk_STP, derived dry Angstrom Exponent for absorption coefficient over wavelength range from 450nm to 700nm
SSA_dry_450nm,unitless, AerOpt_SSA_InSitu_Blue_RHd_Bulk_STP, single_scattering_albedo_at_450nm_as_derived_from_dry_scattering_and_absorption
SSA_dry_550nm,unitless, AerOpt_SSA_InSitu_Green_RHd_Bulk_STP, single_scattering_albedo_at_550nm_as_derived_from_dry_scattering_and_absorption
SSA_dry_700nm,unitless, AerOpt_SSA_InSitu_Red_RHd_Bulk_STP, single_scattering_albedo_at_700nm_as_derived_from_dry_scattering_and_absorption
SSA_amb_550nm,unitless, AerOpt_SSA_InSitu_Green_RHa_Bulk_STP, single_scattering_albedo_at_550nm_as_derived_from_ambient_scattering_and_absorption
stdPT,unitless, None, Conversion factor to convert between ambient and standard pressure and temperature conditions
0
67
******************************************************************************************************************
Langley Aerosol data from the 2019 CAMP2Ex field campaign
 
PI_CONTACT_INFO: luke.ziemba@nasa.gov
PLATFORM: NASA P3B aircraft
LOCATION: Latitude, Longitude, and Altitude included in MetNav files
[...]
UNCERTAINTY: estimated uncertainties for directly measured properties
	- For dry scattering, accuracy estimated at 30% for all wavelengths; precision estimated at 4.5 Mm-1 for 450nm wavelength and 3 Mm-1 for 550nm and 700nm wavelengths
	- For dry absorption, accuracy estimated at 15% for all wavelengths; precision is a function of pressure and is estimated to vary from 0.5 Mm-1 near the surface to 2 at high altitude
	- For derived parameters, please contact the PI for a more detailed discussion of uncertainty
ULOD_FLAG: -7777
ULOD_VALUE: N/A
LLOD_FLAG: -8888
LLOD_VALUE: N/A
DM_CONTACT_INFO: Michael Shook (michael.shook@nasa.gov)
PROJECT_INFO: CAMP2Ex 2019
STIPULATIONS_ON_USE: This is FINAL data. Users are strongly encouraged to consult the PI and/or DM prior to use.
OTHER_COMMENTS: N/A
REVISION: R0
R0: STP and ambient parameter calculations now use data from their respective publicly available files, data is time synced to DLH
RD: Correction factor applied to raw scattering data, which also affects the absorption data via the Virkkula correction
RC: Higher threshholds required for calculating intensive parameters; absorption smoothing algorithm applied
RB: Time sync to LARGE CNgt3nm applied
RA: None
******************************************************************************************************************
Time_Mid,Sc550_total_amb,Sc450_total,Sc550_total,Sc700_total,Abs470_total,Abs532_total,Abs660_total,Ext532_total_amb,Ext532_total_dry,gamma550,fRH550_RH20to80,AEscatAMB_450to700nm,AEscatDRY_450to700nm,AEabsDRY_470to660nm,SSA_dry_450nm,SSA_dry_550nm,SSA_dry_700nm,SSA_amb_550nm,stdPT
[from data line 18204]
28742,27.88,27.73,17.57,10.11,-0.35,-0.44,-0.71,29.42,18.72,0.32,1.55,1.86,2.26,-9999,-9999,-9999,-9999,-9999,1.297
28743,27.47,30.39,17.99,11.49,-0.62,0.03,-0.21,29.43,19.65,0.29,1.49,1.85,2.26,-9999,-9999,-9999,-9999,-9999,1.298
28744,27.48,25.36,17.80,9.35,-0.59,0.35,0.01,29.77,19.74,0.29,1.49,1.87,2.26,-9999,-9999,-9999,-9999,-9999,1.299
28745,22.82,29.96,16.38,11.59,-0.67,-0.03,0.08,24.39,17.80,0.22,1.35,1.87,2.28,-9999,-9999,-9999,-9999,-9999,1.299
28746,27.21,28.41,20.36,8.82,-0.60,-0.38,-0.23,28.74,21.80,0.19,1.30,1.88,2.29,-9999,-9999,-9999,-9999,-9999,1.301
28747,24.33,30.70,13.88,11.22,-0.58,-0.39,-0.55,25.65,14.72,0.37,1.67,1.88,2.29,-9999,-9999,-9999,-9999,-9999,1.302
28748,25.84,25.28,16.08,8.98,-1.14,-0.49,0.53,27.16,17.00,0.32,1.55,1.86,2.30,-9999,-9999,-9999,-9999,-9999,1.302
28749,23.25,29.93,17.87,10.80,-1.48,-0.46,0.68,24.41,18.99,0.18,1.29,1.85,2.31,-9999,-9999,-9999,-9999,-9999,1.304
28750,24.20,26.20,16.14,9.59,-1.07,-0.16,-0.02,25.72,17.41,0.29,1.50,1.83,2.31,-9999,-9999,-9999,-9999,-9999,1.305
28751,24.79,33.47,18.37,9.60,-0.34,-0.21,-0.05,26.30,19.80,0.22,1.35,1.82,2.30,-9999,-9999,-9999,-9999,-9999,1.306
28752,22.92,25.79,13.77,9.01,0.12,-0.45,0.04,24.05,14.53,0.36,1.66,1.79,2.27,-9999,-9999,-9999,-9999,-9999,1.306
28753,23.72,27.81,16.76,9.37,-0.20,-0.92,0.10,24.41,17.29,0.24,1.39,1.77,2.25,-9999,-9999,-9999,-9999,-9999,1.308
28754,23.30,26.89,15.37,8.31,-0.81,-1.11,0.09,23.76,15.60,0.27,1.45,1.76,2.24,-9999,-9999,-9999,-9999,-9999,1.308
28755,23.06,25.39,18.54,7.77,-1.23,-0.55,-0.13,24.04,19.59,0.13,1.21,1.74,2.22,-9999,-9999,-9999,-9999,-9999,1.309
28756,24.16,22.49,14.83,7.41,-1.07,-0.22,-0.83,25.54,15.89,0.29,1.49,1.75,2.21,-9999,-9999,-9999,-9999,-9999,1.310
28757,24.96,21.13,16.34,9.58,-0.54,-0.30,-2.14,26.32,17.44,0.25,1.41,1.76,2.19,-9999,-9999,-9999,-9999,-9999,1.310
28758,25.67,23.62,14.72,7.49,-0.15,-0.41,-1.85,26.97,15.58,0.32,1.57,1.79,2.21,-9999,-9999,-9999,-9999,-9999,1.311
28759,24.04,26.22,15.64,9.59,-0.17,-0.57,-0.30,25.11,16.42,0.25,1.42,1.83,2.24,-9999,-9999,-9999,-9999,-9999,1.313
28760,25.48,23.17,14.78,10.46,-0.82,-0.68,-0.22,26.55,15.42,0.32,1.55,1.84,2.26,-9999,-9999,-9999,-9999,-9999,1.313
28761,24.94,24.13,14.86,9.05,-1.39,-1.13,-1.00,25.52,15.06,0.31,1.54,1.83,2.27,-9999,-9999,-9999,-9999,-9999,1.314
28762,24.19,19.72,14.92,8.49,-0.90,-1.10,-0.87,24.76,15.17,0.30,1.52,1.83,2.27,-9999,-9999,-9999,-9999,-9999,1.315
28763,22.17,23.99,14.85,8.74,-0.06,-0.58,-0.70,23.10,15.59,0.26,1.44,1.84,2.28,-9999,-9999,-9999,-9999,-9999,1.318
28764,19.49,20.26,11.75,6.54,0.26,-0.68,-1.02,20.15,12.13,0.33,1.57,1.84,2.28,-9999,-9999,-9999,-9999,-9999,1.318
28765,21.04,24.82,13.14,9.09,-0.14,-0.94,-0.76,21.53,13.35,0.31,1.53,1.84,2.27,-9999,-9999,-9999,-9999,-9999,1.320
28766,18.81,20.32,11.02,9.13,-0.78,-0.91,0.42,19.18,11.07,0.35,1.63,1.81,2.24,-9999,-9999,-9999,-9999,-9999,1.320
28767,20.03,22.60,11.77,10.29,-1.05,-1.02,0.66,20.36,11.77,0.36,1.65,1.80,2.19,-9999,-9999,-9999,-9999,-9999,1.322
28768,18.13,18.92,11.41,9.58,-1.11,-1.15,-0.40,18.21,11.23,0.33,1.58,1.80,2.15,-9999,-9999,-9999,-9999,-9999,1.323
28769,20.80,22.84,12.67,10.20,-1.09,-1.13,-0.53,21.05,12.61,0.36,1.64,1.82,2.14,-9999,-9999,-9999,-9999,-9999,1.324
28770,18.04,18.80,11.81,9.78,-0.97,-1.01,-0.28,18.19,11.78,0.31,1.53,1.81,2.12,-9999,-9999,-9999,-9999,-9999,1.325
28771,22.30,23.58,14.31,10.41,-1.46,-1.11,-0.69,22.60,14.39,0.32,1.55,1.81,2.10,-9999,-9999,-9999,-9999,-9999,1.326
28772,19.58,19.60,13.44,9.94,-1.89,-1.11,-1.49,19.71,13.44,0.27,1.46,1.79,2.08,-9999,-9999,-9999,-9999,-9999,1.327
28773,21.51,24.06,14.70,6.20,-1.54,-0.92,-1.28,21.95,14.99,0.28,1.47,1.78,2.08,-9999,-9999,-9999,-9999,-9999,1.328
28774,18.76,25.74,13.66,6.69,-1.34,-1.12,0.03,18.84,13.64,0.24,1.39,1.79,2.05,-9999,-9999,-9999,-9999,-9999,1.329
28775,17.36,27.77,12.64,7.22,-1.53,-1.31,-0.46,17.15,12.33,0.24,1.40,1.77,2.03,-9999,-9999,-9999,-9999,-9999,1.330
28776,15.77,20.92,10.72,7.30,-1.10,-0.95,-1.68,15.83,10.64,0.29,1.50,1.78,2.05,-9999,-9999,-9999,-9999,-9999,1.331
28777,15.46,21.90,12.75,6.62,-0.59,-0.63,-1.43,15.81,13.16,0.15,1.22,1.77,2.03,-9999,-9999,-9999,-9999,-9999,1.332
28778,14.86,17.87,10.73,5.48,-0.78,-0.55,-0.77,15.25,11.08,0.25,1.40,1.75,2.03,-9999,-9999,-9999,-9999,-9999,1.333
28779,17.21,19.97,11.68,6.89,-1.02,-0.44,-0.42,17.86,12.21,0.30,1.51,1.76,2.00,-9999,-9999,-9999,-9999,-9999,1.334
28780,18.25,17.57,13.57,7.68,-0.99,-0.58,-0.52,18.83,14.12,0.23,1.38,1.75,1.97,-9999,-9999,-9999,-9999,-9999,1.335
28781,14.76,18.94,11.58,10.41,-1.26,-1.20,-0.50,14.48,11.35,0.19,1.30,1.74,1.96,-9999,-9999,-9999,-9999,-9999,1.337
28782,18.10,14.78,10.71,8.44,-2.00,-1.57,-0.06,17.65,10.02,0.40,1.74,1.74,1.96,-9999,-9999,-9999,-9999,-9999,1.337
28783,15.50,18.69,11.96,10.18,-2.18,-1.27,-0.58,15.19,11.68,0.19,1.31,1.75,1.97,-9999,-9999,-9999,-9999,-9999,1.338
28784,17.02,14.90,10.60,5.89,-1.51,-1.31,-1.11,16.76,10.15,0.35,1.63,1.77,1.99,-9999,-9999,-9999,-9999,-9999,1.339
28785,20.05,19.06,15.19,7.39,-1.67,-1.83,-0.91,19.45,14.57,0.21,1.33,1.77,2.00,-9999,-9999,-9999,-9999,-9999,1.340
28786,17.84,16.22,12.05,6.56,-2.37,-1.94,-0.73,17.00,11.05,0.29,1.49,1.78,2.02,-9999,-9999,-9999,-9999,-9999,1.340
28787,16.43,15.91,12.68,7.09,-2.14,-1.92,-1.26,15.54,11.76,0.19,1.30,1.78,2.04,-9999,-9999,-9999,-9999,-9999,1.341
28788,15.45,17.48,13.95,7.69,-1.77,-2.13,-2.05,14.27,12.95,0.07,1.11,1.76,2.06,-9999,-9999,-9999,-9999,-9999,1.342
28789,15.85,17.52,14.31,8.75,-1.53,-1.81,-2.30,15.01,13.65,0.07,1.11,1.73,2.04,-9999,-9999,-9999,-9999,-9999,1.344
28790,14.02,18.49,12.74,8.57,-1.22,-1.27,-1.95,13.58,12.47,0.07,1.10,1.67,2.01,-9999,-9999,-9999,-9999,-9999,1.344
28791,13.83,19.79,9.24,7.53,-1.28,-1.34,-1.57,13.29,8.59,0.29,1.50,1.66,1.99,-9999,-9999,-9999,-9999,-9999,1.345
28792,14.87,18.52,10.82,9.22,-1.42,-1.65,-1.65,14.07,9.95,0.23,1.38,1.66,2.01,-9999,-9999,-9999,-9999,-9999,1.346
28793,15.07,18.14,9.72,7.71,-1.57,-1.46,-1.48,14.45,8.94,0.32,1.56,1.67,2.01,-9999,-9999,-9999,-9999,-9999,1.347
28794,15.59,18.42,10.94,9.69,-1.71,-1.25,-1.25,15.20,10.45,0.26,1.43,1.66,2.01,-9999,-9999,-9999,-9999,-9999,1.348
28795,14.21,12.73,7.68,6.13,-1.62,-1.60,-1.83,13.38,6.60,0.44,1.84,1.63,2.01,-9999,-9999,-9999,-9999,-9999,1.349
28796,14.77,15.98,8.26,7.43,-1.38,-1.72,-1.96,13.85,7.12,0.40,1.73,1.60,2.03,-9999,-9999,-9999,-9999,-9999,1.350
28797,13.34,12.02,6.54,5.14,-1.31,-1.46,-0.55,12.59,5.55,0.51,2.02,1.60,2.07,-9999,-9999,-9999,-9999,-9999,1.350
28798,11.52,15.07,8.22,6.28,-1.62,-1.58,0.37,10.56,7.22,0.24,1.40,1.61,2.10,-9999,-9999,-9999,-9999,-9999,1.351
28799,12.51,14.62,11.09,5.06,-1.72,-1.50,0.02,11.69,10.41,0.10,1.14,1.64,2.16,-9999,-9999,-9999,-9999,-9999,1.352
28800,12.68,13.62,11.06,5.90,-1.56,-1.12,-0.78,12.25,10.76,0.11,1.16,1.61,2.18,-9999,-9999,-9999,-9999,-9999,1.353
28801,12.87,13.58,10.85,5.77,-1.53,-1.17,-0.65,12.43,10.52,0.13,1.20,1.60,2.18,-9999,-9999,-9999,-9999,-9999,1.354
28802,13.23,20.46,9.50,7.02,-1.50,-1.40,-0.32,12.59,8.84,0.24,1.40,1.56,2.18,-9999,-9999,-9999,-9999,-9999,1.355
28803,14.47,18.85,9.65,7.14,-1.61,-1.32,-0.85,13.96,9.09,0.29,1.49,1.54,2.19,-9999,-9999,-9999,-9999,-9999,1.356
28804,15.29,18.21,11.51,5.95,-1.67,-1.22,-0.93,14.92,11.24,0.21,1.35,1.55,2.20,-9999,-9999,-9999,-9999,-9999,1.357
28805,14.37,16.53,12.72,5.60,-1.65,-1.47,-1.02,13.69,12.33,0.09,1.14,1.53,2.23,-9999,-9999,-9999,-9999,-9999,1.358
28806,15.85,17.47,14.03,5.32,-1.89,-1.52,-2.44,15.19,13.71,0.09,1.14,1.58,2.23,-9999,-9999,-9999,-9999,-9999,1.359
28807,14.33,17.52,13.10,3.70,-1.99,-1.33,-2.62,13.77,12.89,0.07,1.10,1.56,2.23,-9999,-9999,-9999,-9999,-9999,1.359
28808,15.24,18.03,13.58,5.16,-1.87,-1.56,-1.33,14.48,13.19,0.09,1.13,1.58,2.25,-9999,-9999,-9999,-9999,-9999,1.360
28809,14.20,11.03,8.19,2.26,-1.44,-1.79,-0.85,13.18,7.11,0.41,1.78,1.58,2.28,-9999,-9999,-9999,-9999,-9999,1.361
28810,9.65,8.95,5.76,3.02,-0.85,-1.43,-1.41,8.76,4.84,0.39,1.71,1.58,2.36,-9999,-9999,-9999,-9999,-9999,1.362
28811,10.26,9.40,6.15,2.12,-0.93,-1.06,-2.18,9.77,5.63,0.37,1.68,1.61,2.40,-9999,-9999,-9999,-9999,-9999,1.363
28812,10.87,13.41,6.33,4.90,-1.76,-1.33,-2.76,10.15,5.56,0.37,1.66,1.64,2.45,-9999,-9999,-9999,-9999,-9999,1.364
28813,14.39,14.02,8.39,4.97,-2.44,-1.59,-2.66,13.62,7.53,0.36,1.65,1.66,2.46,-9999,-9999,-9999,-9999,-9999,1.365
28814,12.43,16.97,5.51,4.82,-2.42,-1.69,-1.76,11.45,4.30,0.54,2.10,1.66,2.50,-9999,-9999,-9999,-9999,-9999,1.366
28815,11.15,10.93,6.68,2.93,-1.85,-2.03,-1.15,9.75,5.24,0.34,1.60,1.63,2.54,-9999,-9999,-9999,-9999,-9999,1.366
28816,13.95,15.39,8.37,5.87,-1.68,-2.04,-2.33,12.70,7.10,0.34,1.61,1.61,2.63,-9999,-9999,-9999,-9999,-9999,1.368
28817,11.68,10.04,6.61,3.86,-1.86,-1.69,-2.97,10.67,5.54,0.38,1.69,1.62,2.61,-9999,-9999,-9999,-9999,-9999,1.369
28818,15.72,12.60,8.20,5.24,-2.38,-1.77,-2.87,14.85,7.19,0.43,1.81,1.59,2.60,-9999,-9999,-9999,-9999,-9999,1.370
28819,10.91,12.20,6.36,4.81,-3.18,-2.17,-2.93,9.36,4.77,0.35,1.62,1.57,2.57,-9999,-9999,-9999,-9999,-9999,1.371
28820,14.91,15.30,8.33,5.78,-3.17,-2.53,-2.37,13.29,6.60,0.37,1.67,1.57,2.55,-9999,-9999,-9999,-9999,-9999,1.372
28821,12.60,13.11,8.38,6.46,-1.90,-2.40,-1.73,10.97,6.80,0.28,1.47,1.58,2.54,-9999,-9999,-9999,-9999,-9999,1.373
28822,13.21,13.59,7.05,4.97,-1.09,-2.03,-1.73,12.03,5.74,0.47,1.91,1.58,2.54,-9999,-9999,-9999,-9999,-9999,1.376
28823,-9999.00,11.50,4.69,5.50,-1.70,-1.57,-2.44,-9999.00,3.62,-9999.00,-9999.00,1.63,2.52,-9999,-9999,-9999,-9999,-9999,1.377
28824,10.76,14.57,6.20,3.80,-2.49,-1.22,-2.60,10.24,5.66,0.40,1.75,1.58,2.49,-9999,-9999,-9999,-9999,-9999,1.378
28825,11.27,14.64,7.22,3.33,-2.89,-1.57,-1.66,10.42,6.44,0.32,1.56,1.59,2.47,-9999,-9999,-9999,-9999,-9999,1.379
28826,12.66,17.99,9.88,4.93,-3.13,-2.19,-1.64,11.27,8.80,0.17,1.27,1.63,2.46,-9999,-9999,-9999,-9999,-9999,1.379
28827,11.49,13.45,6.78,2.93,-2.58,-2.13,-1.65,10.07,5.40,0.38,1.69,1.65,2.46,-9999,-9999,-9999,-9999,-9999,1.381
28828,12.98,11.85,9.37,4.77,-1.86,-1.93,-1.80,11.84,8.46,0.23,1.37,1.66,2.45,-9999,-9999,-9999,-9999,-9999,1.382
28829,9.66,12.40,5.53,2.35,-1.91,-1.82,-2.34,8.44,4.30,0.38,1.70,1.65,2.47,-9999,-9999,-9999,-9999,-9999,1.382
28830,10.97,10.79,7.54,1.45,-2.21,-1.78,-2.03,9.85,6.56,0.26,1.44,1.64,2.46,-9999,-9999,-9999,-9999,-9999,1.384
28831,-9999.00,10.81,4.01,-0.34,-2.56,-1.76,-2.08,-9999.00,2.68,-9999.00,-9999.00,1.65,2.49,-9999,-9999,-9999,-9999,-9999,1.385
28832,9.06,10.95,6.77,6.15,-2.87,-1.88,-1.89,7.74,5.64,0.19,1.30,1.65,2.52,-9999,-9999,-9999,-9999,-9999,1.386
28833,-9999.00,10.54,4.03,4.28,-2.62,-2.09,-1.43,-9999.00,2.40,-9999.00,-9999.00,1.66,2.56,-9999,-9999,-9999,-9999,-9999,1.386
28834,10.11,10.64,7.69,6.38,-1.84,-1.81,-1.30,8.96,6.78,0.18,1.28,1.76,2.54,-9999,-9999,-9999,-9999,-9999,1.387
28835,8.48,16.09,5.12,6.54,-1.48,-1.54,-1.73,7.48,4.18,0.33,1.58,1.75,2.55,-9999,-9999,-9999,-9999,-9999,1.389
28836,12.39,16.51,9.39,6.02,-2.07,-1.86,-2.55,11.33,8.67,0.18,1.28,1.78,2.57,-9999,-9999,-9999,-9999,-9999,1.389
28837,10.31,15.17,6.94,4.37,-2.53,-1.97,-2.46,9.00,5.82,0.26,1.43,1.76,2.64,-9999,-9999,-9999,-9999,-9999,1.390
28838,15.26,17.62,8.71,5.34,-2.27,-1.85,-1.62,14.44,7.95,0.37,1.66,1.70,2.63,-9999,-9999,-9999,-9999,-9999,1.391
28839,11.48,9.44,5.33,3.75,-1.99,-1.79,-1.09,10.47,4.18,0.47,1.93,1.71,2.61,-9999,-9999,-9999,-9999,-9999,1.393
28840,17.03,14.00,9.13,4.64,-1.86,-1.88,-0.73,16.26,8.34,0.37,1.68,1.70,2.59,-9999,-9999,-9999,-9999,-9999,1.393
28841,11.75,13.06,5.54,5.22,-1.54,-1.94,-1.26,10.55,4.25,0.45,1.87,1.69,2.60,-9999,-9999,-9999,-9999,-9999,1.394
28842,14.75,18.29,9.93,4.77,-1.54,-2.00,-2.33,13.68,9.11,0.24,1.39,1.68,2.61,-9999,-9999,-9999,-9999,-9999,1.395
28843,11.80,13.59,11.34,5.58,-2.00,-2.38,-2.12,10.17,10.32,0.02,1.03,1.68,2.62,-9999,-9999,-9999,-9999,-9999,1.396
28844,11.93,13.58,7.67,3.56,-2.13,-2.36,-1.75,10.33,6.27,0.26,1.43,1.67,2.68,-9999,-9999,-9999,-9999,-9999,1.397
28845,10.40,16.66,8.37,5.18,-2.19,-1.79,-1.86,9.27,7.63,0.13,1.19,1.67,2.69,-9999,-9999,-9999,-9999,-9999,1.398
28846,11.42,16.32,6.76,3.27,-2.49,-1.60,-1.61,10.57,6.01,0.30,1.51,1.73,2.63,-9999,-9999,-9999,-9999,-9999,1.399
28847,9.65,16.64,6.77,4.29,-2.48,-1.78,-1.43,8.53,5.83,0.20,1.33,1.74,2.55,-9999,-9999,-9999,-9999,-9999,1.399
28848,11.16,16.29,5.23,3.46,-2.59,-2.02,-1.78,9.88,3.86,0.43,1.82,1.74,2.59,-9999,-9999,-9999,-9999,-9999,1.401
28849,-9999.00,8.09,4.06,5.22,-2.51,-2.16,-2.14,-9999.00,2.42,-9999.00,-9999.00,1.72,2.62,-9999,-9999,-9999,-9999,-9999,1.401
28850,-9999.00,12.24,2.40,4.23,-2.02,-2.11,-2.28,-9999.00,0.59,-9999.00,-9999.00,1.76,2.69,-9999,-9999,-9999,-9999,-9999,1.403
28851,13.84,16.40,5.84,4.56,-1.93,-1.86,-1.52,12.85,4.69,0.53,2.08,1.78,2.73,-9999,-9999,-9999,-9999,-9999,1.404
28852,14.43,14.14,7.20,2.96,-2.11,-1.44,-1.39,13.94,6.60,0.41,1.76,1.85,2.74,-9999,-9999,-9999,-9999,-9999,1.405
28853,7.72,14.58,5.48,5.53,-2.24,-1.40,-2.05,6.82,4.70,0.20,1.31,1.83,2.75,-9999,-9999,-9999,-9999,-9999,1.406
28854,11.37,9.43,7.97,6.01,-2.06,-1.87,-2.00,10.23,6.97,0.20,1.33,1.78,2.72,-9999,-9999,-9999,-9999,-9999,1.406
28855,14.37,12.47,7.17,4.54,-1.58,-1.99,-1.65,13.29,5.95,0.39,1.72,1.77,2.74,-9999,-9999,-9999,-9999,-9999,1.407
28856,12.25,13.11,9.30,2.46,-1.43,-1.52,-1.82,11.55,8.78,0.15,1.23,1.75,2.75,-9999,-9999,-9999,-9999,-9999,1.407
28857,-9999.00,13.03,4.92,2.42,-1.71,-1.20,-1.92,-9999.00,4.24,-9999.00,-9999.00,1.72,2.78,-9999,-9999,-9999,-9999,-9999,1.408
28858,-9999.00,12.99,4.93,2.13,-1.87,-1.11,-1.74,-9999.00,4.32,-9999.00,-9999.00,1.70,2.76,-9999,-9999,-9999,-9999,-9999,1.409
28859,11.75,15.80,6.57,2.86,-1.80,-1.12,-1.18,11.49,6.16,0.32,1.57,1.72,2.82,-9999,-9999,-9999,-9999,-9999,1.409
28860,9.21,15.78,6.56,2.82,-1.83,-1.26,-0.79,8.62,6.00,0.19,1.30,1.70,2.86,-9999,-9999,-9999,-9999,-9999,1.410
28861,7.83,12.68,8.18,5.16,-1.74,-1.63,-1.14,6.76,7.42,-0.02,0.97,1.68,2.92,-9999,-9999,-9999,-9999,-9999,1.411
28862,9.41,11.92,6.00,4.85,-1.53,-1.72,-1.70,8.36,4.91,0.24,1.40,1.67,2.89,-9999,-9999,-9999,-9999,-9999,1.411
28863,9.93,10.74,5.40,4.06,-1.11,-1.29,-1.48,9.32,4.66,0.37,1.67,1.64,2.88,-9999,-9999,-9999,-9999,-9999,1.411
28864,-9999.00,9.54,4.16,1.66,-1.10,-1.21,-1.01,-9999.00,3.36,-9999.00,-9999.00,1.62,2.83,-9999,-9999,-9999,-9999,-9999,1.412
28865,10.01,8.27,5.55,1.85,-2.02,-1.51,-0.72,9.17,4.57,0.38,1.69,1.50,2.91,-9999,-9999,-9999,-9999,-9999,1.413
28866,8.51,8.45,6.94,2.03,-1.84,-1.70,-0.46,7.36,5.87,0.12,1.19,1.48,2.95,-9999,-9999,-9999,-9999,-9999,1.414
28867,6.22,10.32,10.86,3.44,-1.16,-1.69,-1.04,4.95,10.13,-0.33,0.63,1.46,2.95,-9999,-9999,-9999,-9999,-9999,1.414
28868,-9999.00,8.14,6.40,2.06,-1.27,-1.42,-1.73,-9999.00,5.53,-9999.00,-9999.00,1.45,2.93,-9999,-9999,-9999,-9999,-9999,1.416
28869,-9999.00,5.31,7.66,3.21,-1.57,-1.32,-2.28,-9999.00,6.99,-9999.00,-9999.00,1.93,2.99,-9999,-9999,-9999,-9999,-9999,1.415
28870,-9999.00,8.71,6.44,2.33,-1.87,-1.38,-2.57,-9999.00,5.63,-9999.00,-9999.00,2.19,3.12,-9999,-9999,-9999,-9999,-9999,1.416
28871,-9999.00,4.92,3.90,1.60,-1.99,-1.76,-1.38,-9999.00,2.49,-9999.00,-9999.00,2.15,3.15,-9999,-9999,-9999,-9999,-9999,1.415
28872,6.02,8.43,5.46,2.11,-2.12,-2.10,-1.32,4.40,3.86,0.05,1.08,2.13,3.15,-9999,-9999,-9999,-9999,-9999,1.416
28873,8.71,7.27,7.56,2.75,-2.11,-1.87,-2.57,7.52,6.36,0.08,1.11,2.11,3.14,-9999,-9999,-9999,-9999,-9999,1.416
28874,-9999.00,10.39,4.97,1.54,-1.24,-1.52,-2.77,-9999.00,3.88,-9999.00,-9999.00,2.09,3.04,-9999,-9999,-9999,-9999,-9999,1.416
28875,9.24,10.46,6.57,1.20,-1.14,-1.17,-2.70,8.81,5.92,0.18,1.28,2.08,2.96,-9999,-9999,-9999,-9999,-9999,1.416
28876,-9999.00,7.79,3.81,0.01,-1.64,-1.06,-2.20,-9999.00,3.03,-9999.00,-9999.00,2.03,2.90,-9999,-9999,-9999,-9999,-9999,1.416
28877,-9999.00,9.06,3.62,2.37,-0.98,-1.10,-1.44,-9999.00,2.78,-9999.00,-9999.00,-9999,2.98,-9999,-9999,-9999,-9999,-9999,1.416
28878,-9999.00,5.21,4.08,1.63,-0.04,-1.02,-0.93,-9999.00,3.35,-9999.00,-9999.00,-9999,2.99,-9999,-9999,-9999,-9999,-9999,1.417
