NASA Data Processing/CAMP2Ex/OPTICAL/CAMP2Ex-LARGE-OPTICAL_P3B_20190929_R0.ict
100,1001
Luke Ziemba
NASA Langley
In-situ optical aerosol measurements from the NASA P3B
CAMP2Ex
1,1
2019,09,29,2020,05,5
1.0
Time_Mid,Secs after midnight,Time of acquisition
19
1,1,1,1,1,1,1,1,1,1,1,1,1,1,1,1,1,1,1
-9999,-9999,-9999,-9999,-9999,-9999,-9999,-9999,-9999,-9999,-9999,-9999,-9999,-9999,-9999,-9999,-9999,-9999,-9999
Sc550_total_amb, Mm-1, AerOpt_Scattering_InSitu_Green_RHa_Bulk_STP, scattering coefficient of ambient  particles at 550nm
Sc450_total, Mm-1, AerOpt_Scattering_InSitu_Blue_RHd_Bulk_STP, Dry Scattering at 450nm (Total Aerosols)
Sc550_total, Mm-1, AerOpt_Scattering_InSitu_Green_RHd_Bulk_STP, Dry Scattering at 550nm (Total Aerosols)
Sc700_total, Mm-1, AerOpt_Scattering_InSitu_Red_RHd_Bulk_STP, Dry Scattering at 700nm (Total Aerosols)
Abs470_total, Mm-1, AerOpt_Absorption_InSitu_Blue_RHd_Bulk_STP, Dry absorption at 470nm (Total Aerosols)
Abs532_total, Mm-1, AerOpt_Absorption_InSitu_Green_RHd_Bulk_STP, Dry absorption at 532nm (Total Aerosols)
Abs660_total, Mm-1, AerOpt_Absorption_InSitu_Red_RHd_Bulk_STP, Dry absorption at 660nm (Total Aerosols)
Ext532_total_amb, Mm-1, AerOpt_Extinction_InSitu_Green_RHa_Bulk_STP, extinction coefficient of aerosols at 532nm for AMBIENT relative humidity
Ext532_total_dry, Mm-1, AerOpt_Extinction_InSitu_Green_RHd_Bulk_STP, extinction coefficient of aerosols at 532nm for DRY relative humidity
gamma550, unitless, AerOpt_Gamma_InSitu_Green_None_Bulk_STP, derived optical hygroscopic growth factor for particles at 550nm
fRH550_RH20to80, unitless, AerOpt_fRHScat_InSitu_Green_RHsp_Bulk_STP, derived optical hygroscopic growth parameter for particles at 550nm
AEscatAMB_450to700nm,unitless, AerOpt_AngstromExponentScat_InSitu_BluetoRed_RHa_Bulk_STP, derived ambient Angstrom Exponent for scattering coefficient over wavelength range from 450nm to 700nm
AEscatDRY_450to700nm,unitless, AerOpt_AngstromExponentScatInSitu_BluetoRed_RHd_Bulk_STP, derived dry Angstrom Exponent for scattering coefficient over wavelength range from 450nm to 700nm
AEabsDRY_470to660nm,unitless, AerOpt_AngstromExponentAbs_InSitu_BluetoRed_RHd_Bulk_STP, derived dry Angstrom Exponent for absorption coefficient over wavelength range from 450nm to 700nm
SSA_dry_450nm,unitless, AerOpt_SSA_InSitu_Blue_RHd_Bulk_STP, single_scattering_albedo_at_450nm_as_derived_from_dry_scattering_and_absorption
SSA_dry_550nm,unitless, AerOpt_SSA_InSitu_Green_RHd_Bulk_STP, single_scattering_albedo_at_550nm_as_derived_from_dry_scattering_and_absorption
SSA_dry_700nm,unitless, AerOpt_SSA_InSitu_Red_RHd_Bulk_STP, single_scattering_albedo_at_700nm_as_derived_from_dry_scattering_and_absorption
SSA_amb_550nm,unitless, AerOpt_SSA_InSitu_Green_RHa_Bulk_STP, single_scattering_albedo_at_550nm_as_derived_from_ambient_scattering_and_absorption
stdPT,unitless, None, Conversion factor to convert between ambient and standard pressure and temperature conditions
0
67
******************************************************************************************************************
Langley Aerosol data from the 2019 CAMP2Ex field campaign
 
PI_CONTACT_INFO: luke.ziemba@nasa.gov
PLATFORM: NASA P3B aircraft
LOCATION: Latitude, Longitude, and Altitude included in MetNav files
[...]
UNCERTAINTY: estimated uncertainties for directly measured properties
	- For dry scattering, accuracy estimated at 30% for all wavelengths; precision estimated at 4.5 Mm-1 for 450nm wavelength and 3 Mm-1 for 550nm and 700nm wavelengths
	- For dry absorption, accuracy estimated at 15% for all wavelengths; precision is a function of pressure and is estimated to vary from 0.5 Mm-1 near the surface to 2 at high altitude
	- For derived parameters, please contact the PI for a more detailed discussion of uncertainty
ULOD_FLAG: -7777
ULOD_VALUE: N/A
LLOD_FLAG: -8888
LLOD_VALUE: N/A
DM_CONTACT_INFO: Michael Shook (michael.shook@nasa.gov)
PROJECT_INFO: CAMP2Ex 2019
STIPULATIONS_ON_USE: This is FINAL data. Users are strongly encouraged to consult the PI and/or DM prior to use.
OTHER_COMMENTS: N/A
REVISION: R0
R0: STP and ambient parameter calculations now use data from their respective publicly available files, data is time synced to DLH
RD: Correction factor applied to raw scattering data, which also affects the absorption data via the Virkkula correction
RC: Higher threshholds required for calculating intensive parameters; absorption smoothing algorithm applied
RB: Time sync to LARGE CNgt3nm applied
RA: None
******************************************************************************************************************
Time_Mid,Sc550_total_amb,Sc450_total,Sc550_total,Sc700_total,Abs470_total,Abs532_total,Abs660_total,Ext532_total_amb,Ext532_total_dry,gamma550,fRH550_RH20to80,AEscatAMB_450to700nm,AEscatDRY_450to700nm,AEabsDRY_470to660nm,SSA_dry_450nm,SSA_dry_550nm,SSA_dry_700nm,SSA_amb_550nm,stdPT
[from data line 12631]
21567,25.31,13.91,13.08,13.92,-0.45,-0.73,-0.35,24.72,12.61,0.37,1.67,0.19,0.73,-9999,-9999,-9999,-9999,-9999,1.124
21568,21.41,13.92,11.92,12.00,-0.33,-0.76,-0.51,20.76,11.39,0.33,1.57,0.16,0.76,-9999,-9999,-9999,-9999,-9999,1.125
21569,18.12,13.58,12.28,8.73,0.08,-0.40,-0.05,17.84,12.10,0.22,1.35,0.20,0.76,-9999,-9999,-9999,-9999,-9999,1.126
21570,22.35,16.93,11.85,9.27,0.14,0.01,0.70,22.51,12.06,0.35,1.63,0.21,0.72,-9999,-9999,-9999,-9999,-9999,1.125
21571,23.85,14.86,11.55,7.21,-0.34,0.02,0.84,24.03,11.74,0.40,1.75,0.21,0.68,-9999,-9999,-9999,-9999,-9999,1.125
21572,23.23,15.20,14.49,10.22,-0.44,-0.26,0.29,23.09,14.46,0.27,1.46,0.22,0.70,-9999,-9999,-9999,-9999,-9999,1.126
21573,23.80,13.74,15.08,10.22,-0.22,-0.30,0.11,23.64,14.94,0.24,1.40,0.23,0.66,-9999,-9999,-9999,-9999,-9999,1.126
21574,29.00,16.91,15.86,12.39,0.05,0.09,-0.12,29.27,16.13,0.31,1.53,0.26,0.67,-9999,-9999,-9999,-9999,-9999,1.125
21575,30.59,18.60,13.42,10.54,0.17,0.33,-0.48,31.11,13.92,0.43,1.81,0.27,0.67,-9999,-9999,-9999,-9999,-9999,1.126
21576,27.28,17.12,14.67,10.40,-0.16,0.23,-0.18,27.65,15.08,0.32,1.57,0.26,0.68,-9999,-9999,-9999,-9999,-9999,1.126
21577,24.70,16.07,14.25,12.24,-0.43,0.28,0.04,25.08,14.72,0.28,1.48,0.26,0.67,-9999,-9999,-9999,-9999,-9999,1.127
21578,27.22,15.04,13.75,14.23,-0.36,0.11,-0.19,27.44,14.06,0.35,1.62,0.24,0.68,-9999,-9999,-9999,-9999,-9999,1.127
21579,26.21,15.06,13.24,11.41,-0.38,-0.33,-0.54,26.01,13.09,0.35,1.62,0.25,0.67,-9999,-9999,-9999,-9999,-9999,1.127
21580,27.23,14.51,14.41,12.05,-0.36,-0.37,-0.82,27.00,14.26,0.31,1.53,0.27,0.66,-9999,-9999,-9999,-9999,-9999,1.128
21581,26.35,12.54,12.52,9.65,-0.13,-0.15,-0.49,26.35,12.55,0.35,1.63,0.29,0.62,-9999,-9999,-9999,-9999,-9999,1.128
21582,28.05,17.89,16.31,12.85,-0.15,-0.22,-0.13,28.00,16.29,0.26,1.44,0.31,0.60,-9999,-9999,-9999,-9999,-9999,1.128
21583,26.28,13.67,15.28,12.40,-0.38,-0.50,-0.18,25.93,14.95,0.27,1.46,0.30,0.61,-9999,-9999,-9999,-9999,-9999,1.128
21584,29.13,17.41,17.90,15.68,-0.53,-0.64,-0.46,28.61,17.43,0.25,1.41,0.29,0.61,-9999,-9999,-9999,-9999,-9999,1.129
21585,29.50,12.92,15.66,15.57,-0.36,-0.51,-0.55,29.13,15.28,0.31,1.55,0.30,0.57,-9999,-9999,-9999,-9999,-9999,1.129
21586,28.24,16.13,18.08,15.26,-0.17,-0.44,-0.16,27.94,17.77,0.22,1.35,0.32,0.52,-9999,-9999,-9999,-9999,-9999,1.129
21587,31.36,15.83,12.79,8.74,-0.25,-0.29,-0.07,31.28,12.56,0.43,1.81,0.34,0.48,-9999,-9999,-9999,-9999,-9999,1.129
21588,28.87,10.60,20.49,10.66,-0.07,0.09,-0.02,29.16,20.65,0.16,1.25,0.37,0.45,-9999,-9999,-9999,-9999,-9999,1.130
21589,30.28,15.05,10.09,8.84,0.12,0.21,0.34,30.69,10.33,0.52,2.07,0.41,0.41,-9999,-9999,-9999,-9999,-9999,1.130
21590,30.85,14.90,10.28,9.73,-0.31,0.01,0.20,31.07,10.31,0.59,2.26,0.41,0.37,-9999,-9999,-9999,-9999,-9999,1.130
21591,31.41,14.75,10.47,10.62,-0.22,-0.12,-0.25,31.53,10.35,0.53,2.09,0.40,0.33,-9999,-9999,-9999,-9999,-9999,1.130
21592,28.19,17.49,10.93,12.44,0.34,-0.07,-0.31,28.37,10.85,0.46,1.88,0.39,0.29,-9999,-9999,-9999,-9999,-9999,1.131
21593,21.99,14.79,13.36,8.34,0.29,0.00,0.19,22.20,13.33,0.24,1.40,0.37,0.27,-9999,-9999,-9999,-9999,-9999,1.131
21594,26.49,12.59,11.93,9.09,0.10,-0.14,0.17,26.61,11.77,0.39,1.71,0.38,0.28,-9999,-9999,-9999,-9999,-9999,1.131
21595,25.70,12.75,12.25,11.04,0.03,-0.16,-0.47,25.82,12.06,0.37,1.68,0.41,0.29,-9999,-9999,-9999,-9999,-9999,1.132
21596,24.75,12.55,12.52,13.04,-0.27,-0.07,-0.47,24.95,12.44,0.32,1.57,0.42,0.30,-9999,-9999,-9999,-9999,-9999,1.132
21597,28.63,12.69,16.34,13.86,-0.61,-0.27,-0.35,28.66,16.08,0.26,1.43,0.43,0.31,-9999,-9999,-9999,-9999,-9999,1.132
21598,23.28,14.55,17.83,12.50,-0.43,-0.42,-0.75,23.06,17.44,0.13,1.19,0.40,0.31,-9999,-9999,-9999,-9999,-9999,1.132
21599,29.15,14.55,16.28,12.69,0.03,-0.41,-0.72,28.96,15.94,0.29,1.50,0.39,0.34,-9999,-9999,-9999,-9999,-9999,1.133
21600,20.65,11.20,11.68,12.92,-0.19,-0.38,-0.12,20.42,11.36,0.28,1.48,0.37,0.36,-9999,-9999,-9999,-9999,-9999,1.133
21601,29.16,11.18,11.66,12.91,-0.48,-0.35,0.07,29.06,11.40,0.43,1.82,0.37,0.39,-9999,-9999,-9999,-9999,-9999,1.133
21602,19.70,14.32,16.44,13.14,-0.31,-0.31,-0.16,19.57,16.29,0.08,1.12,0.37,0.42,-9999,-9999,-9999,-9999,-9999,1.133
21603,34.44,14.40,16.95,15.04,-0.29,-0.14,0.01,34.68,16.96,0.31,1.53,0.38,0.39,-9999,-9999,-9999,-9999,-9999,1.134
21604,35.14,14.44,17.39,16.96,-0.22,-0.01,0.56,35.53,17.63,0.30,1.51,0.38,0.40,-9999,-9999,-9999,-9999,-9999,1.133
21605,36.22,13.66,16.32,16.78,0.07,-0.21,0.70,36.48,16.33,0.34,1.60,0.40,0.37,-9999,-9999,-9999,-9999,-9999,1.134
21606,27.94,15.27,14.79,14.32,0.24,-0.38,0.32,27.97,14.60,0.28,1.47,0.40,0.36,-9999,-9999,-9999,-9999,-9999,1.134
21607,26.41,14.16,14.34,15.45,0.02,-0.29,0.27,26.54,14.24,0.27,1.46,0.40,0.35,-9999,-9999,-9999,-9999,-9999,1.134
21608,19.41,15.50,16.11,14.77,-0.10,-0.18,0.49,19.53,16.13,0.08,1.12,0.38,0.36,-9999,-9999,-9999,-9999,-9999,1.134
21609,23.02,14.43,13.51,11.66,0.20,-0.07,0.38,23.28,13.62,0.23,1.38,0.37,0.36,-9999,-9999,-9999,-9999,-9999,1.135
21610,23.22,17.65,15.57,12.41,0.22,-0.04,0.31,23.50,15.76,0.18,1.28,0.35,0.37,-9999,-9999,-9999,-9999,-9999,1.135
21611,30.88,14.86,10.29,9.77,0.17,-0.12,0.24,31.14,10.32,0.56,2.19,0.33,0.37,-9999,-9999,-9999,-9999,-9999,1.135
21612,27.10,13.92,10.42,10.11,0.26,-0.30,-0.14,27.12,10.25,0.43,1.81,0.34,0.37,-9999,-9999,-9999,-9999,-9999,1.135
21613,30.98,16.42,11.96,10.73,0.03,-0.43,-0.61,30.89,11.70,0.44,1.84,0.34,0.39,-9999,-9999,-9999,-9999,-9999,1.135
21614,28.08,16.84,12.68,10.96,-0.17,-0.16,-0.79,28.20,12.76,0.37,1.68,0.33,0.42,-9999,-9999,-9999,-9999,-9999,1.135
21615,29.52,14.25,9.84,8.63,0.19,0.22,-0.22,30.06,10.26,0.56,2.17,0.34,0.44,-9999,-9999,-9999,-9999,-9999,1.135
21616,19.31,13.10,10.71,10.63,0.42,0.11,0.15,19.60,11.05,0.29,1.49,0.34,0.49,-9999,-9999,-9999,-9999,-9999,1.135
21617,21.02,12.91,9.96,8.70,-0.17,-0.09,-0.35,21.12,10.09,0.38,1.68,0.33,0.54,-9999,-9999,-9999,-9999,-9999,1.135
21618,19.07,13.98,12.97,11.49,-0.78,-0.08,-1.08,19.13,13.21,0.19,1.31,0.31,0.57,-9999,-9999,-9999,-9999,-9999,1.135
21619,19.63,12.39,8.64,10.59,-0.89,-0.07,-1.12,19.68,8.83,0.41,1.76,0.27,0.63,-9999,-9999,-9999,-9999,-9999,1.136
21620,17.16,12.92,11.75,11.87,-0.85,-0.02,-0.28,17.23,12.10,0.18,1.29,0.25,0.68,-9999,-9999,-9999,-9999,-9999,1.136
21621,19.92,12.85,10.60,8.95,-0.77,0.08,0.26,20.10,11.06,0.30,1.52,0.21,0.76,-9999,-9999,-9999,-9999,-9999,1.135
21622,19.75,13.65,8.37,11.64,-0.70,0.00,0.03,19.86,8.69,0.44,1.83,0.21,0.79,-9999,-9999,-9999,-9999,-9999,1.136
21623,26.67,14.46,8.89,8.97,-0.89,-0.36,-0.31,26.45,8.87,0.53,2.08,0.20,0.83,-9999,-9999,-9999,-9999,-9999,1.135
21624,25.52,15.61,10.98,8.72,-0.99,-0.63,-0.75,25.03,10.79,0.41,1.76,0.21,0.87,-9999,-9999,-9999,-9999,-9999,1.135
21625,22.14,16.90,14.89,11.55,-0.53,-0.38,-0.97,21.88,15.13,0.18,1.29,0.20,0.89,-9999,-9999,-9999,-9999,-9999,1.135
21626,25.76,14.80,14.73,12.16,-0.12,-0.14,-0.34,25.72,15.23,0.26,1.43,0.19,0.91,-9999,-9999,-9999,-9999,-9999,1.135
21627,29.79,11.88,14.68,12.83,0.00,-0.27,0.45,29.62,15.04,0.33,1.59,0.20,0.93,-9999,-9999,-9999,-9999,-9999,1.135
21628,29.43,14.23,12.80,12.07,0.13,-0.42,0.24,29.16,12.94,0.41,1.77,0.20,0.95,-9999,-9999,-9999,-9999,-9999,1.135
21629,29.32,17.67,10.57,10.16,0.03,-0.48,-0.82,29.05,10.54,0.51,2.03,0.21,0.95,-9999,-9999,-9999,-9999,-9999,1.135
21630,23.88,16.32,15.46,9.69,-0.11,-0.46,-1.02,23.64,15.65,0.22,1.35,0.20,0.91,-9999,-9999,-9999,-9999,-9999,1.135
21631,25.59,15.26,11.59,8.50,0.03,-0.20,-0.19,25.63,11.87,0.41,1.76,0.19,0.88,-9999,-9999,-9999,-9999,-9999,1.134
21632,25.19,17.77,15.03,10.84,0.31,0.13,-0.05,25.51,15.79,0.26,1.44,0.15,0.88,-9999,-9999,-9999,-9999,-9999,1.135
21633,31.66,14.40,10.67,8.75,0.16,0.03,-0.26,31.96,11.16,0.48,1.94,0.17,0.87,-9999,-9999,-9999,-9999,-9999,1.134
21634,25.26,19.42,12.78,9.65,-0.45,-0.33,-0.01,25.17,13.00,0.31,1.53,0.18,0.88,-9999,-9999,-9999,-9999,-9999,1.133
21635,28.79,14.50,10.62,8.08,-0.43,-0.35,-0.06,28.76,10.71,0.47,1.92,0.19,0.89,-9999,-9999,-9999,-9999,-9999,1.134
21636,22.28,17.67,11.04,7.91,-0.15,-0.14,-0.12,22.40,11.36,0.34,1.61,0.19,0.87,-9999,-9999,-9999,-9999,-9999,1.134
21637,22.00,15.13,10.69,10.31,-0.59,-0.02,0.31,22.23,11.11,0.34,1.61,0.21,0.84,-9999,-9999,-9999,-9999,-9999,1.134
21638,16.74,13.13,10.88,8.81,-0.81,0.08,0.56,17.02,11.37,0.20,1.32,0.22,0.84,-9999,-9999,-9999,-9999,-9999,1.133
21639,22.73,13.87,11.04,8.86,-0.33,0.22,0.23,23.23,11.62,0.32,1.56,0.22,0.82,-9999,-9999,-9999,-9999,-9999,1.133
21640,22.28,14.60,11.20,8.92,0.15,0.15,-0.33,22.73,11.65,0.30,1.51,0.25,0.79,-9999,-9999,-9999,-9999,-9999,1.133
21641,30.54,16.24,11.13,8.21,-0.06,-0.09,-0.52,30.86,11.28,0.43,1.83,0.26,0.77,-9999,-9999,-9999,-9999,-9999,1.133
21642,30.31,16.21,10.98,8.35,-0.57,-0.14,-0.27,30.61,11.03,0.45,1.87,0.29,0.76,-9999,-9999,-9999,-9999,-9999,1.133
21643,19.91,15.43,11.15,7.67,-0.57,0.08,-0.19,20.29,11.44,0.27,1.46,0.29,0.78,-9999,-9999,-9999,-9999,-9999,1.133
21644,19.25,13.86,11.85,9.52,-0.35,0.27,-0.44,19.82,12.32,0.23,1.37,0.29,0.76,-9999,-9999,-9999,-9999,-9999,1.134
21645,15.26,13.96,12.87,13.94,0.04,0.22,-0.83,15.74,13.30,0.09,1.13,0.29,0.73,-9999,-9999,-9999,-9999,-9999,1.133
21646,22.74,16.23,11.93,14.06,0.58,0.08,-1.18,23.18,12.22,0.32,1.56,0.28,0.72,-9999,-9999,-9999,-9999,-9999,1.134
21647,23.98,16.02,11.08,12.59,0.66,-0.03,-1.29,24.32,11.26,0.37,1.68,0.27,0.72,-9999,-9999,-9999,-9999,-9999,1.133
21648,19.20,15.16,11.07,11.61,0.24,-0.08,-0.91,19.43,11.20,0.26,1.43,0.28,0.72,-9999,-9999,-9999,-9999,-9999,1.133
21649,19.09,12.81,10.82,9.46,-0.44,-0.12,-0.41,19.28,10.89,0.26,1.43,0.27,0.73,-9999,-9999,-9999,-9999,-9999,1.133
21650,15.08,15.83,13.29,11.64,-0.46,-0.20,0.01,15.15,13.28,0.06,1.09,0.30,0.69,-9999,-9999,-9999,-9999,-9999,1.132
21651,19.48,11.98,12.96,13.86,0.05,-0.09,0.36,19.76,13.02,0.20,1.32,0.30,0.62,-9999,-9999,-9999,-9999,-9999,1.133
21652,28.07,12.98,13.13,12.92,0.09,-0.12,0.22,28.51,13.12,0.37,1.68,0.32,0.52,-9999,-9999,-9999,-9999,-9999,1.133
21653,28.07,13.98,13.31,12.03,-0.20,-0.42,-0.05,28.21,13.01,0.37,1.67,0.31,0.52,-9999,-9999,-9999,-9999,-9999,1.133
21654,27.64,9.20,18.28,9.09,-0.73,-0.62,-0.09,27.56,17.84,0.20,1.31,0.32,0.51,-9999,-9999,-9999,-9999,-9999,1.133
21655,24.55,9.19,17.81,7.70,-0.86,-0.66,0.38,24.37,17.33,0.15,1.23,0.31,0.48,-9999,-9999,-9999,-9999,-9999,1.132
21656,27.00,9.19,20.00,9.54,-0.56,-0.50,0.75,27.03,19.68,0.14,1.22,0.29,0.43,-9999,-9999,-9999,-9999,-9999,1.132
21657,24.33,9.23,19.89,9.15,-0.71,-0.57,0.23,24.25,19.49,0.09,1.14,0.27,0.40,-9999,-9999,-9999,-9999,-9999,1.132
21658,28.36,10.93,9.45,10.07,-0.49,-0.77,-0.02,28.18,8.75,0.53,2.07,0.25,0.39,-9999,-9999,-9999,-9999,-9999,1.131
21659,26.19,14.06,16.04,14.21,-0.10,-0.62,0.00,26.11,15.47,0.23,1.38,0.28,0.36,-9999,-9999,-9999,-9999,-9999,1.132
21660,23.85,12.10,9.34,10.41,-0.17,-0.49,-0.34,23.86,8.85,0.45,1.87,0.31,0.34,-9999,-9999,-9999,-9999,-9999,1.132
21661,22.67,14.30,9.85,9.76,-0.28,-0.48,-0.37,22.68,9.34,0.40,1.75,0.36,0.36,-9999,-9999,-9999,-9999,-9999,1.133
21662,24.48,16.48,10.37,9.14,-0.30,-0.40,-0.39,24.64,9.91,0.41,1.77,0.38,0.39,-9999,-9999,-9999,-9999,-9999,1.132
21663,22.22,16.62,13.82,9.68,-0.02,-0.24,-0.40,22.49,13.48,0.22,1.36,0.37,0.37,-9999,-9999,-9999,-9999,-9999,1.132
21664,23.80,17.48,16.14,9.76,0.05,-0.14,-0.53,24.15,15.86,0.19,1.30,0.33,0.37,-9999,-9999,-9999,-9999,-9999,1.132
21665,26.61,13.85,14.46,11.72,-0.14,-0.16,-0.54,26.96,14.14,0.30,1.51,0.31,0.37,-9999,-9999,-9999,-9999,-9999,1.132
21666,24.78,9.61,12.52,14.03,0.03,0.03,0.22,25.25,12.39,0.33,1.59,0.30,0.36,-9999,-9999,-9999,-9999,-9999,1.132
21667,22.29,9.58,12.66,15.63,0.06,0.33,0.44,22.98,12.83,0.28,1.47,0.27,0.39,-9999,-9999,-9999,-9999,-9999,1.132
21668,17.89,15.59,9.42,11.08,-0.10,0.44,-0.11,18.60,9.74,0.32,1.56,0.28,0.41,-9999,-9999,-9999,-9999,-9999,1.132
21669,22.76,13.54,8.75,11.31,-0.12,0.41,-0.51,23.52,9.05,0.47,1.92,0.26,0.41,-9999,-9999,-9999,-9999,-9999,1.132
21670,16.38,11.47,8.07,11.56,0.09,0.39,-0.68,17.02,8.37,0.36,1.64,0.24,0.40,-9999,-9999,-9999,-9999,-9999,1.133
21671,14.66,10.00,7.97,11.92,0.33,0.28,-0.54,15.16,8.16,0.30,1.52,0.21,0.37,-9999,-9999,-9999,-9999,-9999,1.132
21672,17.41,13.96,10.92,10.77,-0.10,-0.02,-0.21,17.66,10.81,0.24,1.40,0.16,0.38,-9999,-9999,-9999,-9999,-9999,1.132
21673,13.55,17.40,15.97,10.98,-0.34,-0.10,0.27,13.66,15.81,-0.09,0.89,0.13,0.43,-9999,-9999,-9999,-9999,-9999,1.133
21674,24.86,12.47,17.22,9.60,-0.05,-0.11,0.60,25.11,17.05,0.18,1.27,0.11,0.45,-9999,-9999,-9999,-9999,-9999,1.133
21675,21.75,9.26,16.30,8.30,-0.13,-0.25,0.14,21.84,16.03,0.13,1.20,0.10,0.46,-9999,-9999,-9999,-9999,-9999,1.132
21676,20.58,11.22,15.54,8.31,-0.32,-0.19,-0.52,20.70,15.31,0.13,1.20,0.11,0.47,-9999,-9999,-9999,-9999,-9999,1.132
21677,19.91,13.18,14.90,8.32,-0.33,-0.28,-0.46,19.99,14.55,0.13,1.20,0.11,0.47,-9999,-9999,-9999,-9999,-9999,1.132
21678,24.32,11.46,10.70,10.50,-0.28,-0.57,0.00,24.22,10.04,0.39,1.71,0.11,0.44,-9999,-9999,-9999,-9999,-9999,1.132
21679,23.57,11.35,11.68,9.08,-0.25,-0.67,0.24,23.35,10.91,0.34,1.60,0.10,0.41,-9999,-9999,-9999,-9999,-9999,1.132
21680,23.17,10.06,12.70,7.74,-0.09,-0.52,0.62,23.11,12.07,0.30,1.51,0.09,0.38,-9999,-9999,-9999,-9999,-9999,1.132
21681,15.57,9.97,12.98,8.06,0.31,-0.11,0.86,15.78,12.76,0.09,1.14,0.10,0.37,-9999,-9999,-9999,-9999,-9999,1.132
21682,22.64,12.68,11.97,9.57,0.19,0.21,0.11,23.32,12.09,0.33,1.57,0.10,0.38,-9999,-9999,-9999,-9999,-9999,1.132
21683,23.77,13.26,13.33,10.69,-0.14,0.09,-0.61,24.36,13.34,0.30,1.52,0.11,0.45,-9999,-9999,-9999,-9999,-9999,1.133
21684,20.82,13.80,14.71,11.81,0.07,-0.16,-0.64,21.07,14.42,0.18,1.28,0.12,0.44,-9999,-9999,-9999,-9999,-9999,1.133
21685,18.40,11.35,16.06,11.60,0.28,-0.23,-0.29,18.52,15.65,0.06,1.09,0.13,0.43,-9999,-9999,-9999,-9999,-9999,1.132
21686,17.96,8.89,17.66,11.40,0.17,-0.06,0.20,18.21,17.39,0.01,1.01,0.14,0.46,-9999,-9999,-9999,-9999,-9999,1.132
21687,18.39,10.23,13.57,10.19,0.06,0.12,0.33,18.82,13.54,0.15,1.23,0.15,0.49,-9999,-9999,-9999,-9999,-9999,1.133
21688,17.82,15.26,14.06,7.12,-0.04,0.02,0.33,18.14,13.84,0.11,1.17,0.14,0.42,-9999,-9999,-9999,-9999,-9999,1.132
21689,23.90,12.46,11.20,8.00,-0.36,-0.20,0.09,24.10,10.77,0.36,1.64,0.14,0.37,-9999,-9999,-9999,-9999,-9999,1.133
21690,21.59,8.91,7.20,7.79,-0.34,-0.28,-0.02,21.66,6.78,0.60,2.29,0.10,0.35,-9999,-9999,-9999,-9999,-9999,1.132
21691,23.66,11.24,11.28,8.28,0.06,-0.44,0.16,23.60,10.66,0.34,1.61,0.07,0.34,-9999,-9999,-9999,-9999,-9999,1.133
21692,17.44,11.02,11.28,8.20,0.08,-0.39,0.09,17.32,10.76,0.21,1.34,0.06,0.36,-9999,-9999,-9999,-9999,-9999,1.133
21693,17.40,10.81,11.30,8.14,-0.33,-0.23,0.04,17.44,10.96,0.21,1.34,0.03,0.37,-9999,-9999,-9999,-9999,-9999,1.133
21694,21.62,10.69,10.31,8.44,-0.60,-0.47,-0.04,21.51,9.75,0.35,1.63,0.07,0.39,-9999,-9999,-9999,-9999,-9999,1.133
21695,15.70,10.49,9.38,8.80,-0.52,-0.74,-0.26,15.23,8.57,0.26,1.44,0.07,0.39,-9999,-9999,-9999,-9999,-9999,1.133
21696,22.20,10.27,10.00,10.39,-0.54,-0.58,-0.43,22.00,9.36,0.42,1.79,0.08,0.41,-9999,-9999,-9999,-9999,-9999,1.133
21697,22.32,10.00,10.62,12.01,-0.61,-0.16,-0.85,22.54,10.43,0.39,1.73,0.07,0.45,-9999,-9999,-9999,-9999,-9999,1.133
21698,21.84,12.85,13.18,9.53,-0.26,0.06,-1.20,22.26,13.24,0.27,1.45,0.08,0.46,-9999,-9999,-9999,-9999,-9999,1.133
21699,25.45,13.77,13.57,11.20,0.03,0.05,-1.21,25.90,13.64,0.31,1.53,0.04,0.47,-9999,-9999,-9999,-9999,-9999,1.133
21700,24.66,14.66,13.99,12.93,-0.21,0.11,-0.92,25.14,14.14,0.28,1.47,0.05,0.49,-9999,-9999,-9999,-9999,-9999,1.133
21701,25.26,13.66,11.03,9.52,-0.41,0.02,-0.61,25.65,11.11,0.41,1.77,0.07,0.50,-9999,-9999,-9999,-9999,-9999,1.133
21702,23.74,14.50,13.66,11.23,0.00,-0.04,-0.53,24.04,13.77,0.29,1.49,0.10,0.54,-9999,-9999,-9999,-9999,-9999,1.133
21703,21.67,3.06,12.86,10.93,0.29,0.30,-0.00,22.29,13.32,0.28,1.47,0.14,0.57,-9999,-9999,-9999,-9999,-9999,1.133
21704,15.17,9.03,14.52,11.40,0.17,0.52,0.46,15.90,15.22,0.02,1.03,0.13,0.52,-9999,-9999,-9999,-9999,-9999,1.133
21705,17.29,12.53,14.07,12.30,0.27,0.26,0.21,17.80,14.49,0.11,1.17,0.10,0.51,-9999,-9999,-9999,-9999,-9999,1.133
21706,14.79,14.41,13.84,13.21,0.35,-0.13,0.04,14.88,13.86,0.04,1.05,0.10,0.52,-9999,-9999,-9999,-9999,-9999,1.133
