NASA Data Processing/CAMP2Ex/OPTICAL/CAMP2Ex-LARGE-OPTICAL_P3B_20190830_R0.ict
100,1001
Luke Ziemba
NASA Langley
In-situ optical aerosol measurements from the NASA P3B
CAMP2Ex
1,1
2019,08,30,2020,05,5
1.0
Time_Mid,Secs after midnight,Time of acquisition
19
1,1,1,1,1,1,1,1,1,1,1,1,1,1,1,1,1,1,1
-9999,-9999,-9999,-9999,-9999,-9999,-9999,-9999,-9999,-9999,-9999,-9999,-9999,-9999,-9999,-9999,-9999,-9999,-9999
Sc550_total_amb, Mm-1, AerOpt_Scattering_InSitu_Green_RHa_Bulk_STP, scattering coefficient of ambient  particles at 550nm
Sc450_total, Mm-1, AerOpt_Scattering_InSitu_Blue_RHd_Bulk_STP, Dry Scattering at 450nm (Total Aerosols)
Sc550_total, Mm-1, AerOpt_Scattering_InSitu_Green_RHd_Bulk_STP, Dry Scattering at 550nm (Total Aerosols)
Sc700_total, Mm-1, AerOpt_Scattering_InSitu_Red_RHd_Bulk_STP, Dry Scattering at 700nm (Total Aerosols)
Abs470_total, Mm-1, AerOpt_Absorption_InSitu_Blue_RHd_Bulk_STP, Dry absorption at 470nm (Total Aerosols)
Abs532_total, Mm-1, AerOpt_Absorption_InSitu_Green_RHd_Bulk_STP, Dry absorption at 532nm (Total Aerosols)
Abs660_total, Mm-1, AerOpt_Absorption_InSitu_Red_RHd_Bulk_STP, Dry absorption at 660nm (Total Aerosols)
Ext532_total_amb, Mm-1, AerOpt_Extinction_InSitu_Green_RHa_Bulk_STP, extinction coefficient of aerosols at 532nm for AMBIENT relative humidity
Ext532_total_dry, Mm-1, AerOpt_Extinction_InSitu_Green_RHd_Bulk_STP, extinction coefficient of aerosols at 532nm for DRY relative humidity
gamma550, unitless, AerOpt_Gamma_InSitu_Green_None_Bulk_STP, derived optical hygroscopic growth factor for particles at 550nm
fRH550_RH20to80, unitless, AerOpt_fRHScat_InSitu_Green_RHsp_Bulk_STP, derived optical hygroscopic growth parameter for particles at 550nm
AEscatAMB_450to700nm,unitless, AerOpt_AngstromExponentScat_InSitu_BluetoRed_RHa_Bulk_STP, derived ambient Angstrom Exponent for scattering coefficient over wavelength range from 450nm to 700nm
AEscatDRY_450to700nm,unitless, AerOpt_AngstromExponentScatInSitu_BluetoRed_RHd_Bulk_STP, derived dry Angstrom Exponent for scattering coefficient over wavelength range from 450nm to 700nm
AEabsDRY_470to660nm,unitless, AerOpt_AngstromExponentAbs_InSitu_BluetoRed_RHd_Bulk_STP, derived dry Angstrom Exponent for absorption coefficient over wavelength range from 450nm to 700nm
SSA_dry_450nm,unitless, AerOpt_SSA_InSitu_Blue_RHd_Bulk_STP, single_scattering_albedo_at_450nm_as_derived_from_dry_scattering_and_absorption
SSA_dry_550nm,unitless, AerOpt_SSA_InSitu_Green_RHd_Bulk_STP, single_scattering_albedo_at_550nm_as_derived_from_dry_scattering_and_absorption
SSA_dry_700nm,unitless, AerOpt_SSA_InSitu_Red_RHd_Bulk_STP, single_scattering_albedo_at_700nm_as_derived_from_dry_scattering_and_absorption
SSA_amb_550nm,unitless, AerOpt_SSA_InSitu_Green_RHa_Bulk_STP, single_scattering_albedo_at_550nm_as_derived_from_ambient_scattering_and_absorption
stdPT,unitless, None, Conversion factor to convert between ambient and standard pressure and temperature conditions
0
67
******************************************************************************************************************
Langley Aerosol data from the 2019 CAMP2Ex field campaign
 
PI_CONTACT_INFO: luke.ziemba@nasa.gov
PLATFORM: NASA P3B aircraft
LOCATION: Latitude, Longitude, and Altitude included in MetNav files
[...]
UNCERTAINTY: estimated uncertainties for directly measured properties
	- For dry scattering, accuracy estimated at 30% for all wavelengths; precision estimated at 4.5 Mm-1 for 450nm wavelength and 3 Mm-1 for 550nm and 700nm wavelengths
	- For dry absorption, accuracy estimated at 15% for all wavelengths; precision is a function of pressure and is estimated to vary from 0.5 Mm-1 near the surface to 2 at high altitude
	- For derived parameters, please contact the PI for a more detailed discussion of uncertainty
ULOD_FLAG: -7777
ULOD_VALUE: N/A
LLOD_FLAG: -8888
LLOD_VALUE: N/A
DM_CONTACT_INFO: Michael Shook (michael.shook@nasa.gov)
PROJECT_INFO: CAMP2Ex 2019
STIPULATIONS_ON_USE: This is FINAL data. Users are strongly encouraged to consult the PI and/or DM prior to use.
OTHER_COMMENTS: N/A
REVISION: R0
R0: STP and ambient parameter calculations now use data from their respective publicly available files, data is time synced to DLH
RD: Correction factor applied to raw scattering data, which also affects the absorption data via the Virkkula correction
RC: Higher threshholds required for calculating intensive parameters; absorption smoothing algorithm applied
RB: Time sync to LARGE CNgt3nm applied
RA: None
******************************************************************************************************************
Time_Mid,Sc550_total_amb,Sc450_total,Sc550_total,Sc700_total,Abs470_total,Abs532_total,Abs660_total,Ext532_total_amb,Ext532_total_dry,gamma550,fRH550_RH20to80,AEscatAMB_450to700nm,AEscatDRY_450to700nm,AEabsDRY_470to660nm,SSA_dry_450nm,SSA_dry_550nm,SSA_dry_700nm,SSA_amb_550nm,stdPT
[from data line 18743]
100936,-9999.00,11.77,1.51,4.01,0.61,-0.47,0.62,-9999.00,1.23,-9999.00,-9999.00,-9999,-9999,-9999,-9999,-9999,-9999,-9999,1.432
100937,-9999.00,9.00,0.11,-1.74,-0.01,-0.61,0.72,-9999.00,-0.49,-9999.00,-9999.00,-9999,-9999,-9999,-9999,-9999,-9999,-9999,1.432
100938,-9999.00,11.69,1.04,0.44,-1.45,-1.64,0.35,-9999.00,-0.49,-9999.00,-9999.00,-9999,-9999,-9999,-9999,-9999,-9999,-9999,1.431
100939,-9999.00,7.98,-0.39,-1.29,-1.23,-1.85,-0.21,-9999.00,-2.28,-9999.00,-9999.00,-9999,-9999,-9999,-9999,-9999,-9999,-9999,1.429
100940,-9999.00,4.59,1.55,0.62,-0.78,-0.75,-0.21,-9999.00,0.97,-9999.00,-9999.00,-9999,-9999,-9999,-9999,-9999,-9999,-9999,1.429
100941,-9999.00,6.49,1.02,0.96,-0.45,-0.02,-0.00,-9999.00,1.11,-9999.00,-9999.00,-9999,-9999,-9999,-9999,-9999,-9999,-9999,1.428
100942,-9999.00,5.26,3.54,2.94,-1.20,-0.63,-0.49,-9999.00,3.27,-9999.00,-9999.00,-9999,-9999,-9999,-9999,-9999,-9999,-9999,1.427
100943,-9999.00,5.29,3.64,3.01,-2.20,-2.02,-1.48,-9999.00,1.95,-9999.00,-9999.00,-9999,-9999,-9999,-9999,-9999,-9999,-9999,1.426
100944,-9999.00,5.31,3.73,3.07,-2.32,-2.60,-2.49,-9999.00,1.48,-9999.00,-9999.00,-9999,-9999,-9999,-9999,-9999,-9999,-9999,1.425
100945,-9999.00,1.95,3.98,2.26,-2.12,-2.44,-2.39,-9999.00,1.88,-9999.00,-9999.00,-9999,-9999,-9999,-9999,-9999,-9999,-9999,1.424
100946,-9999.00,1.15,-0.90,3.77,-1.16,-1.96,-1.74,-9999.00,-2.94,-9999.00,-9999.00,-9999,-9999,-9999,-9999,-9999,-9999,-9999,1.423
100947,-9999.00,1.91,3.77,3.41,0.26,-0.87,-0.35,-9999.00,3.24,-9999.00,-9999.00,-9999,-9999,-9999,-9999,-9999,-9999,-9999,1.423
100948,-9999.00,1.64,2.78,5.80,0.87,0.04,-0.02,-9999.00,3.08,-9999.00,-9999.00,-9999,-9999,-9999,-9999,-9999,-9999,-9999,1.423
100949,-9999.00,-2.44,2.71,2.23,1.22,-0.15,-0.72,-9999.00,2.82,-9999.00,-9999.00,-9999,-9999,-9999,-9999,-9999,-9999,-9999,1.423
100950,-9999.00,2.03,1.52,0.80,0.06,-1.36,-1.17,-9999.00,0.29,-9999.00,-9999.00,-9999,-9999,-9999,-9999,-9999,-9999,-9999,1.421
100951,-9999.00,0.36,3.45,1.05,-0.88,-1.37,-1.30,-9999.00,2.33,-9999.00,-9999.00,-9999,-9999,-9999,-9999,-9999,-9999,-9999,1.420
100952,-9999.00,-0.16,2.41,-0.58,-0.85,-0.23,0.07,-9999.00,2.29,-9999.00,-9999.00,-9999,-9999,-9999,-9999,-9999,-9999,-9999,1.419
100953,-9999.00,-0.68,1.37,-2.21,-1.09,-0.17,1.39,-9999.00,1.25,-9999.00,-9999.00,-9999,-9999,-9999,-9999,-9999,-9999,-9999,1.418
100954,-9999.00,3.45,2.99,-0.74,-0.95,-0.65,0.03,-9999.00,2.36,-9999.00,-9999.00,-9999,-9999,-9999,-9999,-9999,-9999,-9999,1.418
100955,-9999.00,-1.73,0.13,-1.83,-1.03,-1.02,-1.11,-9999.00,-0.90,-9999.00,-9999.00,-9999,-9999,-9999,-9999,-9999,-9999,-9999,1.417
100956,-9999.00,-1.02,0.25,0.73,-1.60,-1.34,-1.08,-9999.00,-9999.00,-9999.00,-9999.00,-9999,-9999,-9999,-9999,-9999,-9999,-9999,1.416
100957,-9999.00,-0.30,0.37,3.29,-1.20,-1.20,-0.51,-9999.00,-9999.00,-9999.00,-9999.00,-9999,-9999,-9999,-9999,-9999,-9999,-9999,1.416
100958,-9999.00,1.63,0.85,0.92,-0.10,-0.14,0.85,-9999.00,-9999.00,-9999.00,-9999.00,-9999,-9999,-9999,-9999,-9999,-9999,-9999,1.415
100959,-9999.00,3.38,2.25,0.18,0.58,0.93,1.45,-9999.00,-9999.00,-9999.00,-9999.00,-9999,-9999,-9999,-9999,-9999,-9999,-9999,1.414
100960,-9999.00,5.08,3.66,-0.56,0.34,0.75,0.98,-9999.00,-9999.00,-9999.00,-9999.00,-9999,-9999,-9999,-9999,-9999,-9999,-9999,1.412
100961,-9999.00,4.97,3.73,-0.07,0.34,0.24,0.53,-9999.00,-9999.00,-9999.00,-9999.00,-9999,-9999,-9999,-9999,-9999,-9999,-9999,1.412
100962,-9999.00,3.76,3.79,0.41,1.12,0.24,0.34,-9999.00,-9999.00,-9999.00,-9999.00,-9999,-9999,-9999,-9999,-9999,-9999,-9999,1.411
100963,-9999.00,2.65,2.16,-0.86,0.83,0.35,0.45,-9999.00,-9999.00,-9999.00,-9999.00,-9999,-9999,-9999,-9999,-9999,-9999,-9999,1.409
100964,-9999.00,1.89,2.31,0.03,0.09,-0.14,0.30,-9999.00,-9999.00,-9999.00,-9999.00,-9999,-9999,-9999,-9999,-9999,-9999,-9999,1.409
100965,-9999.00,0.76,2.45,0.92,0.26,-0.16,-0.59,-9999.00,-9999.00,-9999.00,-9999.00,-9999,-9999,-9999,-9999,-9999,-9999,-9999,1.408
100966,-9999.00,2.42,4.25,0.91,0.15,0.04,-1.27,-9999.00,-9999.00,-9999.00,-9999.00,-9999,-9999,-9999,-9999,-9999,-9999,-9999,1.407
100967,-9999.00,3.70,6.05,0.90,-0.07,0.31,-0.91,-9999.00,-9999.00,-9999.00,-9999.00,-9999,-9999,-9999,-9999,-9999,-9999,-9999,1.405
100968,-9999.00,8.35,4.39,-0.79,1.16,0.86,0.57,-9999.00,-9999.00,-9999.00,-9999.00,-9999,-9999,-9999,-9999,-9999,-9999,-9999,1.406
100969,-9999.00,-2.41,1.88,-1.64,2.73,1.66,2.18,-9999.00,-9999.00,-9999.00,-9999.00,-9999,-9999,-9999,-9999,-9999,-9999,-9999,1.404
100970,-9999.00,-2.23,1.69,-1.11,3.03,1.82,1.44,-9999.00,-9999.00,-9999.00,-9999.00,-9999,-9999,-9999,-9999,-9999,-9999,-9999,1.404
100971,-9999.00,-2.05,1.50,-0.57,2.57,1.03,0.23,-9999.00,-9999.00,-9999.00,-9999.00,-9999,-9999,-9999,-9999,-9999,-9999,-9999,1.402
100972,-9999.00,-0.89,2.05,1.23,2.26,0.65,1.80,-9999.00,-9999.00,-9999.00,-9999.00,-9999,-9999,-9999,-9999,-9999,-9999,-9999,1.402
100973,-9999.00,1.96,-0.39,0.04,1.82,1.88,3.23,-9999.00,-9999.00,-9999.00,-9999.00,-9999,-9999,-9999,-9999,-9999,-9999,-9999,1.400
100974,-9999.00,-0.12,1.79,1.47,1.66,1.98,2.80,-9999.00,-9999.00,-9999.00,-9999.00,-9999,-9999,-9999,-9999,-9999,-9999,-9999,1.399
100975,-9999.00,2.83,2.10,0.18,0.80,0.66,2.80,-9999.00,-9999.00,-9999.00,-9999.00,-9999,-9999,-9999,-9999,-9999,-9999,-9999,1.399
100976,-9999.00,4.35,2.40,-1.10,-0.46,-1.00,2.43,-9999.00,-9999.00,-9999.00,-9999.00,-9999,-9999,-9999,-9999,-9999,-9999,-9999,1.398
100977,-9999.00,2.70,2.84,-2.63,-1.60,-2.31,0.66,-9999.00,-9999.00,-9999.00,-9999.00,-9999,-9999,-9999,-9999,-9999,-9999,-9999,1.397
100978,-9999.00,-0.59,3.27,-4.16,-3.27,-3.01,-1.44,-9999.00,-9999.00,-9999.00,-9999.00,-9999,-9999,-9999,-9999,-9999,-9999,-9999,1.396
100979,-9999.00,-2.53,3.83,-0.46,-4.39,-3.31,-1.63,-9999.00,-9999.00,-9999.00,-9999.00,-9999,-9999,-9999,-9999,-9999,-9999,-9999,1.395
100980,-9999.00,-3.61,2.35,0.31,-4.22,-2.72,-0.51,-9999.00,-9999.00,-9999.00,-9999.00,-9999,-9999,-9999,-9999,-9999,-9999,-9999,1.394
100981,-9999.00,0.38,2.96,0.22,-3.48,-2.54,-1.40,-9999.00,-9999.00,-9999.00,-9999.00,-9999,-9999,-9999,-9999,-9999,-9999,-9999,1.393
100982,-9999.00,4.09,0.97,3.12,-2.39,-2.51,-2.43,-9999.00,-9999.00,-9999.00,-9999.00,-9999,-9999,-9999,-9999,-9999,-9999,-9999,1.392
100983,-9999.00,3.02,1.62,1.65,-1.44,-1.75,-0.98,-9999.00,-9999.00,-9999.00,-9999.00,-9999,-9999,-9999,-9999,-9999,-9999,-9999,1.391
100984,-9999.00,2.70,2.04,-0.17,-0.94,-1.11,-0.45,-9999.00,-9999.00,-9999.00,-9999.00,-9999,-9999,-9999,-9999,-9999,-9999,-9999,1.392
100985,-9999.00,2.46,1.36,-0.14,-1.58,-1.92,-1.70,-9999.00,-9999.00,-9999.00,-9999.00,-9999,-9999,-9999,-9999,-9999,-9999,-9999,1.391
100986,-9999.00,2.84,0.68,-0.11,-2.39,-2.38,-2.54,-9999.00,-9999.00,-9999.00,-9999.00,-9999,-9999,-9999,-9999,-9999,-9999,-9999,1.390
100987,-9999.00,2.38,1.53,4.07,-1.45,-2.24,-2.40,-9999.00,-9999.00,-9999.00,-9999.00,-9999,-9999,-9999,-9999,-9999,-9999,-9999,1.390
100988,-9999.00,2.91,1.18,2.23,0.06,-1.45,-1.96,-9999.00,-9999.00,-9999.00,-9999.00,-9999,-9999,-9999,-9999,-9999,-9999,-9999,1.388
100989,-9999.00,2.84,4.59,3.40,-0.15,-0.86,-2.06,-9999.00,-9999.00,-9999.00,-9999.00,-9999,-9999,-9999,-9999,-9999,-9999,-9999,1.388
100990,-9999.00,-2.24,-0.92,2.12,-0.85,-0.15,-1.40,-9999.00,-9999.00,-9999.00,-9999.00,-9999,-9999,-9999,-9999,-9999,-9999,-9999,1.388
100991,-9999.00,0.12,0.58,1.96,-0.54,0.06,-0.54,-9999.00,-9999.00,-9999.00,-9999.00,-9999,-9999,-9999,-9999,-9999,-9999,-9999,1.387
100992,-9999.00,-3.46,0.45,0.28,-0.17,0.01,-0.82,-9999.00,-9999.00,-9999.00,-9999.00,-9999,-9999,-9999,-9999,-9999,-9999,-9999,1.386
100993,-9999.00,2.52,3.95,1.71,-0.26,-0.14,-0.42,-9999.00,-9999.00,-9999.00,-9999.00,-9999,-9999,-9999,-9999,-9999,-9999,-9999,1.385
100994,-9999.00,-2.10,-1.04,-0.82,0.14,0.52,0.37,-9999.00,-9999.00,-9999.00,-9999.00,-9999,-9999,-9999,-9999,-9999,-9999,-9999,1.385
100995,-9999.00,-0.57,-1.10,-0.56,1.06,1.30,1.02,-9999.00,-9999.00,-9999.00,-9999.00,-9999,-9999,-9999,-9999,-9999,-9999,-9999,1.384
100996,-9999.00,0.96,-1.16,-0.29,2.03,2.28,2.15,-9999.00,-9999.00,-9999.00,-9999.00,-9999,-9999,-9999,-9999,-9999,-9999,-9999,1.383
100997,-9999.00,5.26,0.62,1.26,3.13,2.91,3.08,-9999.00,-9999.00,-9999.00,-9999.00,-9999,-9999,-9999,-9999,-9999,-9999,-9999,1.382
100998,-9999.00,2.42,0.93,1.61,3.60,3.16,3.17,-9999.00,-9999.00,-9999.00,-9999.00,-9999,-9999,-9999,-9999,-9999,-9999,-9999,1.382
100999,-9999.00,-0.42,1.23,1.96,3.28,2.52,2.24,-9999.00,-9999.00,-9999.00,-9999.00,-9999,-9999,-9999,-9999,-9999,-9999,-9999,1.381
101000,-9999.00,7.53,2.28,1.53,2.18,1.49,1.27,-9999.00,-9999.00,-9999.00,-9999.00,-9999,-9999,-9999,-9999,-9999,-9999,-9999,1.381
101001,-9999.00,-1.00,5.14,3.05,1.01,1.00,0.30,-9999.00,-9999.00,-9999.00,-9999.00,-9999,-9999,-9999,-9999,-9999,-9999,-9999,1.379
101002,-9999.00,7.02,2.22,0.28,1.03,0.85,0.14,-9999.00,-9999.00,-9999.00,-9999.00,-9999,-9999,-9999,-9999,-9999,-9999,-9999,1.379
101003,-9999.00,-4.73,0.55,0.53,1.37,0.56,1.10,-9999.00,-9999.00,-9999.00,-9999.00,-9999,-9999,-9999,-9999,-9999,-9999,-9999,1.379
101004,-9999.00,-2.38,1.33,0.16,1.18,0.89,1.61,-9999.00,-9999.00,-9999.00,-9999.00,-9999,-9999,-9999,-9999,-9999,-9999,-9999,1.378
101005,-9999.00,-4.73,1.53,1.88,0.37,0.12,0.51,-9999.00,-9999.00,-9999.00,-9999.00,-9999,-9999,-9999,-9999,-9999,-9999,-9999,1.376
101006,-9999.00,-2.34,0.69,1.64,-1.95,-1.94,-1.25,-9999.00,-9999.00,-9999.00,-9999.00,-9999,-9999,-9999,-9999,-9999,-9999,-9999,1.377
101007,-9999.00,-4.18,1.98,6.54,-3.19,-3.37,-1.37,-9999.00,-9999.00,-9999.00,-9999.00,-9999,-9999,-9999,-9999,-9999,-9999,-9999,1.376
101008,-9999.00,5.07,0.41,4.05,-1.84,-2.67,-0.12,-9999.00,-2.25,-9999.00,-9999.00,-9999,-9999,-9999,-9999,-9999,-9999,-9999,1.375
101009,-9999.00,3.16,-0.09,2.22,-0.54,-1.18,0.69,-9999.00,-9999.00,-9999.00,-9999.00,-9999,-9999,-9999,-9999,-9999,-9999,-9999,1.375
101010,-9999.00,1.25,-0.58,0.39,-0.37,-0.81,1.62,-9999.00,-1.42,-9999.00,-9999.00,-0.42,-9999,-9999,-9999,-9999,-9999,-9999,1.374
101011,-9999.00,3.09,1.71,2.18,-0.29,-0.81,1.76,-9999.00,0.97,-9999.00,-9999.00,-0.41,-9999,-9999,-9999,-9999,-9999,-9999,1.373
101012,-9999.00,1.14,-0.20,0.48,-0.32,-0.02,0.92,-9999.00,-0.23,-9999.00,-9999.00,0.08,-9999,-9999,-9999,-9999,-9999,-9999,1.372
101013,-9999.00,5.22,1.82,-0.49,0.23,0.41,0.75,-9999.00,2.29,-9999.00,-9999.00,0.18,-9999,-9999,-9999,-9999,-9999,-9999,1.371
101014,-9999.00,9.29,3.85,-1.45,1.72,1.26,1.41,-9999.00,5.18,-9999.00,-9999.00,0.18,-9999,-9999,-9999,-9999,-9999,-9999,1.369
101015,-9999.00,5.28,2.69,-1.20,3.48,2.67,2.13,-9999.00,5.40,-9999.00,-9999.00,0.18,-9999,-9999,-9999,-9999,-9999,-9999,1.369
101016,-9999.00,1.72,1.54,-0.96,4.17,3.80,2.18,-9999.00,5.36,-9999.00,-9999.00,0.38,-9999,-9999,-9999,-9999,-9999,-9999,1.369
101017,-9999.00,-0.34,3.99,-0.57,3.15,3.35,1.98,-9999.00,7.45,-9999.00,-9999.00,0.52,-9999,-9999,-9999,-9999,-9999,-9999,1.366
101018,-9999.00,-1.82,6.44,-0.18,2.48,1.70,2.30,-9999.00,8.29,-9999.00,-9999.00,0.59,1.35,-9999,-9999,-9999,-9999,-9999,1.366
101019,-9999.00,3.45,6.48,-0.74,2.19,1.00,1.66,-9999.00,7.66,-9999.00,-9999.00,0.58,1.30,-9999,-9999,-9999,-9999,-9999,1.366
101020,-9999.00,8.84,6.52,-1.30,1.44,0.96,0.25,-9999.00,7.67,-9999.00,-9999.00,0.61,1.37,-9999,-9999,-9999,-9999,-9999,1.365
101021,-9999.00,9.60,4.31,4.68,1.19,0.85,0.07,-9999.00,5.29,-9999.00,-9999.00,0.62,1.54,-9999,-9999,-9999,-9999,-9999,1.364
101022,-9999.00,8.91,2.14,2.89,0.73,0.69,0.23,-9999.00,2.89,-9999.00,-9999.00,0.63,1.67,-9999,-9999,-9999,-9999,-9999,1.363
101023,-9999.00,8.65,2.09,2.32,-0.60,0.24,0.06,-9999.00,2.41,-9999.00,-9999.00,0.65,1.99,-9999,-9999,-9999,-9999,-9999,1.363
101024,-9999.00,8.41,2.06,1.76,-1.67,-0.45,0.01,-9999.00,1.70,-9999.00,-9999.00,0.75,2.15,-9999,-9999,-9999,-9999,-9999,1.362
101025,6.95,3.41,6.19,9.83,-1.25,-0.81,0.72,6.55,5.61,0.11,1.17,0.78,2.21,-9999,-9999,-9999,-9999,-9999,1.361
101026,-9999.00,5.07,3.44,4.40,0.84,0.22,1.35,-9999.00,3.79,-9999.00,-9999.00,0.83,2.26,-9999,-9999,-9999,-9999,-9999,1.360
101027,6.80,9.05,5.66,6.44,2.25,2.29,0.73,9.51,8.16,0.17,1.27,0.83,2.32,-9999,-9999,-9999,-9999,-9999,1.359
101028,7.17,6.19,6.71,1.76,3.02,3.04,1.07,10.62,9.99,0.06,1.08,0.73,2.22,-9999,-9999,-9999,-9999,-9999,1.358
101029,-9999.00,3.27,6.95,1.14,3.61,2.77,2.48,-9999.00,9.97,-9999.00,-9999.00,0.81,2.18,-9999,-9999,-9999,-9999,-9999,1.357
101030,6.37,0.24,6.01,0.51,3.64,2.44,2.54,9.24,8.65,0.04,1.06,0.88,2.06,-9999,-9999,-9999,-9999,-9999,1.355
101031,5.90,11.50,6.50,5.34,2.45,1.88,1.74,8.19,8.62,-0.07,0.90,0.94,2.03,-9999,-9999,-9999,-9999,-9999,1.355
101032,5.57,10.38,6.46,5.94,1.06,1.17,0.92,7.14,7.88,-0.11,0.85,0.95,2.02,-9999,-9999,-9999,-9999,-9999,1.354
101033,6.08,9.25,6.43,6.56,0.35,-1.06,0.52,5.43,5.66,-0.04,0.94,1.07,2.03,-9999,-9999,-9999,-9999,-9999,1.354
101034,6.83,7.71,7.52,8.92,-1.22,-1.54,-0.75,5.75,6.39,-0.08,0.90,1.10,2.04,-9999,-9999,-9999,-9999,-9999,1.353
101035,-9999.00,5.88,8.43,2.34,-3.73,-3.56,-2.81,-9999.00,5.34,-9999.00,-9999.00,1.13,1.96,-9999,-9999,-9999,-9999,-9999,1.352
101036,-9999.00,5.52,7.91,1.57,-6.87,-6.99,-4.61,-9999.00,1.34,-9999.00,-9999.00,1.14,1.86,-9999,-9999,-9999,-9999,-9999,1.351
101037,-9999.00,5.16,7.60,0.80,-9.34,-8.66,-6.64,-9999.00,-0.68,-9999.00,-9999.00,1.16,1.91,-9999,-9999,-9999,-9999,-9999,1.351
101038,7.41,9.06,7.03,2.06,-9.27,-8.28,-7.07,-0.37,-0.93,0.05,1.08,1.17,1.94,-9999,-9999,-9999,-9999,-9999,1.350
101039,-9999.00,10.38,4.21,1.20,-8.60,-8.11,-6.13,-9999.00,-3.71,-9999.00,-9999.00,1.19,1.99,-9999,-9999,-9999,-9999,-9999,1.350
101040,5.67,8.50,6.35,2.35,-8.00,-7.92,-5.71,-1.86,-1.33,-0.13,0.84,1.21,1.94,-9999,-9999,-9999,-9999,-9999,1.349
101041,-9999.00,9.64,4.40,1.94,-7.07,-7.07,-5.44,-9999.00,-2.51,-9999.00,-9999.00,1.32,2.12,-9999,-9999,-9999,-9999,-9999,1.348
101042,-9999.00,9.14,5.81,2.74,-6.06,-4.68,-5.23,-9999.00,1.36,-9999.00,-9999.00,1.34,2.16,-9999,-9999,-9999,-9999,-9999,1.348
101043,8.40,7.40,7.58,5.80,-5.24,-4.71,-4.70,4.28,3.17,0.12,1.18,1.32,2.21,-9999,-9999,-9999,-9999,-9999,1.347
101044,-9999.00,8.39,4.21,2.20,-5.29,-4.15,-3.91,-9999.00,0.22,-9999.00,-9999.00,1.33,2.09,-9999,-9999,-9999,-9999,-9999,1.347
101045,6.96,11.08,7.23,3.66,-3.28,-2.07,-2.23,5.36,5.47,-0.05,0.94,1.33,2.01,-9999,-9999,-9999,-9999,-9999,1.346
101046,7.95,14.40,7.99,3.67,-0.46,-0.45,-0.39,8.02,7.92,-0.01,0.99,1.34,2.03,-9999,-9999,-9999,-9999,-9999,1.345
101047,6.16,9.99,6.24,2.80,-0.88,-0.44,-1.04,6.12,6.11,-0.02,0.98,1.25,2.01,-9999,-9999,-9999,-9999,-9999,1.344
101048,10.34,16.16,7.87,5.53,-1.70,-0.39,-1.83,10.65,7.89,0.33,1.57,1.14,2.01,-9999,-9999,-9999,-9999,-9999,1.343
101049,8.88,12.91,8.43,5.60,-1.01,-0.40,-1.43,9.09,8.49,0.06,1.09,1.03,2.03,-9999,-9999,-9999,-9999,-9999,1.342
101050,9.78,11.10,9.91,5.88,-0.64,-1.02,-1.80,9.44,9.46,-0.02,0.98,1.05,2.07,-9999,-9999,-9999,-9999,-9999,1.342
101051,7.65,5.89,8.84,2.75,-0.81,-1.21,-1.41,6.96,8.17,-0.18,0.78,1.11,2.06,-9999,-9999,-9999,-9999,-9999,1.341
101052,7.58,10.47,8.42,2.64,-0.81,-0.62,-0.57,7.46,8.32,-0.13,0.83,1.11,2.07,-9999,-9999,-9999,-9999,-9999,1.341
101053,7.86,12.15,7.43,2.59,-0.26,0.26,0.03,8.63,8.16,0.07,1.10,1.16,2.07,-9999,-9999,-9999,-9999,-9999,1.340
101054,8.15,16.16,9.77,2.92,-0.05,0.24,0.02,8.91,10.62,-0.24,0.72,1.17,2.07,-9999,-9999,-9999,-9999,-9999,1.339
101055,-9999.00,8.54,11.67,4.51,-0.76,-0.52,-0.31,-9999.00,11.84,-9999.00,-9999.00,1.15,2.00,-9999,-9999,-9999,-9999,-9999,1.339
101056,9.00,14.11,14.30,5.27,-1.07,-0.79,-0.45,8.74,14.33,-0.62,0.43,1.15,1.96,-9999,-9999,-9999,-9999,-9999,1.338
101057,7.36,10.64,7.65,4.42,-1.26,-1.22,-0.73,6.57,6.86,-0.05,0.93,1.12,1.87,-9999,-9999,-9999,-9999,-9999,1.337
101058,8.80,15.30,9.54,6.49,-1.74,-1.48,-0.76,7.87,8.61,-0.11,0.86,1.14,1.87,-9999,-9999,-9999,-9999,-9999,1.337
101059,9.43,8.29,8.86,8.70,-1.98,-1.00,0.59,9.04,8.38,0.09,1.13,1.20,1.90,-9999,-9999,-9999,-9999,-9999,1.336
101060,8.40,9.58,6.32,7.71,-1.37,-0.74,0.88,8.20,5.93,0.41,1.76,1.24,1.87,-9999,-9999,-9999,-9999,-9999,1.335
101061,9.87,11.87,8.77,4.16,0.15,-0.35,0.31,10.13,8.90,0.17,1.27,1.23,1.84,-9999,-9999,-9999,-9999,-9999,1.334
