NASA Data Processing/CAMP2Ex/OPTICAL/CAMP2Ex-LARGE-OPTICAL_P3B_20190929_R0.ict
100,1001
Luke Ziemba
NASA Langley
In-situ optical aerosol measurements from the NASA P3B
CAMP2Ex
1,1
2019,09,29,2020,05,5
1.0
Time_Mid,Secs after midnight,Time of acquisition
19
1,1,1,1,1,1,1,1,1,1,1,1,1,1,1,1,1,1,1
-9999,-9999,-9999,-9999,-9999,-9999,-9999,-9999,-9999,-9999,-9999,-9999,-9999,-9999,-9999,-9999,-9999,-9999,-9999
Sc550_total_amb, Mm-1, AerOpt_Scattering_InSitu_Green_RHa_Bulk_STP, scattering coefficient of ambient  particles at 550nm
Sc450_total, Mm-1, AerOpt_Scattering_InSitu_Blue_RHd_Bulk_STP, Dry Scattering at 450nm (Total Aerosols)
Sc550_total, Mm-1, AerOpt_Scattering_InSitu_Green_RHd_Bulk_STP, Dry Scattering at 550nm (Total Aerosols)
Sc700_total, Mm-1, AerOpt_Scattering_InSitu_Red_RHd_Bulk_STP, Dry Scattering at 700nm (Total Aerosols)
Abs470_total, Mm-1, AerOpt_Absorption_InSitu_Blue_RHd_Bulk_STP, Dry absorption at 470nm (Total Aerosols)
Abs532_total, Mm-1, AerOpt_Absorption_InSitu_Green_RHd_Bulk_STP, Dry absorption at 532nm (Total Aerosols)
Abs660_total, Mm-1, AerOpt_Absorption_InSitu_Red_RHd_Bulk_STP, Dry absorption at 660nm (Total Aerosols)
Ext532_total_amb, Mm-1, AerOpt_Extinction_InSitu_Green_RHa_Bulk_STP, extinction coefficient of aerosols at 532nm for AMBIENT relative humidity
Ext532_total_dry, Mm-1, AerOpt_Extinction_InSitu_Green_RHd_Bulk_STP, extinction coefficient of aerosols at 532nm for DRY relative humidity
gamma550, unitless, AerOpt_Gamma_InSitu_Green_None_Bulk_STP, derived optical hygroscopic growth factor for particles at 550nm
fRH550_RH20to80, unitless, AerOpt_fRHScat_InSitu_Green_RHsp_Bulk_STP, derived optical hygroscopic growth parameter for particles at 550nm
AEscatAMB_450to700nm,unitless, AerOpt_AngstromExponentScat_InSitu_BluetoRed_RHa_Bulk_STP, derived ambient Angstrom Exponent for scattering coefficient over wavelength range from 450nm to 700nm
AEscatDRY_450to700nm,unitless, AerOpt_AngstromExponentScatInSitu_BluetoRed_RHd_Bulk_STP, derived dry Angstrom Exponent for scattering coefficient over wavelength range from 450nm to 700nm
AEabsDRY_470to660nm,unitless, AerOpt_AngstromExponentAbs_InSitu_BluetoRed_RHd_Bulk_STP, derived dry Angstrom Exponent for absorption coefficient over wavelength range from 450nm to 700nm
SSA_dry_450nm,unitless, AerOpt_SSA_InSitu_Blue_RHd_Bulk_STP, single_scattering_albedo_at_450nm_as_derived_from_dry_scattering_and_absorption
SSA_dry_550nm,unitless, AerOpt_SSA_InSitu_Green_RHd_Bulk_STP, single_scattering_albedo_at_550nm_as_derived_from_dry_scattering_and_absorption
SSA_dry_700nm,unitless, AerOpt_SSA_InSitu_Red_RHd_Bulk_STP, single_scattering_albedo_at_700nm_as_derived_from_dry_scattering_and_absorption
SSA_amb_550nm,unitless, AerOpt_SSA_InSitu_Green_RHa_Bulk_STP, single_scattering_albedo_at_550nm_as_derived_from_ambient_scattering_and_absorption
stdPT,unitless, None, Conversion factor to convert between ambient and standard pressure and temperature conditions
0
67
******************************************************************************************************************
Langley Aerosol data from the 2019 CAMP2Ex field campaign
 
PI_CONTACT_INFO: luke.ziemba@nasa.gov
PLATFORM: NASA P3B aircraft
LOCATION: Latitude, Longitude, and Altitude included in MetNav files
[...]
UNCERTAINTY: estimated uncertainties for directly measured properties
	- For dry scattering, accuracy estimated at 30% for all wavelengths; precision estimated at 4.5 Mm-1 for 450nm wavelength and 3 Mm-1 for 550nm and 700nm wavelengths
	- For dry absorption, accuracy estimated at 15% for all wavelengths; precision is a function of pressure and is estimated to vary from 0.5 Mm-1 near the surface to 2 at high altitude
	- For derived parameters, please contact the PI for a more detailed discussion of uncertainty
ULOD_FLAG: -7777
ULOD_VALUE: N/A
LLOD_FLAG: -8888
LLOD_VALUE: N/A
DM_CONTACT_INFO: Michael Shook (michael.shook@nasa.gov)
PROJECT_INFO: CAMP2Ex 2019
STIPULATIONS_ON_USE: This is FINAL data. Users are strongly encouraged to consult the PI and/or DM prior to use.
OTHER_COMMENTS: N/A
REVISION: R0
R0: STP and ambient parameter calculations now use data from their respective publicly available files, data is time synced to DLH
RD: Correction factor applied to raw scattering data, which also affects the absorption data via the Virkkula correction
RC: Higher threshholds required for calculating intensive parameters; absorption smoothing algorithm applied
RB: Time sync to LARGE CNgt3nm applied
RA: None
******************************************************************************************************************
Time_Mid,Sc550_total_amb,Sc450_total,Sc550_total,Sc700_total,Abs470_total,Abs532_total,Abs660_total,Ext532_total_amb,Ext532_total_dry,gamma550,fRH550_RH20to80,AEscatAMB_450to700nm,AEscatDRY_450to700nm,AEabsDRY_470to660nm,SSA_dry_450nm,SSA_dry_550nm,SSA_dry_700nm,SSA_amb_550nm,stdPT
[from data line 14572]
23508,54.63,49.88,30.70,25.12,0.36,0.20,1.14,57.45,33.05,0.31,1.53,1.42,1.98,-9999,-9999,-9999,-9999,-9999,1.133
23509,55.27,52.15,33.77,19.15,0.70,0.26,0.83,58.20,36.39,0.27,1.44,1.42,1.99,-9999,-9999,-9999,-9999,-9999,1.133
23510,54.80,49.59,30.27,23.23,0.92,0.36,0.26,57.82,32.73,0.33,1.57,1.41,2.00,-9999,-9999,-9999,-9999,-9999,1.133
23511,54.54,46.18,32.89,19.45,0.59,0.28,0.14,57.52,35.43,0.28,1.47,1.41,2.00,-9999,-9999,-9999,-9999,-9999,1.133
23512,54.49,52.29,30.47,18.25,0.37,0.21,0.19,57.37,32.75,0.33,1.57,1.41,2.00,-9999,-9999,-9999,-9999,-9999,1.133
23513,51.91,46.60,32.64,19.66,0.34,0.43,0.18,54.89,35.27,0.26,1.43,1.41,2.00,-9999,-9999,-9999,-9999,-9999,1.133
23514,56.17,48.10,30.86,17.64,0.14,0.57,0.39,59.48,33.49,0.32,1.56,1.41,2.00,-9999,-9999,-9999,-9999,-9999,1.133
23515,55.37,54.37,37.02,17.87,0.08,0.33,0.18,58.37,39.81,0.20,1.32,1.41,2.02,-9999,-9999,-9999,-9999,-9999,1.133
23516,57.32,48.51,35.82,17.60,0.27,0.30,-0.35,60.42,38.52,0.24,1.39,1.41,2.03,-9999,-9999,-9999,-9999,-9999,1.133
23517,53.24,48.28,34.48,17.34,0.35,0.55,-0.30,56.41,37.37,0.23,1.37,1.41,2.04,-9999,-9999,-9999,-9999,-9999,1.133
23518,54.52,48.31,33.60,17.97,0.27,0.53,0.38,57.74,36.45,0.26,1.44,1.41,2.05,-9999,-9999,-9999,-9999,-9999,1.133
23519,55.09,48.27,32.68,18.59,0.36,0.59,0.92,58.38,35.50,0.29,1.49,1.41,2.02,-9999,-9999,-9999,-9999,-9999,1.133
23520,58.75,47.42,32.44,22.13,0.38,0.71,0.72,62.36,35.38,0.33,1.59,1.40,1.99,-9999,-9999,-9999,-9999,-9999,1.133
23521,52.18,47.69,30.61,22.96,0.19,0.47,0.37,55.20,33.16,0.30,1.52,1.41,1.99,-9999,-9999,-9999,-9999,-9999,1.134
23522,62.45,48.04,31.68,20.04,0.24,0.26,0.49,65.73,34.08,0.37,1.68,1.40,2.00,-9999,-9999,-9999,-9999,-9999,1.134
23523,51.22,47.34,36.18,22.14,0.50,0.19,0.51,53.84,38.80,0.19,1.29,1.38,1.99,-9999,-9999,-9999,-9999,-9999,1.133
23524,53.86,48.17,31.90,18.52,0.55,0.46,0.49,56.83,34.48,0.28,1.48,1.37,1.99,-9999,-9999,-9999,-9999,-9999,1.133
23525,50.59,52.06,36.45,21.16,0.56,0.74,0.70,53.69,39.62,0.17,1.27,1.36,1.97,-9999,-9999,-9999,-9999,-9999,1.133
23526,51.10,44.75,30.19,20.46,0.71,0.57,0.35,54.06,32.75,0.29,1.49,1.36,1.98,-9999,-9999,-9999,-9999,-9999,1.133
23527,53.40,47.95,34.47,23.07,0.58,0.47,-0.40,56.37,37.20,0.24,1.40,1.36,1.97,-9999,-9999,-9999,-9999,-9999,1.133
23528,51.22,46.06,31.20,19.59,0.42,0.42,-0.42,54.04,33.62,0.28,1.47,1.37,1.94,-9999,-9999,-9999,-9999,-9999,1.133
23529,50.38,48.69,32.39,19.02,0.74,0.26,0.17,52.99,34.73,0.25,1.42,1.37,1.94,-9999,-9999,-9999,-9999,-9999,1.134
23530,52.65,51.31,33.57,18.46,0.93,0.54,0.67,55.68,36.27,0.26,1.43,1.38,1.92,-9999,-9999,-9999,-9999,-9999,1.134
23531,48.01,51.39,31.39,19.22,0.55,0.79,0.44,51.08,34.19,0.24,1.40,1.38,1.90,-9999,-9999,-9999,-9999,-9999,1.134
23532,47.52,51.42,29.24,20.02,0.08,0.56,-0.10,50.34,31.67,0.28,1.47,1.39,1.90,-9999,-9999,-9999,-9999,-9999,1.133
23533,48.58,52.47,33.62,22.68,0.20,0.32,-0.14,51.22,36.09,0.21,1.34,1.39,1.87,-9999,-9999,-9999,-9999,-9999,1.134
23534,50.49,40.93,33.54,22.69,0.37,0.12,0.12,53.04,35.82,0.24,1.40,1.39,1.86,-9999,-9999,-9999,-9999,-9999,1.133
23535,49.47,46.43,30.28,23.27,0.23,0.10,0.37,51.96,32.33,0.29,1.50,1.39,1.85,-9999,-9999,-9999,-9999,-9999,1.133
23536,52.18,44.37,32.71,18.67,0.37,0.29,0.31,55.04,35.11,0.28,1.47,1.39,1.86,-9999,-9999,-9999,-9999,-9999,1.134
23537,50.92,45.14,33.20,18.27,0.54,0.47,0.02,53.92,35.81,0.24,1.39,1.39,1.87,-9999,-9999,-9999,-9999,-9999,1.133
23538,53.16,45.18,33.23,18.29,0.50,0.69,-0.18,56.53,36.07,0.26,1.44,1.39,1.88,-9999,-9999,-9999,-9999,-9999,1.134
23539,48.73,44.89,30.00,22.09,0.44,0.48,-0.55,51.66,32.48,0.27,1.45,1.40,1.90,-9999,-9999,-9999,-9999,-9999,1.133
23540,51.76,47.17,30.67,22.13,0.35,0.10,-0.41,54.44,32.84,0.30,1.52,1.39,1.91,-9999,-9999,-9999,-9999,-9999,1.133
23541,50.21,46.40,32.98,19.89,0.52,0.20,0.33,52.88,35.40,0.25,1.41,1.40,1.90,-9999,-9999,-9999,-9999,-9999,1.133
23542,55.28,45.63,33.24,21.47,0.88,0.32,0.76,58.31,35.78,0.29,1.48,1.39,1.90,-9999,-9999,-9999,-9999,-9999,1.133
23543,55.05,44.87,33.50,23.07,0.89,0.36,0.88,58.13,36.09,0.28,1.47,1.40,1.90,-9999,-9999,-9999,-9999,-9999,1.133
23544,54.36,47.28,32.53,22.27,0.61,0.56,0.90,57.65,35.25,0.29,1.49,1.40,1.90,-9999,-9999,-9999,-9999,-9999,1.133
23545,51.97,49.59,31.57,21.45,0.22,0.60,0.87,55.19,34.24,0.28,1.47,1.40,1.89,-9999,-9999,-9999,-9999,-9999,1.133
23546,50.01,48.37,34.28,22.54,-0.09,0.41,0.74,52.98,36.93,0.21,1.34,1.40,1.86,-9999,-9999,-9999,-9999,-9999,1.133
23547,51.06,51.19,36.44,19.89,-0.10,0.27,0.65,53.96,39.07,0.19,1.30,1.39,1.85,-9999,-9999,-9999,-9999,-9999,1.133
23548,48.33,43.13,32.76,21.97,0.06,0.24,1.02,51.05,35.10,0.22,1.36,1.39,1.84,-9999,-9999,-9999,-9999,-9999,1.133
23549,52.31,45.95,30.89,20.35,0.20,0.27,1.00,55.24,33.14,0.30,1.51,1.39,1.84,-9999,-9999,-9999,-9999,-9999,1.133
23550,47.67,45.96,30.90,20.36,0.15,0.40,0.61,50.49,33.35,0.24,1.39,1.39,1.85,-9999,-9999,-9999,-9999,-9999,1.133
23551,48.12,47.49,30.61,19.67,-0.10,0.75,0.53,51.28,33.40,0.26,1.43,1.39,1.87,-9999,-9999,-9999,-9999,-9999,1.133
23552,46.37,47.51,30.63,19.68,-0.27,0.76,0.06,49.47,33.44,0.24,1.39,1.38,1.88,-9999,-9999,-9999,-9999,-9999,1.133
23553,49.04,47.13,29.02,16.91,-0.38,0.25,-0.43,51.78,31.24,0.30,1.51,1.39,1.87,-9999,-9999,-9999,-9999,-9999,1.134
23554,49.36,50.66,29.17,17.54,-0.24,-0.10,-0.16,51.79,31.05,0.30,1.51,1.39,1.86,-9999,-9999,-9999,-9999,-9999,1.133
23555,48.73,50.70,29.20,17.55,-0.00,-0.17,0.30,51.12,31.03,0.30,1.52,1.41,1.87,-9999,-9999,-9999,-9999,-9999,1.133
23556,48.50,45.66,32.87,20.23,-0.01,-0.00,0.20,51.06,35.14,0.23,1.37,1.43,1.87,-9999,-9999,-9999,-9999,-9999,1.133
23557,44.30,45.74,33.19,20.73,0.09,0.31,-0.29,46.95,35.81,0.17,1.27,1.43,1.86,-9999,-9999,-9999,-9999,-9999,1.133
23558,47.60,45.81,33.49,21.22,0.29,0.38,-0.35,50.53,36.20,0.21,1.33,1.44,1.86,-9999,-9999,-9999,-9999,-9999,1.133
23559,44.19,45.79,33.48,21.22,0.22,0.02,-0.22,46.58,35.83,0.16,1.25,1.44,1.87,-9999,-9999,-9999,-9999,-9999,1.132
23560,47.95,41.98,30.79,19.88,0.03,-0.36,-0.59,50.21,32.60,0.25,1.42,1.45,1.88,-9999,-9999,-9999,-9999,-9999,1.132
23561,43.17,43.51,30.52,20.83,-0.07,-0.27,-0.58,45.24,32.39,0.20,1.33,1.44,1.88,-9999,-9999,-9999,-9999,-9999,1.131
23562,45.61,44.97,30.23,21.78,0.11,0.06,0.22,48.15,32.41,0.23,1.37,1.44,1.88,-9999,-9999,-9999,-9999,-9999,1.132
23563,50.29,50.50,31.24,22.05,0.31,0.44,0.51,53.46,33.87,0.25,1.42,1.43,1.87,-9999,-9999,-9999,-9999,-9999,1.131
23564,46.53,50.23,30.59,21.78,0.49,0.56,0.35,49.62,33.31,0.22,1.36,1.43,1.88,-9999,-9999,-9999,-9999,-9999,1.131
23565,52.81,50.05,29.99,21.55,0.65,0.25,0.27,55.93,32.35,0.32,1.55,1.43,1.88,-9999,-9999,-9999,-9999,-9999,1.130
23566,51.62,46.32,27.37,18.17,0.35,-0.00,-0.12,54.42,29.30,0.36,1.65,1.43,1.89,-9999,-9999,-9999,-9999,-9999,1.130
23567,45.37,45.49,32.34,18.15,0.10,0.15,-0.06,47.98,34.79,0.20,1.31,1.44,1.90,-9999,-9999,-9999,-9999,-9999,1.130
23568,49.50,46.13,29.90,20.45,0.30,0.55,0.43,52.71,32.57,0.30,1.51,1.44,1.90,-9999,-9999,-9999,-9999,-9999,1.130
23569,44.72,45.54,33.48,21.61,0.41,0.58,0.66,47.69,36.41,0.18,1.28,1.44,1.90,-9999,-9999,-9999,-9999,-9999,1.130
23570,42.67,48.55,28.48,21.51,0.45,0.35,0.96,45.30,30.80,0.24,1.40,1.44,1.89,-9999,-9999,-9999,-9999,-9999,1.130
23571,46.00,47.39,28.56,21.61,0.52,0.34,0.94,48.82,30.85,0.29,1.49,1.45,1.89,-9999,-9999,-9999,-9999,-9999,1.130
23572,43.39,46.21,28.63,21.72,0.44,0.25,0.77,45.98,30.85,0.25,1.41,1.45,1.89,-9999,-9999,-9999,-9999,-9999,1.129
23573,45.06,37.52,28.85,17.68,0.20,0.24,0.63,47.70,31.07,0.26,1.44,1.46,1.90,-9999,-9999,-9999,-9999,-9999,1.129
23574,46.21,42.16,30.02,20.41,0.04,0.45,0.37,49.10,32.55,0.26,1.43,1.46,1.90,-9999,-9999,-9999,-9999,-9999,1.128
23575,41.90,43.25,26.29,16.51,0.31,0.42,0.70,44.48,28.54,0.28,1.48,1.47,1.91,-9999,-9999,-9999,-9999,-9999,1.129
23576,42.82,41.31,26.62,17.68,0.56,0.34,0.79,45.37,28.86,0.29,1.49,1.48,1.92,-9999,-9999,-9999,-9999,-9999,1.128
23577,41.72,40.61,30.56,18.74,0.43,0.35,0.39,44.20,33.09,0.19,1.30,1.48,1.93,-9999,-9999,-9999,-9999,-9999,1.129
23578,39.15,37.13,25.83,16.53,0.36,0.47,0.38,41.61,28.13,0.26,1.44,1.49,1.93,-9999,-9999,-9999,-9999,-9999,1.128
23579,40.27,41.94,30.00,18.79,0.63,0.61,0.38,42.93,32.72,0.18,1.29,1.49,1.93,-9999,-9999,-9999,-9999,-9999,1.128
23580,38.30,36.44,25.66,17.58,0.74,0.48,0.20,40.74,27.93,0.25,1.41,1.50,1.92,-9999,-9999,-9999,-9999,-9999,1.128
23581,40.56,42.33,28.59,15.32,0.67,0.46,-0.03,43.11,31.01,0.22,1.36,1.50,1.91,-9999,-9999,-9999,-9999,-9999,1.127
23582,39.12,46.05,26.38,17.95,0.72,0.74,-0.08,41.87,28.89,0.25,1.42,1.51,1.90,-9999,-9999,-9999,-9999,-9999,1.128
23583,42.97,42.00,28.95,15.81,0.75,0.75,0.01,45.95,31.65,0.25,1.41,1.52,1.89,-9999,-9999,-9999,-9999,-9999,1.128
23584,39.37,39.86,26.51,13.55,0.78,0.61,0.01,42.00,28.87,0.24,1.39,1.53,1.89,-9999,-9999,-9999,-9999,-9999,1.128
23585,39.21,40.92,29.21,15.79,0.67,0.53,0.36,41.77,31.69,0.18,1.29,1.54,1.89,-9999,-9999,-9999,-9999,-9999,1.128
23586,37.34,38.91,24.98,13.94,0.62,0.49,0.30,39.70,27.09,0.25,1.41,1.52,1.87,-9999,-9999,-9999,-9999,-9999,1.127
23587,40.54,41.10,28.29,16.66,0.66,0.48,-0.31,43.03,30.58,0.23,1.37,1.52,1.87,-9999,-9999,-9999,-9999,-9999,1.127
23588,37.45,33.55,25.55,14.96,0.38,0.47,-0.38,39.73,27.63,0.24,1.40,1.50,1.85,-9999,-9999,-9999,-9999,-9999,1.127
23589,43.38,37.03,23.68,17.11,0.12,0.44,-0.21,45.93,25.65,0.39,1.71,1.50,1.85,-9999,-9999,-9999,-9999,-9999,1.127
23590,40.77,39.33,26.35,14.70,0.17,0.25,-0.14,43.03,28.33,0.28,1.48,1.50,1.86,-9999,-9999,-9999,-9999,-9999,1.127
23591,42.20,43.99,24.77,18.26,0.44,-0.08,-0.10,44.18,26.32,0.35,1.63,1.49,1.84,-9999,-9999,-9999,-9999,-9999,1.127
23592,35.63,35.54,24.95,15.15,0.44,-0.14,0.29,37.25,26.44,0.23,1.38,1.50,1.85,-9999,-9999,-9999,-9999,-9999,1.127
23593,34.02,36.95,26.16,18.30,-0.05,-0.03,0.26,35.69,27.89,0.17,1.27,1.51,1.87,-9999,-9999,-9999,-9999,-9999,1.127
23594,36.31,34.96,24.30,16.25,-0.18,-0.04,-0.28,38.09,25.91,0.26,1.43,1.52,1.87,-9999,-9999,-9999,-9999,-9999,1.127
23595,33.34,36.92,26.12,17.87,-0.09,-0.00,0.02,35.05,27.92,0.16,1.24,1.53,1.87,-9999,-9999,-9999,-9999,-9999,1.127
23596,37.38,32.57,23.43,17.06,-0.09,0.18,0.59,39.49,25.25,0.30,1.52,1.53,1.88,-9999,-9999,-9999,-9999,-9999,1.126
23597,42.39,35.31,26.68,14.97,0.06,0.20,0.66,44.80,28.77,0.29,1.50,1.52,1.87,-9999,-9999,-9999,-9999,-9999,1.126
23598,35.76,32.48,22.74,15.63,0.15,0.17,0.61,37.81,24.54,0.28,1.48,1.52,1.85,-9999,-9999,-9999,-9999,-9999,1.126
23599,42.06,32.82,25.63,14.65,0.19,0.23,0.59,44.53,27.71,0.31,1.54,1.52,1.83,-9999,-9999,-9999,-9999,-9999,1.125
23600,37.21,32.45,22.48,14.97,0.19,0.26,0.56,39.48,24.38,0.33,1.59,1.52,1.81,-9999,-9999,-9999,-9999,-9999,1.126
23601,40.73,32.10,26.29,19.78,0.25,0.34,0.41,43.27,28.54,0.31,1.53,1.51,1.79,-9999,-9999,-9999,-9999,-9999,1.126
23602,41.12,38.72,25.57,17.17,0.44,0.42,0.85,43.75,27.85,0.33,1.59,1.51,1.78,-9999,-9999,-9999,-9999,-9999,1.126
23603,36.21,32.09,23.09,19.97,0.44,0.54,0.90,38.72,25.31,0.31,1.55,1.50,1.78,-9999,-9999,-9999,-9999,-9999,1.126
23604,36.81,38.05,22.39,18.37,0.37,0.50,0.06,39.32,24.53,0.34,1.60,1.50,1.77,-9999,-9999,-9999,-9999,-9999,1.126
23605,34.49,38.13,22.43,17.13,0.29,0.06,-0.34,36.47,24.12,0.29,1.50,1.50,1.76,-9999,-9999,-9999,-9999,-9999,1.125
23606,33.73,37.12,21.47,16.75,0.28,-0.14,-0.45,35.49,22.89,0.31,1.53,1.49,1.74,-9999,-9999,-9999,-9999,-9999,1.125
23607,32.93,35.87,23.37,14.48,0.51,-0.03,-0.60,34.76,25.01,0.23,1.37,1.47,1.72,-9999,-9999,-9999,-9999,-9999,1.125
23608,33.92,34.81,20.03,11.90,0.44,0.18,-0.45,36.04,21.65,0.35,1.62,1.47,1.71,-9999,-9999,-9999,-9999,-9999,1.125
23609,32.28,36.50,22.57,15.81,0.10,0.37,0.15,34.45,24.56,0.24,1.39,1.45,1.72,-9999,-9999,-9999,-9999,-9999,1.125
23610,33.18,41.31,23.49,18.20,0.02,0.33,0.57,35.36,25.49,0.24,1.39,1.46,1.73,-9999,-9999,-9999,-9999,-9999,1.124
23611,33.62,41.97,25.25,17.25,0.14,0.31,0.28,35.79,27.36,0.20,1.32,1.46,1.74,-9999,-9999,-9999,-9999,-9999,1.125
23612,32.75,40.23,22.48,17.81,0.07,0.35,-0.04,34.93,24.43,0.26,1.43,1.47,1.75,-9999,-9999,-9999,-9999,-9999,1.125
23613,30.70,38.54,19.67,18.41,-0.11,0.28,0.19,32.73,21.39,0.30,1.52,1.47,1.75,-9999,-9999,-9999,-9999,-9999,1.124
23614,31.08,31.62,19.84,15.29,-0.07,0.27,0.60,33.12,21.57,0.31,1.53,1.47,1.76,-9999,-9999,-9999,-9999,-9999,1.124
23615,29.35,31.62,19.85,15.52,0.14,0.39,0.37,31.45,21.73,0.27,1.45,1.47,1.76,-9999,-9999,-9999,-9999,-9999,1.124
23616,32.85,32.73,23.40,14.95,0.18,0.61,0.20,35.39,25.79,0.23,1.38,1.47,1.77,-9999,-9999,-9999,-9999,-9999,1.124
23617,34.33,40.75,26.31,17.09,0.09,0.63,0.44,37.01,28.98,0.18,1.29,1.47,1.77,-9999,-9999,-9999,-9999,-9999,1.124
23618,33.46,35.48,23.62,15.08,0.21,0.47,0.24,35.94,25.89,0.24,1.39,1.47,1.77,-9999,-9999,-9999,-9999,-9999,1.123
23619,31.59,33.33,23.86,16.63,0.33,0.51,0.21,34.03,26.20,0.20,1.31,1.49,1.80,-9999,-9999,-9999,-9999,-9999,1.124
23620,33.15,31.49,21.87,16.83,0.25,0.70,0.44,35.88,24.24,0.30,1.51,1.49,1.81,-9999,-9999,-9999,-9999,-9999,1.124
23621,32.64,32.72,22.33,17.31,0.26,0.61,0.61,35.23,24.64,0.27,1.44,1.48,1.81,-9999,-9999,-9999,-9999,-9999,1.124
23622,34.68,33.95,22.80,17.78,0.37,0.42,0.53,37.19,24.91,0.28,1.48,1.48,1.82,-9999,-9999,-9999,-9999,-9999,1.124
23623,31.89,32.22,22.59,15.48,0.41,0.39,-0.06,34.17,24.66,0.24,1.39,1.46,1.82,-9999,-9999,-9999,-9999,-9999,1.124
23624,35.24,32.91,24.02,14.67,0.23,0.25,-0.15,37.59,26.08,0.26,1.44,1.46,1.82,-9999,-9999,-9999,-9999,-9999,1.124
23625,35.50,35.47,25.70,14.76,0.12,0.03,0.11,37.63,27.64,0.22,1.35,1.45,1.82,-9999,-9999,-9999,-9999,-9999,1.124
23626,35.24,35.73,26.62,14.90,0.24,-0.14,0.02,37.15,28.43,0.19,1.30,1.45,1.82,-9999,-9999,-9999,-9999,-9999,1.123
23627,33.12,34.52,22.66,14.96,0.14,-0.08,0.01,34.96,24.22,0.25,1.42,1.45,1.82,-9999,-9999,-9999,-9999,-9999,1.123
23628,32.49,34.78,21.42,14.87,0.08,0.06,-0.08,34.40,23.01,0.27,1.46,1.45,1.82,-9999,-9999,-9999,-9999,-9999,1.123
23629,32.45,37.82,21.93,14.95,0.21,-0.03,-0.26,34.23,23.42,0.26,1.44,1.45,1.82,-9999,-9999,-9999,-9999,-9999,1.123
23630,31.64,34.21,19.99,16.24,0.36,-0.02,-0.55,33.35,21.33,0.31,1.53,1.45,1.83,-9999,-9999,-9999,-9999,-9999,1.122
23631,32.99,35.94,22.74,15.04,0.54,0.18,-0.30,34.94,24.46,0.25,1.41,1.44,1.83,-9999,-9999,-9999,-9999,-9999,1.122
23632,33.95,32.83,20.89,18.27,0.43,0.40,0.93,36.14,22.69,0.33,1.58,1.44,1.84,-9999,-9999,-9999,-9999,-9999,1.122
23633,35.54,31.16,25.63,15.57,0.15,0.39,1.44,37.77,27.70,0.23,1.37,1.44,1.84,-9999,-9999,-9999,-9999,-9999,1.122
23634,32.41,32.88,20.51,13.13,0.05,0.32,1.11,34.39,22.15,0.32,1.55,1.43,1.83,-9999,-9999,-9999,-9999,-9999,1.122
23635,32.42,31.73,20.61,13.22,0.04,0.52,0.90,34.59,22.46,0.32,1.55,1.44,1.85,-9999,-9999,-9999,-9999,-9999,1.122
23636,29.95,31.71,20.58,13.12,0.15,0.59,0.57,32.04,22.49,0.25,1.42,1.43,1.87,-9999,-9999,-9999,-9999,-9999,1.122
23637,32.91,32.90,25.33,13.23,0.10,0.31,0.41,34.85,27.25,0.18,1.29,1.43,1.89,-9999,-9999,-9999,-9999,-9999,1.122
23638,32.70,36.43,21.90,14.09,-0.14,0.31,0.59,34.60,23.57,0.27,1.46,1.44,1.90,-9999,-9999,-9999,-9999,-9999,1.122
23639,32.16,40.28,21.57,14.80,-0.05,0.59,0.67,34.31,23.48,0.28,1.47,1.44,1.91,-9999,-9999,-9999,-9999,-9999,1.121
23640,31.17,32.05,21.87,13.97,0.36,0.57,0.39,33.26,23.77,0.24,1.40,1.45,1.91,-9999,-9999,-9999,-9999,-9999,1.121
23641,30.45,32.49,23.45,14.34,0.60,0.25,-0.18,32.20,25.15,0.18,1.28,1.44,1.91,-9999,-9999,-9999,-9999,-9999,1.121
23642,29.59,27.44,18.66,11.33,0.73,0.27,-0.06,31.31,20.11,0.33,1.58,1.43,1.91,-9999,-9999,-9999,-9999,-9999,1.121
23643,30.42,33.92,22.70,13.97,0.71,0.46,0.23,32.34,24.58,0.21,1.35,1.42,1.90,-9999,-9999,-9999,-9999,-9999,1.121
23644,31.52,28.68,20.21,14.59,0.46,0.48,0.03,33.50,21.92,0.33,1.57,1.41,1.88,-9999,-9999,-9999,-9999,-9999,1.121
23645,34.29,30.66,22.46,13.66,0.39,0.43,0.17,36.33,24.22,0.30,1.52,1.39,1.86,-9999,-9999,-9999,-9999,-9999,1.121
23646,33.08,27.31,20.49,13.74,0.57,0.53,0.44,35.16,22.19,0.33,1.57,1.39,1.85,-9999,-9999,-9999,-9999,-9999,1.121
