NASA Data Processing/CAMP2Ex/OPTICAL/CAMP2Ex-LARGE-OPTICAL_P3B_20190929_R0.ict
100,1001
Luke Ziemba
NASA Langley
In-situ optical aerosol measurements from the NASA P3B
CAMP2Ex
1,1
2019,09,29,2020,05,5
1.0
Time_Mid,Secs after midnight,Time of acquisition
19
1,1,1,1,1,1,1,1,1,1,1,1,1,1,1,1,1,1,1
-9999,-9999,-9999,-9999,-9999,-9999,-9999,-9999,-9999,-9999,-9999,-9999,-9999,-9999,-9999,-9999,-9999,-9999,-9999
Sc550_total_amb, Mm-1, AerOpt_Scattering_InSitu_Green_RHa_Bulk_STP, scattering coefficient of ambient  particles at 550nm
Sc450_total, Mm-1, AerOpt_Scattering_InSitu_Blue_RHd_Bulk_STP, Dry Scattering at 450nm (Total Aerosols)
Sc550_total, Mm-1, AerOpt_Scattering_InSitu_Green_RHd_Bulk_STP, Dry Scattering at 550nm (Total Aerosols)
Sc700_total, Mm-1, AerOpt_Scattering_InSitu_Red_RHd_Bulk_STP, Dry Scattering at 700nm (Total Aerosols)
Abs470_total, Mm-1, AerOpt_Absorption_InSitu_Blue_RHd_Bulk_STP, Dry absorption at 470nm (Total Aerosols)
Abs532_total, Mm-1, AerOpt_Absorption_InSitu_Green_RHd_Bulk_STP, Dry absorption at 532nm (Total Aerosols)
Abs660_total, Mm-1, AerOpt_Absorption_InSitu_Red_RHd_Bulk_STP, Dry absorption at 660nm (Total Aerosols)
Ext532_total_amb, Mm-1, AerOpt_Extinction_InSitu_Green_RHa_Bulk_STP, extinction coefficient of aerosols at 532nm for AMBIENT relative humidity
Ext532_total_dry, Mm-1, AerOpt_Extinction_InSitu_Green_RHd_Bulk_STP, extinction coefficient of aerosols at 532nm for DRY relative humidity
gamma550, unitless, AerOpt_Gamma_InSitu_Green_None_Bulk_STP, derived optical hygroscopic growth factor for particles at 550nm
fRH550_RH20to80, unitless, AerOpt_fRHScat_InSitu_Green_RHsp_Bulk_STP, derived optical hygroscopic growth parameter for particles at 550nm
AEscatAMB_450to700nm,unitless, AerOpt_AngstromExponentScat_InSitu_BluetoRed_RHa_Bulk_STP, derived ambient Angstrom Exponent for scattering coefficient over wavelength range from 450nm to 700nm
AEscatDRY_450to700nm,unitless, AerOpt_AngstromExponentScatInSitu_BluetoRed_RHd_Bulk_STP, derived dry Angstrom Exponent for scattering coefficient over wavelength range from 450nm to 700nm
AEabsDRY_470to660nm,unitless, AerOpt_AngstromExponentAbs_InSitu_BluetoRed_RHd_Bulk_STP, derived dry Angstrom Exponent for absorption coefficient over wavelength range from 450nm to 700nm
SSA_dry_450nm,unitless, AerOpt_SSA_InSitu_Blue_RHd_Bulk_STP, single_scattering_albedo_at_450nm_as_derived_from_dry_scattering_and_absorption
SSA_dry_550nm,unitless, AerOpt_SSA_InSitu_Green_RHd_Bulk_STP, single_scattering_albedo_at_550nm_as_derived_from_dry_scattering_and_absorption
SSA_dry_700nm,unitless, AerOpt_SSA_InSitu_Red_RHd_Bulk_STP, single_scattering_albedo_at_700nm_as_derived_from_dry_scattering_and_absorption
SSA_amb_550nm,unitless, AerOpt_SSA_InSitu_Green_RHa_Bulk_STP, single_scattering_albedo_at_550nm_as_derived_from_ambient_scattering_and_absorption
stdPT,unitless, None, Conversion factor to convert between ambient and standard pressure and temperature conditions
0
67
******************************************************************************************************************
Langley Aerosol data from the 2019 CAMP2Ex field campaign
 
PI_CONTACT_INFO: luke.ziemba@nasa.gov
PLATFORM: NASA P3B aircraft
LOCATION: Latitude, Longitude, and Altitude included in MetNav files
[...]
UNCERTAINTY: estimated uncertainties for directly measured properties
	- For dry scattering, accuracy estimated at 30% for all wavelengths; precision estimated at 4.5 Mm-1 for 450nm wavelength and 3 Mm-1 for 550nm and 700nm wavelengths
	- For dry absorption, accuracy estimated at 15% for all wavelengths; precision is a function of pressure and is estimated to vary from 0.5 Mm-1 near the surface to 2 at high altitude
	- For derived parameters, please contact the PI for a more detailed discussion of uncertainty
ULOD_FLAG: -7777
ULOD_VALUE: N/A
LLOD_FLAG: -8888
LLOD_VALUE: N/A
DM_CONTACT_INFO: Michael Shook (michael.shook@nasa.gov)
PROJECT_INFO: CAMP2Ex 2019
STIPULATIONS_ON_USE: This is FINAL data. Users are strongly encouraged to consult the PI and/or DM prior to use.
OTHER_COMMENTS: N/A
REVISION: R0
R0: STP and ambient parameter calculations now use data from their respective publicly available files, data is time synced to DLH
RD: Correction factor applied to raw scattering data, which also affects the absorption data via the Virkkula correction
RC: Higher threshholds required for calculating intensive parameters; absorption smoothing algorithm applied
RB: Time sync to LARGE CNgt3nm applied
RA: None
******************************************************************************************************************
Time_Mid,Sc550_total_amb,Sc450_total,Sc550_total,Sc700_total,Abs470_total,Abs532_total,Abs660_total,Ext532_total_amb,Ext532_total_dry,gamma550,fRH550_RH20to80,AEscatAMB_450to700nm,AEscatDRY_450to700nm,AEabsDRY_470to660nm,SSA_dry_450nm,SSA_dry_550nm,SSA_dry_700nm,SSA_amb_550nm,stdPT
[from data line 4137]
13073,14.21,3.58,7.52,4.33,0.67,0.59,0.03,15.16,8.32,0.44,1.84,0.25,1.32,-9999,-9999,-9999,-9999,-9999,1.206
13074,-9999.00,2.40,1.20,2.25,0.56,0.28,-0.34,-9999.00,1.52,-9999.00,-9999.00,0.24,1.35,-9999,-9999,-9999,-9999,-9999,1.206
13075,-9999.00,5.07,1.61,0.82,0.74,0.01,-0.02,-9999.00,1.68,-9999.00,-9999.00,0.26,1.31,-9999,-9999,-9999,-9999,-9999,1.206
13076,-9999.00,2.05,1.96,2.64,0.53,-0.11,-0.08,-9999.00,1.93,-9999.00,-9999.00,0.34,1.26,-9999,-9999,-9999,-9999,-9999,1.206
13077,9.26,6.62,5.68,4.00,-0.22,-0.17,-0.60,9.22,5.75,0.36,1.66,0.39,1.23,-9999,-9999,-9999,-9999,-9999,1.206
13078,-9999.00,7.37,4.47,3.24,-0.79,-0.23,-0.57,-9999.00,4.42,-9999.00,-9999.00,0.41,1.19,-9999,-9999,-9999,-9999,-9999,1.206
13079,8.52,7.84,6.18,3.03,-0.72,-0.32,-0.54,8.30,6.10,0.23,1.38,0.38,1.26,-9999,-9999,-9999,-9999,-9999,1.206
13080,6.84,7.75,6.09,3.54,-0.40,-0.56,-0.75,6.34,5.75,0.08,1.12,0.72,1.30,-9999,-9999,-9999,-9999,-9999,1.206
13081,8.01,7.85,5.10,3.83,-0.25,-0.40,-0.11,7.68,4.85,0.32,1.56,0.76,1.34,-9999,-9999,-9999,-9999,-9999,1.206
13082,11.34,2.78,6.20,2.25,-0.29,0.20,0.88,11.65,6.59,0.41,1.76,0.77,1.39,-9999,-9999,-9999,-9999,-9999,1.206
13083,10.58,3.15,5.56,3.01,-0.11,0.63,1.18,11.34,6.33,0.43,1.81,0.77,1.40,-9999,-9999,-9999,-9999,-9999,1.206
13084,-9999.00,3.52,4.88,3.92,0.31,0.98,1.09,-9999.00,6.00,-9999.00,-9999.00,0.79,1.44,-9999,-9999,-9999,-9999,-9999,1.206
13085,-9999.00,4.75,1.11,3.12,0.90,1.29,1.09,-9999.00,2.43,-9999.00,-9999.00,0.83,1.47,-9999,-9999,-9999,-9999,-9999,1.206
13086,11.39,9.97,7.74,4.02,1.59,1.37,1.22,13.03,9.39,0.25,1.41,0.83,1.52,-9999,-9999,-9999,-9999,-9999,1.206
13087,-9999.00,7.25,2.28,3.02,1.62,1.34,1.15,-9999.00,3.71,-9999.00,-9999.00,0.85,1.57,-9999,-9999,-9999,-9999,-9999,1.206
13088,10.63,12.41,7.68,3.34,1.23,1.13,1.28,12.12,9.18,0.21,1.34,1.29,1.64,-9999,-9999,-9999,-9999,-9999,1.206
13089,-9999.00,9.40,4.99,3.68,1.05,1.01,1.56,-9999.00,6.26,-9999.00,-9999.00,1.30,1.70,-9999,-9999,-9999,-9999,-9999,1.207
13090,-9999.00,6.76,4.88,3.24,0.95,0.88,1.08,-9999.00,6.03,-9999.00,-9999.00,1.29,1.79,-9999,-9999,-9999,-9999,-9999,1.207
13091,-9999.00,6.18,3.10,5.38,1.11,0.62,0.68,-9999.00,3.89,-9999.00,-9999.00,1.32,1.80,-9999,-9999,-9999,-9999,-9999,1.207
13092,14.19,9.92,5.93,4.78,1.23,0.56,1.10,15.22,6.82,0.54,2.11,1.32,1.84,-9999,-9999,-9999,-9999,-9999,1.206
13093,9.50,8.16,5.97,4.00,0.87,0.45,1.32,10.26,6.75,0.29,1.50,1.35,1.85,-9999,-9999,-9999,-9999,-9999,1.206
13094,18.00,7.42,6.42,3.21,0.36,0.14,1.15,18.74,6.91,0.65,2.46,1.35,1.81,-9999,-9999,-9999,-9999,-9999,1.206
13095,15.92,7.55,6.40,3.37,0.09,0.06,0.85,16.53,6.81,0.58,2.23,1.26,1.77,-9999,-9999,-9999,-9999,-9999,1.206
13096,16.19,8.25,5.92,2.76,0.19,0.17,0.48,16.90,6.42,0.65,2.45,1.17,1.76,-9999,-9999,-9999,-9999,-9999,1.206
13097,-9999.00,11.87,4.22,1.62,0.29,0.30,0.26,-9999.00,4.76,-9999.00,-9999.00,0.98,1.75,-9999,-9999,-9999,-9999,-9999,1.206
13098,8.34,6.83,6.58,2.66,0.24,0.36,0.09,8.97,7.34,0.15,1.23,1.14,1.75,-9999,-9999,-9999,-9999,-9999,1.206
13099,9.21,9.17,7.23,2.52,0.33,0.35,0.09,9.87,8.03,0.15,1.24,1.11,1.74,-9999,-9999,-9999,-9999,-9999,1.207
13100,8.04,9.72,8.33,4.68,0.09,0.16,0.07,8.49,9.01,-0.02,0.97,1.11,1.77,-9999,-9999,-9999,-9999,-9999,1.207
13101,7.90,9.71,8.33,4.91,-0.54,-0.04,-0.42,8.17,8.76,-0.03,0.96,1.12,1.78,-9999,-9999,-9999,-9999,-9999,1.206
13102,8.81,10.03,9.12,6.45,-0.75,0.04,-0.85,9.17,9.66,-0.02,0.97,1.13,1.79,-9999,-9999,-9999,-9999,-9999,1.206
13103,8.15,8.85,7.33,5.09,-0.82,0.11,-0.65,8.55,7.82,0.07,1.10,1.20,1.71,-9999,-9999,-9999,-9999,-9999,1.207
13104,14.49,9.06,6.45,4.22,-0.91,-0.10,0.18,14.88,6.68,0.51,2.03,1.22,1.65,-9999,-9999,-9999,-9999,-9999,1.206
13105,9.76,13.52,6.69,3.07,-0.66,-0.23,0.73,9.89,6.79,0.23,1.38,1.19,1.61,-9999,-9999,-9999,-9999,-9999,1.206
13106,14.43,12.54,6.65,3.44,-0.43,-0.22,0.42,14.76,6.76,0.48,1.95,1.12,1.60,-9999,-9999,-9999,-9999,-9999,1.206
13107,11.75,9.52,7.33,3.77,-0.44,-0.24,0.26,11.98,7.45,0.30,1.51,1.14,1.60,-9999,-9999,-9999,-9999,-9999,1.206
13108,12.23,8.99,8.04,4.61,-0.56,-0.10,0.57,12.63,8.32,0.27,1.45,1.00,1.54,-9999,-9999,-9999,-9999,-9999,1.205
13109,-9999.00,5.51,4.45,4.70,-0.54,0.02,0.42,-9999.00,4.67,-9999.00,-9999.00,0.98,1.47,-9999,-9999,-9999,-9999,-9999,1.206
13110,8.87,8.02,5.76,5.11,-0.41,-0.32,-0.21,8.94,5.69,0.28,1.48,0.90,1.40,-9999,-9999,-9999,-9999,-9999,1.205
13111,9.06,10.51,7.06,5.54,-0.30,-0.59,-0.07,8.89,6.76,0.16,1.25,0.87,1.38,-9999,-9999,-9999,-9999,-9999,1.205
13112,10.82,10.50,7.07,5.43,0.02,-0.36,0.48,10.95,7.00,0.28,1.47,0.87,1.39,-9999,-9999,-9999,-9999,-9999,1.206
13113,11.94,9.36,6.50,5.44,0.17,-0.05,-0.05,12.47,6.69,0.39,1.72,0.90,1.33,-9999,-9999,-9999,-9999,-9999,1.205
13114,8.17,8.21,5.92,5.45,-0.08,-0.07,-0.67,8.48,6.09,0.21,1.33,0.85,1.32,-9999,-9999,-9999,-9999,-9999,1.205
13115,8.54,8.54,8.11,4.52,-0.24,-0.06,-0.39,8.85,8.38,0.03,1.04,0.85,1.28,-9999,-9999,-9999,-9999,-9999,1.206
13116,7.90,6.23,10.02,3.42,-0.22,0.20,-0.03,8.40,10.58,-0.14,0.82,0.84,1.20,-9999,-9999,-9999,-9999,-9999,1.205
13117,15.61,9.75,7.58,3.67,-0.13,0.15,-0.10,16.33,7.99,0.44,1.83,0.85,1.20,-9999,-9999,-9999,-9999,-9999,1.206
13118,13.41,7.82,5.73,7.84,-0.06,0.09,-0.00,13.97,6.02,0.52,2.04,0.87,1.21,-9999,-9999,-9999,-9999,-9999,1.206
13119,17.42,8.32,6.01,4.66,0.24,0.44,0.86,18.42,6.67,0.65,2.47,0.79,1.19,-9999,-9999,-9999,-9999,-9999,1.206
13120,10.00,8.39,6.24,5.38,0.60,0.55,0.79,10.88,7.02,0.29,1.49,0.79,1.16,-9999,-9999,-9999,-9999,-9999,1.206
13121,12.66,11.64,8.61,6.55,0.47,0.21,-0.39,13.29,9.10,0.24,1.39,0.81,1.09,-9999,-9999,-9999,-9999,-9999,1.206
13122,11.64,9.12,6.82,6.73,0.04,-0.02,-0.44,12.03,7.01,0.33,1.58,0.81,1.09,-9999,-9999,-9999,-9999,-9999,1.206
13123,-9999.00,6.61,4.99,7.00,-0.11,0.10,0.30,-9999.00,5.25,-9999.00,-9999.00,0.83,1.13,-9999,-9999,-9999,-9999,-9999,1.206
13124,10.91,8.24,8.14,8.52,0.12,0.24,0.35,11.57,8.65,0.19,1.29,0.84,1.19,-9999,-9999,-9999,-9999,-9999,1.206
13125,8.41,9.11,10.56,8.49,0.43,0.22,-0.01,8.98,11.19,-0.14,0.82,0.88,1.26,-9999,-9999,-9999,-9999,-9999,1.206
13126,8.10,9.80,9.29,5.69,0.63,0.25,0.21,8.69,9.94,-0.09,0.89,0.88,1.32,-9999,-9999,-9999,-9999,-9999,1.206
13127,16.43,10.10,7.82,3.34,0.68,0.16,0.49,17.29,8.32,0.45,1.88,0.88,1.34,-9999,-9999,-9999,-9999,-9999,1.206
13128,10.99,10.30,8.04,4.76,0.61,0.08,0.18,11.54,8.46,0.19,1.30,0.91,1.36,-9999,-9999,-9999,-9999,-9999,1.206
13129,16.51,11.78,8.32,6.19,0.50,0.30,0.33,17.50,8.98,0.41,1.77,0.82,1.38,-9999,-9999,-9999,-9999,-9999,1.206
13130,14.07,10.64,7.98,6.62,0.40,0.67,0.98,15.29,8.99,0.34,1.60,0.82,1.41,-9999,-9999,-9999,-9999,-9999,1.205
13131,16.39,4.88,10.24,7.63,0.59,0.87,0.76,17.88,11.56,0.28,1.48,0.83,1.41,-9999,-9999,-9999,-9999,-9999,1.206
13132,13.64,8.36,7.46,4.24,0.81,0.79,0.53,14.89,8.61,0.37,1.66,0.87,1.38,-9999,-9999,-9999,-9999,-9999,1.206
13133,12.74,8.46,7.54,4.45,0.39,0.64,1.22,13.82,8.56,0.32,1.56,0.89,1.35,-9999,-9999,-9999,-9999,-9999,1.206
13134,13.91,8.68,6.48,6.53,-0.11,0.62,1.78,14.96,7.45,0.45,1.87,0.87,1.40,-9999,-9999,-9999,-9999,-9999,1.205
13135,12.96,7.89,5.67,5.58,-0.20,0.62,1.65,14.01,6.58,0.47,1.93,0.95,1.40,-9999,-9999,-9999,-9999,-9999,1.205
13136,-9999.00,7.09,4.85,4.63,-0.10,0.68,0.91,-9999.00,5.79,-9999.00,-9999.00,0.99,1.38,-9999,-9999,-9999,-9999,-9999,1.205
13137,10.58,12.35,8.30,3.07,0.11,0.72,0.56,11.63,9.45,0.13,1.21,1.06,1.39,-9999,-9999,-9999,-9999,-9999,1.204
13138,10.14,12.42,8.98,2.78,-0.03,0.38,0.43,10.85,9.86,0.07,1.10,1.06,1.42,-9999,-9999,-9999,-9999,-9999,1.205
13139,12.34,12.31,8.98,2.39,-0.33,-0.06,0.17,12.68,9.43,0.19,1.30,1.12,1.48,-9999,-9999,-9999,-9999,-9999,1.206
13140,-9999.00,12.07,3.95,3.29,-0.30,-0.22,0.25,-9999.00,3.97,-9999.00,-9999.00,1.07,1.55,-9999,-9999,-9999,-9999,-9999,1.206
13141,-9999.00,13.38,3.77,3.41,-0.60,-0.14,-0.24,-9999.00,3.87,-9999.00,-9999.00,1.03,1.61,-9999,-9999,-9999,-9999,-9999,1.206
13142,9.56,11.46,7.55,4.71,-0.61,-0.04,-0.59,9.79,8.02,0.15,1.23,0.99,1.59,-9999,-9999,-9999,-9999,-9999,1.206
13143,13.03,9.87,7.60,3.90,-0.16,-0.10,-0.50,13.31,8.03,0.35,1.63,0.96,1.56,-9999,-9999,-9999,-9999,-9999,1.206
13144,12.84,10.98,7.26,4.82,-0.28,-0.23,-0.58,12.95,7.54,0.36,1.66,0.95,1.53,-9999,-9999,-9999,-9999,-9999,1.207
13145,15.72,8.67,6.31,3.42,-0.30,-0.26,-0.24,15.89,6.50,0.55,2.15,0.98,1.54,-9999,-9999,-9999,-9999,-9999,1.206
13146,11.11,8.92,6.32,5.22,-0.28,-0.22,-0.03,11.20,6.54,0.34,1.59,0.98,1.55,-9999,-9999,-9999,-9999,-9999,1.206
13147,17.45,9.15,6.26,7.09,-0.40,-0.15,-0.19,17.78,6.57,0.59,2.27,0.97,1.61,-9999,-9999,-9999,-9999,-9999,1.205
13148,11.10,12.17,6.53,6.74,-0.42,-0.05,0.33,11.36,6.96,0.31,1.53,0.97,1.63,-9999,-9999,-9999,-9999,-9999,1.205
13149,20.10,11.90,7.17,6.60,-0.12,-0.00,0.66,20.61,7.69,0.59,2.27,0.98,1.66,-9999,-9999,-9999,-9999,-9999,1.206
13150,13.19,11.58,7.82,6.46,0.44,0.07,0.93,13.62,8.45,0.30,1.51,1.00,1.70,-9999,-9999,-9999,-9999,-9999,1.205
13151,17.58,7.41,5.86,6.14,0.40,0.04,0.58,18.10,6.32,0.73,2.76,1.03,1.69,-9999,-9999,-9999,-9999,-9999,1.205
13152,14.34,9.88,7.40,5.05,-0.03,0.15,0.16,14.90,8.08,0.36,1.65,1.02,1.68,-9999,-9999,-9999,-9999,-9999,1.205
13153,15.18,10.69,5.06,5.00,0.05,0.38,0.03,15.98,5.80,0.77,2.92,1.06,1.61,-9999,-9999,-9999,-9999,-9999,1.205
13154,10.43,12.98,6.99,5.96,-0.08,0.30,-0.07,11.01,7.79,0.23,1.37,1.04,1.55,-9999,-9999,-9999,-9999,-9999,1.205
13155,16.48,10.69,5.49,5.01,-0.56,0.12,0.42,17.00,6.00,0.68,2.56,1.04,1.49,-9999,-9999,-9999,-9999,-9999,1.205
13156,13.95,12.99,7.01,6.15,-0.71,0.11,0.74,14.40,7.60,0.40,1.74,1.05,1.45,-9999,-9999,-9999,-9999,-9999,1.205
13157,15.73,7.48,5.24,5.93,-0.27,0.02,-0.11,16.13,5.60,0.75,2.84,1.03,1.39,-9999,-9999,-9999,-9999,-9999,1.205
13158,12.88,12.00,6.50,6.33,-0.16,0.04,-0.50,13.23,6.95,0.40,1.74,1.02,1.36,-9999,-9999,-9999,-9999,-9999,1.205
13159,18.32,11.00,7.85,7.35,-0.37,0.16,-0.53,18.94,8.52,0.50,2.00,1.04,1.33,-9999,-9999,-9999,-9999,-9999,1.206
13160,13.88,13.79,8.99,6.93,-0.12,0.16,-0.19,14.42,9.73,0.25,1.42,1.05,1.31,-9999,-9999,-9999,-9999,-9999,1.206
13161,11.81,9.73,8.60,5.46,0.06,0.01,-0.10,12.16,9.16,0.19,1.30,1.04,1.29,-9999,-9999,-9999,-9999,-9999,1.206
13162,17.63,12.86,10.93,6.90,0.01,-0.15,-0.65,18.00,11.48,0.28,1.47,1.04,1.30,-9999,-9999,-9999,-9999,-9999,1.206
13163,17.15,13.38,11.22,5.73,0.38,-0.16,-0.55,17.52,11.79,0.24,1.40,1.03,1.34,-9999,-9999,-9999,-9999,-9999,1.205
13164,18.99,13.88,11.42,4.88,0.75,-0.05,-0.38,19.54,12.09,0.29,1.49,1.04,1.34,-9999,-9999,-9999,-9999,-9999,1.205
13165,12.24,8.66,7.21,3.65,0.95,0.22,-0.17,12.88,7.87,0.31,1.53,1.04,1.33,-9999,-9999,-9999,-9999,-9999,1.205
13166,14.32,11.07,8.47,7.29,1.18,0.46,0.49,15.29,9.43,0.31,1.53,0.99,1.32,-9999,-9999,-9999,-9999,-9999,1.205
13167,11.08,8.14,6.24,5.71,1.14,0.46,0.90,11.96,7.07,0.34,1.59,0.99,1.32,-9999,-9999,-9999,-9999,-9999,1.205
13168,14.77,10.69,5.69,7.48,1.01,0.35,1.28,15.70,6.39,0.53,2.10,0.98,1.29,-9999,-9999,-9999,-9999,-9999,1.205
13169,15.85,7.97,6.82,5.64,0.92,0.17,0.93,16.65,7.39,0.46,1.88,1.00,1.25,-9999,-9999,-9999,-9999,-9999,1.205
13170,21.82,11.36,8.53,6.15,0.57,-0.07,0.23,22.65,8.95,0.52,2.04,1.00,1.25,-9999,-9999,-9999,-9999,-9999,1.204
13171,17.54,10.13,7.50,5.67,0.40,-0.01,0.93,18.28,7.94,0.47,1.91,1.04,1.26,-9999,-9999,-9999,-9999,-9999,1.204
13172,18.91,10.67,7.73,6.23,0.20,0.39,1.36,20.14,8.58,0.48,1.95,1.12,1.28,-9999,-9999,-9999,-9999,-9999,1.204
13173,9.62,11.21,7.95,6.80,-0.16,0.63,0.30,10.67,9.09,0.10,1.15,1.12,1.33,-9999,-9999,-9999,-9999,-9999,1.204
13174,11.17,11.00,5.54,7.29,-0.23,0.52,-0.14,12.19,6.41,0.39,1.71,1.15,1.36,-9999,-9999,-9999,-9999,-9999,1.204
13175,8.19,8.73,6.66,5.54,-0.25,0.42,0.27,8.96,7.50,0.12,1.18,1.14,1.40,-9999,-9999,-9999,-9999,-9999,1.205
13176,9.65,8.67,6.42,4.80,-0.50,0.22,0.16,10.28,7.05,0.24,1.40,1.14,1.43,-9999,-9999,-9999,-9999,-9999,1.205
13177,10.59,8.61,6.16,4.06,-0.83,-0.17,-0.69,10.87,6.39,0.35,1.63,1.14,1.48,-9999,-9999,-9999,-9999,-9999,1.205
13178,11.76,12.40,7.28,5.99,-1.11,-0.19,-1.09,12.09,7.58,0.33,1.58,1.17,1.47,-9999,-9999,-9999,-9999,-9999,1.205
13179,8.91,10.92,7.71,5.92,-1.06,-0.10,-0.30,9.21,8.15,0.10,1.15,1.18,1.44,-9999,-9999,-9999,-9999,-9999,1.205
13180,11.22,10.49,8.91,6.27,-1.18,-0.35,-0.40,11.42,9.20,0.16,1.26,1.20,1.38,-9999,-9999,-9999,-9999,-9999,1.205
13181,8.69,7.12,7.18,4.61,-1.51,-0.68,-0.96,8.43,7.04,0.13,1.21,1.21,1.37,-9999,-9999,-9999,-9999,-9999,1.205
13182,11.74,7.54,6.65,6.28,-1.41,-1.04,-0.39,11.29,6.13,0.39,1.73,1.22,1.39,-9999,-9999,-9999,-9999,-9999,1.205
13183,9.99,7.76,5.46,6.71,-1.34,-1.36,-0.54,9.14,4.53,0.42,1.80,1.24,1.40,-9999,-9999,-9999,-9999,-9999,1.205
13184,11.15,11.25,7.43,8.70,-1.57,-1.41,-1.16,10.30,6.59,0.30,1.51,1.21,1.41,-9999,-9999,-9999,-9999,-9999,1.206
13185,9.70,10.71,6.74,4.75,-1.34,-1.23,-1.14,8.95,6.03,0.27,1.45,1.23,1.40,-9999,-9999,-9999,-9999,-9999,1.206
13186,-9999.00,13.38,4.43,5.65,-0.56,-0.92,-0.60,-9999.00,3.86,-9999.00,-9999.00,1.23,1.40,-9999,-9999,-9999,-9999,-9999,1.205
13187,10.36,14.41,5.93,5.23,0.05,-0.69,0.19,10.22,5.71,0.37,1.67,1.22,1.40,-9999,-9999,-9999,-9999,-9999,1.205
13188,13.39,14.20,6.00,5.41,0.29,-0.40,-0.03,13.75,6.08,0.54,2.11,1.28,1.42,-9999,-9999,-9999,-9999,-9999,1.205
13189,10.47,13.15,7.18,4.84,0.72,0.27,0.18,11.33,8.03,0.25,1.42,1.31,1.44,-9999,-9999,-9999,-9999,-9999,1.206
13190,16.00,12.49,8.36,4.30,1.36,1.00,1.15,17.86,10.04,0.37,1.67,1.30,1.44,-9999,-9999,-9999,-9999,-9999,1.206
13191,14.73,14.00,9.26,4.71,1.62,1.33,1.00,16.80,11.35,0.25,1.41,1.32,1.44,-9999,-9999,-9999,-9999,-9999,1.205
13192,13.14,12.10,9.04,3.41,1.54,1.23,0.64,15.01,11.02,0.21,1.33,1.29,1.45,-9999,-9999,-9999,-9999,-9999,1.204
13193,11.86,13.19,7.44,7.89,1.30,1.15,0.72,13.59,9.21,0.30,1.53,1.27,1.47,-9999,-9999,-9999,-9999,-9999,1.206
13194,11.06,10.61,5.29,6.42,1.13,1.33,0.82,12.93,7.06,0.51,2.03,1.26,1.49,-9999,-9999,-9999,-9999,-9999,1.206
13195,11.38,11.57,7.21,8.25,1.13,1.39,0.27,13.30,9.22,0.30,1.53,1.20,1.54,-9999,-9999,-9999,-9999,-9999,1.207
13196,11.47,11.02,5.31,5.53,0.97,1.34,0.27,13.33,7.11,0.46,1.89,1.16,1.59,-9999,-9999,-9999,-9999,-9999,1.206
13197,12.42,11.17,6.07,5.82,0.83,1.25,1.50,14.17,7.86,0.42,1.78,1.12,1.60,-9999,-9999,-9999,-9999,-9999,1.205
13198,11.56,6.87,5.23,4.34,0.51,0.70,1.76,12.72,6.36,0.47,1.91,1.07,1.61,-9999,-9999,-9999,-9999,-9999,1.205
13199,12.41,8.78,5.97,5.72,-0.07,-0.13,0.71,12.76,6.32,0.44,1.85,1.03,1.59,-9999,-9999,-9999,-9999,-9999,1.205
13200,-9999.00,5.08,3.27,4.46,-0.95,-0.79,0.81,-9999.00,2.74,-9999.00,-9999.00,0.98,1.59,-9999,-9999,-9999,-9999,-9999,1.205
13201,9.18,6.54,5.16,3.91,-1.24,-0.72,0.93,8.78,4.85,0.41,1.77,0.96,1.59,-9999,-9999,-9999,-9999,-9999,1.206
13202,-9999.00,7.88,3.50,4.34,-1.07,-0.52,0.66,-9999.00,3.25,-9999.00,-9999.00,0.98,1.63,-9999,-9999,-9999,-9999,-9999,1.206
13203,8.03,5.93,6.30,2.43,-0.83,-0.81,0.49,7.48,5.96,0.17,1.27,0.90,1.64,-9999,-9999,-9999,-9999,-9999,1.206
13204,-9999.00,9.11,4.21,3.75,-1.19,-1.14,0.91,-9999.00,3.38,-9999.00,-9999.00,1.04,1.67,-9999,-9999,-9999,-9999,-9999,1.206
13205,-9999.00,8.92,4.45,6.48,-1.64,-1.22,0.23,-9999.00,3.56,-9999.00,-9999.00,0.99,1.69,-9999,-9999,-9999,-9999,-9999,1.207
13206,-9999.00,7.21,4.31,4.87,-1.55,-1.23,-1.19,-9999.00,3.40,-9999.00,-9999.00,0.99,1.65,-9999,-9999,-9999,-9999,-9999,1.207
13207,7.37,9.30,5.63,4.39,-1.17,-1.19,-1.27,6.45,4.87,0.20,1.32,0.98,1.61,-9999,-9999,-9999,-9999,-9999,1.206
13208,8.62,7.57,5.01,2.19,-0.91,-1.02,-0.82,7.90,4.37,0.40,1.74,0.82,1.50,-9999,-9999,-9999,-9999,-9999,1.206
13209,-9999.00,7.84,4.81,1.75,-0.47,-0.66,-1.03,-9999.00,4.49,-9999.00,-9999.00,0.79,1.53,-9999,-9999,-9999,-9999,-9999,1.206
13210,-9999.00,8.10,4.69,1.33,-0.40,-0.68,-0.79,-9999.00,4.33,-9999.00,-9999.00,0.51,1.54,-9999,-9999,-9999,-9999,-9999,1.207
13211,9.12,8.79,5.97,2.01,-0.74,-0.95,-1.13,8.47,5.41,0.34,1.60,0.39,1.61,-9999,-9999,-9999,-9999,-9999,1.207
13212,-9999.00,5.00,4.34,2.46,-0.97,-0.94,-1.41,-9999.00,3.66,-9999.00,-9999.00,0.25,1.62,-9999,-9999,-9999,-9999,-9999,1.207
13213,9.52,1.64,8.40,3.23,-0.51,-0.53,-0.92,9.29,8.36,0.11,1.17,0.02,1.68,-9999,-9999,-9999,-9999,-9999,1.208
