NASA Data Processing/CAMP2Ex/OPTICAL/CAMP2Ex-LARGE-OPTICAL_P3B_20190827_R0.ict
100,1001
Luke Ziemba
NASA Langley
In-situ optical aerosol measurements from the NASA P3B
CAMP2Ex
1,1
2019,08,27,2020,05,5
1.0
Time_Mid,Secs after midnight,Time of acquisition
19
1,1,1,1,1,1,1,1,1,1,1,1,1,1,1,1,1,1,1
-9999,-9999,-9999,-9999,-9999,-9999,-9999,-9999,-9999,-9999,-9999,-9999,-9999,-9999,-9999,-9999,-9999,-9999,-9999
Sc550_total_amb, Mm-1, AerOpt_Scattering_InSitu_Green_RHa_Bulk_STP, scattering coefficient of ambient  particles at 550nm
Sc450_total, Mm-1, AerOpt_Scattering_InSitu_Blue_RHd_Bulk_STP, Dry Scattering at 450nm (Total Aerosols)
Sc550_total, Mm-1, AerOpt_Scattering_InSitu_Green_RHd_Bulk_STP, Dry Scattering at 550nm (Total Aerosols)
Sc700_total, Mm-1, AerOpt_Scattering_InSitu_Red_RHd_Bulk_STP, Dry Scattering at 700nm (Total Aerosols)
Abs470_total, Mm-1, AerOpt_Absorption_InSitu_Blue_RHd_Bulk_STP, Dry absorption at 470nm (Total Aerosols)
Abs532_total, Mm-1, AerOpt_Absorption_InSitu_Green_RHd_Bulk_STP, Dry absorption at 532nm (Total Aerosols)
Abs660_total, Mm-1, AerOpt_Absorption_InSitu_Red_RHd_Bulk_STP, Dry absorption at 660nm (Total Aerosols)
Ext532_total_amb, Mm-1, AerOpt_Extinction_InSitu_Green_RHa_Bulk_STP, extinction coefficient of aerosols at 532nm for AMBIENT relative humidity
Ext532_total_dry, Mm-1, AerOpt_Extinction_InSitu_Green_RHd_Bulk_STP, extinction coefficient of aerosols at 532nm for DRY relative humidity
gamma550, unitless, AerOpt_Gamma_InSitu_Green_None_Bulk_STP, derived optical hygroscopic growth factor for particles at 550nm
fRH550_RH20to80, unitless, AerOpt_fRHScat_InSitu_Green_RHsp_Bulk_STP, derived optical hygroscopic growth parameter for particles at 550nm
AEscatAMB_450to700nm,unitless, AerOpt_AngstromExponentScat_InSitu_BluetoRed_RHa_Bulk_STP, derived ambient Angstrom Exponent for scattering coefficient over wavelength range from 450nm to 700nm
AEscatDRY_450to700nm,unitless, AerOpt_AngstromExponentScatInSitu_BluetoRed_RHd_Bulk_STP, derived dry Angstrom Exponent for scattering coefficient over wavelength range from 450nm to 700nm
AEabsDRY_470to660nm,unitless, AerOpt_AngstromExponentAbs_InSitu_BluetoRed_RHd_Bulk_STP, derived dry Angstrom Exponent for absorption coefficient over wavelength range from 450nm to 700nm
SSA_dry_450nm,unitless, AerOpt_SSA_InSitu_Blue_RHd_Bulk_STP, single_scattering_albedo_at_450nm_as_derived_from_dry_scattering_and_absorption
SSA_dry_550nm,unitless, AerOpt_SSA_InSitu_Green_RHd_Bulk_STP, single_scattering_albedo_at_550nm_as_derived_from_dry_scattering_and_absorption
SSA_dry_700nm,unitless, AerOpt_SSA_InSitu_Red_RHd_Bulk_STP, single_scattering_albedo_at_700nm_as_derived_from_dry_scattering_and_absorption
SSA_amb_550nm,unitless, AerOpt_SSA_InSitu_Green_RHa_Bulk_STP, single_scattering_albedo_at_550nm_as_derived_from_ambient_scattering_and_absorption
stdPT,unitless, None, Conversion factor to convert between ambient and standard pressure and temperature conditions
0
67
******************************************************************************************************************
Langley Aerosol data from the 2019 CAMP2Ex field campaign
 
PI_CONTACT_INFO: luke.ziemba@nasa.gov
PLATFORM: NASA P3B aircraft
LOCATION: Latitude, Longitude, and Altitude included in MetNav files
[...]
UNCERTAINTY: estimated uncertainties for directly measured properties
	- For dry scattering, accuracy estimated at 30% for all wavelengths; precision estimated at 4.5 Mm-1 for 450nm wavelength and 3 Mm-1 for 550nm and 700nm wavelengths
	- For dry absorption, accuracy estimated at 15% for all wavelengths; precision is a function of pressure and is estimated to vary from 0.5 Mm-1 near the surface to 2 at high altitude
	- For derived parameters, please contact the PI for a more detailed discussion of uncertainty
ULOD_FLAG: -7777
ULOD_VALUE: N/A
LLOD_FLAG: -8888
LLOD_VALUE: N/A
DM_CONTACT_INFO: Michael Shook (michael.shook@nasa.gov)
PROJECT_INFO: CAMP2Ex 2019
STIPULATIONS_ON_USE: This is FINAL data. Users are strongly encouraged to consult the PI and/or DM prior to use.
OTHER_COMMENTS: N/A
REVISION: R0
R0: STP and ambient parameter calculations now use data from their respective publicly available files, data is time synced to DLH
RD: Correction factor applied to raw scattering data, which also affects the absorption data via the Virkkula correction
RC: Higher threshholds required for calculating intensive parameters; absorption smoothing algorithm applied
RB: Time sync to LARGE CNgt3nm applied
RA: None
******************************************************************************************************************
Time_Mid,Sc550_total_amb,Sc450_total,Sc550_total,Sc700_total,Abs470_total,Abs532_total,Abs660_total,Ext532_total_amb,Ext532_total_dry,gamma550,fRH550_RH20to80,AEscatAMB_450to700nm,AEscatDRY_450to700nm,AEabsDRY_470to660nm,SSA_dry_450nm,SSA_dry_550nm,SSA_dry_700nm,SSA_amb_550nm,stdPT
[from data line 10761]
11089,-9999.00,35.62,28.59,17.06,-1.40,-1.08,-1.45,-9999.00,29.35,0.02,1.02,0.96,1.95,-9999,-9999,-9999,-9999,-9999,1.150
11090,45.92,32.86,24.34,15.69,-2.14,-1.67,-2.26,45.49,24.26,0.28,1.47,0.96,1.97,-9999,-9999,-9999,-9999,-9999,1.151
11091,35.13,33.33,24.61,15.92,-3.22,-2.75,-2.83,33.33,23.48,0.17,1.26,0.96,2.00,-9999,-9999,-9999,-9999,-9999,1.151
11092,44.29,33.85,24.91,16.17,-4.18,-3.63,-2.80,41.94,22.90,0.25,1.41,0.98,2.00,-9999,-9999,-9999,-9999,-9999,1.152
11093,42.39,36.56,26.26,16.07,-4.82,-4.27,-3.44,39.31,23.69,0.22,1.35,1.01,1.99,-9999,-9999,-9999,-9999,-9999,1.152
11094,50.03,32.39,23.19,13.23,-5.31,-4.58,-4.22,46.91,20.11,0.32,1.56,1.04,1.95,-9999,-9999,-9999,-9999,-9999,1.153
11095,46.27,35.46,23.91,14.56,-5.29,-4.49,-4.17,43.15,20.95,0.27,1.46,1.04,1.95,-9999,-9999,-9999,-9999,-9999,1.153
11096,42.62,38.55,24.68,15.92,-5.39,-4.59,-4.02,39.35,21.63,0.23,1.37,1.01,1.95,-9999,-9999,-9999,-9999,-9999,1.154
11097,40.57,41.30,25.56,16.11,-5.48,-4.94,-4.34,36.97,22.22,0.21,1.34,1.03,1.93,-9999,-9999,-9999,-9999,-9999,1.155
11098,40.88,37.31,23.61,17.25,-4.85,-4.64,-3.90,37.67,20.41,0.25,1.41,1.03,1.91,-9999,-9999,-9999,-9999,-9999,1.155
11099,40.54,37.34,23.63,17.27,-3.81,-3.96,-2.97,38.01,21.15,0.25,1.42,1.03,1.90,-9999,-9999,-9999,-9999,-9999,1.156
11100,45.97,43.53,30.15,16.73,-3.06,-3.52,-1.97,44.05,28.54,0.17,1.26,1.01,1.91,-9999,-9999,-9999,-9999,-9999,1.156
11101,49.94,44.65,30.14,16.96,-3.26,-3.49,-2.72,48.25,28.57,0.21,1.34,1.02,1.91,-9999,-9999,-9999,-9999,-9999,1.157
11102,61.32,41.09,27.15,16.61,-3.42,-3.34,-2.82,60.25,25.52,0.34,1.60,1.03,1.91,-9999,-9999,-9999,-9999,-9999,1.157
11103,37.02,41.12,27.19,16.61,-3.07,-3.00,-2.52,35.30,25.99,0.14,1.22,1.05,1.92,-9999,-9999,-9999,-9999,-9999,1.158
11104,46.31,45.61,26.97,14.05,-1.80,-1.85,-1.69,45.98,26.96,0.21,1.35,1.09,1.93,-9999,-9999,-9999,-9999,-9999,1.158
11105,-9999.00,45.33,27.39,15.13,-0.54,-0.72,-1.21,-9999.00,28.58,0.09,1.13,1.12,1.94,-9999,-9999,-9999,-9999,-9999,1.157
11106,-9999.00,40.64,26.09,13.17,0.26,0.06,-0.49,-9999.00,27.99,0.12,1.18,1.10,1.95,-9999,-9999,-9999,-9999,-9999,1.158
11107,-9999.00,30.67,19.68,13.73,0.22,0.05,-0.53,-9999.00,21.12,0.35,1.62,1.11,1.97,-9999,-9999,-9999,-9999,-9999,1.159
11108,-9999.00,30.58,21.33,15.57,-0.97,-0.65,-1.20,-9999.00,22.19,0.27,1.46,1.06,2.00,-9999,-9999,-9999,-9999,-9999,1.159
11109,38.18,30.45,22.99,17.43,-2.75,-2.04,-2.67,37.36,22.56,0.20,1.32,1.05,1.98,-9999,-9999,-9999,-9999,-9999,1.160
11110,32.52,34.18,25.83,14.62,-3.86,-2.89,-3.05,30.63,24.72,0.10,1.14,1.05,1.97,-9999,-9999,-9999,-9999,-9999,1.161
11111,33.01,27.63,22.28,12.27,-4.77,-3.65,-3.78,30.40,20.15,0.21,1.33,1.08,1.94,-9999,-9999,-9999,-9999,-9999,1.162
11112,46.58,26.42,17.82,13.32,-5.51,-4.18,-4.02,43.94,14.81,0.47,1.91,1.10,1.93,-9999,-9999,-9999,-9999,-9999,1.163
11113,34.03,26.47,21.83,13.09,-6.87,-5.40,-4.68,29.84,17.86,0.21,1.34,1.16,1.93,-9999,-9999,-9999,-9999,-9999,1.163
11114,42.11,36.25,18.97,15.04,-7.90,-6.44,-4.87,37.17,13.76,0.42,1.78,1.11,1.94,-9999,-9999,-9999,-9999,-9999,1.165
11115,37.29,37.48,21.69,14.25,-8.17,-6.34,-5.05,32.25,16.75,0.30,1.51,1.05,1.97,-9999,-9999,-9999,-9999,-9999,1.166
11116,33.43,32.15,23.17,15.81,-7.57,-6.00,-5.39,28.62,18.68,0.18,1.29,1.05,1.98,-9999,-9999,-9999,-9999,-9999,1.166
11117,34.44,32.19,23.15,15.60,-6.26,-5.43,-5.43,30.30,19.21,0.18,1.29,1.07,1.97,-9999,-9999,-9999,-9999,-9999,1.166
11118,41.77,38.84,22.70,16.01,-4.82,-4.64,-5.05,38.80,19.55,0.29,1.49,1.10,1.98,-9999,-9999,-9999,-9999,-9999,1.167
11119,36.35,39.13,22.57,14.90,-3.62,-4.14,-3.90,33.73,19.91,0.23,1.38,1.09,1.98,-9999,-9999,-9999,-9999,-9999,1.167
11120,36.76,37.56,22.40,16.53,-2.71,-3.13,-2.95,35.35,20.75,0.26,1.43,1.16,1.95,-9999,-9999,-9999,-9999,-9999,1.168
11121,34.61,33.69,22.88,13.65,-1.82,-2.35,-2.73,33.89,22.02,0.21,1.34,1.18,1.92,-9999,-9999,-9999,-9999,-9999,1.169
11122,30.53,36.60,25.41,12.61,-0.95,-1.68,-2.73,30.35,25.40,0.09,1.14,1.18,1.91,-9999,-9999,-9999,-9999,-9999,1.170
11123,24.66,37.02,25.43,12.86,-0.25,-1.30,-3.15,24.55,25.81,-0.02,0.98,1.19,1.90,-9999,-9999,-9999,-9999,-9999,1.170
11124,38.87,36.59,29.96,19.24,-0.98,-2.08,-3.39,38.70,29.89,0.13,1.19,1.20,1.92,-9999,-9999,-9999,-9999,-9999,1.171
11125,34.93,35.39,29.89,16.66,-2.01,-2.57,-3.27,34.06,29.37,0.08,1.12,1.19,1.93,-9999,-9999,-9999,-9999,-9999,1.172
11126,40.12,28.45,23.50,18.19,-2.57,-2.67,-3.12,39.39,22.50,0.29,1.50,1.19,1.93,-9999,-9999,-9999,-9999,-9999,1.172
11127,28.02,30.61,28.17,13.56,-2.55,-2.16,-2.33,27.18,28.04,-0.00,1.00,1.20,1.96,-9999,-9999,-9999,-9999,-9999,1.173
11128,28.58,40.50,28.12,16.59,-2.56,-1.67,-2.35,28.22,28.47,0.01,1.01,1.19,1.95,-9999,-9999,-9999,-9999,-9999,1.174
11129,30.26,35.45,24.13,15.22,-2.76,-1.96,-2.25,29.68,23.88,0.12,1.19,1.19,1.96,-9999,-9999,-9999,-9999,-9999,1.174
11130,37.08,40.12,25.89,11.78,-3.34,-2.55,-2.42,36.25,25.11,0.20,1.33,1.21,1.96,-9999,-9999,-9999,-9999,-9999,1.175
11131,39.01,30.17,17.68,9.12,-3.68,-2.95,-2.26,37.92,15.90,0.47,1.92,1.21,1.94,-9999,-9999,-9999,-9999,-9999,1.176
11132,41.00,29.05,22.73,12.29,-3.88,-2.97,-2.12,39.94,21.28,0.34,1.60,1.18,1.95,-9999,-9999,-9999,-9999,-9999,1.176
11133,37.85,31.92,18.65,10.56,-2.83,-2.36,-2.11,37.18,17.56,0.42,1.79,1.12,1.96,-9999,-9999,-9999,-9999,-9999,1.177
11134,34.06,33.80,19.77,13.22,-1.94,-1.61,-1.48,33.94,19.50,0.32,1.57,1.06,1.95,-9999,-9999,-9999,-9999,-9999,1.177
11135,31.91,35.66,20.84,15.90,-1.51,-1.50,-1.16,31.74,20.76,0.23,1.38,1.02,1.94,-9999,-9999,-9999,-9999,-9999,1.178
11136,34.04,34.62,20.36,17.61,-1.61,-1.78,-1.46,33.71,19.97,0.28,1.48,0.99,1.95,-9999,-9999,-9999,-9999,-9999,1.178
11137,32.79,35.88,23.06,12.75,-1.73,-1.99,-1.60,32.19,22.65,0.19,1.30,0.94,1.96,-9999,-9999,-9999,-9999,-9999,1.178
11138,34.00,35.40,19.70,16.81,-1.46,-1.71,-1.63,33.76,19.37,0.31,1.54,0.95,1.95,-9999,-9999,-9999,-9999,-9999,1.179
11139,31.33,36.08,23.74,13.57,-0.33,-0.90,-1.69,31.78,24.49,0.17,1.27,0.95,1.95,-9999,-9999,-9999,-9999,-9999,1.179
11140,36.17,36.21,18.48,18.41,0.34,-0.18,-1.66,37.56,19.63,0.41,1.76,0.94,1.98,-9999,-9999,-9999,-9999,-9999,1.181
11141,34.29,34.93,18.06,14.75,0.80,0.50,-0.97,36.27,19.88,0.37,1.68,0.92,1.97,-9999,-9999,-9999,-9999,-9999,1.180
11142,32.15,34.39,21.06,9.92,1.10,0.92,0.34,34.44,23.56,0.23,1.38,0.87,1.97,-9999,-9999,-9999,-9999,-9999,1.181
11143,31.94,31.07,22.70,17.20,0.76,0.09,-0.18,33.37,24.52,0.18,1.28,0.89,1.93,-9999,-9999,-9999,-9999,-9999,1.181
11144,21.79,35.99,31.80,14.69,0.21,-0.57,-1.08,22.09,33.70,-0.20,0.75,0.88,1.92,-9999,-9999,-9999,-9999,-9999,1.182
11145,26.83,38.38,31.24,16.46,0.16,-0.33,-1.22,27.52,33.41,-0.09,0.88,0.87,1.92,-9999,-9999,-9999,-9999,-9999,1.182
11146,25.50,33.14,27.40,16.21,1.19,0.87,-0.36,27.36,30.46,-0.04,0.94,0.88,1.89,-9999,-9999,-9999,-9999,-9999,1.183
11147,28.34,36.21,22.88,16.35,2.47,1.68,0.50,31.16,26.34,0.12,1.19,0.91,1.88,-9999,-9999,-9999,-9999,-9999,1.183
11148,31.86,38.05,20.91,15.08,2.72,2.00,1.23,35.10,24.52,0.21,1.34,0.92,1.86,-9999,-9999,-9999,-9999,-9999,1.183
11149,35.90,36.01,23.33,16.31,2.54,2.13,1.62,39.47,27.21,0.20,1.32,0.94,1.81,-9999,-9999,-9999,-9999,-9999,1.182
11150,39.27,37.84,21.41,17.88,2.13,1.98,1.90,42.81,24.95,0.28,1.47,0.96,1.78,-9999,-9999,-9999,-9999,-9999,1.182
11151,37.08,40.94,24.59,14.61,1.90,1.48,1.41,39.95,27.82,0.19,1.30,0.94,1.78,-9999,-9999,-9999,-9999,-9999,1.183
11152,32.00,40.93,24.56,14.83,2.31,2.02,1.83,35.19,28.31,0.12,1.18,0.92,1.78,-9999,0.940,-9999.000,-9999.000,-9999.000,1.183
11153,48.35,33.39,20.00,13.98,3.11,3.37,3.12,53.44,24.80,0.39,1.72,0.91,1.77,-9999,0.936,-9999.000,-9999.000,-9999.000,1.183
11154,36.70,37.37,24.32,13.72,3.90,3.78,3.63,41.75,29.84,0.17,1.26,0.88,1.77,-9999,0.941,-9999.000,-9999.000,-9999.000,1.183
11155,-9999.00,35.53,20.67,11.90,3.71,3.19,3.09,-9999.00,25.35,0.25,1.41,0.84,1.75,-9999,0.945,-9999.000,-9999.000,-9999.000,1.183
11156,-9999.00,39.88,25.57,20.76,2.97,2.49,2.52,-9999.00,29.80,0.07,1.11,0.83,1.74,-9999,-9999,-9999,-9999,-9999,1.182
11157,-9999.00,30.48,19.76,19.27,2.23,1.91,2.04,-9999.00,22.97,0.27,1.45,0.84,1.72,-9999,-9999,-9999,-9999,-9999,1.183
11158,47.88,30.15,22.16,20.35,1.60,1.23,1.15,50.95,24.79,0.31,1.55,0.85,1.69,-9999,-9999,-9999,-9999,-9999,1.183
11159,54.21,34.12,18.64,16.36,1.21,0.68,0.03,56.99,20.49,0.46,1.88,0.85,1.71,-9999,-9999,-9999,-9999,-9999,1.183
11160,48.89,38.52,17.87,16.15,0.63,0.56,-0.63,51.26,19.56,0.48,1.95,0.84,1.69,-9999,-9999,-9999,-9999,-9999,1.183
11161,37.67,33.10,21.67,14.81,1.21,1.16,-0.41,40.16,24.22,0.26,1.43,0.86,1.66,-9999,-9999,-9999,-9999,-9999,1.183
11162,40.91,32.11,27.15,13.42,2.36,1.64,0.08,43.95,30.51,0.17,1.26,0.84,1.67,-9999,-9999,-9999,-9999,-9999,1.183
11163,52.63,30.33,25.06,17.28,3.01,2.09,0.89,56.57,28.69,0.30,1.51,0.87,1.64,-9999,-9999,-9999,-9999,-9999,1.183
11164,-9999.00,30.24,25.66,19.80,3.47,2.50,1.99,-9999.00,29.69,0.18,1.29,0.94,1.63,-9999,-9999,-9999,-9999,-9999,1.183
11165,-9999.00,29.89,25.70,16.99,2.83,2.21,1.54,-9999.00,29.40,0.33,1.57,0.99,1.65,-9999,-9999,-9999,-9999,-9999,1.183
11166,-9999.00,34.58,27.37,16.28,2.33,1.71,1.08,-9999.00,30.62,0.06,1.09,1.00,1.65,-9999,-9999,-9999,-9999,-9999,1.182
11167,-9999.00,27.66,18.93,13.84,2.24,1.45,0.98,-9999.00,21.44,0.43,1.81,0.95,1.62,-9999,-9999,-9999,-9999,-9999,1.182
11168,30.70,39.37,21.96,17.83,1.83,1.28,1.00,33.09,24.45,0.15,1.23,0.94,1.60,-9999,-9999,-9999,-9999,-9999,1.183
11169,41.01,39.89,22.61,17.25,1.38,1.12,1.03,43.59,24.96,0.28,1.48,0.93,1.58,-9999,-9999,-9999,-9999,-9999,1.184
11170,45.25,38.57,23.83,20.16,-0.31,0.20,0.63,47.07,25.35,0.30,1.51,0.92,1.56,-9999,-9999,-9999,-9999,-9999,1.183
11171,43.66,36.38,33.11,20.08,-2.14,-1.13,-0.62,44.06,33.76,0.13,1.21,0.91,1.55,-9999,-9999,-9999,-9999,-9999,1.183
11172,53.30,38.38,32.30,20.89,-3.28,-2.22,-2.29,52.91,31.82,0.26,1.42,0.90,1.56,-9999,-9999,-9999,-9999,-9999,1.184
11173,67.31,44.63,37.75,22.39,-3.58,-2.55,-2.98,67.04,37.27,0.30,1.51,0.88,1.58,-9999,-9999,-9999,-9999,-9999,1.184
11174,73.86,50.38,36.72,20.24,-2.86,-2.23,-1.84,73.92,36.53,0.36,1.64,0.85,1.61,-9999,-9999,-9999,-9999,-9999,1.184
11175,83.21,49.37,38.25,26.97,-3.40,-2.49,-1.43,83.25,37.87,0.36,1.64,0.83,1.61,-9999,-9999,-9999,-9999,-9999,1.183
11176,102.57,49.43,38.31,27.65,-4.02,-2.61,-1.63,103.04,37.78,0.45,1.88,0.79,1.59,-9999,-9999,-9999,-9999,-9999,1.182
11177,77.01,50.25,40.63,24.24,-3.05,-1.77,-1.16,77.52,41.02,0.39,1.71,0.80,1.56,-9999,-9999,-9999,-9999,-9999,1.185
11178,63.77,48.65,40.03,29.73,-0.72,0.13,0.14,65.82,42.31,0.31,1.55,0.78,1.54,-9999,-9999,-9999,-9999,-9999,1.185
11179,109.52,51.78,40.46,21.98,2.89,2.77,2.35,115.70,45.42,0.41,1.77,0.78,1.55,-9999,-9999,-9999,-9999,-9999,1.184
11180,84.46,51.42,40.42,21.11,4.50,4.07,3.72,91.21,46.70,0.32,1.56,0.78,1.56,-9999,-9999,-9999,-9999,-9999,1.181
11181,-9999.00,51.40,40.64,23.13,4.18,3.98,4.14,-9999.00,46.88,0.37,1.68,0.79,1.58,-9999,-9999,-9999,-9999,-9999,1.183
11182,89.62,59.64,39.94,30.63,1.93,2.06,2.37,94.40,44.28,0.36,1.65,0.80,1.60,-9999,-9999,-9999,-9999,-9999,1.181
11183,73.37,58.79,39.77,31.00,0.65,1.01,0.38,76.60,43.09,0.34,1.59,0.80,1.62,-9999,-9999,-9999,-9999,-9999,1.183
11184,72.86,52.26,38.47,27.28,2.31,2.56,1.24,77.58,43.27,0.38,1.70,0.79,1.62,-9999,-9999,-9999,-9999,-9999,1.183
11185,72.62,58.55,36.80,30.29,4.13,3.98,3.02,78.76,42.87,0.40,1.75,0.80,1.61,-9999,-9999,-9999,-9999,-9999,1.184
11186,80.16,52.20,37.55,23.20,4.82,4.45,4.24,87.02,44.09,0.36,1.64,0.80,1.63,-9999,-9999,-9999,-9999,-9999,1.183
11187,79.86,51.25,34.17,23.08,2.52,2.48,2.38,84.66,38.58,0.42,1.80,0.79,1.64,-9999,-9999,-9999,-9999,-9999,1.182
11188,76.80,50.09,30.73,22.94,0.09,0.16,-0.10,79.14,32.63,0.50,2.00,0.79,1.66,-9999,-9999,-9999,-9999,-9999,1.183
11189,96.43,51.73,32.14,23.27,-0.47,-0.49,-0.82,98.51,33.51,0.57,2.19,0.78,1.67,-9999,0.958,-9999.000,-9999.000,-9999.000,1.183
11190,92.63,48.48,30.88,24.26,0.70,0.39,0.09,95.43,33.05,0.60,2.28,0.77,1.67,-9999,0.953,-9999.000,-9999.000,-9999.000,1.183
11191,65.14,51.94,32.86,27.56,2.14,1.91,1.31,68.72,36.71,0.28,1.48,0.77,1.69,-9999,0.951,-9999.000,-9999.000,-9999.000,1.182
11192,70.32,39.28,31.91,26.40,2.63,2.53,2.17,74.65,36.36,0.34,1.61,0.74,1.70,-9999,0.950,0.941,-9999.000,0.974,1.182
11193,57.33,42.35,31.33,24.86,1.43,1.18,0.86,59.97,34.43,0.28,1.47,0.75,1.71,-9999,0.950,0.940,-9999.000,0.973,1.182
11194,64.04,43.78,33.70,23.10,0.41,0.22,0.06,65.81,36.02,0.31,1.54,0.73,1.72,-9999,0.948,0.936,-9999.000,0.972,1.182
11195,54.06,43.77,33.67,22.52,0.21,-0.30,-0.78,55.11,35.48,0.23,1.38,0.68,1.71,0.97,0.939,0.927,-9999.000,0.968,1.183
11196,73.88,42.91,27.98,16.72,2.12,1.01,0.76,76.52,30.75,0.48,1.93,0.63,1.70,0.71,0.932,0.920,0.900,0.965,1.183
11197,72.80,44.58,26.12,16.02,3.37,2.37,2.09,76.77,30.13,0.43,1.83,0.63,1.70,0.54,0.931,0.922,0.895,0.966,1.183
11198,-9999.00,45.94,27.15,15.51,3.43,3.01,2.76,-9999.00,31.87,0.48,1.94,0.67,1.73,0.52,0.939,0.933,0.904,0.971,1.182
11199,-9999.00,47.85,25.68,21.58,3.12,2.79,2.87,-9999.00,30.07,0.41,1.77,0.67,1.75,-9999,0.954,-9999.000,-9999.000,-9999.000,1.181
11200,-9999.00,36.88,28.72,17.70,3.60,2.96,3.02,-9999.00,33.51,0.47,1.93,0.66,1.78,-9999,-9999,-9999,-9999,-9999,1.180
11201,-9999.00,38.25,30.23,16.61,3.96,3.23,2.94,-9999.00,35.36,0.27,1.46,0.66,1.81,-9999,0.948,-9999.000,-9999.000,-9999.000,1.181
11202,-9999.00,39.54,31.65,15.51,4.46,3.84,3.38,-9999.00,37.51,0.15,1.23,0.66,1.81,0.56,0.926,0.912,0.883,0.964,1.181
11203,-9999.00,39.98,31.71,15.95,4.95,4.15,3.13,-9999.00,37.87,0.07,1.11,0.66,1.82,0.37,0.914,0.897,0.857,0.957,1.182
11204,-9999.00,40.35,28.77,17.12,4.65,4.13,2.80,-9999.00,34.69,0.34,1.61,0.68,1.83,0.43,0.916,0.902,0.862,0.959,1.182
11205,-9999.00,40.32,28.79,17.31,4.05,3.62,2.70,-9999.00,34.18,0.27,1.44,0.70,1.83,0.65,0.923,0.914,0.881,0.964,1.182
11206,-9999.00,37.49,23.11,15.19,2.82,2.47,2.64,-9999.00,27.00,0.48,1.94,0.73,1.85,0.81,0.930,0.924,0.895,0.967,1.181
11207,-9999.00,41.21,26.35,19.31,2.21,1.84,2.52,-9999.00,29.79,0.32,1.56,0.94,1.89,0.66,0.924,0.920,0.880,0.965,1.181
11208,-9999.00,40.95,26.71,18.63,1.82,1.71,2.27,-9999.00,30.12,0.27,1.45,0.92,1.96,0.38,0.927,0.920,0.870,0.965,1.180
11209,-9999.00,41.39,28.49,20.81,1.79,1.60,2.07,-9999.00,31.98,0.22,1.36,0.92,2.01,0.18,0.929,0.919,0.864,0.966,1.180
11210,-9999.00,34.98,27.55,17.72,2.10,1.98,1.87,-9999.00,31.39,0.45,1.87,0.96,2.03,0.14,0.934,0.921,0.870,0.968,1.179
11211,-9999.00,35.24,28.29,16.59,2.73,2.34,2.43,-9999.00,32.58,0.50,1.99,1.07,2.03,0.23,0.934,0.920,0.874,0.971,1.180
11212,-9999.00,33.07,26.98,15.99,3.64,3.10,3.85,-9999.00,31.91,0.41,1.78,1.01,2.02,0.26,0.935,0.921,0.878,0.971,1.180
11213,-9999.00,41.38,27.88,12.56,4.77,4.38,5.37,-9999.00,34.13,0.31,1.53,-9999,2.01,0.20,0.932,0.916,0.870,-9999,1.180
11214,-9999.00,33.56,24.28,13.59,5.03,4.83,5.71,-9999.00,30.71,0.42,1.78,-9999,2.01,0.32,0.927,0.912,0.865,-9999,1.180
11215,-9999.00,40.12,23.11,12.78,4.72,4.58,4.73,-9999.00,29.19,0.44,1.85,-9999,2.04,0.24,0.927,0.911,0.861,-9999,1.180
11216,-9999.00,29.75,20.50,11.44,4.03,3.52,3.11,-9999.00,25.38,0.54,2.13,-9999,2.07,0.12,0.929,0.910,0.858,-9999,1.180
11217,-9999.00,35.99,22.30,14.42,3.59,3.08,2.53,-9999.00,26.89,0.46,1.90,-9999,2.06,-0.15,0.939,0.921,0.866,-9999,1.180
11218,-9999.00,34.23,25.75,13.97,3.45,3.04,2.76,-9999.00,30.56,0.31,1.53,-9999,2.06,-0.05,0.940,-9999.000,0.873,-9999,1.179
11219,-9999.00,34.52,25.60,13.71,3.33,2.68,3.60,-9999.00,30.08,0.32,1.55,-9999,2.05,0.18,0.937,0.918,0.875,-9999,1.180
11220,-9999.00,29.99,20.13,11.37,3.04,2.59,3.76,-9999.00,24.13,0.55,2.15,-9999,2.05,0.32,0.926,0.904,0.862,-9999,1.180
11221,-9999.00,28.89,19.71,11.42,2.01,1.86,2.52,-9999.00,22.96,0.57,2.20,-9999,2.07,0.34,0.912,0.887,0.837,-9999,1.180
11222,-9999.00,36.98,22.12,12.45,0.12,0.02,0.50,-9999.00,23.71,0.48,1.93,-9999,2.08,0.28,0.901,0.876,0.815,-9999,1.181
11223,-9999.00,42.90,21.59,11.80,-1.48,-1.30,-1.17,-9999.00,21.87,0.56,2.18,-9999,2.11,0.16,0.894,0.868,0.794,-9999,1.180
11224,-9999.00,41.93,19.50,14.65,-1.81,-1.45,-1.31,-9999.00,19.50,0.55,2.14,-9999,2.13,0.02,0.889,0.863,0.777,-9999,1.180
