NASA Data Processing/CAMP2Ex/OPTICAL/CAMP2Ex-LARGE-OPTICAL_P3B_20190830_R0.ict
100,1001
Luke Ziemba
NASA Langley
In-situ optical aerosol measurements from the NASA P3B
CAMP2Ex
1,1
2019,08,30,2020,05,5
1.0
Time_Mid,Secs after midnight,Time of acquisition
19
1,1,1,1,1,1,1,1,1,1,1,1,1,1,1,1,1,1,1
-9999,-9999,-9999,-9999,-9999,-9999,-9999,-9999,-9999,-9999,-9999,-9999,-9999,-9999,-9999,-9999,-9999,-9999,-9999
Sc550_total_amb, Mm-1, AerOpt_Scattering_InSitu_Green_RHa_Bulk_STP, scattering coefficient of ambient  particles at 550nm
Sc450_total, Mm-1, AerOpt_Scattering_InSitu_Blue_RHd_Bulk_STP, Dry Scattering at 450nm (Total Aerosols)
Sc550_total, Mm-1, AerOpt_Scattering_InSitu_Green_RHd_Bulk_STP, Dry Scattering at 550nm (Total Aerosols)
Sc700_total, Mm-1, AerOpt_Scattering_InSitu_Red_RHd_Bulk_STP, Dry Scattering at 700nm (Total Aerosols)
Abs470_total, Mm-1, AerOpt_Absorption_InSitu_Blue_RHd_Bulk_STP, Dry absorption at 470nm (Total Aerosols)
Abs532_total, Mm-1, AerOpt_Absorption_InSitu_Green_RHd_Bulk_STP, Dry absorption at 532nm (Total Aerosols)
Abs660_total, Mm-1, AerOpt_Absorption_InSitu_Red_RHd_Bulk_STP, Dry absorption at 660nm (Total Aerosols)
Ext532_total_amb, Mm-1, AerOpt_Extinction_InSitu_Green_RHa_Bulk_STP, extinction coefficient of aerosols at 532nm for AMBIENT relative humidity
Ext532_total_dry, Mm-1, AerOpt_Extinction_InSitu_Green_RHd_Bulk_STP, extinction coefficient of aerosols at 532nm for DRY relative humidity
gamma550, unitless, AerOpt_Gamma_InSitu_Green_None_Bulk_STP, derived optical hygroscopic growth factor for particles at 550nm
fRH550_RH20to80, unitless, AerOpt_fRHScat_InSitu_Green_RHsp_Bulk_STP, derived optical hygroscopic growth parameter for particles at 550nm
AEscatAMB_450to700nm,unitless, AerOpt_AngstromExponentScat_InSitu_BluetoRed_RHa_Bulk_STP, derived ambient Angstrom Exponent for scattering coefficient over wavelength range from 450nm to 700nm
AEscatDRY_450to700nm,unitless, AerOpt_AngstromExponentScatInSitu_BluetoRed_RHd_Bulk_STP, derived dry Angstrom Exponent for scattering coefficient over wavelength range from 450nm to 700nm
AEabsDRY_470to660nm,unitless, AerOpt_AngstromExponentAbs_InSitu_BluetoRed_RHd_Bulk_STP, derived dry Angstrom Exponent for absorption coefficient over wavelength range from 450nm to 700nm
SSA_dry_450nm,unitless, AerOpt_SSA_InSitu_Blue_RHd_Bulk_STP, single_scattering_albedo_at_450nm_as_derived_from_dry_scattering_and_absorption
SSA_dry_550nm,unitless, AerOpt_SSA_InSitu_Green_RHd_Bulk_STP, single_scattering_albedo_at_550nm_as_derived_from_dry_scattering_and_absorption
SSA_dry_700nm,unitless, AerOpt_SSA_InSitu_Red_RHd_Bulk_STP, single_scattering_albedo_at_700nm_as_derived_from_dry_scattering_and_absorption
SSA_amb_550nm,unitless, AerOpt_SSA_InSitu_Green_RHa_Bulk_STP, single_scattering_albedo_at_550nm_as_derived_from_ambient_scattering_and_absorption
stdPT,unitless, None, Conversion factor to convert between ambient and standard pressure and temperature conditions
0
67
******************************************************************************************************************
Langley Aerosol data from the 2019 CAMP2Ex field campaign
 
PI_CONTACT_INFO: luke.ziemba@nasa.gov
PLATFORM: NASA P3B aircraft
LOCATION: Latitude, Longitude, and Altitude included in MetNav files
[...]
UNCERTAINTY: estimated uncertainties for directly measured properties
	- For dry scattering, accuracy estimated at 30% for all wavelengths; precision estimated at 4.5 Mm-1 for 450nm wavelength and 3 Mm-1 for 550nm and 700nm wavelengths
	- For dry absorption, accuracy estimated at 15% for all wavelengths; precision is a function of pressure and is estimated to vary from 0.5 Mm-1 near the surface to 2 at high altitude
	- For derived parameters, please contact the PI for a more detailed discussion of uncertainty
ULOD_FLAG: -7777
ULOD_VALUE: N/A
LLOD_FLAG: -8888
LLOD_VALUE: N/A
DM_CONTACT_INFO: Michael Shook (michael.shook@nasa.gov)
PROJECT_INFO: CAMP2Ex 2019
STIPULATIONS_ON_USE: This is FINAL data. Users are strongly encouraged to consult the PI and/or DM prior to use.
OTHER_COMMENTS: N/A
REVISION: R0
R0: STP and ambient parameter calculations now use data from their respective publicly available files, data is time synced to DLH
RD: Correction factor applied to raw scattering data, which also affects the absorption data via the Virkkula correction
RC: Higher threshholds required for calculating intensive parameters; absorption smoothing algorithm applied
RB: Time sync to LARGE CNgt3nm applied
RA: None
******************************************************************************************************************
Time_Mid,Sc550_total_amb,Sc450_total,Sc550_total,Sc700_total,Abs470_total,Abs532_total,Abs660_total,Ext532_total_amb,Ext532_total_dry,gamma550,fRH550_RH20to80,AEscatAMB_450to700nm,AEscatDRY_450to700nm,AEabsDRY_470to660nm,SSA_dry_450nm,SSA_dry_550nm,SSA_dry_700nm,SSA_amb_550nm,stdPT
[from data line 27493]
109686,-9999.00,2.01,4.04,0.41,2.49,1.82,3.96,-9999.00,5.92,-9999.00,-9999.00,0.05,-9999,-9999,-9999,-9999,-9999,-9999,1.510
109687,-9999.00,4.49,4.43,3.01,2.39,2.16,3.06,-9999.00,6.60,-9999.00,-9999.00,0.05,-9999,-9999,-9999,-9999,-9999,-9999,1.510
109688,-9999.00,0.53,1.52,1.47,2.77,1.32,1.73,-9999.00,2.84,-9999.00,-9999.00,0.04,1.97,-9999,-9999,-9999,-9999,-9999,1.510
109689,-9999.00,8.87,4.34,6.05,3.86,1.53,1.86,-9999.00,5.82,-9999.00,-9999.00,0.04,1.72,-9999,-9999,-9999,-9999,-9999,1.510
109690,-9999.00,4.92,3.32,3.72,4.76,2.72,3.05,-9999.00,6.00,-9999.00,-9999.00,0.20,1.67,-9999,-9999,-9999,-9999,-9999,1.508
109691,-9999.00,5.73,7.48,3.65,4.53,3.72,3.52,-9999.00,11.09,0.41,1.78,0.15,1.64,-9999,-9999,-9999,-9999,-9999,1.508
109692,-9999.00,4.51,11.84,3.61,3.63,3.97,2.63,-9999.00,15.65,0.24,1.39,0.16,1.63,-9999,-9999,-9999,-9999,-9999,1.507
109693,-9999.00,4.46,10.55,3.37,2.68,3.85,1.85,-9999.00,14.28,0.35,1.62,0.11,1.70,-9999,-9999,-9999,-9999,-9999,1.504
109694,-9999.00,4.41,9.30,3.13,2.34,3.71,1.52,-9999.00,12.96,0.56,2.17,0.09,1.76,-9999,-9999,-9999,-9999,-9999,1.504
109695,-9999.00,7.31,6.99,1.28,2.41,3.10,0.64,-9999.00,10.08,0.31,1.55,0.07,1.74,-9999,-9999,-9999,-9999,-9999,1.505
109696,-9999.00,9.53,7.12,-0.56,2.00,1.50,0.35,-9999.00,8.64,0.38,1.70,0.09,1.69,-9999,-9999,-9999,-9999,-9999,1.502
109697,-9999.00,12.50,10.93,6.51,-0.58,-0.66,0.51,-9999.00,10.37,-0.05,0.93,-0.00,1.76,-9999,-9999,-9999,-9999,-9999,1.506
109698,15.92,9.87,7.81,4.38,-3.79,-3.31,-1.77,12.31,4.65,0.28,1.47,-0.10,1.86,-9999,-9999,-9999,-9999,-9999,1.503
109699,9.81,8.02,6.73,9.30,-5.77,-7.37,-5.48,2.21,-0.42,0.18,1.27,-0.18,1.94,-9999,-9999,-9999,-9999,-9999,1.508
109700,18.77,8.33,7.03,6.80,-6.90,-9.78,-7.81,8.41,-2.45,0.50,2.00,-0.27,1.95,-9999,-9999,-9999,-9999,-9999,1.507
109701,22.54,9.56,7.60,4.55,-7.54,-10.67,-7.52,11.09,-2.66,0.60,2.29,-0.32,1.94,-9999,-9999,-9999,-9999,-9999,1.509
109702,-9999.00,-0.59,4.73,2.82,-8.02,-11.04,-7.07,-9999.00,-6.03,-9999.00,-9999.00,-0.33,1.92,-9999,-9999,-9999,-9999,-9999,1.509
109703,7.75,9.48,8.53,4.12,-7.87,-10.64,-8.47,-3.08,-1.63,-0.05,0.93,-0.35,1.94,-9999,-9999,-9999,-9999,-9999,1.508
109704,-9999.00,-0.15,4.87,2.58,-7.01,-9.61,-8.55,-9999.00,-4.45,-9999.00,-9999.00,-0.40,2.01,-9999,-9999,-9999,-9999,-9999,1.510
109705,11.70,12.72,8.39,4.10,-6.70,-7.92,-6.08,3.48,1.01,0.18,1.28,-0.46,2.16,-9999,-9999,-9999,-9999,-9999,1.510
109706,16.09,12.58,7.83,3.73,-4.75,-6.22,-4.61,9.45,2.18,0.39,1.73,-0.61,2.28,-9999,-9999,-9999,-9999,-9999,1.509
109707,20.24,12.43,7.27,3.36,-2.66,-4.72,-3.61,15.00,3.12,0.58,2.24,-0.45,2.29,-9999,-9999,-9999,-9999,-9999,1.511
109708,11.83,9.78,5.57,1.24,-2.14,-1.82,-1.81,9.76,4.23,0.42,1.79,-0.38,2.23,-9999,-9999,-9999,-9999,-9999,1.511
109709,16.16,9.79,5.65,2.34,-1.52,-0.33,-0.83,15.46,5.86,0.56,2.17,-0.61,2.19,-9999,-9999,-9999,-9999,-9999,1.508
109710,13.46,9.79,5.87,3.60,-1.05,-0.35,-1.13,12.79,6.12,0.42,1.79,-0.74,2.16,-9999,-9999,-9999,-9999,-9999,1.508
109711,-9999.00,10.24,3.84,3.39,-1.13,-0.66,-2.22,-9999.00,3.58,-9999.00,-9999.00,-0.82,2.06,-9999,-9999,-9999,-9999,-9999,1.509
109712,-9999.00,11.14,1.89,3.27,-1.35,-0.75,-1.39,-9999.00,1.33,-9999.00,-9999.00,-0.82,1.89,-9999,-9999,-9999,-9999,-9999,1.510
109713,-9999.00,11.63,1.80,2.35,-1.17,-0.72,-0.16,-9999.00,1.27,-9999.00,-9999.00,-0.78,1.87,-9999,-9999,-9999,-9999,-9999,1.510
109714,-9999.00,12.12,1.74,1.47,-0.19,-0.72,-0.12,-9999.00,1.21,-9999.00,-9999.00,-0.80,1.87,-9999,-9999,-9999,-9999,-9999,1.510
109715,-9999.00,11.61,1.19,2.96,0.68,-0.39,-0.60,-9999.00,0.94,-9999.00,-9999.00,-0.76,1.93,-9999,-9999,-9999,-9999,-9999,1.509
109716,-9999.00,11.09,0.64,3.48,0.73,0.12,-1.79,-9999.00,0.84,-9999.00,-9999.00,-0.87,1.93,-9999,-9999,-9999,-9999,-9999,1.510
109717,8.52,9.43,5.43,4.43,-0.00,-0.49,-2.98,7.81,5.59,0.23,1.37,-0.81,1.85,-9999,-9999,-9999,-9999,-9999,1.510
109718,7.22,10.83,11.39,4.65,-0.71,-1.02,-2.13,6.02,11.75,-0.23,0.73,-0.71,1.78,-9999,-9999,-9999,-9999,-9999,1.510
109719,6.24,13.82,7.94,3.76,0.19,0.25,-1.26,6.27,9.18,-0.13,0.84,-0.72,1.76,-9999,-9999,-9999,-9999,-9999,1.509
109720,-9999.00,19.35,6.02,2.80,1.13,1.32,-0.39,-9999.00,8.14,-9999.00,-9999.00,-0.72,1.78,-9999,-9999,-9999,-9999,-9999,1.511
109721,9.08,23.89,6.94,5.22,0.42,0.17,-0.27,8.97,8.06,0.14,1.22,-0.68,1.74,-9999,-9999,-9999,-9999,-9999,1.510
109722,-9999.00,17.11,7.03,7.08,-0.37,-0.70,-0.93,-9999.00,7.25,-9999.00,-9999.00,-0.71,1.66,-9999,-9999,-9999,-9999,-9999,1.508
109723,6.50,10.90,7.21,9.01,-0.24,-0.38,-1.38,5.97,7.75,-0.05,0.93,-0.72,1.64,-9999,-9999,-9999,-9999,-9999,1.509
109724,16.68,9.88,5.56,7.86,-0.49,0.12,-0.67,16.30,6.37,0.53,2.09,-0.67,1.62,-9999,-9999,-9999,-9999,-9999,1.508
109725,-9999.00,9.22,3.92,6.72,-0.59,0.40,1.31,-9999.00,4.80,-9999.00,-9999.00,-0.60,1.64,-9999,-9999,-9999,-9999,-9999,1.504
109726,-9999.00,6.53,4.03,6.40,0.51,1.39,2.89,-9999.00,5.91,-9999.00,-9999.00,-0.47,1.67,-9999,-9999,-9999,-9999,-9999,1.508
109727,-9999.00,4.75,5.18,7.61,1.92,2.04,2.31,-9999.00,7.83,-9999.00,-9999.00,-0.34,1.68,-9999,-9999,-9999,-9999,-9999,1.509
109728,-9999.00,5.77,4.13,4.82,2.03,0.73,1.66,-9999.00,5.33,-9999.00,-9999.00,-0.21,1.65,-9999,-9999,-9999,-9999,-9999,1.507
109729,-9999.00,7.40,4.05,3.62,1.67,-0.51,1.66,-9999.00,4.00,-9999.00,-9999.00,-0.19,1.57,-9999,-9999,-9999,-9999,-9999,1.508
109730,-9999.00,7.51,2.31,5.58,1.86,0.58,1.29,-9999.00,3.13,-9999.00,-9999.00,-0.17,1.43,-9999,-9999,-9999,-9999,-9999,1.508
109731,-9999.00,3.95,2.75,4.86,2.11,1.51,1.04,-9999.00,4.51,-9999.00,-9999.00,-0.20,1.29,-9999,-9999,-9999,-9999,-9999,1.508
109732,-9999.00,3.44,3.11,6.29,2.21,1.25,1.11,-9999.00,4.57,-9999.00,-9999.00,-0.30,1.13,-9999,-9999,-9999,-9999,-9999,1.508
109733,-9999.00,3.55,4.18,9.37,1.77,0.56,0.57,-9999.00,5.02,-9999.00,-9999.00,-0.23,0.97,-9999,-9999,-9999,-9999,-9999,1.507
109734,14.68,8.60,5.07,4.70,-0.05,-0.37,-1.60,14.06,5.01,0.52,2.04,-0.21,0.79,-9999,-9999,-9999,-9999,-9999,1.507
109735,-9999.00,4.88,0.78,3.86,-1.38,-1.66,-3.45,-9999.00,-0.83,-9999.00,-9999.00,-0.15,0.68,-9999,-9999,-9999,-9999,-9999,1.510
109736,-9999.00,7.53,3.26,4.08,-2.46,-2.18,-2.96,-9999.00,1.23,-9999.00,-9999.00,-0.08,0.51,-9999,-9999,-9999,-9999,-9999,1.509
109737,10.78,1.95,7.17,4.17,-2.57,-1.33,-1.68,9.31,6.07,0.21,1.33,-0.03,0.33,-9999,-9999,-9999,-9999,-9999,1.510
109738,15.92,10.69,9.47,3.52,-1.92,-0.69,-1.30,15.07,9.02,0.27,1.46,-0.03,0.24,-9999,-9999,-9999,-9999,-9999,1.509
109739,20.53,11.35,8.79,3.19,-1.10,-0.90,-1.40,19.35,8.12,0.47,1.91,0.00,0.24,-9999,-9999,-9999,-9999,-9999,1.510
109740,20.14,13.91,8.48,2.86,-2.02,-1.36,-1.92,18.53,7.35,0.48,1.93,0.08,0.24,-9999,-9999,-9999,-9999,-9999,1.511
109741,20.24,9.35,6.75,1.52,-3.65,-1.58,-2.47,18.34,5.34,0.76,2.85,0.07,0.24,-9999,-9999,-9999,-9999,-9999,1.510
109742,15.18,10.04,6.30,2.99,-2.56,-0.92,-2.07,14.07,5.50,0.49,1.98,0.14,0.20,-9999,-9999,-9999,-9999,-9999,1.511
109743,17.27,10.62,5.76,4.75,0.31,-0.01,0.33,17.05,5.85,0.58,2.22,0.13,0.24,-9999,-9999,-9999,-9999,-9999,1.510
109744,-9999.00,13.69,4.57,8.79,1.69,0.43,3.00,-9999.00,5.05,-9999.00,-9999.00,0.14,0.23,-9999,-9999,-9999,-9999,-9999,1.509
109745,-9999.00,1.54,3.45,5.40,1.93,0.84,2.83,-9999.00,4.32,-9999.00,-9999.00,0.17,0.21,-9999,-9999,-9999,-9999,-9999,1.508
109746,25.20,1.54,8.40,7.46,1.02,1.08,1.13,26.43,9.48,0.58,2.24,0.16,0.18,-9999,-9999,-9999,-9999,-9999,1.508
109747,20.79,1.54,13.35,9.67,1.59,2.03,1.32,23.02,15.32,0.20,1.33,0.16,0.16,-9999,-9999,-9999,-9999,-9999,1.508
109748,20.04,9.79,9.95,16.14,3.40,3.26,2.33,23.49,13.14,0.31,1.53,0.06,0.18,-9999,-9999,-9999,-9999,-9999,1.508
109749,25.12,1.94,8.37,13.42,4.39,3.35,2.59,28.72,11.59,0.50,2.01,-0.04,0.13,-9999,-9999,-9999,-9999,-9999,1.509
109750,18.88,10.10,11.44,10.68,4.44,3.15,3.04,22.11,14.39,0.23,1.37,-0.09,0.14,-9999,-9999,-9999,-9999,-9999,1.509
109751,26.59,9.29,10.78,9.68,2.91,2.42,2.33,29.13,12.87,0.41,1.76,-0.09,-0.00,-9999,-9999,-9999,-9999,-9999,1.509
109752,28.16,8.48,10.11,8.69,1.62,1.47,0.52,29.83,11.20,0.48,1.94,-0.05,-0.08,-9999,-9999,-9999,-9999,-9999,1.509
109753,18.79,6.11,6.26,5.32,1.47,1.12,-0.46,19.99,7.15,0.76,2.88,-0.05,-0.06,-9999,-9999,-9999,-9999,-9999,1.509
109754,16.55,12.94,7.34,11.15,1.01,0.59,0.03,17.24,7.61,0.42,1.78,-0.02,-0.15,-9999,-9999,-9999,-9999,-9999,1.509
109755,15.47,12.96,7.47,10.53,0.62,0.10,0.61,15.69,7.18,0.38,1.69,0.00,-0.29,-9999,-9999,-9999,-9999,-9999,1.511
109756,22.61,12.97,7.59,9.92,-0.51,-0.69,-0.10,22.10,6.44,0.58,2.25,-0.01,-0.48,-9999,-9999,-9999,-9999,-9999,1.511
109757,-9999.00,0.51,4.83,4.82,-1.95,-1.79,-0.59,-9999.00,2.72,-9999.00,-9999.00,-0.09,-0.64,-9999,-9999,-9999,-9999,-9999,1.511
109758,20.18,3.03,8.04,2.68,-2.05,-2.08,-0.24,18.04,5.41,0.49,1.97,-0.14,-0.77,-9999,-9999,-9999,-9999,-9999,1.511
109759,14.88,3.47,7.36,2.80,-2.27,-2.05,-1.24,12.69,4.76,0.36,1.65,-0.21,-0.82,-9999,-9999,-9999,-9999,-9999,1.510
109760,9.64,3.90,6.73,3.08,-1.95,-1.92,-2.18,7.57,4.26,0.18,1.28,-0.29,-0.91,-9999,-9999,-9999,-9999,-9999,1.511
109761,9.63,2.70,7.97,3.43,-1.91,-1.61,-1.63,7.87,5.72,0.09,1.14,-0.33,-0.77,-9999,-9999,-9999,-9999,-9999,1.510
109762,8.23,0.99,5.72,3.53,-2.48,-1.18,-0.90,6.96,4.11,0.18,1.28,-0.30,-0.62,-9999,-9999,-9999,-9999,-9999,1.510
109763,-9999.00,-0.33,3.68,1.66,-1.95,-0.32,-0.71,-9999.00,3.11,-9999.00,-9999.00,-0.17,-0.49,-9999,-9999,-9999,-9999,-9999,1.510
109764,-9999.00,-6.52,6.15,4.10,-0.99,0.10,-0.65,-9999.00,5.83,-9999.00,-9999.00,-0.29,-0.36,-9999,-9999,-9999,-9999,-9999,1.511
109765,-9999.00,8.22,4.18,3.27,0.13,0.14,-0.87,-9999.00,4.08,-9999.00,-9999.00,-0.28,-0.08,-9999,-9999,-9999,-9999,-9999,1.511
109766,-9999.00,-6.15,6.13,5.08,0.10,0.06,-1.14,-9999.00,5.79,-9999.00,-9999.00,-0.32,-0.02,-9999,-9999,-9999,-9999,-9999,1.512
109767,-9999.00,1.61,7.73,4.22,-0.82,-0.21,-0.96,-9999.00,7.02,-9999.00,-9999.00,-0.37,0.08,-9999,-9999,-9999,-9999,-9999,1.511
109768,-9999.00,0.21,4.34,1.23,-0.57,-0.50,-0.57,-9999.00,3.57,-9999.00,-9999.00,-0.42,0.24,-9999,-9999,-9999,-9999,-9999,1.510
109769,-9999.00,-0.65,3.52,-1.23,-0.50,-0.46,0.27,-9999.00,2.86,-9999.00,-9999.00,-0.67,0.39,-9999,-9999,-9999,-9999,-9999,1.511
109770,-9999.00,0.18,3.89,1.83,-0.33,-0.48,0.13,-9999.00,3.14,-9999.00,-9999.00,-1.31,0.58,-9999,-9999,-9999,-9999,-9999,1.510
109771,-9999.00,0.73,2.90,2.49,-0.13,-0.88,-0.92,-9999.00,1.80,-9999.00,-9999.00,-2.57,-9999,-9999,-9999,-9999,-9999,-9999,1.510
109772,-9999.00,1.91,2.88,4.72,-1.08,-1.35,-1.26,-9999.00,1.27,-9999.00,-9999.00,-9999,-9999,-9999,-9999,-9999,-9999,-9999,1.510
109773,-9999.00,3.60,0.00,4.29,-1.91,-1.28,-1.26,-9999.00,-1.27,-9999.00,-9999.00,-9999,-9999,-9999,-9999,-9999,-9999,-9999,1.511
109774,-9999.00,3.04,2.16,-1.74,-2.93,-1.36,-1.63,-9999.00,0.61,-9999.00,-9999.00,-9999,-9999,-9999,-9999,-9999,-9999,-9999,1.510
109775,-9999.00,5.72,0.27,4.46,-3.45,-1.73,-2.32,-9999.00,-9999.00,-9999.00,-9999.00,-9999,-9999,-9999,-9999,-9999,-9999,-9999,1.510
109776,-9999.00,3.66,4.09,-2.59,-2.99,-1.64,-3.05,-9999.00,-9999.00,-9999.00,-9999.00,-9999,-9999,-9999,-9999,-9999,-9999,-9999,1.511
109777,-9999.00,2.97,4.14,-0.58,-2.91,-1.46,-2.90,-9999.00,-9999.00,-9999.00,-9999.00,-9999,-9999,-9999,-9999,-9999,-9999,-9999,1.511
109778,-9999.00,2.29,5.50,1.44,-3.44,-2.63,-2.20,-9999.00,-9999.00,-9999.00,-9999.00,-9999,-9999,-9999,-9999,-9999,-9999,-9999,1.511
109779,-9999.00,3.94,3.04,0.82,-3.36,-2.63,-1.44,-9999.00,-9999.00,-9999.00,-9999.00,-9999,-9999,-9999,-9999,-9999,-9999,-9999,1.511
109780,-9999.00,3.91,1.90,0.20,-3.05,-2.32,-0.67,-9999.00,-9999.00,-9999.00,-9999.00,-9999,-9999,-9999,-9999,-9999,-9999,-9999,1.512
109781,-9999.00,0.12,1.31,-2.60,-2.18,-2.41,-0.37,-9999.00,-9999.00,-9999.00,-9999.00,-9999,-9999,-9999,-9999,-9999,-9999,-9999,1.511
109782,-9999.00,4.05,4.05,0.05,-1.77,-2.44,-0.80,-9999.00,1.61,-9999.00,-9999.00,-9999,-9999,-9999,-9999,-9999,-9999,-9999,1.512
109783,-9999.00,6.23,3.10,0.07,-1.46,-2.02,-0.57,-9999.00,-9999.00,-9999.00,-9999.00,-9999,-9999,-9999,-9999,-9999,-9999,-9999,1.512
109784,-9999.00,5.72,3.16,-0.69,-1.28,-1.82,0.04,-9999.00,-9999.00,-9999.00,-9999.00,-9999,-9999,-9999,-9999,-9999,-9999,-9999,1.510
109785,-9999.00,5.19,3.22,-1.45,-1.08,-1.89,0.11,-9999.00,-9999.00,-9999.00,-9999.00,-9999,-9999,-9999,-9999,-9999,-9999,-9999,1.511
109786,-9999.00,4.58,3.01,0.30,-0.40,-1.48,-0.20,-9999.00,-9999.00,-9999.00,-9999.00,-9999,-9999,-9999,-9999,-9999,-9999,-9999,1.510
109787,-9999.00,3.96,3.07,2.19,0.14,0.03,-1.37,-9999.00,-9999.00,-9999.00,-9999.00,-9999,-9999,-9999,-9999,-9999,-9999,-9999,1.511
109788,-9999.00,4.44,2.67,-0.64,0.15,0.54,-2.01,-9999.00,-9999.00,-9999.00,-9999.00,-9999,-9999,-9999,-9999,-9999,-9999,-9999,1.510
109789,-9999.00,-4.21,0.95,7.55,0.60,0.77,-1.35,-9999.00,-9999.00,-9999.00,-9999.00,-9999,-9999,-9999,-9999,-9999,-9999,-9999,1.511
109790,-9999.00,-4.73,-0.70,4.77,1.17,0.95,-0.47,-9999.00,-9999.00,-9999.00,-9999.00,-9999,-9999,-9999,-9999,-9999,-9999,-9999,1.510
109791,-9999.00,-5.24,-2.36,1.98,1.40,0.67,-0.11,-9999.00,-9999.00,-9999.00,-9999.00,-9999,-9999,-9999,-9999,-9999,-9999,-9999,1.510
109792,-9999.00,-7.79,2.75,-1.30,0.90,0.32,-0.29,-9999.00,-9999.00,-9999.00,-9999.00,-9999,-9999,-9999,-9999,-9999,-9999,-9999,1.510
109793,-9999.00,0.54,-2.22,1.52,0.22,0.34,-0.08,-9999.00,-9999.00,-9999.00,-9999.00,-9999,-9999,-9999,-9999,-9999,-9999,-9999,1.511
109794,-9999.00,-0.25,-1.84,-1.30,-0.39,-0.07,1.12,-9999.00,-9999.00,-9999.00,-9999.00,-9999,-9999,-9999,-9999,-9999,-9999,-9999,1.510
109795,-9999.00,2.13,-2.48,-3.96,-0.74,-0.40,1.39,-9999.00,-9999.00,-9999.00,-9999.00,-9999,-9999,-9999,-9999,-9999,-9999,-9999,1.510
109796,-9999.00,5.22,-2.11,-3.45,-1.09,-0.44,1.01,-9999.00,-9999.00,-9999.00,-9999.00,-9999,-9999,-9999,-9999,-9999,-9999,-9999,1.510
109797,-9999.00,9.69,0.83,0.32,-1.25,-0.78,0.55,-9999.00,-9999.00,-9999.00,-9999.00,-9999,-9999,-9999,-9999,-9999,-9999,-9999,1.511
109798,-9999.00,-1.75,-0.30,-1.63,-1.83,-1.35,-1.36,-9999.00,-9999.00,-9999.00,-9999.00,-9999,-9999,-9999,-9999,-9999,-9999,-9999,1.511
109799,-9999.00,-1.75,-1.19,-1.39,-3.10,-1.97,-3.20,-9999.00,-9999.00,-9999.00,-9999.00,-9999,-9999,-9999,-9999,-9999,-9999,-9999,1.510
109800,-9999.00,-1.75,-2.08,-1.14,-3.15,-1.93,-2.20,-9999.00,-9999.00,-9999.00,-9999.00,-9999,-9999,-9999,-9999,-9999,-9999,-9999,1.511
109801,-9999.00,1.81,-0.92,-1.62,-2.38,-1.46,-0.69,-9999.00,-9999.00,-9999.00,-9999.00,-9999,-9999,-9999,-9999,-9999,-9999,-9999,1.512
109802,-9999.00,5.38,0.24,-2.11,-1.02,-0.96,-0.79,-9999.00,-9999.00,-9999.00,-9999.00,-9999,-9999,-9999,-9999,-9999,-9999,-9999,1.512
109803,-9999.00,3.28,0.80,1.52,0.13,-0.02,-2.19,-9999.00,-9999.00,-9999.00,-9999.00,-9999,-9999,-9999,-9999,-9999,-9999,-9999,1.512
109804,-9999.00,-0.39,-0.03,-0.25,0.36,0.45,-1.74,-9999.00,-9999.00,-9999.00,-9999.00,-9999,-9999,-9999,-9999,-9999,-9999,-9999,1.511
109805,-9999.00,-2.05,0.00,3.18,0.66,0.27,0.24,-9999.00,-9999.00,-9999.00,-9999.00,-9999,-9999,-9999,-9999,-9999,-9999,-9999,1.510
109806,-9999.00,-0.97,-0.13,0.68,0.12,-0.17,1.17,-9999.00,-9999.00,-9999.00,-9999.00,-9999,-9999,-9999,-9999,-9999,-9999,-9999,1.511
109807,-9999.00,0.11,-0.27,-1.81,0.40,-0.02,2.35,-9999.00,-9999.00,-9999.00,-9999.00,-9999,-9999,-9999,-9999,-9999,-9999,-9999,1.511
109808,-9999.00,-3.56,-2.19,-4.17,2.25,0.69,2.95,-9999.00,-9999.00,-9999.00,-9999.00,-9999,-9999,-9999,-9999,-9999,-9999,-9999,1.511
109809,-9999.00,-0.21,-0.41,-0.19,2.60,0.70,1.90,-9999.00,-9999.00,-9999.00,-9999.00,-9999,-9999,-9999,-9999,-9999,-9999,-9999,1.510
109810,-9999.00,1.15,-0.15,2.48,2.33,0.60,1.34,-9999.00,-9999.00,-9999.00,-9999.00,-9999,-9999,-9999,-9999,-9999,-9999,-9999,1.511
109811,-9999.00,5.18,1.36,3.39,2.03,0.52,1.29,-9999.00,-9999.00,-9999.00,-9999.00,-9999,-9999,-9999,-9999,-9999,-9999,-9999,1.511
109812,-9999.00,3.97,0.01,2.36,1.43,0.56,1.68,-9999.00,-9999.00,-9999.00,-9999.00,-9999,-9999,-9999,-9999,-9999,-9999,-9999,1.511
109813,-9999.00,2.76,-1.23,1.98,1.20,0.28,1.85,-9999.00,-9999.00,-9999.00,-9999.00,-9999,-9999,-9999,-9999,-9999,-9999,-9999,1.510
