NASA Data Processing/CAMP2Ex/OPTICAL/CAMP2Ex-LARGE-OPTICAL_P3B_20190829_R0.ict
100,1001
Luke Ziemba
NASA Langley
In-situ optical aerosol measurements from the NASA P3B
CAMP2Ex
1,1
2019,08,29,2020,05,5
1.0
Time_Mid,Secs after midnight,Time of acquisition
19
1,1,1,1,1,1,1,1,1,1,1,1,1,1,1,1,1,1,1
-9999,-9999,-9999,-9999,-9999,-9999,-9999,-9999,-9999,-9999,-9999,-9999,-9999,-9999,-9999,-9999,-9999,-9999,-9999
Sc550_total_amb, Mm-1, AerOpt_Scattering_InSitu_Green_RHa_Bulk_STP, scattering coefficient of ambient  particles at 550nm
Sc450_total, Mm-1, AerOpt_Scattering_InSitu_Blue_RHd_Bulk_STP, Dry Scattering at 450nm (Total Aerosols)
Sc550_total, Mm-1, AerOpt_Scattering_InSitu_Green_RHd_Bulk_STP, Dry Scattering at 550nm (Total Aerosols)
Sc700_total, Mm-1, AerOpt_Scattering_InSitu_Red_RHd_Bulk_STP, Dry Scattering at 700nm (Total Aerosols)
Abs470_total, Mm-1, AerOpt_Absorption_InSitu_Blue_RHd_Bulk_STP, Dry absorption at 470nm (Total Aerosols)
Abs532_total, Mm-1, AerOpt_Absorption_InSitu_Green_RHd_Bulk_STP, Dry absorption at 532nm (Total Aerosols)
Abs660_total, Mm-1, AerOpt_Absorption_InSitu_Red_RHd_Bulk_STP, Dry absorption at 660nm (Total Aerosols)
Ext532_total_amb, Mm-1, AerOpt_Extinction_InSitu_Green_RHa_Bulk_STP, extinction coefficient of aerosols at 532nm for AMBIENT relative humidity
Ext532_total_dry, Mm-1, AerOpt_Extinction_InSitu_Green_RHd_Bulk_STP, extinction coefficient of aerosols at 532nm for DRY relative humidity
gamma550, unitless, AerOpt_Gamma_InSitu_Green_None_Bulk_STP, derived optical hygroscopic growth factor for particles at 550nm
fRH550_RH20to80, unitless, AerOpt_fRHScat_InSitu_Green_RHsp_Bulk_STP, derived optical hygroscopic growth parameter for particles at 550nm
AEscatAMB_450to700nm,unitless, AerOpt_AngstromExponentScat_InSitu_BluetoRed_RHa_Bulk_STP, derived ambient Angstrom Exponent for scattering coefficient over wavelength range from 450nm to 700nm
AEscatDRY_450to700nm,unitless, AerOpt_AngstromExponentScatInSitu_BluetoRed_RHd_Bulk_STP, derived dry Angstrom Exponent for scattering coefficient over wavelength range from 450nm to 700nm
AEabsDRY_470to660nm,unitless, AerOpt_AngstromExponentAbs_InSitu_BluetoRed_RHd_Bulk_STP, derived dry Angstrom Exponent for absorption coefficient over wavelength range from 450nm to 700nm
SSA_dry_450nm,unitless, AerOpt_SSA_InSitu_Blue_RHd_Bulk_STP, single_scattering_albedo_at_450nm_as_derived_from_dry_scattering_and_absorption
SSA_dry_550nm,unitless, AerOpt_SSA_InSitu_Green_RHd_Bulk_STP, single_scattering_albedo_at_550nm_as_derived_from_dry_scattering_and_absorption
SSA_dry_700nm,unitless, AerOpt_SSA_InSitu_Red_RHd_Bulk_STP, single_scattering_albedo_at_700nm_as_derived_from_dry_scattering_and_absorption
SSA_amb_550nm,unitless, AerOpt_SSA_InSitu_Green_RHa_Bulk_STP, single_scattering_albedo_at_550nm_as_derived_from_ambient_scattering_and_absorption
stdPT,unitless, None, Conversion factor to convert between ambient and standard pressure and temperature conditions
0
67
******************************************************************************************************************
Langley Aerosol data from the 2019 CAMP2Ex field campaign
 
PI_CONTACT_INFO: luke.ziemba@nasa.gov
PLATFORM: NASA P3B aircraft
LOCATION: Latitude, Longitude, and Altitude included in MetNav files
[...]
UNCERTAINTY: estimated uncertainties for directly measured properties
	- For dry scattering, accuracy estimated at 30% for all wavelengths; precision estimated at 4.5 Mm-1 for 450nm wavelength and 3 Mm-1 for 550nm and 700nm wavelengths
	- For dry absorption, accuracy estimated at 15% for all wavelengths; precision is a function of pressure and is estimated to vary from 0.5 Mm-1 near the surface to 2 at high altitude
	- For derived parameters, please contact the PI for a more detailed discussion of uncertainty
ULOD_FLAG: -7777
ULOD_VALUE: N/A
LLOD_FLAG: -8888
LLOD_VALUE: N/A
DM_CONTACT_INFO: Michael Shook (michael.shook@nasa.gov)
PROJECT_INFO: CAMP2Ex 2019
STIPULATIONS_ON_USE: This is FINAL data. Users are strongly encouraged to consult the PI and/or DM prior to use.
OTHER_COMMENTS: N/A
REVISION: R0
R0: STP and ambient parameter calculations now use data from their respective publicly available files, data is time synced to DLH
RD: Correction factor applied to raw scattering data, which also affects the absorption data via the Virkkula correction
RC: Higher threshholds required for calculating intensive parameters; absorption smoothing algorithm applied
RB: Time sync to LARGE CNgt3nm applied
RA: None
******************************************************************************************************************
Time_Mid,Sc550_total_amb,Sc450_total,Sc550_total,Sc700_total,Abs470_total,Abs532_total,Abs660_total,Ext532_total_amb,Ext532_total_dry,gamma550,fRH550_RH20to80,AEscatAMB_450to700nm,AEscatDRY_450to700nm,AEabsDRY_470to660nm,SSA_dry_450nm,SSA_dry_550nm,SSA_dry_700nm,SSA_amb_550nm,stdPT
[from data line 25403]
106198,-9999.00,10.76,6.43,4.62,2.82,2.63,1.40,-9999.00,9.60,0.04,1.05,-9999,2.82,-9999,-9999,-9999,-9999,-9999,1.223
106199,-9999.00,7.84,6.05,3.48,3.11,2.17,1.83,-9999.00,8.76,0.08,1.11,-9999,2.86,-9999,-9999,-9999,-9999,-9999,1.224
106200,-9999.00,5.66,6.18,2.36,2.89,1.72,2.44,-9999.00,8.47,0.05,1.07,-9999,2.95,-9999,-9999,-9999,-9999,-9999,1.223
106201,-9999.00,7.46,6.12,5.00,1.94,1.19,2.46,-9999.00,7.87,0.05,1.08,-9999,2.98,-9999,-9999,-9999,-9999,-9999,1.224
106202,-9999.00,6.80,5.07,1.97,0.94,-0.96,1.53,-9999.00,4.56,0.43,1.81,-9999,2.87,-9999,-9999,-9999,-9999,-9999,1.224
106203,-9999.00,9.96,7.40,3.68,-0.20,-1.76,-0.35,-9999.00,6.25,0.12,1.18,-9999,2.74,-9999,-9999,-9999,-9999,-9999,1.224
106204,-9999.00,9.43,6.98,1.78,-1.82,-2.32,-1.71,-9999.00,5.26,-0.07,0.91,-9999,2.77,-9999,-9999,-9999,-9999,-9999,1.225
106205,-9999.00,9.97,6.98,-0.03,-2.53,-2.86,-1.17,-9999.00,4.69,-9999.00,-9999.00,-9999,2.78,-9999,-9999,-9999,-9999,-9999,1.225
106206,-9999.00,7.46,5.48,1.54,-3.36,-3.29,-0.87,-9999.00,2.61,0.05,1.07,-9999,2.77,-9999,-9999,-9999,-9999,-9999,1.226
106207,-9999.00,10.04,6.94,-0.77,-3.79,-4.36,-1.77,-9999.00,3.11,-9999.00,-9999.00,-9999,2.77,-9999,-9999,-9999,-9999,-9999,1.226
106208,-9999.00,7.05,5.72,-1.97,-4.42,-5.54,-2.98,-9999.00,0.62,0.05,1.07,-9999,2.74,-9999,-9999,-9999,-9999,-9999,1.226
106209,-9999.00,7.24,6.42,-0.12,-4.76,-5.59,-3.84,-9999.00,1.31,0.09,1.14,-9999,2.75,-9999,-9999,-9999,-9999,-9999,1.226
106210,-9999.00,7.05,6.94,0.26,-3.98,-4.43,-4.17,-9999.00,3.01,-0.13,0.84,-9999,2.63,-9999,-9999,-9999,-9999,-9999,1.227
106211,-9999.00,10.70,4.28,3.74,-3.40,-2.24,-3.21,-9999.00,2.34,-9999.00,-9999.00,-9999,2.60,-9999,-9999,-9999,-9999,-9999,1.226
106212,-9999.00,12.03,5.53,3.74,-3.06,-1.95,-1.69,-9999.00,3.98,0.00,1.00,-9999,2.56,-9999,-9999,-9999,-9999,-9999,1.225
106213,-9999.00,13.70,3.33,2.22,-0.98,-1.26,-0.91,-9999.00,2.31,-9999.00,-9999.00,-9999,2.62,-9999,-9999,-9999,-9999,-9999,1.226
106214,-9999.00,7.68,2.43,0.99,0.46,-0.16,-0.64,-9999.00,2.43,-9999.00,-9999.00,-9999,2.68,-9999,-9999,-9999,-9999,-9999,1.226
106215,-9999.00,3.14,0.65,0.54,1.54,0.47,-0.34,-9999.00,1.16,-9999.00,-9999.00,-9999,2.72,-9999,-9999,-9999,-9999,-9999,1.224
106216,-9999.00,8.38,6.41,2.15,2.19,1.30,-0.39,-9999.00,8.15,-0.01,0.99,-9999,2.73,-9999,-9999,-9999,-9999,-9999,1.224
106217,-9999.00,4.20,6.48,4.62,2.06,2.40,0.71,-9999.00,9.37,-0.08,0.90,-9999,2.78,-9999,-9999,-9999,-9999,-9999,1.225
106218,-9999.00,5.13,8.33,5.16,1.57,2.00,1.29,-9999.00,10.97,-0.04,0.94,-9999,2.69,-9999,-9999,-9999,-9999,-9999,1.225
106219,-9999.00,10.70,2.44,1.82,0.67,0.08,0.08,-9999.00,2.71,-9999.00,-9999.00,-9999,2.61,-9999,-9999,-9999,-9999,-9999,1.226
106220,-9999.00,3.65,3.02,2.88,-0.60,-1.17,-1.34,-9999.00,2.08,-9999.00,-9999.00,-9999,2.52,-9999,-9999,-9999,-9999,-9999,1.226
106221,-9999.00,3.59,3.01,2.88,-0.85,-0.96,-1.59,-9999.00,2.28,-9999.00,-9999.00,-9999,2.39,-9999,-9999,-9999,-9999,-9999,1.226
106222,-9999.00,3.75,2.67,0.19,-1.35,-1.21,-1.43,-9999.00,1.67,-9999.00,-9999.00,-9999,2.39,-9999,-9999,-9999,-9999,-9999,1.227
106223,-9999.00,5.72,3.28,2.67,-2.02,-2.27,-1.69,-9999.00,1.26,-9999.00,-9999.00,-9999,2.37,-9999,-9999,-9999,-9999,-9999,1.227
106224,-9999.00,5.69,1.74,2.13,-2.44,-2.69,-2.03,-9999.00,-0.81,-9999.00,-9999.00,-9999,2.15,-9999,-9999,-9999,-9999,-9999,1.226
106225,-9999.00,8.43,3.94,5.57,-2.34,-2.10,-1.10,-9999.00,2.18,-9999.00,-9999.00,-9999,2.07,-9999,-9999,-9999,-9999,-9999,1.227
106226,-9999.00,5.42,3.52,2.66,-1.38,-1.26,-1.04,-9999.00,2.58,-9999.00,-9999.00,-9999,2.02,-9999,-9999,-9999,-9999,-9999,1.227
106227,-9999.00,5.48,3.34,3.79,-0.23,-0.42,-1.31,-9999.00,3.22,-9999.00,-9999.00,-9999,1.99,-9999,-9999,-9999,-9999,-9999,1.227
106228,-9999.00,5.94,4.68,2.58,0.63,0.77,-0.25,-9999.00,5.84,-9999.00,-9999.00,-9999,1.93,-9999,-9999,-9999,-9999,-9999,1.227
106229,-9999.00,6.16,5.41,1.56,2.06,2.11,0.80,-9999.00,7.92,-9999.00,-9999.00,-9999,1.78,-9999,-9999,-9999,-9999,-9999,1.227
106230,-9999.00,6.14,5.21,1.77,2.84,2.58,1.46,-9999.00,8.16,0.10,1.14,-9999,1.68,-9999,-9999,-9999,-9999,-9999,1.227
106231,-9999.00,6.13,5.37,1.98,3.07,2.60,2.22,-9999.00,8.34,0.07,1.11,-9999,1.61,-9999,-9999,-9999,-9999,-9999,1.226
106232,-9999.00,11.73,4.58,4.94,3.24,2.85,2.29,-9999.00,7.75,-9999.00,-9999.00,-9999,1.61,-9999,-9999,-9999,-9999,-9999,1.226
106233,-9999.00,9.58,4.39,5.42,3.30,3.23,2.38,-9999.00,7.93,-9999.00,-9999.00,-9999,1.69,-9999,-9999,-9999,-9999,-9999,1.226
106234,-9999.00,9.70,7.31,6.16,3.27,3.40,2.28,-9999.00,11.28,-0.07,0.91,-9999,1.79,-9999,-9999,-9999,-9999,-9999,1.226
106235,-9999.00,6.21,6.02,3.77,3.31,3.00,1.95,-9999.00,9.45,0.12,1.18,-9999,1.76,-9999,-9999,-9999,-9999,-9999,1.226
106236,-9999.00,12.37,9.75,5.13,2.80,2.41,2.22,-9999.00,12.88,-0.16,0.80,-9999,1.81,-9999,-9999,-9999,-9999,-9999,1.226
106237,-9999.00,8.95,6.53,2.29,2.39,2.10,2.43,-9999.00,9.13,0.26,1.44,-9999,1.87,-9999,-9999,-9999,-9999,-9999,1.227
106238,-9999.00,12.42,8.30,0.56,2.54,2.02,2.37,-9999.00,10.95,0.04,1.05,-9999,1.91,-9999,-9999,-9999,-9999,-9999,1.226
106239,-9999.00,7.80,1.37,6.93,2.49,2.24,1.97,-9999.00,3.71,-9999.00,-9999.00,-9999,2.00,-9999,-9999,-9999,-9999,-9999,1.226
106240,-9999.00,8.99,3.75,3.65,2.23,2.24,1.13,-9999.00,6.26,-9999.00,-9999.00,-9999,2.10,-9999,-9999,-9999,-9999,-9999,1.227
106241,-9999.00,8.50,5.08,2.97,2.11,1.99,0.62,-9999.00,7.42,0.31,1.54,-9999,2.21,-9999,0.813,-9999.000,-9999.000,-9999,1.225
106242,-9999.00,8.84,5.98,4.16,1.65,1.55,0.32,-9999.00,7.94,0.15,1.24,-9999,2.24,-9999,0.799,-9999.000,-9999.000,-9999,1.226
106243,-9999.00,9.16,6.88,5.35,1.04,0.84,0.64,-9999.00,8.21,-0.02,0.97,-9999,2.28,-9999,0.797,-9999.000,-9999.000,-9999,1.225
106244,-9999.00,14.44,9.78,9.52,0.82,0.59,1.00,-9999.00,11.10,-0.26,0.70,-9999,2.34,-9999,0.806,-9999.000,-9999.000,-9999,1.226
106245,-9999.00,8.62,5.21,6.25,0.93,1.16,0.77,-9999.00,6.76,0.14,1.21,-9999,2.38,-9999,0.825,-9999.000,-9999.000,-9999,1.226
106246,-9999.00,9.52,7.68,7.06,0.83,1.56,1.03,-9999.00,9.78,-0.13,0.83,-9999,2.39,-9999,-9999,-9999,-9999,-9999,1.226
106247,-9999.00,6.64,4.24,1.11,0.58,0.95,1.29,-9999.00,5.47,-9999.00,-9999.00,-9999,2.38,-9999,-9999,-9999,-9999,-9999,1.226
106248,-9999.00,9.54,8.31,3.29,0.65,0.24,0.82,-9999.00,9.07,0.07,1.11,-9999,2.38,-9999,-9999,-9999,-9999,-9999,1.226
106249,-9999.00,9.80,5.81,2.14,0.83,0.52,0.76,-9999.00,6.71,0.03,1.04,-9999,2.44,-9999,-9999,-9999,-9999,-9999,1.225
106250,-9999.00,11.04,8.75,3.37,0.70,0.86,1.37,-9999.00,10.23,-0.18,0.78,-9999,2.55,-9999,-9999,-9999,-9999,-9999,1.226
106251,-9999.00,10.58,6.41,3.56,0.72,0.86,1.65,-9999.00,7.76,0.14,1.21,-9999,2.63,-9999,-9999,-9999,-9999,-9999,1.225
106252,-9999.00,12.20,4.18,3.45,1.33,1.45,1.49,-9999.00,5.96,-9999.00,-9999.00,-9999,2.74,-9999,-9999,-9999,-9999,-9999,1.225
106253,-9999.00,10.52,8.05,1.17,2.26,2.15,1.93,-9999.00,10.83,0.08,1.12,-9999,2.76,-9999,-9999,-9999,-9999,-9999,1.225
106254,-9999.00,11.83,5.73,0.77,2.96,2.10,2.27,-9999.00,8.29,0.45,1.87,-9999,2.68,-9999,-9999,-9999,-9999,-9999,1.224
106255,-9999.00,8.57,9.04,-1.55,3.03,1.83,1.53,-9999.00,11.57,-0.14,0.83,-9999,2.78,-9999,-9999,-9999,-9999,-9999,1.224
106256,-9999.00,8.72,7.02,0.10,2.41,1.77,1.45,-9999.00,9.31,-0.18,0.78,-9999,2.74,-9999,-9999,-9999,-9999,-9999,1.224
106257,-9999.00,6.66,5.14,1.75,1.53,1.69,2.06,-9999.00,7.23,0.04,1.05,-9999,2.72,-9999,-9999,-9999,-9999,-9999,1.224
106258,-9999.00,11.87,4.78,4.16,1.01,1.16,1.62,-9999.00,6.31,-9999.00,-9999.00,-9999,2.75,-9999,-9999,-9999,-9999,-9999,1.225
106259,-9999.00,7.86,2.57,0.63,0.25,0.59,0.71,-9999.00,3.36,-9999.00,-9999.00,-9999,2.80,-9999,-9999,-9999,-9999,-9999,1.225
106260,-9999.00,14.22,10.32,2.39,0.13,0.58,0.21,-9999.00,11.73,-0.24,0.72,-9999,2.94,-9999,-9999,-9999,-9999,-9999,1.225
106261,-9999.00,2.71,7.40,0.39,0.32,0.57,0.66,-9999.00,8.57,-0.05,0.93,-9999,2.97,-9999,-9999,-9999,-9999,-9999,1.224
106262,-9999.00,5.34,11.42,2.24,-0.08,0.41,0.59,-9999.00,12.76,-0.39,0.58,-9999,3.10,-9999,-9999,-9999,-9999,-9999,1.224
106263,-9999.00,2.23,0.51,1.58,-0.65,0.01,-0.69,-9999.00,0.56,-9999.00,-9999.00,-9999,3.06,-9999,-9999,-9999,-9999,-9999,1.225
106264,-9999.00,11.84,2.92,3.36,-0.65,-0.59,-1.25,-9999.00,2.58,-9999.00,-9999.00,-9999,3.15,-9999,-9999,-9999,-9999,-9999,1.225
106265,-9999.00,10.44,2.71,1.80,-0.37,-0.59,-1.29,-9999.00,2.36,-9999.00,-9999.00,-9999,-9999,-9999,-9999,-9999,-9999,-9999,1.224
106266,-9999.00,9.25,3.01,1.56,-0.27,-0.62,-1.66,-9999.00,2.66,-9999.00,-9999.00,-9999,-9999,-9999,-9999,-9999,-9999,-9999,1.225
106267,-9999.00,8.19,4.35,-0.57,-0.74,-0.80,-1.39,-9999.00,3.97,-9999.00,-9999.00,-9999,-9999,-9999,-9999,-9999,-9999,-9999,1.225
106268,-9999.00,5.20,2.86,0.51,-0.57,-1.14,-0.89,-9999.00,1.98,-9999.00,-9999.00,-9999,-9999,-9999,-9999,-9999,-9999,-9999,1.225
106269,-9999.00,5.64,2.95,1.62,-0.14,-1.21,-0.59,-9999.00,2.02,-9999.00,-9999.00,-9999,-9999,-9999,-9999,-9999,-9999,-9999,1.224
106270,-9999.00,6.10,3.08,2.91,-0.37,-1.67,-1.43,-9999.00,1.72,-9999.00,-9999.00,-9999,-9999,-9999,-9999,-9999,-9999,-9999,1.224
106271,-9999.00,8.66,4.64,4.84,-0.99,-2.29,-2.25,-9999.00,2.80,-9999.00,-9999.00,-9999,2.73,-9999,-9999,-9999,-9999,-9999,1.224
106272,-9999.00,7.20,3.95,3.15,-1.46,-2.24,-1.39,-9999.00,2.12,-9999.00,-9999.00,-9999,2.60,-9999,-9999,-9999,-9999,-9999,1.225
106273,-9999.00,8.91,4.94,3.34,-2.09,-1.83,-0.52,-9999.00,3.66,-9999.00,-9999.00,-9999,2.63,-9999,-9999,-9999,-9999,-9999,1.225
106274,-9999.00,7.29,4.06,3.01,-2.61,-2.28,-0.92,-9999.00,2.23,-9999.00,-9999.00,-9999,2.62,-9999,-9999,-9999,-9999,-9999,1.224
106275,-9999.00,8.06,4.62,3.06,-2.56,-2.75,-1.61,-9999.00,2.35,-9999.00,-9999.00,-9999,2.50,-9999,-9999,-9999,-9999,-9999,1.225
106276,-9999.00,5.97,3.24,4.49,-2.06,-2.38,-1.41,-9999.00,1.20,-9999.00,-9999.00,-9999,2.25,-9999,-9999,-9999,-9999,-9999,1.225
106277,-9999.00,4.37,3.73,1.84,-1.50,-1.05,-0.28,-9999.00,3.09,-9999.00,-9999.00,-9999,2.16,-9999,-9999,-9999,-9999,-9999,1.226
106278,-9999.00,4.43,3.66,1.62,-1.32,-0.73,0.09,-9999.00,3.36,-9999.00,-9999.00,-9999,2.19,-9999,-9999,-9999,-9999,-9999,1.225
106279,-9999.00,6.14,2.39,-0.02,-2.36,-1.58,-0.68,-9999.00,1.10,-9999.00,-9999.00,-9999,2.30,-9999,-9999,-9999,-9999,-9999,1.225
106280,-9999.00,6.14,2.40,-0.54,-4.08,-2.94,-1.30,-9999.00,-0.29,-9999.00,-9999.00,-9999,2.07,-9999,-9999,-9999,-9999,-9999,1.225
106281,-9999.00,5.16,2.06,1.48,-4.96,-3.95,-2.91,-9999.00,-1.70,-9999.00,-9999.00,-9999,1.84,-9999,-9999,-9999,-9999,-9999,1.226
106282,-9999.00,9.25,1.85,-0.05,-5.21,-3.92,-4.03,-9999.00,-1.94,-9999.00,-9999.00,-9999,1.65,-9999,-9999,-9999,-9999,-9999,1.227
106283,-9999.00,3.91,2.07,3.07,-5.08,-3.40,-4.16,-9999.00,-1.18,-9999.00,-9999.00,-9999,1.50,-9999,-9999,-9999,-9999,-9999,1.226
106284,-9999.00,6.03,1.69,2.22,-4.60,-3.39,-3.55,-9999.00,-1.58,-9999.00,-9999.00,-9999,1.39,-9999,-9999,-9999,-9999,-9999,1.226
106285,-9999.00,6.42,0.77,4.84,-4.43,-3.68,-3.51,-9999.00,-2.85,-9999.00,-9999.00,-9999,1.38,-9999,-9999,-9999,-9999,-9999,1.226
106286,-9999.00,5.13,7.23,4.78,-4.78,-4.53,-4.65,-9999.00,3.17,-9999.00,-9999.00,-9999,1.20,-9999,-9999,-9999,-9999,-9999,1.228
106287,-9999.00,6.95,3.85,3.51,-5.29,-5.03,-5.02,-9999.00,-0.93,-9999.00,-9999.00,-9999,1.20,-9999,-9999,-9999,-9999,-9999,1.226
106288,-9999.00,12.54,2.79,2.84,-4.83,-4.08,-3.92,-9999.00,-1.13,-9999.00,-9999.00,-9999,1.00,-9999,-9999,-9999,-9999,-9999,1.226
106289,-9999.00,7.98,2.96,3.00,-3.28,-2.34,-3.27,-9999.00,0.77,-9999.00,-9999.00,-9999,0.82,-9999,-9999,-9999,-9999,-9999,1.227
106290,-9999.00,3.84,3.26,3.15,-2.12,-1.29,-1.80,-9999.00,2.12,-9999.00,-9999.00,-9999,0.73,-9999,-9999,-9999,-9999,-9999,1.226
106291,-9999.00,-4.11,1.09,3.81,-1.30,-1.36,-1.10,-9999.00,-0.22,-9999.00,-9999.00,-9999,0.67,-9999,-9999,-9999,-9999,-9999,1.226
106292,-9999.00,-2.34,1.90,1.51,-0.70,-1.18,-1.12,-9999.00,0.82,-9999.00,-9999.00,-9999,0.74,-9999,-9999,-9999,-9999,-9999,1.226
106293,-9999.00,-0.57,2.72,-0.79,-0.60,-0.41,-0.97,-9999.00,2.49,-9999.00,-9999.00,-9999,0.82,-9999,-9999,-9999,-9999,-9999,1.227
106294,-9999.00,7.78,2.77,0.02,-0.81,-0.26,-0.82,-9999.00,2.76,-9999.00,-9999.00,-9999,0.99,-9999,-9999,-9999,-9999,-9999,1.226
106295,-9999.00,-2.89,3.53,4.91,-1.05,-0.05,-0.04,-9999.00,-9999.00,-9999.00,-9999.00,-9999,1.11,-9999,-9999,-9999,-9999,-9999,1.226
106296,-9999.00,-1.60,4.39,4.16,-0.76,0.46,0.84,-9999.00,-9999.00,-9999.00,-9999.00,-9999,1.19,-9999,-9999,-9999,-9999,-9999,1.226
106297,-9999.00,-0.32,5.24,3.41,-0.44,0.36,0.45,-9999.00,-9999.00,-9999.00,-9999.00,-9999,-9999,-9999,-9999,-9999,-9999,-9999,1.227
106298,-9999.00,2.59,1.30,1.45,-0.97,-0.18,-0.31,-9999.00,-9999.00,-9999.00,-9999.00,-9999,1.07,-9999,-9999,-9999,-9999,-9999,1.226
106299,-9999.00,0.37,0.78,1.73,-0.51,-0.18,-0.50,-9999.00,0.67,-9999.00,-9999.00,-9999,0.87,-9999,-9999,-9999,-9999,-9999,1.227
106300,-9999.00,3.74,0.89,1.15,0.64,0.44,-0.05,-9999.00,-9999.00,-9999.00,-9999.00,-9999,0.80,-9999,-9999,-9999,-9999,-9999,1.226
106301,-9999.00,-3.04,1.10,3.75,0.34,0.45,0.26,-9999.00,-9999.00,-9999.00,-9999.00,-9999,0.78,-9999,-9999,-9999,-9999,-9999,1.226
106302,-9999.00,4.15,0.90,2.40,-0.94,-0.27,-0.56,-9999.00,-9999.00,-9999.00,-9999.00,-9999,-9999,-9999,-9999,-9999,-9999,-9999,1.227
106303,-9999.00,-4.25,0.43,2.81,-0.97,-0.57,-1.03,-9999.00,-9999.00,-9999.00,-9999.00,-9999,-9999,-9999,-9999,-9999,-9999,-9999,1.226
106304,-9999.00,-1.18,0.86,2.39,-0.74,-0.54,-1.28,-9999.00,-9999.00,-9999.00,-9999.00,-9999,-9999,-9999,-9999,-9999,-9999,-9999,1.226
106305,-9999.00,2.04,1.48,2.33,-1.03,-0.42,-1.60,-9999.00,-9999.00,-9999.00,-9999.00,-9999,-9999,-9999,-9999,-9999,-9999,-9999,1.227
106306,-9999.00,4.12,1.30,2.02,-0.81,-0.06,-0.84,-9999.00,-9999.00,-9999.00,-9999.00,-9999,-9999,-9999,-9999,-9999,-9999,-9999,1.226
106307,-9999.00,3.62,-0.04,0.66,0.30,0.23,0.29,-9999.00,-9999.00,-9999.00,-9999.00,-9999,-9999,-9999,-9999,-9999,-9999,-9999,1.226
106308,-9999.00,6.52,-1.51,1.06,0.37,0.34,0.54,-9999.00,-9999.00,-9999.00,-9999.00,-9999,-9999,-9999,-9999,-9999,-9999,-9999,1.226
106309,-9999.00,10.23,0.06,0.31,-0.59,0.12,0.33,-9999.00,-9999.00,-9999.00,-9999.00,-9999,-9999,-9999,-9999,-9999,-9999,-9999,1.226
106310,-9999.00,7.74,-1.85,-2.38,-0.35,0.14,0.39,-9999.00,-9999.00,-9999.00,-9999.00,-9999,-9999,-9999,-9999,-9999,-9999,-9999,1.226
106311,-9999.00,9.42,3.56,-1.11,0.84,0.69,1.11,-9999.00,-9999.00,-9999.00,-9999.00,-9999,-9999,-9999,-9999,-9999,-9999,-9999,1.226
106312,-9999.00,4.53,0.94,-1.87,0.95,1.13,1.52,-9999.00,-9999.00,-9999.00,-9999.00,-9999,-9999,-9999,-9999,-9999,-9999,-9999,1.225
106313,-9999.00,1.63,5.47,1.72,1.17,1.19,1.42,-9999.00,-9999.00,-9999.00,-9999.00,-9999,-9999,-9999,-9999,-9999,-9999,-9999,1.226
106314,-9999.00,2.68,2.43,8.19,1.69,0.81,1.08,-9999.00,-9999.00,-9999.00,-9999.00,-9999,-9999,-9999,-9999,-9999,-9999,-9999,1.225
106315,-9999.00,2.35,0.91,1.76,1.51,0.66,1.17,-9999.00,-9999.00,-9999.00,-9999.00,-9999,-9999,-9999,-9999,-9999,-9999,-9999,1.225
106316,-9999.00,2.61,0.40,2.72,1.39,1.27,2.26,-9999.00,-9999.00,-9999.00,-9999.00,-9999,-9999,-9999,-9999,-9999,-9999,-9999,1.226
106317,-9999.00,-2.24,-1.28,-0.52,2.27,2.30,3.16,-9999.00,-9999.00,-9999.00,-9999.00,-9999,-9999,-9999,-9999,-9999,-9999,-9999,1.225
106318,-9999.00,-1.30,1.57,-0.05,3.75,3.39,3.53,-9999.00,-9999.00,-9999.00,-9999.00,-9999,-9999,-9999,-9999,-9999,-9999,-9999,1.226
106319,-9999.00,-0.87,1.56,-0.39,4.53,3.66,3.69,-9999.00,-9999.00,-9999.00,-9999.00,-9999,-9999,-9999,-9999,-9999,-9999,-9999,1.224
106320,-9999.00,5.09,4.54,-0.05,4.36,3.43,3.39,-9999.00,-9999.00,-9999.00,-9999.00,-9999,-9999,-9999,-9999,-9999,-9999,-9999,1.225
106321,-9999.00,2.43,1.99,1.49,4.20,3.05,2.80,-9999.00,-9999.00,-9999.00,-9999.00,-9999,-9999,-9999,-9999,-9999,-9999,-9999,1.224
106322,-9999.00,6.54,6.41,1.75,3.93,2.95,2.61,-9999.00,-9999.00,-9999.00,-9999.00,-9999,-9999,-9999,-9999,-9999,-9999,-9999,1.224
106323,-9999.00,5.42,3.07,2.15,3.14,3.08,2.40,-9999.00,-9999.00,-9999.00,-9999.00,-9999,-9999,-9999,-9999,-9999,-9999,-9999,1.225
