NASA Data Processing/CAMP2Ex/OPTICAL/CAMP2Ex-LARGE-OPTICAL_P3B_20190913_R0.ict
100,1001
Luke Ziemba
NASA Langley
In-situ optical aerosol measurements from the NASA P3B
CAMP2Ex
1,1
2019,09,13,2020,05,5
1.0
Time_Mid,Secs after midnight,Time of acquisition
19
1,1,1,1,1,1,1,1,1,1,1,1,1,1,1,1,1,1,1
-9999,-9999,-9999,-9999,-9999,-9999,-9999,-9999,-9999,-9999,-9999,-9999,-9999,-9999,-9999,-9999,-9999,-9999,-9999
Sc550_total_amb, Mm-1, AerOpt_Scattering_InSitu_Green_RHa_Bulk_STP, scattering coefficient of ambient  particles at 550nm
Sc450_total, Mm-1, AerOpt_Scattering_InSitu_Blue_RHd_Bulk_STP, Dry Scattering at 450nm (Total Aerosols)
Sc550_total, Mm-1, AerOpt_Scattering_InSitu_Green_RHd_Bulk_STP, Dry Scattering at 550nm (Total Aerosols)
Sc700_total, Mm-1, AerOpt_Scattering_InSitu_Red_RHd_Bulk_STP, Dry Scattering at 700nm (Total Aerosols)
Abs470_total, Mm-1, AerOpt_Absorption_InSitu_Blue_RHd_Bulk_STP, Dry absorption at 470nm (Total Aerosols)
Abs532_total, Mm-1, AerOpt_Absorption_InSitu_Green_RHd_Bulk_STP, Dry absorption at 532nm (Total Aerosols)
Abs660_total, Mm-1, AerOpt_Absorption_InSitu_Red_RHd_Bulk_STP, Dry absorption at 660nm (Total Aerosols)
Ext532_total_amb, Mm-1, AerOpt_Extinction_InSitu_Green_RHa_Bulk_STP, extinction coefficient of aerosols at 532nm for AMBIENT relative humidity
Ext532_total_dry, Mm-1, AerOpt_Extinction_InSitu_Green_RHd_Bulk_STP, extinction coefficient of aerosols at 532nm for DRY relative humidity
gamma550, unitless, AerOpt_Gamma_InSitu_Green_None_Bulk_STP, derived optical hygroscopic growth factor for particles at 550nm
fRH550_RH20to80, unitless, AerOpt_fRHScat_InSitu_Green_RHsp_Bulk_STP, derived optical hygroscopic growth parameter for particles at 550nm
AEscatAMB_450to700nm,unitless, AerOpt_AngstromExponentScat_InSitu_BluetoRed_RHa_Bulk_STP, derived ambient Angstrom Exponent for scattering coefficient over wavelength range from 450nm to 700nm
AEscatDRY_450to700nm,unitless, AerOpt_AngstromExponentScatInSitu_BluetoRed_RHd_Bulk_STP, derived dry Angstrom Exponent for scattering coefficient over wavelength range from 450nm to 700nm
AEabsDRY_470to660nm,unitless, AerOpt_AngstromExponentAbs_InSitu_BluetoRed_RHd_Bulk_STP, derived dry Angstrom Exponent for absorption coefficient over wavelength range from 450nm to 700nm
SSA_dry_450nm,unitless, AerOpt_SSA_InSitu_Blue_RHd_Bulk_STP, single_scattering_albedo_at_450nm_as_derived_from_dry_scattering_and_absorption
SSA_dry_550nm,unitless, AerOpt_SSA_InSitu_Green_RHd_Bulk_STP, single_scattering_albedo_at_550nm_as_derived_from_dry_scattering_and_absorption
SSA_dry_700nm,unitless, AerOpt_SSA_InSitu_Red_RHd_Bulk_STP, single_scattering_albedo_at_700nm_as_derived_from_dry_scattering_and_absorption
SSA_amb_550nm,unitless, AerOpt_SSA_InSitu_Green_RHa_Bulk_STP, single_scattering_albedo_at_550nm_as_derived_from_ambient_scattering_and_absorption
stdPT,unitless, None, Conversion factor to convert between ambient and standard pressure and temperature conditions
0
67
******************************************************************************************************************
Langley Aerosol data from the 2019 CAMP2Ex field campaign
 
PI_CONTACT_INFO: luke.ziemba@nasa.gov
PLATFORM: NASA P3B aircraft
LOCATION: Latitude, Longitude, and Altitude included in MetNav files
[...]
UNCERTAINTY: estimated uncertainties for directly measured properties
	- For dry scattering, accuracy estimated at 30% for all wavelengths; precision estimated at 4.5 Mm-1 for 450nm wavelength and 3 Mm-1 for 550nm and 700nm wavelengths
	- For dry absorption, accuracy estimated at 15% for all wavelengths; precision is a function of pressure and is estimated to vary from 0.5 Mm-1 near the surface to 2 at high altitude
	- For derived parameters, please contact the PI for a more detailed discussion of uncertainty
ULOD_FLAG: -7777
ULOD_VALUE: N/A
LLOD_FLAG: -8888
LLOD_VALUE: N/A
DM_CONTACT_INFO: Michael Shook (michael.shook@nasa.gov)
PROJECT_INFO: CAMP2Ex 2019
STIPULATIONS_ON_USE: This is FINAL data. Users are strongly encouraged to consult the PI and/or DM prior to use.
OTHER_COMMENTS: N/A
REVISION: R0
R0: STP and ambient parameter calculations now use data from their respective publicly available files, data is time synced to DLH
RD: Correction factor applied to raw scattering data, which also affects the absorption data via the Virkkula correction
RC: Higher threshholds required for calculating intensive parameters; absorption smoothing algorithm applied
RB: Time sync to LARGE CNgt3nm applied
RA: None
******************************************************************************************************************
Time_Mid,Sc550_total_amb,Sc450_total,Sc550_total,Sc700_total,Abs470_total,Abs532_total,Abs660_total,Ext532_total_amb,Ext532_total_dry,gamma550,fRH550_RH20to80,AEscatAMB_450to700nm,AEscatDRY_450to700nm,AEabsDRY_470to660nm,SSA_dry_450nm,SSA_dry_550nm,SSA_dry_700nm,SSA_amb_550nm,stdPT
[from data line 10263]
84791,87.91,75.72,42.57,24.28,-0.98,-0.22,-0.65,91.31,45.87,0.31,1.53,1.48,2.22,-9999,-9999,-9999,-9999,-9999,1.138
84792,98.16,75.24,42.63,24.59,-0.94,-0.01,-0.40,102.21,46.17,0.36,1.65,1.48,2.24,-9999,-9999,-9999,-9999,-9999,1.138
84793,91.53,73.89,43.16,26.32,-0.52,-0.12,0.32,95.19,46.63,0.31,1.55,1.47,2.25,-9999,-9999,-9999,-9999,-9999,1.138
84794,103.37,71.79,43.24,26.78,-0.66,-0.34,0.39,107.29,46.50,0.38,1.69,1.45,2.26,-9999,-9999,-9999,-9999,-9999,1.137
84795,88.84,69.73,43.35,27.27,-0.93,-0.39,-0.37,92.07,46.56,0.32,1.56,1.44,2.26,-9999,-9999,-9999,-9999,-9999,1.138
84796,94.87,72.68,40.95,27.06,-0.89,-0.18,-0.73,98.58,44.16,0.39,1.71,1.44,2.26,-9999,-9999,-9999,-9999,-9999,1.137
84797,80.69,67.77,43.55,27.96,-0.83,-0.24,-0.68,83.76,46.90,0.34,1.60,1.43,2.25,-9999,-9999,-9999,-9999,-9999,1.137
84798,76.80,71.01,40.83,24.36,-0.98,-0.54,-0.64,79.44,43.66,0.38,1.69,1.43,2.23,-9999,-9999,-9999,-9999,-9999,1.138
84799,86.16,65.04,46.78,28.05,-0.78,-0.39,-0.42,89.32,50.19,0.31,1.55,1.42,2.24,-9999,-9999,-9999,-9999,-9999,1.138
84800,100.93,71.32,42.78,21.64,-0.42,-0.19,0.12,104.92,46.09,0.36,1.65,1.41,2.25,-9999,-9999,-9999,-9999,-9999,1.136
84801,99.43,72.73,45.05,25.87,-0.76,-0.34,0.14,103.22,48.42,0.34,1.60,1.41,2.27,-9999,-9999,-9999,-9999,-9999,1.136
84802,97.58,70.63,44.43,26.28,-1.11,-0.44,-0.75,101.18,47.67,0.33,1.58,1.41,2.27,-9999,-9999,-9999,-9999,-9999,1.136
84803,97.50,68.60,43.86,26.72,-0.80,-0.34,-0.86,101.20,47.19,0.34,1.60,1.41,2.28,-9999,-9999,-9999,-9999,-9999,1.136
84804,83.93,68.07,42.57,27.09,-0.74,-0.12,-0.26,87.19,46.06,0.34,1.60,1.40,2.29,-9999,-9999,-9999,-9999,-9999,1.135
84805,75.04,60.66,43.13,27.33,-1.04,-0.00,-0.15,78.08,46.79,0.33,1.57,1.40,2.28,-9999,-9999,-9999,-9999,-9999,1.136
84806,77.43,74.23,47.17,26.49,-1.12,-0.07,0.19,80.57,51.05,0.29,1.50,1.39,2.27,-9999,-9999,-9999,-9999,-9999,1.136
84807,83.01,81.89,45.70,24.12,-0.99,-0.27,0.46,86.14,49.22,0.31,1.53,1.39,2.26,-9999,-9999,-9999,-9999,-9999,1.135
84808,95.62,69.78,43.95,26.54,-1.03,-0.41,0.30,99.21,47.16,0.35,1.62,1.40,2.26,-9999,-9999,-9999,-9999,-9999,1.135
84809,95.17,84.97,47.47,30.68,-1.08,-0.32,0.05,98.85,51.05,0.30,1.51,1.41,2.27,-9999,-9999,-9999,-9999,-9999,1.135
84810,92.01,70.59,44.06,27.91,-0.96,-0.13,-0.07,95.85,47.51,0.34,1.59,1.42,2.27,-9999,-9999,-9999,-9999,-9999,1.134
84811,81.07,73.08,46.16,31.62,-1.07,-0.11,-0.15,84.44,49.78,0.27,1.45,1.42,2.26,-9999,-9999,-9999,-9999,-9999,1.134
84812,81.74,66.69,44.48,29.09,-1.15,-0.39,-0.57,84.88,47.67,0.32,1.55,1.43,2.26,-9999,-9999,-9999,-9999,-9999,1.135
84813,82.51,69.54,42.56,31.68,-0.88,-0.56,-0.37,85.50,45.42,0.34,1.60,1.43,2.27,-9999,-9999,-9999,-9999,-9999,1.135
84814,92.16,73.76,47.76,22.70,-0.40,-0.62,0.30,95.51,50.95,0.30,1.52,1.43,2.26,-9999,-9999,-9999,-9999,-9999,1.134
84815,89.00,74.63,45.94,22.42,-0.15,-0.61,0.28,92.26,49.05,0.31,1.54,1.43,2.27,-9999,-9999,-9999,-9999,-9999,1.134
84816,90.26,75.43,44.13,22.15,-0.22,-0.41,0.14,93.86,47.28,0.33,1.59,1.43,2.25,-9999,-9999,-9999,-9999,-9999,1.134
84817,91.14,66.84,42.72,25.20,-0.52,-0.36,0.02,94.90,45.82,0.35,1.63,1.43,2.24,-9999,-9999,-9999,-9999,-9999,1.134
84818,95.55,73.28,44.98,26.02,-0.65,-0.53,-0.22,99.43,48.12,0.35,1.62,1.44,2.24,-9999,-9999,-9999,-9999,-9999,1.134
84819,97.48,68.48,39.51,23.15,-0.15,-0.74,-0.42,101.33,41.99,0.40,1.74,1.45,2.24,-9999,-9999,-9999,-9999,-9999,1.133
84820,95.78,64.94,42.26,23.53,0.11,-0.59,-0.03,99.68,45.09,0.37,1.67,1.45,2.23,-9999,-9999,-9999,-9999,-9999,1.134
84821,83.40,72.58,45.95,27.50,-0.21,-0.03,0.53,87.25,49.65,0.29,1.49,1.44,2.24,-9999,-9999,-9999,-9999,-9999,1.134
84822,87.20,66.56,41.31,23.39,-0.42,0.07,0.29,91.31,44.71,0.38,1.69,1.43,2.23,-9999,-9999,-9999,-9999,-9999,1.134
84823,88.87,72.82,46.82,26.74,-0.64,-0.21,0.02,92.71,50.37,0.32,1.56,1.42,2.22,-9999,-9999,-9999,-9999,-9999,1.134
84824,83.33,74.44,45.26,22.91,-0.79,-0.25,-0.09,86.83,48.64,0.34,1.61,1.42,2.22,-9999,-9999,-9999,-9999,-9999,1.135
84825,80.61,74.24,53.00,26.12,-0.94,-0.35,-0.31,83.84,56.86,0.24,1.39,1.43,2.23,-9999,-9999,-9999,-9999,-9999,1.134
84826,93.73,67.53,44.13,28.30,-0.92,-0.46,-0.57,97.46,47.20,0.38,1.70,1.44,2.24,-9999,-9999,-9999,-9999,-9999,1.134
84827,82.99,72.03,45.10,27.01,-0.80,-0.45,-0.66,86.20,48.25,0.34,1.60,1.44,2.26,-9999,-9999,-9999,-9999,-9999,1.134
84828,92.42,70.78,44.84,27.17,-1.21,-0.58,-0.32,95.91,47.88,0.39,1.71,1.44,2.29,-9999,-9999,-9999,-9999,-9999,1.135
84829,89.94,69.59,44.62,27.36,-1.54,-0.79,-0.42,93.14,47.45,0.36,1.64,1.44,2.33,-9999,-9999,-9999,-9999,-9999,1.134
84830,85.86,68.81,39.10,26.77,-1.55,-1.05,-0.62,88.67,41.23,0.39,1.71,1.45,2.31,-9999,-9999,-9999,-9999,-9999,1.134
84831,81.55,71.30,44.26,27.70,-1.68,-1.17,-0.64,84.10,46.65,0.30,1.52,1.46,2.30,-9999,-9999,-9999,-9999,-9999,1.134
84832,85.35,65.50,39.76,26.02,-1.57,-0.93,-1.11,88.41,42.01,0.36,1.64,1.47,2.29,-9999,-9999,-9999,-9999,-9999,1.134
84833,81.58,77.01,44.01,30.10,-1.31,-0.77,-1.41,84.65,46.73,0.30,1.51,1.47,2.29,-9999,-9999,-9999,-9999,-9999,1.134
84834,77.50,67.81,43.93,26.81,-1.08,-0.61,-0.96,80.57,46.81,0.30,1.52,1.48,2.29,-9999,-9999,-9999,-9999,-9999,1.135
84835,83.25,69.67,47.74,29.61,-0.90,-0.44,-0.06,86.84,51.06,0.28,1.48,1.48,2.28,-9999,-9999,-9999,-9999,-9999,1.135
84836,85.84,64.82,44.35,26.22,-0.86,-0.25,0.40,89.73,47.64,0.33,1.57,1.48,2.28,-9999,-9999,-9999,-9999,-9999,1.134
84837,89.15,69.36,47.86,27.31,-0.90,0.12,0.18,93.55,51.82,0.30,1.51,1.49,2.29,-9999,-9999,-9999,-9999,-9999,1.135
84838,85.38,75.62,43.80,27.02,-0.77,0.19,0.19,89.64,47.51,0.32,1.56,1.49,2.28,-9999,-9999,-9999,-9999,-9999,1.135
84839,86.23,71.21,47.81,27.34,-0.49,0.11,0.32,90.38,51.78,0.30,1.52,1.49,2.28,-9999,-9999,-9999,-9999,-9999,1.135
84840,96.74,74.06,44.43,23.28,-0.32,0.33,0.24,101.58,48.37,0.40,1.75,1.48,2.27,-9999,-9999,-9999,-9999,-9999,1.135
84841,87.13,72.82,43.90,23.13,-0.34,0.40,0.39,91.58,47.94,0.35,1.62,1.48,2.27,-9999,-9999,-9999,-9999,-9999,1.135
84842,79.06,71.65,43.42,23.01,-0.35,0.12,0.85,82.93,47.15,0.35,1.62,1.49,2.28,-9999,-9999,-9999,-9999,-9999,1.135
84843,78.80,77.69,43.80,24.10,-0.38,-0.29,0.43,82.30,47.19,0.33,1.59,1.50,2.29,-9999,-9999,-9999,-9999,-9999,1.136
84844,78.81,73.01,43.00,20.09,-0.53,-0.57,-0.43,82.07,46.05,0.35,1.62,1.50,2.29,-9999,-9999,-9999,-9999,-9999,1.135
84845,75.80,71.62,44.63,26.57,-0.52,-0.58,-0.31,78.96,47.82,0.30,1.52,1.51,2.30,-9999,-9999,-9999,-9999,-9999,1.136
84846,75.20,74.79,51.95,25.34,-0.23,-0.47,0.20,78.35,55.87,0.22,1.36,1.50,2.30,-9999,-9999,-9999,-9999,-9999,1.136
84847,77.36,74.10,49.82,25.81,-0.35,-0.49,0.24,80.65,53.52,0.24,1.40,1.52,2.30,-9999,-9999,-9999,-9999,-9999,1.136
84848,76.95,70.97,49.22,26.37,-0.96,-0.69,0.04,79.99,52.65,0.25,1.41,1.52,2.30,-9999,-9999,-9999,-9999,-9999,1.135
84849,85.31,73.63,43.12,27.51,-1.15,-0.79,-0.03,88.58,45.89,0.34,1.60,1.50,2.31,-9999,-9999,-9999,-9999,-9999,1.135
84850,81.24,73.38,47.42,28.60,-0.75,-0.63,0.08,84.40,50.74,0.26,1.43,1.49,2.31,-9999,-9999,-9999,-9999,-9999,1.135
84851,89.12,78.88,43.16,27.60,-0.71,-0.24,0.13,92.98,46.54,0.33,1.58,1.49,2.32,-9999,-9999,-9999,-9999,-9999,1.135
84852,87.56,77.49,46.66,28.03,-0.94,0.16,0.26,91.71,50.75,0.29,1.49,1.49,2.33,-9999,-9999,-9999,-9999,-9999,1.135
84853,89.65,69.80,42.89,27.36,-0.86,0.30,0.17,94.10,46.84,0.41,1.76,1.50,2.33,-9999,-9999,-9999,-9999,-9999,1.136
84854,102.99,70.65,40.85,26.15,-0.95,0.06,-0.28,107.89,44.38,0.43,1.82,1.52,2.33,-9999,-9999,-9999,-9999,-9999,1.135
84855,91.18,72.55,40.74,26.16,-1.15,-0.39,-0.51,95.08,43.82,0.35,1.62,1.51,2.33,-9999,-9999,-9999,-9999,-9999,1.135
84856,81.44,74.40,40.63,26.16,-1.02,-0.34,-0.29,84.97,43.71,0.35,1.63,1.50,2.32,-9999,-9999,-9999,-9999,-9999,1.135
84857,74.51,67.87,42.69,22.95,-0.61,0.11,0.19,78.12,46.36,0.33,1.58,1.49,2.31,-9999,-9999,-9999,-9999,-9999,1.136
84858,74.52,76.42,41.37,25.87,-0.55,0.00,0.20,78.01,44.81,0.32,1.56,1.49,2.29,-9999,-9999,-9999,-9999,-9999,1.136
84859,89.81,67.08,41.40,24.25,-0.99,-0.53,-0.41,93.42,44.26,0.37,1.68,1.48,2.28,-9999,-9999,-9999,-9999,-9999,1.135
84860,89.62,67.63,39.34,23.99,-0.98,-0.58,-0.75,93.14,41.97,0.34,1.60,1.48,2.26,-9999,-9999,-9999,-9999,-9999,1.134
84861,103.88,65.24,37.48,24.59,-0.84,-0.37,-0.37,108.18,40.14,0.43,1.81,1.48,2.26,-9999,-9999,-9999,-9999,-9999,1.135
84862,83.68,61.83,43.73,24.04,-0.89,-0.70,0.28,86.73,46.58,0.29,1.49,1.47,2.27,-9999,-9999,-9999,-9999,-9999,1.136
84863,91.84,65.60,40.52,26.76,-0.64,-0.85,0.39,95.00,42.97,0.35,1.63,1.47,2.27,-9999,-9999,-9999,-9999,-9999,1.136
84864,78.07,67.62,46.77,24.53,-0.82,-0.24,0.04,81.19,50.34,0.23,1.38,1.46,2.26,-9999,-9999,-9999,-9999,-9999,1.136
84865,92.53,65.62,37.72,25.00,-1.14,-0.07,-0.35,96.41,40.70,0.39,1.73,1.46,2.26,-9999,-9999,-9999,-9999,-9999,1.135
84866,95.89,67.10,42.22,25.69,-1.02,-0.55,-0.75,99.37,45.09,0.35,1.62,1.45,2.24,-9999,-9999,-9999,-9999,-9999,1.135
84867,90.72,67.83,41.84,25.37,-0.80,-0.53,-0.58,93.98,44.66,0.36,1.66,1.44,2.22,-9999,-9999,-9999,-9999,-9999,1.135
84868,76.95,68.58,41.47,25.06,-0.59,-0.26,-0.12,79.88,44.54,0.31,1.54,1.44,2.21,-9999,-9999,-9999,-9999,-9999,1.136
84869,85.68,65.92,38.48,24.27,-0.77,-0.52,0.36,88.77,41.07,0.39,1.73,1.44,2.21,-9999,-9999,-9999,-9999,-9999,1.136
84870,85.02,69.25,46.94,26.88,-0.86,-0.83,0.58,87.78,49.88,0.24,1.40,1.44,2.20,-9999,-9999,-9999,-9999,-9999,1.135
84871,92.13,67.35,47.00,23.40,-0.77,-0.35,0.09,95.66,50.39,0.28,1.48,1.43,2.20,-9999,-9999,-9999,-9999,-9999,1.136
84872,85.02,66.52,46.89,25.58,-0.98,-0.15,-0.27,88.42,50.42,0.25,1.41,1.42,2.19,-9999,-9999,-9999,-9999,-9999,1.136
84873,92.27,63.58,39.30,25.29,-0.92,-0.77,-0.47,95.29,41.58,0.36,1.64,1.40,2.19,-9999,-9999,-9999,-9999,-9999,1.136
84874,94.42,63.69,44.75,25.00,-0.72,-0.97,-0.45,97.20,47.22,0.31,1.55,1.40,2.18,-9999,-9999,-9999,-9999,-9999,1.136
84875,83.81,62.38,38.85,20.16,-0.80,-0.56,-0.30,86.58,41.27,0.33,1.57,1.38,2.18,-9999,-9999,-9999,-9999,-9999,1.136
84876,84.27,63.52,43.90,23.39,-0.89,-0.52,-0.37,87.04,46.74,0.32,1.56,1.36,2.17,-9999,-9999,-9999,-9999,-9999,1.136
84877,85.21,64.12,43.52,19.56,-1.03,-0.57,-0.21,88.02,46.28,0.31,1.53,1.36,2.17,-9999,-9999,-9999,-9999,-9999,1.137
84878,97.08,64.91,43.87,23.76,-1.07,-0.34,-0.77,100.53,46.91,0.30,1.52,1.36,2.18,-9999,-9999,-9999,-9999,-9999,1.136
84879,100.94,57.36,39.65,22.40,-0.86,-0.39,-1.10,104.53,42.29,0.36,1.65,1.37,2.19,-9999,-9999,-9999,-9999,-9999,1.136
84880,95.17,64.29,41.25,26.78,-0.57,-0.58,-0.29,98.41,43.85,0.33,1.58,1.39,2.19,-9999,-9999,-9999,-9999,-9999,1.137
84881,91.44,66.09,41.63,29.64,-0.15,-0.12,0.22,95.06,44.67,0.30,1.51,1.40,2.19,-9999,-9999,-9999,-9999,-9999,1.137
84882,86.57,67.90,42.00,32.53,-0.02,0.25,0.59,90.45,45.43,0.32,1.55,1.39,2.18,-9999,-9999,-9999,-9999,-9999,1.136
84883,80.33,61.40,36.13,26.25,-0.34,0.27,0.81,84.01,39.13,0.41,1.78,1.40,2.17,-9999,-9999,-9999,-9999,-9999,1.137
84884,75.66,67.18,38.47,24.62,-0.41,0.27,0.53,79.08,41.65,0.35,1.62,1.41,2.16,-9999,-9999,-9999,-9999,-9999,1.137
84885,84.99,61.25,36.14,25.95,-0.27,0.04,0.05,88.50,38.92,0.42,1.79,1.41,2.16,-9999,-9999,-9999,-9999,-9999,1.137
84886,87.03,66.85,42.65,24.49,-0.44,-0.27,-0.41,90.26,45.65,0.29,1.50,1.43,2.17,-9999,-9999,-9999,-9999,-9999,1.136
84887,88.48,62.44,41.58,25.40,-0.71,-0.50,-0.27,91.55,44.25,0.31,1.53,1.44,2.16,-9999,-9999,-9999,-9999,-9999,1.136
84888,92.75,64.39,46.65,22.16,-1.04,-0.46,-0.16,96.04,49.75,0.27,1.45,1.46,2.17,-9999,-9999,-9999,-9999,-9999,1.136
84889,103.02,65.55,39.52,24.59,-1.40,-0.31,-0.58,106.91,42.20,0.39,1.71,1.46,2.17,-9999,-9999,-9999,-9999,-9999,1.136
84890,86.05,69.57,45.14,26.26,-1.68,-0.65,-0.80,88.97,47.94,0.29,1.49,1.47,2.18,-9999,-9999,-9999,-9999,-9999,1.137
84891,86.32,64.94,39.08,23.82,-1.62,-0.81,-0.64,89.11,41.22,0.32,1.56,1.48,2.18,-9999,-9999,-9999,-9999,-9999,1.136
84892,91.26,66.59,37.96,26.97,-1.05,-0.52,-0.78,94.54,40.33,0.40,1.75,1.47,2.19,-9999,-9999,-9999,-9999,-9999,1.136
84893,69.90,65.36,42.90,21.62,-0.72,-0.51,-0.67,72.31,45.67,0.28,1.47,1.47,2.18,-9999,-9999,-9999,-9999,-9999,1.137
84894,78.87,63.82,41.56,21.83,-0.97,-0.55,0.26,81.68,44.16,0.34,1.61,1.47,2.18,-9999,-9999,-9999,-9999,-9999,1.138
84895,74.62,62.23,40.18,22.03,-0.88,-0.29,0.78,77.56,42.96,0.32,1.57,1.48,2.19,-9999,-9999,-9999,-9999,-9999,1.137
84896,72.73,62.38,42.29,25.36,-0.43,-0.12,0.19,75.76,45.37,0.29,1.49,1.49,2.19,-9999,-9999,-9999,-9999,-9999,1.137
84897,69.00,59.99,40.99,27.18,-0.20,-0.16,-0.54,71.84,43.87,0.28,1.48,1.51,2.20,-9999,-9999,-9999,-9999,-9999,1.137
84898,77.34,63.14,40.82,26.52,-0.48,-0.34,-0.56,80.38,43.46,0.32,1.56,1.54,2.20,-9999,-9999,-9999,-9999,-9999,1.137
84899,85.84,69.83,40.50,27.08,-0.91,-0.48,-0.57,89.11,42.91,0.35,1.63,1.55,2.21,-9999,-9999,-9999,-9999,-9999,1.137
84900,97.65,69.70,40.36,26.80,-0.83,-0.52,-0.73,101.34,42.69,0.38,1.70,1.55,2.21,-9999,-9999,-9999,-9999,-9999,1.137
84901,108.32,69.93,40.47,23.63,-0.81,-0.70,-0.30,112.32,42.60,0.38,1.70,1.56,2.22,-9999,-9999,-9999,-9999,-9999,1.136
84902,97.38,57.47,44.84,22.76,-0.89,-0.75,0.05,100.85,47.22,0.30,1.52,1.56,2.23,-9999,-9999,-9999,-9999,-9999,1.138
84903,98.76,66.38,43.80,23.31,-0.84,-0.70,-0.03,102.27,46.16,0.31,1.54,1.56,2.22,-9999,-9999,-9999,-9999,-9999,1.136
84904,85.50,60.96,43.85,23.06,-1.00,-0.75,-0.05,88.39,46.19,0.30,1.51,1.56,2.20,-9999,-9999,-9999,-9999,-9999,1.136
84905,70.37,68.42,42.89,22.12,-1.21,-0.47,0.05,72.92,45.43,0.27,1.45,1.56,2.18,-9999,-9999,-9999,-9999,-9999,1.137
84906,87.74,62.78,44.76,23.13,-1.23,-0.17,0.16,91.27,47.71,0.29,1.50,1.56,2.18,-9999,-9999,-9999,-9999,-9999,1.137
84907,82.92,69.31,43.61,21.23,-0.89,-0.10,0.57,86.30,46.52,0.27,1.46,1.57,2.17,-9999,-9999,-9999,-9999,-9999,1.137
84908,89.33,65.82,44.01,22.19,-0.34,-0.14,1.04,92.98,46.86,0.32,1.56,1.58,2.16,-9999,-9999,-9999,-9999,-9999,1.137
84909,80.31,62.06,44.29,23.09,-0.51,-0.28,0.50,83.43,46.99,0.25,1.42,1.58,2.15,-9999,-9999,-9999,-9999,-9999,1.137
84910,77.98,63.83,39.59,20.65,-1.06,-0.48,-0.49,80.84,41.77,0.34,1.60,1.57,2.13,-9999,-9999,-9999,-9999,-9999,1.137
84911,73.94,57.35,43.94,25.32,-1.23,-0.70,-0.72,76.41,46.18,0.28,1.47,1.57,2.12,-9999,-9999,-9999,-9999,-9999,1.137
84912,80.76,52.80,42.30,22.65,-1.19,-0.57,-0.72,83.65,44.59,0.33,1.58,1.57,2.12,-9999,-9999,-9999,-9999,-9999,1.138
84913,94.26,55.83,44.06,26.92,-0.92,-0.30,-0.76,97.98,46.77,0.32,1.56,1.58,2.12,-9999,-9999,-9999,-9999,-9999,1.137
84914,105.84,58.02,44.54,20.91,-0.68,-0.40,-0.24,109.97,47.19,0.34,1.60,1.57,2.12,-9999,-9999,-9999,-9999,-9999,1.137
84915,94.79,62.98,42.34,23.37,-0.78,-0.66,0.42,98.17,44.55,0.32,1.55,1.56,2.12,-9999,-9999,-9999,-9999,-9999,1.137
84916,-9999.00,58.09,36.99,20.75,-0.74,-0.73,0.38,-9999.00,38.75,0.33,1.57,1.55,2.12,-9999,-9999,-9999,-9999,-9999,1.137
84917,83.41,59.82,41.38,19.29,-0.70,-0.76,-0.18,86.33,43.42,0.27,1.46,1.53,2.12,-9999,-9999,-9999,-9999,-9999,1.136
84918,91.90,56.80,36.39,27.04,-0.58,-0.64,0.00,95.34,38.26,0.38,1.70,1.53,2.13,-9999,-9999,-9999,-9999,-9999,1.137
84919,82.28,59.17,37.96,27.99,-0.40,-0.44,0.78,85.53,40.13,0.32,1.57,1.53,2.12,-9999,-9999,-9999,-9999,-9999,1.138
84920,93.57,61.55,39.53,28.94,-0.53,-0.31,0.78,97.49,41.96,0.36,1.64,1.52,2.10,-9999,-9999,-9999,-9999,-9999,1.137
84921,81.06,63.55,43.66,23.82,-0.51,-0.14,0.30,84.55,46.52,0.27,1.45,1.51,2.08,-9999,-9999,-9999,-9999,-9999,1.137
84922,76.86,60.68,41.79,25.92,-0.22,-0.09,0.17,80.20,44.61,0.30,1.51,1.50,2.08,-9999,-9999,-9999,-9999,-9999,1.137
84923,74.68,66.41,46.24,28.55,-0.34,-0.19,0.02,77.86,49.29,0.25,1.41,1.50,2.06,-9999,-9999,-9999,-9999,-9999,1.137
84924,79.45,57.71,41.76,23.50,-0.40,-0.16,-0.59,82.94,44.55,0.33,1.57,1.51,2.07,-9999,-9999,-9999,-9999,-9999,1.137
84925,70.49,67.91,45.87,28.17,-0.24,-0.34,-1.25,73.39,48.81,0.22,1.36,1.52,2.07,-9999,-9999,-9999,-9999,-9999,1.137
84926,74.79,60.87,40.70,26.24,-0.53,-0.43,-1.30,77.79,43.15,0.33,1.59,1.50,2.07,-9999,-9999,-9999,-9999,-9999,1.137
84927,70.37,74.12,46.31,30.49,-1.12,-0.42,-0.74,73.18,49.20,0.23,1.38,1.50,2.09,-9999,-9999,-9999,-9999,-9999,1.137
