NASA Data Processing/CAMP2Ex/OPTICAL/CAMP2Ex-LARGE-OPTICAL_P3B_20190824_R0.ict
100,1001
Luke Ziemba
NASA Langley
In-situ optical aerosol measurements from the NASA P3B
CAMP2Ex
1,1
2019,08,24,2020,05,5
1.0
Time_Mid,Secs after midnight,Time of acquisition
19
1,1,1,1,1,1,1,1,1,1,1,1,1,1,1,1,1,1,1
-9999,-9999,-9999,-9999,-9999,-9999,-9999,-9999,-9999,-9999,-9999,-9999,-9999,-9999,-9999,-9999,-9999,-9999,-9999
Sc550_total_amb, Mm-1, AerOpt_Scattering_InSitu_Green_RHa_Bulk_STP, scattering coefficient of ambient  particles at 550nm
Sc450_total, Mm-1, AerOpt_Scattering_InSitu_Blue_RHd_Bulk_STP, Dry Scattering at 450nm (Total Aerosols)
Sc550_total, Mm-1, AerOpt_Scattering_InSitu_Green_RHd_Bulk_STP, Dry Scattering at 550nm (Total Aerosols)
Sc700_total, Mm-1, AerOpt_Scattering_InSitu_Red_RHd_Bulk_STP, Dry Scattering at 700nm (Total Aerosols)
Abs470_total, Mm-1, AerOpt_Absorption_InSitu_Blue_RHd_Bulk_STP, Dry absorption at 470nm (Total Aerosols)
Abs532_total, Mm-1, AerOpt_Absorption_InSitu_Green_RHd_Bulk_STP, Dry absorption at 532nm (Total Aerosols)
Abs660_total, Mm-1, AerOpt_Absorption_InSitu_Red_RHd_Bulk_STP, Dry absorption at 660nm (Total Aerosols)
Ext532_total_amb, Mm-1, AerOpt_Extinction_InSitu_Green_RHa_Bulk_STP, extinction coefficient of aerosols at 532nm for AMBIENT relative humidity
Ext532_total_dry, Mm-1, AerOpt_Extinction_InSitu_Green_RHd_Bulk_STP, extinction coefficient of aerosols at 532nm for DRY relative humidity
gamma550, unitless, AerOpt_Gamma_InSitu_Green_None_Bulk_STP, derived optical hygroscopic growth factor for particles at 550nm
fRH550_RH20to80, unitless, AerOpt_fRHScat_InSitu_Green_RHsp_Bulk_STP, derived optical hygroscopic growth parameter for particles at 550nm
AEscatAMB_450to700nm,unitless, AerOpt_AngstromExponentScat_InSitu_BluetoRed_RHa_Bulk_STP, derived ambient Angstrom Exponent for scattering coefficient over wavelength range from 450nm to 700nm
AEscatDRY_450to700nm,unitless, AerOpt_AngstromExponentScatInSitu_BluetoRed_RHd_Bulk_STP, derived dry Angstrom Exponent for scattering coefficient over wavelength range from 450nm to 700nm
AEabsDRY_470to660nm,unitless, AerOpt_AngstromExponentAbs_InSitu_BluetoRed_RHd_Bulk_STP, derived dry Angstrom Exponent for absorption coefficient over wavelength range from 450nm to 700nm
SSA_dry_450nm,unitless, AerOpt_SSA_InSitu_Blue_RHd_Bulk_STP, single_scattering_albedo_at_450nm_as_derived_from_dry_scattering_and_absorption
SSA_dry_550nm,unitless, AerOpt_SSA_InSitu_Green_RHd_Bulk_STP, single_scattering_albedo_at_550nm_as_derived_from_dry_scattering_and_absorption
SSA_dry_700nm,unitless, AerOpt_SSA_InSitu_Red_RHd_Bulk_STP, single_scattering_albedo_at_700nm_as_derived_from_dry_scattering_and_absorption
SSA_amb_550nm,unitless, AerOpt_SSA_InSitu_Green_RHa_Bulk_STP, single_scattering_albedo_at_550nm_as_derived_from_ambient_scattering_and_absorption
stdPT,unitless, None, Conversion factor to convert between ambient and standard pressure and temperature conditions
0
67
******************************************************************************************************************
Langley Aerosol data from the 2019 CAMP2Ex field campaign
 
PI_CONTACT_INFO: luke.ziemba@nasa.gov
PLATFORM: NASA P3B aircraft
LOCATION: Latitude, Longitude, and Altitude included in MetNav files
[...]
UNCERTAINTY: estimated uncertainties for directly measured properties
	- For dry scattering, accuracy estimated at 30% for all wavelengths; precision estimated at 4.5 Mm-1 for 450nm wavelength and 3 Mm-1 for 550nm and 700nm wavelengths
	- For dry absorption, accuracy estimated at 15% for all wavelengths; precision is a function of pressure and is estimated to vary from 0.5 Mm-1 near the surface to 2 at high altitude
	- For derived parameters, please contact the PI for a more detailed discussion of uncertainty
ULOD_FLAG: -7777
ULOD_VALUE: N/A
LLOD_FLAG: -8888
LLOD_VALUE: N/A
DM_CONTACT_INFO: Michael Shook (michael.shook@nasa.gov)
PROJECT_INFO: CAMP2Ex 2019
STIPULATIONS_ON_USE: This is FINAL data. Users are strongly encouraged to consult the PI and/or DM prior to use.
OTHER_COMMENTS: N/A
REVISION: R0
R0: STP and ambient parameter calculations now use data from their respective publicly available files, data is time synced to DLH
RD: Correction factor applied to raw scattering data, which also affects the absorption data via the Virkkula correction
RC: Higher threshholds required for calculating intensive parameters; absorption smoothing algorithm applied
RB: Time sync to LARGE CNgt3nm applied
RA: None
******************************************************************************************************************
Time_Mid,Sc550_total_amb,Sc450_total,Sc550_total,Sc700_total,Abs470_total,Abs532_total,Abs660_total,Ext532_total_amb,Ext532_total_dry,gamma550,fRH550_RH20to80,AEscatAMB_450to700nm,AEscatDRY_450to700nm,AEabsDRY_470to660nm,SSA_dry_450nm,SSA_dry_550nm,SSA_dry_700nm,SSA_amb_550nm,stdPT
[from data line 17186]
97057,22.56,23.04,15.52,11.77,-0.76,-0.66,-0.67,22.75,16.14,0.24,1.39,1.02,2.05,-9999,-9999,-9999,-9999,-9999,1.188
97058,21.96,26.66,16.97,8.20,-0.93,-0.66,-0.27,22.11,17.71,0.17,1.27,1.03,2.05,-9999,-9999,-9999,-9999,-9999,1.188
97059,24.21,24.13,15.28,8.42,-0.65,-0.31,0.07,24.81,16.22,0.30,1.51,1.03,2.05,-9999,-9999,-9999,-9999,-9999,1.188
97060,24.20,26.98,15.42,7.71,-0.44,-0.12,0.29,24.99,16.56,0.29,1.49,1.01,2.10,-9999,-9999,-9999,-9999,-9999,1.189
97061,24.00,29.77,15.54,7.01,-0.66,-0.33,-0.04,24.64,16.44,0.28,1.47,1.04,2.11,-9999,-9999,-9999,-9999,-9999,1.189
97062,21.67,23.37,17.96,10.47,-1.06,-0.64,-0.31,21.88,18.69,0.12,1.18,1.02,2.12,-9999,-9999,-9999,-9999,-9999,1.189
97063,21.20,21.08,16.07,13.81,-0.82,-0.45,0.27,21.60,16.81,0.17,1.27,1.05,2.07,-9999,-9999,-9999,-9999,-9999,1.189
97064,19.95,21.58,16.05,13.05,-0.14,-0.12,0.99,20.58,17.13,0.13,1.20,1.05,2.06,-9999,-9999,-9999,-9999,-9999,1.189
97065,21.28,22.08,16.03,12.29,0.00,-0.13,0.91,21.98,17.10,0.18,1.28,1.06,2.05,-9999,-9999,-9999,-9999,-9999,1.189
97066,22.32,31.60,16.96,7.47,-0.20,0.00,0.19,23.21,18.24,0.17,1.27,1.06,2.06,-9999,-9999,-9999,-9999,-9999,1.188
97067,20.02,25.34,20.33,11.44,0.23,0.23,-0.44,21.07,22.09,-0.01,0.99,1.07,2.06,-9999,-9999,-9999,-9999,-9999,1.189
97068,19.98,30.02,16.66,11.00,0.44,0.19,-0.81,20.99,18.09,0.11,1.16,1.10,2.04,-9999,-9999,-9999,-9999,-9999,1.189
97069,18.19,28.01,18.95,14.54,0.07,0.10,-0.94,19.10,20.44,-0.02,0.97,1.10,2.03,-9999,-9999,-9999,-9999,-9999,1.188
97070,17.42,29.55,18.42,13.03,0.46,0.11,-0.77,18.32,19.83,-0.04,0.95,1.10,2.02,-9999,-9999,-9999,-9999,-9999,1.189
97071,17.32,24.77,18.50,9.10,1.01,0.31,-0.51,18.48,20.06,-0.04,0.94,1.04,2.02,-9999,-9999,-9999,-9999,-9999,1.188
97072,22.33,25.04,18.12,12.20,0.68,0.52,-0.55,23.97,19.82,0.13,1.20,1.01,1.99,-9999,-9999,-9999,-9999,-9999,1.189
97073,22.32,23.80,15.21,9.67,0.23,0.53,-0.41,23.95,16.72,0.24,1.40,0.99,2.01,-9999,-9999,-9999,-9999,-9999,1.189
97074,21.01,25.83,18.46,12.15,0.38,0.37,0.19,22.43,20.01,0.08,1.12,1.00,1.97,-9999,-9999,-9999,-9999,-9999,1.188
97075,19.74,29.14,18.65,7.07,0.66,0.23,0.54,20.96,20.08,0.04,1.05,0.98,1.96,-9999,-9999,-9999,-9999,-9999,1.189
97076,18.60,31.24,23.05,10.07,0.24,-0.00,0.80,19.52,24.50,-0.14,0.82,0.97,1.94,-9999,-9999,-9999,-9999,-9999,1.188
97077,22.02,26.10,23.18,12.14,0.07,0.03,1.18,23.15,24.63,-0.03,0.95,0.96,1.94,-9999,-9999,-9999,-9999,-9999,1.190
97078,20.72,26.81,16.72,15.92,0.45,0.28,1.27,22.03,18.05,0.14,1.22,0.93,1.95,-9999,-9999,-9999,-9999,-9999,1.189
97079,23.63,22.65,16.30,11.39,0.33,0.13,0.96,24.91,17.43,0.24,1.40,0.92,1.99,-9999,-9999,-9999,-9999,-9999,1.189
97080,23.63,28.03,18.83,13.58,0.07,-0.13,0.14,24.61,19.88,0.14,1.22,0.91,2.03,-9999,-9999,-9999,-9999,-9999,1.189
97081,24.44,21.94,16.30,10.74,0.39,-0.15,-0.16,25.42,17.15,0.24,1.39,0.91,2.05,-9999,-9999,-9999,-9999,-9999,1.189
97082,27.74,25.86,18.35,12.08,0.39,0.09,0.26,29.12,19.56,0.22,1.36,0.92,2.03,-9999,-9999,-9999,-9999,-9999,1.188
97083,24.48,24.13,15.32,8.46,-0.11,0.46,0.39,26.06,16.74,0.25,1.41,0.91,2.04,-9999,-9999,-9999,-9999,-9999,1.188
97084,19.42,29.91,19.43,10.76,0.03,0.56,0.36,20.86,21.16,-0.00,1.00,0.89,2.04,-9999,-9999,-9999,-9999,-9999,1.188
97085,17.19,25.71,18.88,7.90,0.67,0.88,0.18,18.85,20.86,-0.05,0.93,0.88,2.03,-9999,-9999,-9999,-9999,-9999,1.188
97086,17.12,28.88,23.04,10.52,0.77,1.12,0.05,19.01,25.45,-0.15,0.81,0.88,2.01,-9999,-9999,-9999,-9999,-9999,1.188
97087,21.67,25.36,19.43,10.89,0.50,0.84,0.57,23.48,21.36,0.05,1.07,0.88,2.02,-9999,-9999,-9999,-9999,-9999,1.188
97088,26.05,29.96,20.90,13.00,0.45,0.75,0.82,27.98,22.83,0.11,1.16,0.87,2.04,-9999,-9999,-9999,-9999,-9999,1.188
97089,29.05,25.78,17.91,12.76,0.79,1.09,0.54,31.47,20.00,0.22,1.36,0.83,2.05,-9999,-9999,-9999,-9999,-9999,1.188
97090,36.93,29.58,20.30,12.87,0.87,1.32,-0.02,39.90,22.77,0.29,1.49,0.79,2.07,-9999,-9999,-9999,-9999,-9999,1.188
97091,40.87,29.87,19.26,11.10,0.81,1.02,-0.50,43.72,21.38,0.36,1.64,0.78,2.07,-9999,-9999,-9999,-9999,-9999,1.188
97092,-9999.00,39.20,27.22,12.21,1.30,0.77,-0.23,-9999.00,29.58,0.36,1.64,0.76,2.07,-9999,-9999,-9999,-9999,-9999,1.187
97093,-9999.00,35.86,24.16,13.37,1.45,1.04,0.41,-9999.00,26.68,0.52,2.07,0.78,2.09,-9999,-9999,-9999,-9999,-9999,1.186
97094,-9999.00,42.94,34.77,17.65,0.97,1.08,0.72,-9999.00,38.01,0.33,1.59,0.76,2.12,-9999,-9999,-9999,-9999,-9999,1.186
97095,-9999.00,49.79,30.78,17.90,1.17,0.79,0.79,-9999.00,33.54,0.39,1.72,0.77,2.15,-9999,-9999,-9999,-9999,-9999,1.186
97096,-9999.00,45.63,34.64,17.46,1.87,0.94,0.86,-9999.00,37.80,0.31,1.53,0.73,2.17,-9999,-9999,-9999,-9999,-9999,1.187
97097,-9999.00,39.33,26.50,13.90,2.04,1.36,1.12,-9999.00,29.61,0.39,1.71,0.69,2.20,-9999,-9999,-9999,-9999,-9999,1.187
97098,-9999.00,39.45,24.89,15.69,1.78,1.31,1.69,-9999.00,27.89,0.20,1.31,0.61,2.22,-9999,-9999,-9999,-9999,-9999,1.186
97099,-9999.00,34.23,27.07,12.77,1.52,1.13,2.40,-9999.00,30.07,0.16,1.24,0.64,2.23,-9999,-9999,-9999,-9999,-9999,1.187
97100,-9999.00,32.02,28.81,17.59,2.08,1.34,2.67,-9999.00,32.15,0.04,1.06,0.68,2.23,-9999,-9999,-9999,-9999,-9999,1.186
97101,-9999.00,26.11,26.84,15.29,2.88,1.52,1.75,-9999.00,30.23,0.17,1.26,0.74,2.22,-9999,-9999,-9999,-9999,-9999,1.187
97102,-9999.00,38.80,26.33,13.23,2.49,1.30,0.26,-9999.00,29.50,-0.08,0.89,0.81,2.23,-9999,-9999,-9999,-9999,-9999,1.188
97103,-9999.00,31.31,22.58,11.18,1.87,1.15,0.47,-9999.00,25.37,0.17,1.27,0.87,2.24,-9999,-9999,-9999,-9999,-9999,1.187
97104,-9999.00,36.15,25.42,13.95,1.45,1.29,1.63,-9999.00,28.59,0.22,1.36,0.80,2.27,-9999,-9999,-9999,-9999,-9999,1.185
97105,-9999.00,36.51,23.85,12.31,0.91,1.26,1.26,-9999.00,26.91,0.19,1.30,0.60,2.29,-9999,-9999,-9999,-9999,-9999,1.187
97106,-9999.00,36.77,22.26,10.66,0.82,1.03,0.39,-9999.00,24.97,0.15,1.22,0.55,2.30,-9999,-9999,-9999,-9999,-9999,1.186
97107,-9999.00,33.72,18.08,10.98,1.20,1.00,0.40,-9999.00,20.43,0.27,1.46,0.50,2.29,-9999,-9999,-9999,-9999,-9999,1.187
97108,-9999.00,33.72,18.09,11.01,1.48,0.99,0.47,-9999.00,20.45,0.22,1.35,0.50,2.28,-9999,-9999,-9999,-9999,-9999,1.187
97109,-9999.00,33.16,18.43,13.41,1.08,0.66,0.29,-9999.00,20.52,0.14,1.21,0.50,2.30,-9999,-9999,-9999,-9999,-9999,1.187
97110,-9999.00,34.99,16.63,10.70,0.18,0.37,0.47,-9999.00,18.33,0.21,1.33,0.50,2.31,-9999,-9999,-9999,-9999,-9999,1.186
97111,-9999.00,36.08,23.31,14.14,-0.33,0.32,1.09,-9999.00,25.49,-0.07,0.91,0.50,2.32,-9999,-9999,-9999,-9999,-9999,1.187
97112,-9999.00,38.48,19.99,10.93,-0.10,0.53,0.58,-9999.00,22.14,0.14,1.21,0.50,2.32,-9999,-9999,-9999,-9999,-9999,1.187
97113,-9999.00,40.33,20.06,14.02,0.40,0.73,-0.39,-9999.00,22.43,0.03,1.05,0.50,2.33,-9999,-9999,-9999,-9999,-9999,1.187
97114,39.13,35.09,17.64,11.29,0.77,0.68,0.06,39.65,19.76,0.34,1.61,0.49,2.32,-9999,-9999,-9999,-9999,-9999,1.187
97115,19.39,36.09,24.04,12.05,0.97,0.65,0.81,20.19,26.65,-0.10,0.87,0.67,2.31,-9999,-9999,-9999,-9999,-9999,1.188
97116,16.10,30.61,21.60,12.01,0.52,0.63,1.26,16.94,24.03,-0.14,0.82,0.72,2.33,-9999,-9999,-9999,-9999,-9999,1.188
97117,11.88,35.25,21.44,11.37,-0.07,0.71,1.51,12.84,23.98,-0.31,0.65,0.85,2.35,-9999,-9999,-9999,-9999,-9999,1.189
97118,29.16,30.82,15.59,10.39,0.03,1.09,1.21,30.87,18.00,0.31,1.54,0.85,2.34,-9999,-9999,-9999,-9999,-9999,1.189
97119,19.05,36.80,19.69,11.02,0.41,1.17,0.44,20.77,22.52,-0.01,0.98,0.93,2.33,-9999,-9999,-9999,-9999,-9999,1.188
97120,31.07,33.24,17.08,11.12,1.03,0.99,-0.20,33.02,19.52,0.26,1.43,0.94,2.33,-9999,-9999,-9999,-9999,-9999,1.188
97121,-9999.00,32.60,23.02,12.87,1.20,0.63,0.08,-9999.00,25.63,-0.15,0.81,0.94,2.34,-9999,-9999,-9999,-9999,-9999,1.187
97122,-9999.00,29.11,19.61,12.10,0.68,0.32,0.65,-9999.00,21.61,0.35,1.62,0.94,2.34,-9999,-9999,-9999,-9999,-9999,1.187
97123,-9999.00,34.00,19.74,12.13,0.47,0.65,0.67,-9999.00,22.05,0.44,1.83,0.94,2.34,-9999,-9999,-9999,-9999,-9999,1.186
97124,-9999.00,38.60,19.83,12.12,0.89,1.12,0.31,-9999.00,22.59,0.52,2.05,0.94,2.33,-9999,-9999,-9999,-9999,-9999,1.187
97125,-9999.00,44.20,25.91,14.88,1.56,1.30,-0.03,-9999.00,29.31,0.17,1.26,0.94,2.34,-9999,-9999,-9999,-9999,-9999,1.187
97126,-9999.00,39.83,24.76,12.63,1.87,1.20,-0.04,-9999.00,27.93,0.23,1.37,0.95,2.32,-9999,-9999,-9999,-9999,-9999,1.186
97127,-9999.00,43.16,27.88,16.78,1.70,0.87,0.61,-9999.00,30.95,0.09,1.13,0.96,2.34,-9999,-9999,-9999,-9999,-9999,1.187
97128,36.06,38.22,22.49,11.73,1.52,0.91,1.76,38.14,25.16,0.20,1.31,0.98,2.33,-9999,-9999,-9999,-9999,-9999,1.187
97129,45.32,33.64,25.62,14.87,1.32,0.86,1.85,47.65,28.42,0.25,1.41,0.98,2.34,-9999,-9999,-9999,-9999,-9999,1.187
97130,29.63,33.61,24.87,14.84,1.23,0.74,1.30,31.49,27.47,0.09,1.13,0.96,2.32,-9999,-9999,-9999,-9999,-9999,1.187
97131,30.66,41.65,28.02,17.31,1.53,1.09,1.17,32.91,31.23,0.04,1.06,0.93,2.32,-9999,-9999,-9999,-9999,-9999,1.187
97132,32.98,34.73,25.63,14.55,1.55,1.06,1.03,35.28,28.63,0.12,1.18,0.94,2.31,-9999,-9999,-9999,-9999,-9999,1.188
97133,-9999.00,37.90,28.07,15.10,0.52,0.43,0.80,-9999.00,30.65,0.09,1.14,0.95,2.30,-9999,-9999,-9999,-9999,-9999,1.186
97134,39.44,30.88,22.26,13.46,0.10,0.13,0.73,41.18,24.05,0.30,1.51,0.98,2.28,-9999,-9999,-9999,-9999,-9999,1.187
97135,40.17,31.48,20.82,11.42,0.70,0.19,0.73,42.13,22.54,0.36,1.64,1.04,2.27,-9999,-9999,-9999,-9999,-9999,1.188
97136,-9999.00,31.70,17.04,10.04,0.32,0.19,0.23,-9999.00,18.45,0.47,1.92,1.16,2.25,-9999,-9999,-9999,-9999,-9999,1.186
97137,-9999.00,31.59,20.31,9.00,-0.36,0.02,-0.25,-9999.00,21.81,0.37,1.68,1.16,2.26,-9999,-9999,-9999,-9999,-9999,1.185
97138,-9999.00,27.72,19.77,7.90,-0.18,0.28,0.17,-9999.00,21.48,0.37,1.67,1.16,2.24,-9999,-9999,-9999,-9999,-9999,1.185
97139,-9999.00,27.72,19.28,10.59,0.18,0.72,0.86,-9999.00,21.39,0.39,1.72,1.16,2.23,-9999,-9999,-9999,-9999,-9999,1.186
97140,-9999.00,27.57,20.38,9.17,0.37,0.53,0.84,-9999.00,22.33,0.25,1.41,1.16,2.21,-9999,-9999,-9999,-9999,-9999,1.186
97141,38.14,28.68,19.02,12.56,0.34,0.35,0.43,40.36,20.67,0.32,1.56,1.16,2.20,-9999,-9999,-9999,-9999,-9999,1.188
97142,28.95,27.18,19.80,8.38,0.55,0.71,0.79,31.07,21.86,0.19,1.31,1.16,2.18,-9999,-9999,-9999,-9999,-9999,1.189
97143,32.86,28.18,18.30,8.90,0.84,0.99,1.20,35.46,20.55,0.27,1.45,1.16,2.17,-9999,-9999,-9999,-9999,-9999,1.188
97144,-9999.00,28.49,19.54,7.54,1.20,1.08,0.93,-9999.00,21.96,0.20,1.32,1.24,2.13,-9999,-9999,-9999,-9999,-9999,1.188
97145,-9999.00,29.84,18.34,11.96,1.59,1.21,0.62,-9999.00,20.83,0.36,1.66,1.39,2.13,-9999,-9999,-9999,-9999,-9999,1.187
97146,-9999.00,27.51,16.69,9.56,1.37,1.20,0.69,-9999.00,19.07,0.50,1.99,1.38,2.14,-9999,-9999,-9999,-9999,-9999,1.187
97147,-9999.00,29.79,18.02,12.72,1.26,0.87,0.95,-9999.00,20.16,0.40,1.75,1.44,2.15,-9999,-9999,-9999,-9999,-9999,1.186
97148,-9999.00,29.58,16.89,12.06,1.34,0.66,0.66,-9999.00,18.74,0.35,1.62,1.30,2.14,-9999,-9999,-9999,-9999,-9999,1.186
97149,-9999.00,30.99,23.27,13.40,0.83,0.74,0.48,-9999.00,25.68,0.09,1.13,1.30,2.13,-9999,-9999,-9999,-9999,-9999,1.185
97150,-9999.00,31.88,19.35,10.80,0.57,0.79,0.94,-9999.00,21.54,0.21,1.34,1.24,2.13,-9999,-9999,-9999,-9999,-9999,1.187
97151,-9999.00,32.39,22.80,13.37,1.00,0.68,0.75,-9999.00,25.15,0.03,1.04,1.29,2.11,-9999,-9999,-9999,-9999,-9999,1.185
97152,-9999.00,28.35,16.82,11.02,0.94,0.64,0.04,-9999.00,18.68,0.26,1.43,1.26,2.08,-9999,-9999,-9999,-9999,-9999,1.188
97153,-9999.00,28.10,21.16,14.40,0.25,0.63,-0.07,-9999.00,23.31,0.10,1.16,1.26,2.04,-9999,-9999,-9999,-9999,-9999,1.187
97154,-9999.00,26.85,16.00,10.84,0.40,0.81,0.51,-9999.00,17.97,0.35,1.63,1.26,2.04,-9999,-9999,-9999,-9999,-9999,1.186
97155,-9999.00,27.09,21.00,11.03,1.20,1.00,0.78,-9999.00,23.50,0.14,1.22,1.26,2.03,-9999,-9999,-9999,-9999,-9999,1.186
97156,-9999.00,27.59,18.80,11.09,1.24,0.85,0.46,-9999.00,21.00,0.07,1.11,1.26,2.01,-9999,-9999,-9999,-9999,-9999,1.186
97157,-9999.00,27.94,16.64,11.18,0.87,0.63,0.55,-9999.00,18.47,0.02,1.03,1.28,2.03,-9999,-9999,-9999,-9999,-9999,1.186
97158,-9999.00,29.20,17.41,12.96,0.87,0.68,0.76,-9999.00,19.35,0.12,1.18,1.33,1.99,-9999,-9999,-9999,-9999,-9999,1.186
97159,-9999.00,30.45,18.16,14.76,1.08,1.00,0.32,-9999.00,20.49,0.29,1.49,1.36,1.99,-9999,-9999,-9999,-9999,-9999,1.186
97160,18.04,32.07,20.10,13.85,1.02,1.03,0.14,19.70,22.61,-0.04,0.94,1.36,1.95,-9999,-9999,-9999,-9999,-9999,1.186
97161,16.96,33.65,22.01,12.99,0.68,0.41,0.19,17.96,24.05,-0.12,0.85,1.36,1.96,-9999,-9999,-9999,-9999,-9999,1.187
97162,17.47,30.85,21.51,12.98,0.58,-0.05,0.18,18.03,23.08,-0.09,0.89,1.36,1.98,-9999,-9999,-9999,-9999,-9999,1.186
97163,21.43,30.45,21.72,14.12,0.67,-0.05,0.20,22.12,23.32,-0.01,0.99,1.36,2.01,-9999,-9999,-9999,-9999,-9999,1.187
97164,-9999.00,30.07,19.94,13.40,0.52,0.05,-0.11,-9999.00,21.49,0.15,1.23,1.36,2.03,-9999,-9999,-9999,-9999,-9999,1.186
97165,36.39,29.65,18.18,12.68,-0.06,0.40,-0.05,38.05,19.96,0.30,1.51,1.36,2.04,-9999,-9999,-9999,-9999,-9999,1.187
97166,14.73,33.33,21.12,15.71,-0.38,0.45,0.04,15.69,23.17,-0.17,0.80,1.36,2.02,-9999,-9999,-9999,-9999,-9999,1.187
97167,15.76,28.96,18.80,13.52,-0.09,0.04,-0.22,16.35,20.24,-0.08,0.90,1.36,2.00,-9999,-9999,-9999,-9999,-9999,1.187
97168,-9999.00,31.44,21.12,15.34,-0.08,-0.03,0.21,-9999.00,22.66,-0.13,0.84,1.36,2.00,-9999,-9999,-9999,-9999,-9999,1.187
97169,-9999.00,33.82,18.65,10.52,-0.14,0.27,0.63,-9999.00,20.31,-0.08,0.90,1.37,2.01,-9999,-9999,-9999,-9999,-9999,1.187
97170,-9999.00,24.86,21.81,11.47,0.18,0.33,0.44,-9999.00,23.75,-0.06,0.92,1.39,2.01,-9999,-9999,-9999,-9999,-9999,1.186
97171,-9999.00,26.74,19.48,10.94,0.31,0.19,0.30,-9999.00,21.12,0.09,1.13,1.39,2.01,-9999,-9999,-9999,-9999,-9999,1.186
97172,-9999.00,31.31,19.84,10.31,0.07,0.21,0.26,-9999.00,21.53,0.08,1.12,1.45,1.99,-9999,-9999,-9999,-9999,-9999,1.186
97173,-9999.00,24.79,16.58,14.63,-0.05,0.39,0.72,-9999.00,18.21,0.30,1.51,1.44,1.98,-9999,-9999,-9999,-9999,-9999,1.186
97174,-9999.00,31.15,19.17,11.13,0.53,0.58,1.24,-9999.00,21.19,-0.03,0.95,1.54,1.97,-9999,-9999,-9999,-9999,-9999,1.186
97175,-9999.00,26.59,15.44,13.02,1.29,0.92,0.86,-9999.00,17.51,0.47,1.92,1.56,1.98,-9999,-9999,-9999,-9999,-9999,1.186
97176,-9999.00,32.11,18.69,10.68,1.55,1.20,0.47,-9999.00,21.29,0.00,1.00,1.51,1.99,-9999,-9999,-9999,-9999,-9999,1.187
97177,-9999.00,30.55,15.47,7.58,1.70,0.81,0.44,-9999.00,17.46,0.35,1.62,1.47,1.98,-9999,-9999,-9999,-9999,-9999,1.187
97178,-9999.00,33.64,18.89,10.07,1.47,0.40,0.52,-9999.00,20.74,0.16,1.25,1.41,1.99,-9999,-9999,-9999,-9999,-9999,1.187
97179,-9999.00,29.09,18.33,7.24,0.85,0.79,0.84,-9999.00,20.56,0.27,1.45,1.42,2.01,-9999,-9999,-9999,-9999,-9999,1.186
97180,-9999.00,31.08,20.23,12.39,0.77,1.40,0.95,-9999.00,23.21,0.14,1.21,1.33,2.01,-9999,-9999,-9999,-9999,-9999,1.187
97181,-9999.00,26.64,17.17,11.52,1.23,1.30,0.87,-9999.00,19.81,0.42,1.79,1.27,2.02,-9999,-9999,-9999,-9999,-9999,1.186
97182,-9999.00,27.11,22.70,14.83,1.57,0.91,0.55,-9999.00,25.37,-0.10,0.87,1.30,2.04,-9999,-9999,-9999,-9999,-9999,1.186
97183,-9999.00,27.43,17.49,11.31,1.21,0.83,0.10,-9999.00,19.70,0.22,1.36,1.36,2.07,-9999,-9999,-9999,-9999,-9999,1.187
97184,19.05,24.23,19.67,10.18,0.52,0.54,0.08,20.96,21.78,-0.01,0.98,1.34,2.09,-9999,-9999,-9999,-9999,-9999,1.188
97185,23.58,25.30,16.98,10.53,0.14,0.29,0.24,25.58,18.60,0.15,1.24,1.24,2.08,-9999,-9999,-9999,-9999,-9999,1.188
97186,26.82,28.03,17.90,11.03,-0.07,0.61,0.18,29.56,19.95,0.20,1.33,1.25,2.09,-9999,-9999,-9999,-9999,-9999,1.188
97187,26.32,23.81,14.83,13.35,0.36,0.78,-0.21,29.13,16.81,0.29,1.49,1.27,2.12,-9999,-9999,-9999,-9999,-9999,1.188
97188,16.78,28.91,17.63,12.70,1.00,0.20,-0.34,18.24,19.26,-0.02,0.97,1.28,2.12,-9999,-9999,-9999,-9999,-9999,1.188
97189,21.80,25.85,15.07,13.54,0.56,-0.35,-0.17,22.99,15.97,0.18,1.29,1.30,2.15,-9999,-9999,-9999,-9999,-9999,1.188
97190,14.71,32.82,20.92,14.08,-0.18,-0.07,-0.10,15.67,22.58,-0.18,0.77,1.27,2.15,-9999,-9999,-9999,-9999,-9999,1.187
97191,22.34,31.42,17.30,12.15,-0.25,0.35,-0.38,24.29,19.05,0.13,1.20,1.27,2.14,-9999,-9999,-9999,-9999,-9999,1.188
97192,20.37,34.83,20.48,14.34,0.24,0.22,-0.97,22.07,22.36,-0.00,1.00,1.26,2.14,-9999,-9999,-9999,-9999,-9999,1.187
