NASA Data Processing/CAMP2Ex/OPTICAL/CAMP2Ex-LARGE-OPTICAL_P3B_20191001_R0.ict
100,1001
Luke Ziemba
NASA Langley
In-situ optical aerosol measurements from the NASA P3B
CAMP2Ex
1,1
2019,10,01,2020,05,5
1.0
Time_Mid,Secs after midnight,Time of acquisition
19
1,1,1,1,1,1,1,1,1,1,1,1,1,1,1,1,1,1,1
-9999,-9999,-9999,-9999,-9999,-9999,-9999,-9999,-9999,-9999,-9999,-9999,-9999,-9999,-9999,-9999,-9999,-9999,-9999
Sc550_total_amb, Mm-1, AerOpt_Scattering_InSitu_Green_RHa_Bulk_STP, scattering coefficient of ambient  particles at 550nm
Sc450_total, Mm-1, AerOpt_Scattering_InSitu_Blue_RHd_Bulk_STP, Dry Scattering at 450nm (Total Aerosols)
Sc550_total, Mm-1, AerOpt_Scattering_InSitu_Green_RHd_Bulk_STP, Dry Scattering at 550nm (Total Aerosols)
Sc700_total, Mm-1, AerOpt_Scattering_InSitu_Red_RHd_Bulk_STP, Dry Scattering at 700nm (Total Aerosols)
Abs470_total, Mm-1, AerOpt_Absorption_InSitu_Blue_RHd_Bulk_STP, Dry absorption at 470nm (Total Aerosols)
Abs532_total, Mm-1, AerOpt_Absorption_InSitu_Green_RHd_Bulk_STP, Dry absorption at 532nm (Total Aerosols)
Abs660_total, Mm-1, AerOpt_Absorption_InSitu_Red_RHd_Bulk_STP, Dry absorption at 660nm (Total Aerosols)
Ext532_total_amb, Mm-1, AerOpt_Extinction_InSitu_Green_RHa_Bulk_STP, extinction coefficient of aerosols at 532nm for AMBIENT relative humidity
Ext532_total_dry, Mm-1, AerOpt_Extinction_InSitu_Green_RHd_Bulk_STP, extinction coefficient of aerosols at 532nm for DRY relative humidity
gamma550, unitless, AerOpt_Gamma_InSitu_Green_None_Bulk_STP, derived optical hygroscopic growth factor for particles at 550nm
fRH550_RH20to80, unitless, AerOpt_fRHScat_InSitu_Green_RHsp_Bulk_STP, derived optical hygroscopic growth parameter for particles at 550nm
AEscatAMB_450to700nm,unitless, AerOpt_AngstromExponentScat_InSitu_BluetoRed_RHa_Bulk_STP, derived ambient Angstrom Exponent for scattering coefficient over wavelength range from 450nm to 700nm
AEscatDRY_450to700nm,unitless, AerOpt_AngstromExponentScatInSitu_BluetoRed_RHd_Bulk_STP, derived dry Angstrom Exponent for scattering coefficient over wavelength range from 450nm to 700nm
AEabsDRY_470to660nm,unitless, AerOpt_AngstromExponentAbs_InSitu_BluetoRed_RHd_Bulk_STP, derived dry Angstrom Exponent for absorption coefficient over wavelength range from 450nm to 700nm
SSA_dry_450nm,unitless, AerOpt_SSA_InSitu_Blue_RHd_Bulk_STP, single_scattering_albedo_at_450nm_as_derived_from_dry_scattering_and_absorption
SSA_dry_550nm,unitless, AerOpt_SSA_InSitu_Green_RHd_Bulk_STP, single_scattering_albedo_at_550nm_as_derived_from_dry_scattering_and_absorption
SSA_dry_700nm,unitless, AerOpt_SSA_InSitu_Red_RHd_Bulk_STP, single_scattering_albedo_at_700nm_as_derived_from_dry_scattering_and_absorption
SSA_amb_550nm,unitless, AerOpt_SSA_InSitu_Green_RHa_Bulk_STP, single_scattering_albedo_at_550nm_as_derived_from_ambient_scattering_and_absorption
stdPT,unitless, None, Conversion factor to convert between ambient and standard pressure and temperature conditions
0
67
******************************************************************************************************************
Langley Aerosol data from the 2019 CAMP2Ex field campaign
 
PI_CONTACT_INFO: luke.ziemba@nasa.gov
PLATFORM: NASA P3B aircraft
LOCATION: Latitude, Longitude, and Altitude included in MetNav files
[...]
UNCERTAINTY: estimated uncertainties for directly measured properties
	- For dry scattering, accuracy estimated at 30% for all wavelengths; precision estimated at 4.5 Mm-1 for 450nm wavelength and 3 Mm-1 for 550nm and 700nm wavelengths
	- For dry absorption, accuracy estimated at 15% for all wavelengths; precision is a function of pressure and is estimated to vary from 0.5 Mm-1 near the surface to 2 at high altitude
	- For derived parameters, please contact the PI for a more detailed discussion of uncertainty
ULOD_FLAG: -7777
ULOD_VALUE: N/A
LLOD_FLAG: -8888
LLOD_VALUE: N/A
DM_CONTACT_INFO: Michael Shook (michael.shook@nasa.gov)
PROJECT_INFO: CAMP2Ex 2019
STIPULATIONS_ON_USE: This is FINAL data. Users are strongly encouraged to consult the PI and/or DM prior to use.
OTHER_COMMENTS: N/A
REVISION: R0
R0: STP and ambient parameter calculations now use data from their respective publicly available files, data is time synced to DLH
RD: Correction factor applied to raw scattering data, which also affects the absorption data via the Virkkula correction
RC: Higher threshholds required for calculating intensive parameters; absorption smoothing algorithm applied
RB: Time sync to LARGE CNgt3nm applied
RA: None
******************************************************************************************************************
Time_Mid,Sc550_total_amb,Sc450_total,Sc550_total,Sc700_total,Abs470_total,Abs532_total,Abs660_total,Ext532_total_amb,Ext532_total_dry,gamma550,fRH550_RH20to80,AEscatAMB_450to700nm,AEscatDRY_450to700nm,AEabsDRY_470to660nm,SSA_dry_450nm,SSA_dry_550nm,SSA_dry_700nm,SSA_amb_550nm,stdPT
78049,-9999.00,52.79,38.78,28.65,9.92,8.32,5.67,-9999.00,49.74,-9999.00,-9999.00,-9999,1.89,1.54,0.752,0.735,0.711,-9999,1.103
78050,-9999.00,47.46,35.65,28.39,11.49,9.29,6.94,-9999.00,47.35,-9999.00,-9999.00,-9999,1.88,1.54,0.755,0.737,0.715,-9999,1.102
78051,-9999.00,56.99,38.38,27.90,12.98,10.30,7.63,-9999.00,51.25,-9999.00,-9999.00,-9999,1.88,1.46,0.758,0.741,0.713,-9999,1.101
78052,-9999.00,56.87,36.73,22.41,13.91,10.99,7.71,-9999.00,50.17,-9999.00,-9999.00,-9999,1.86,1.41,0.761,0.742,0.715,-9999,1.104
78053,-9999.00,62.17,37.33,24.73,14.01,10.87,7.38,-9999.00,50.71,-9999.00,-9999.00,-9999,1.87,1.48,0.762,0.743,0.719,-9999,1.105
78054,-9999.00,58.57,36.82,23.81,14.08,11.14,7.55,-9999.00,50.44,-9999.00,-9999.00,-9999,1.87,1.53,0.763,0.745,0.725,-9999,1.106
78055,-9999.00,58.95,37.76,25.07,17.80,14.73,11.01,-9999.00,55.08,-9999.00,-9999.00,-9999,1.88,1.56,0.766,0.745,0.728,-9999,1.107
78056,-9999.00,59.38,38.76,26.35,27.23,22.83,18.01,-9999.00,64.25,-9999.00,-9999.00,-9999,1.88,1.56,0.765,0.744,0.728,-9999,1.108
78057,-9999.00,58.48,37.08,23.60,36.01,29.99,23.70,-9999.00,69.61,-9999.00,-9999.00,-9999,1.87,1.49,0.764,0.744,0.723,-9999,1.109
78058,-9999.00,57.59,35.39,20.87,39.16,32.20,25.11,-9999.00,70.02,-9999.00,-9999.00,-9999,1.86,1.40,0.764,0.743,0.717,-9999,1.110
78059,-9999.00,54.66,42.80,23.33,38.98,31.66,24.31,-9999.00,77.37,-9999.00,-9999.00,-9999,1.85,1.40,0.763,0.741,0.717,-9999,1.111
78060,-9999.00,50.71,39.87,23.25,37.87,30.49,23.13,-9999.00,73.08,-9999.00,-9999.00,-9999,1.83,1.44,0.761,0.738,0.719,-9999,1.112
78061,-9999.00,52.22,38.63,23.30,36.45,29.15,22.23,-9999.00,70.40,-9999.00,-9999.00,-9999,1.82,1.43,0.759,0.738,0.717,-9999,1.113
78062,-9999.00,49.75,33.76,21.69,35.05,28.15,22.19,-9999.00,64.20,-9999.00,-9999.00,-9999,1.82,1.43,0.759,0.739,0.717,-9999,1.114
78063,-9999.00,47.12,28.92,20.08,33.63,27.23,21.65,-9999.00,58.12,-9999.00,-9999.00,-9999,1.83,1.50,0.761,0.742,0.724,-9999,1.116
78064,-9999.00,45.02,28.73,17.92,29.13,23.10,17.62,-9999.00,53.76,-9999.00,-9999.00,-9999,1.84,1.57,0.763,0.745,0.729,-9999,1.117
78065,-9999.00,44.95,29.27,20.17,18.40,13.96,9.68,-9999.00,45.20,-9999.00,-9999.00,-9999,1.86,1.52,0.766,0.746,0.728,-9999,1.118
78066,-9999.00,39.61,29.21,19.20,7.44,5.35,2.86,-9999.00,36.55,-9999.00,-9999.00,-9999,1.89,1.41,0.769,0.748,0.721,-9999,1.119
78067,-9999.00,39.20,27.79,19.81,2.51,1.56,0.32,-9999.00,31.27,-9999.00,-9999.00,-9999,1.89,1.31,0.772,0.750,0.718,-9999,1.120
78068,-9999.00,42.99,26.92,18.26,0.66,0.38,0.16,-9999.00,29.16,-9999.00,-9999.00,-9999,1.88,1.32,0.778,0.755,0.725,-9999,1.121
78069,-9999.00,38.97,23.17,17.11,-0.76,-0.32,0.42,-9999.00,24.43,-9999.00,-9999.00,-9999,1.88,1.43,0.782,0.761,0.739,-9999,1.121
78070,-9999.00,42.64,25.74,17.43,-1.38,-0.63,0.02,-9999.00,26.86,-9999.00,-9999.00,-9999,1.87,1.47,0.788,0.766,0.748,-9999,1.122
78071,-9999.00,35.21,23.97,15.90,-1.15,-0.68,-0.73,-9999.00,24.91,-9999.00,-9999.00,-9999,1.88,1.45,0.795,0.774,0.753,-9999,1.122
78072,-9999.00,39.68,26.64,17.10,-0.92,-0.79,-0.93,-9999.00,27.66,-9999.00,-9999.00,-9999,1.88,1.42,0.801,0.780,0.759,-9999,1.123
78073,-9999.00,33.16,24.95,15.54,-1.38,-0.85,-0.61,-9999.00,25.78,-9999.00,-9999.00,-9999,1.88,1.33,0.804,0.783,0.757,-9999,1.123
78074,-9999.00,39.06,26.59,16.30,-1.67,-0.93,-0.47,-9999.00,27.42,-9999.00,-9999.00,-9999,1.87,1.33,0.808,0.789,0.762,-9999,1.124
78075,-9999.00,32.22,23.20,15.77,-1.41,-0.92,-0.76,-9999.00,23.84,-9999.00,-9999.00,-9999,1.88,1.53,0.831,0.815,0.800,-9999,1.124
78076,-9999.00,38.62,24.10,16.29,-1.51,-0.82,-0.73,-9999.00,24.94,-9999.00,-9999.00,-9999,1.89,1.92,0.892,0.886,0.884,-9999,1.125
78077,-9999.00,34.26,23.05,15.75,-1.46,-0.82,-0.49,-9999.00,23.84,-9999.00,-9999.00,-9999,1.89,-9999,-9999,-9999,-9999,-9999,1.125
78078,-9999.00,34.50,24.23,15.83,-1.30,-0.88,-0.49,-9999.00,25.05,-9999.00,-9999.00,-9999,1.89,-9999,-9999,-9999,-9999,-9999,1.126
78079,-9999.00,29.52,23.69,13.24,-1.34,-0.99,-0.77,-9999.00,24.33,-9999.00,-9999.00,-9999,1.89,-9999,-9999,-9999,-9999,-9999,1.126
78080,-9999.00,32.68,23.13,15.12,-1.47,-0.93,-1.27,-9999.00,23.79,-9999.00,-9999.00,-9999,1.89,-9999,-9999,-9999,-9999,-9999,1.127
78081,-9999.00,33.19,23.24,14.93,-1.65,-0.87,-1.47,-9999.00,23.95,-9999.00,-9999.00,-9999,1.87,-9999,-9999,-9999,-9999,-9999,1.128
78082,-9999.00,36.87,22.04,18.95,-1.43,-0.86,-1.43,-9999.00,22.69,-9999.00,-9999.00,-9999,1.88,-9999,-9999,-9999,-9999,-9999,1.128
78083,-9999.00,35.36,21.31,14.23,-1.08,-0.49,-0.77,-9999.00,22.29,-9999.00,-9999.00,-9999,1.86,-9999,-9999,-9999,-9999,-9999,1.128
78084,-9999.00,37.30,24.35,15.64,-1.04,-0.39,0.09,-9999.00,25.59,-9999.00,-9999.00,-9999,1.87,-9999,-9999,-9999,-9999,-9999,1.129
78085,-9999.00,35.97,22.31,14.57,-1.06,-0.66,-0.24,-9999.00,23.12,-9999.00,-9999.00,-9999,1.88,-9999,-9999,-9999,-9999,-9999,1.129
78086,-9999.00,37.17,25.00,13.51,-1.04,-0.65,-1.32,-9999.00,25.97,-9999.00,-9999.00,-9999,1.87,-9999,-9999,-9999,-9999,-9999,1.130
78087,-9999.00,38.10,22.20,17.44,-0.86,-0.80,-1.81,-9999.00,22.86,-9999.00,-9999.00,-9999,1.88,-9999,-9999,-9999,-9999,-9999,1.131
78088,-9999.00,33.92,24.73,13.49,-0.76,-1.02,-0.96,-9999.00,25.36,-9999.00,-9999.00,-9999,1.88,-9999,-9999,-9999,-9999,-9999,1.131
78089,-9999.00,34.56,24.61,12.71,-0.73,-0.96,-0.11,-9999.00,25.31,-9999.00,-9999.00,-9999,1.88,-9999,-9999,-9999,-9999,-9999,1.131
78090,-9999.00,35.19,24.48,11.93,-0.59,-0.97,-0.19,-9999.00,25.19,-9999.00,-9999.00,-9999,1.87,-9999,-9999,-9999,-9999,-9999,1.132
78091,-9999.00,33.19,22.17,13.83,-0.62,-0.96,0.12,-9999.00,22.73,-9999.00,-9999.00,-9999,1.88,-9999,-9999,-9999,-9999,-9999,1.133
78092,-9999.00,36.57,22.61,15.40,-0.67,-0.97,0.34,-9999.00,23.18,-9999.00,-9999.00,-9999,1.88,-9999,-9999,-9999,-9999,-9999,1.133
78093,-9999.00,34.44,22.85,15.15,-0.58,-0.88,-0.28,-9999.00,23.53,-9999.00,-9999.00,-9999,1.89,-9999,-9999,-9999,-9999,-9999,1.134
78094,-9999.00,32.22,23.07,14.89,-0.38,-0.65,-0.39,-9999.00,24.02,-9999.00,-9999.00,-9999,1.90,-9999,-9999,-9999,-9999,-9999,1.134
78095,-9999.00,33.41,21.34,13.37,-0.28,-0.62,0.11,-9999.00,22.20,-9999.00,-9999.00,-9999,1.91,-9999,-9999,-9999,-9999,-9999,1.135
78096,-9999.00,32.20,25.92,17.78,-0.56,-0.39,0.20,-9999.00,27.31,-9999.00,-9999.00,-9999,1.89,-9999,-9999,-9999,-9999,-9999,1.136
78097,-9999.00,34.21,23.21,15.34,-0.59,-0.06,-0.08,-9999.00,24.72,-9999.00,-9999.00,-9999,1.88,-9999,-9999,-9999,-9999,-9999,1.136
78098,-9999.00,26.83,19.05,17.64,-0.26,-0.07,0.27,-9999.00,20.24,-9999.00,-9999.00,-9999,1.89,-9999,-9999,-9999,-9999,-9999,1.137
78099,-9999.00,34.14,25.66,12.25,-0.29,0.04,0.59,-9999.00,27.38,-9999.00,-9999.00,-9999,1.87,-9999,-9999,-9999,-9999,-9999,1.137
78100,-9999.00,30.45,23.50,12.81,-0.14,0.17,-0.11,-9999.00,25.23,-9999.00,-9999.00,-9999,1.88,-9999,-9999,-9999,-9999,-9999,1.137
78101,-9999.00,30.02,21.71,13.07,0.13,0.03,-0.58,-9999.00,23.17,-9999.00,-9999.00,-9999,1.88,-9999,-9999,-9999,-9999,-9999,1.139
78102,-9999.00,35.22,19.60,14.80,0.08,-0.10,-0.04,-9999.00,20.79,-9999.00,-9999.00,-9999,1.88,-9999,-9999,-9999,-9999,-9999,1.139
78103,-9999.00,30.30,16.53,12.29,-0.16,0.07,0.17,-9999.00,17.66,-9999.00,-9999.00,-9999,1.89,-9999,-9999,-9999,-9999,-9999,1.140
78104,-9999.00,29.31,19.91,14.22,-0.55,0.33,-0.20,-9999.00,21.53,-9999.00,-9999.00,-9999,1.88,-9999,-9999,-9999,-9999,-9999,1.141
78105,-9999.00,29.00,16.43,12.39,-0.18,0.36,-0.08,-9999.00,17.85,-9999.00,-9999.00,-9999,1.87,-9999,-9999,-9999,-9999,-9999,1.141
78106,-9999.00,29.50,20.40,14.16,0.33,0.30,-0.03,-9999.00,22.04,-9999.00,-9999.00,-9999,1.86,-9999,-9999,-9999,-9999,-9999,1.142
78107,-9999.00,29.13,18.90,11.78,-0.12,0.33,-0.20,-9999.00,20.47,-9999.00,-9999.00,-9999,1.87,-9999,-9999,-9999,-9999,-9999,1.142
78108,-9999.00,31.48,20.27,12.63,-0.23,0.17,0.05,-9999.00,21.75,-9999.00,-9999.00,-9999,1.86,-9999,-9999,-9999,-9999,-9999,1.143
78109,-9999.00,33.84,21.66,13.49,-0.10,0.01,0.40,-9999.00,23.08,-9999.00,-9999.00,-9999,1.85,-9999,-9999,-9999,-9999,-9999,1.144
78110,-9999.00,31.43,24.12,12.02,-0.33,0.05,0.53,-9999.00,25.75,-9999.00,-9999.00,-9999,1.87,-9999,-9999,-9999,-9999,-9999,1.145
78111,-9999.00,27.79,22.54,16.19,-0.48,-0.02,0.16,-9999.00,24.00,-9999.00,-9999.00,-9999,1.86,-9999,-9999,-9999,-9999,-9999,1.145
78112,-9999.00,28.12,22.19,15.01,-0.35,-0.22,0.05,-9999.00,23.49,-9999.00,-9999.00,-9999,1.92,-9999,-9999,-9999,-9999,-9999,1.146
78113,-9999.00,28.46,21.84,13.84,-0.05,-0.31,0.43,-9999.00,23.04,-9999.00,-9999.00,-9999,1.94,-9999,-9999,-9999,-9999,-9999,1.147
78114,-9999.00,30.36,20.17,15.09,-0.16,-0.36,0.28,-9999.00,21.21,-9999.00,-9999.00,-9999,1.98,-9999,-9999,-9999,-9999,-9999,1.147
78115,-9999.00,35.29,20.89,13.29,-0.43,-0.32,0.02,-9999.00,22.03,-9999.00,-9999.00,-9999,1.98,-9999,-9999,-9999,-9999,-9999,1.148
78116,-9999.00,29.03,19.20,10.86,-0.07,-0.11,-0.25,-9999.00,20.46,-9999.00,-9999.00,-9999,1.97,-9999,-9999,-9999,-9999,-9999,1.148
78117,-9999.00,30.94,21.37,12.12,0.07,0.07,-0.73,-9999.00,23.01,-9999.00,-9999.00,-9999,1.99,-9999,-9999,-9999,-9999,-9999,1.150
78118,-9999.00,32.82,23.54,13.37,-0.29,0.04,-0.87,-9999.00,25.30,-9999.00,-9999.00,-9999,2.01,-9999,-9999,-9999,-9999,-9999,1.150
78119,-9999.00,28.69,21.07,11.66,-0.38,-0.07,-0.69,-9999.00,22.53,-9999.00,-9999.00,-9999,2.03,-9999,-9999,-9999,-9999,-9999,1.151
78120,-9999.00,33.97,23.44,14.62,-0.24,-0.21,-0.50,-9999.00,24.90,-9999.00,-9999.00,-9999,2.05,-9999,-9999,-9999,-9999,-9999,1.151
78121,-9999.00,33.33,21.23,13.45,-0.01,-0.22,-0.45,-9999.00,22.48,-9999.00,-9999.00,-9999,2.07,-9999,-9999,-9999,-9999,-9999,1.152
78122,-9999.00,35.64,21.08,13.56,0.26,0.10,-0.49,-9999.00,22.67,-9999.00,-9999.00,-9999,2.10,-9999,-9999,-9999,-9999,-9999,1.153
78123,-9999.00,28.65,23.43,13.45,0.41,0.40,-0.24,-9999.00,25.50,-9999.00,-9999.00,-9999,2.12,-9999,-9999,-9999,-9999,-9999,1.153
78124,-9999.00,34.97,21.44,16.55,0.38,0.18,0.21,-9999.00,23.18,-9999.00,-9999.00,-9999,2.11,-9999,-9999,-9999,-9999,-9999,1.154
78125,-9999.00,35.40,22.83,13.21,-0.05,-0.37,0.28,-9999.00,24.12,-9999.00,-9999.00,-9999,2.12,-9999,-9999,-9999,-9999,-9999,1.155
78126,-9999.00,36.99,21.27,16.20,-0.33,-0.34,-0.15,-9999.00,22.52,-9999.00,-9999.00,-9999,2.12,-9999,-9999,-9999,-9999,-9999,1.155
78127,-9999.00,43.41,23.65,11.50,-0.23,0.02,-0.42,-9999.00,25.47,-9999.00,-9999.00,-9999,2.17,-9999,-9999,-9999,-9999,-9999,1.156
78128,-9999.00,38.30,23.76,13.46,0.01,0.22,-0.03,-9999.00,25.82,-9999.00,-9999.00,-9999,2.19,-9999,-9999,-9999,-9999,-9999,1.156
78129,-9999.00,40.90,27.13,15.72,0.22,0.48,0.65,-9999.00,29.74,-9999.00,-9999.00,-9999,2.20,-9999,-9999,-9999,-9999,-9999,1.157
78130,-9999.00,34.41,24.17,13.69,-0.03,0.51,0.84,-9999.00,26.57,-9999.00,-9999.00,-9999,2.22,-9999,-9999,-9999,-9999,-9999,1.158
78131,-9999.00,43.77,27.28,19.11,-0.20,0.24,0.71,-9999.00,29.65,-9999.00,-9999.00,-9999,2.21,-9999,-9999,-9999,-9999,-9999,1.158
78132,-9999.00,44.21,23.16,16.04,0.11,0.20,0.86,-9999.00,25.17,-9999.00,-9999.00,-9999,2.22,-9999,-9999,-9999,-9999,-9999,1.159
78133,-9999.00,44.71,26.70,15.29,0.25,0.48,0.79,-9999.00,29.28,-9999.00,-9999.00,-9999,2.23,-9999,-9999,-9999,-9999,-9999,1.159
78134,-9999.00,44.98,30.25,14.59,0.35,0.69,0.60,-9999.00,33.33,-9999.00,-9999.00,-9999,2.25,-9999,-9999,-9999,-9999,-9999,1.160
78135,-9999.00,42.93,33.81,15.23,0.64,0.64,1.18,-9999.00,37.15,-9999.00,-9999.00,-9999,2.25,-9999,-9999,-9999,-9999,-9999,1.160
78136,-9999.00,43.26,33.93,15.00,0.81,0.63,1.72,-9999.00,37.26,-9999.00,-9999.00,-9999,2.26,-9999,-9999,-9999,-9999,-9999,1.161
78137,-9999.00,51.87,26.60,16.64,0.61,0.68,1.13,-9999.00,29.39,-9999.00,-9999.00,-9999,2.27,-9999,-9999,-9999,-9999,-9999,1.161
78138,-9999.00,56.44,34.62,19.02,0.42,0.60,0.40,-9999.00,38.00,-9999.00,-9999.00,-9999,2.27,-9999,-9999,-9999,-9999,-9999,1.161
78139,-9999.00,51.54,30.12,22.98,0.86,0.84,0.51,-9999.00,33.42,-9999.00,-9999.00,-9999,2.29,-9999,-9999,-9999,-9999,-9999,1.162
78140,-9999.00,54.66,32.91,18.76,1.42,1.30,1.02,-9999.00,36.92,-9999.00,-9999.00,-9999,2.31,-9999,-9999,-9999,-9999,-9999,1.162
78141,-9999.00,52.20,31.47,19.64,1.08,1.37,0.71,-9999.00,35.44,-9999.00,-9999.00,-9999,2.31,-9999,-9999,-9999,-9999,-9999,1.163
78142,-9999.00,54.39,31.84,16.79,0.81,1.37,0.23,-9999.00,35.83,-9999.00,-9999.00,-9999,2.32,-9999,-9999,-9999,-9999,-9999,1.163
78143,-9999.00,53.62,32.09,20.17,1.32,1.55,0.59,-9999.00,36.24,-9999.00,-9999.00,-9999,2.31,-9999,-9999,-9999,-9999,-9999,1.164
78144,-9999.00,50.45,31.32,19.43,1.44,1.40,0.80,-9999.00,35.28,-9999.00,-9999.00,-9999,2.31,-9999,-9999,-9999,-9999,-9999,1.164
78145,-9999.00,52.62,35.78,20.90,0.93,0.98,0.46,-9999.00,39.69,-9999.00,-9999.00,-9999,2.32,-9999,-9999,-9999,-9999,-9999,1.165
78146,-9999.00,49.68,31.45,19.50,0.91,0.65,0.50,-9999.00,34.69,-9999.00,-9999.00,-9999,2.33,-9999,-9999,-9999,-9999,-9999,1.166
78147,-9999.00,61.42,40.47,21.84,1.05,0.66,1.06,-9999.00,44.46,-9999.00,-9999.00,-9999,2.34,-9999,-9999,-9999,-9999,-9999,1.166
78148,-9999.00,59.99,35.46,19.25,0.53,0.44,1.30,-9999.00,38.80,-9999.00,-9999.00,-9999,2.36,-9999,-9999,-9999,-9999,-9999,1.167
78149,-9999.00,62.51,40.79,21.25,0.01,-0.11,1.01,-9999.00,44.03,-9999.00,-9999.00,-9999,2.35,-9999,-9999,-9999,-9999,-9999,1.167
78150,-9999.00,64.90,40.13,25.18,0.06,-0.05,0.82,-9999.00,43.36,-9999.00,-9999.00,-9999,2.33,-9999,-9999,-9999,-9999,-9999,1.168
78151,-9999.00,63.95,44.31,23.72,0.26,0.27,0.88,-9999.00,48.25,-9999.00,-9999.00,-9999,2.34,-9999,-9999,-9999,-9999,-9999,1.168
78152,-9999.00,65.14,40.41,22.67,0.23,0.32,0.71,-9999.00,44.08,-9999.00,-9999.00,-9999,2.33,-9999,-9999,-9999,-9999,-9999,1.169
78153,-9999.00,71.89,40.38,25.70,0.18,0.50,0.27,-9999.00,44.16,-9999.00,-9999.00,-9999,2.33,-9999,-9999,-9999,-9999,-9999,1.169
78154,-9999.00,64.73,38.01,23.01,0.89,1.01,0.40,-9999.00,42.09,-9999.00,-9999.00,-9999,2.31,-9999,-9999,-9999,-9999,-9999,1.170
78155,-9999.00,73.59,41.52,24.61,1.54,1.46,1.16,-9999.00,46.33,-9999.00,-9999.00,-9999,2.33,-9999,-9999,-9999,-9999,-9999,1.170
78156,-9999.00,61.19,38.04,22.56,1.55,1.57,1.31,-9999.00,42.65,-9999.00,-9999.00,-9999,2.33,-9999,-9999,-9999,-9999,-9999,1.171
78157,-9999.00,66.17,40.86,22.63,1.41,1.55,0.41,-9999.00,45.67,-9999.00,-9999.00,-9999,2.34,-9999,-9999,-9999,-9999,-9999,1.172
78158,-9999.00,56.89,39.41,20.39,1.17,1.69,0.18,-9999.00,44.24,-9999.00,-9999.00,-9999,2.33,-9999,-9999,-9999,-9999,-9999,1.172
78159,-9999.00,63.61,36.58,22.65,1.10,1.52,0.99,-9999.00,40.99,-9999.00,-9999.00,-9999,2.33,-9999,-9999,-9999,-9999,-9999,1.173
78160,-9999.00,55.04,33.29,18.69,1.16,1.05,1.27,-9999.00,36.94,-9999.00,-9999.00,-9999,2.32,-9999,-9999,-9999,-9999,-9999,1.174
78161,-9999.00,59.68,37.06,18.62,0.99,0.97,1.37,-9999.00,40.92,-9999.00,-9999.00,-9999,2.32,-9999,-9999,-9999,-9999,-9999,1.175
78162,-9999.00,52.83,33.24,19.63,1.04,0.94,1.65,-9999.00,36.80,-9999.00,-9999.00,-9999,2.33,-9999,-9999,-9999,-9999,-9999,1.175
78163,-9999.00,51.91,32.78,14.76,0.87,0.46,1.34,-9999.00,35.85,-9999.00,-9999.00,-9999,2.33,-9999,-9999,-9999,-9999,-9999,1.176
78164,-9999.00,51.55,27.88,20.28,0.22,0.07,0.35,-9999.00,30.18,-9999.00,-9999.00,-9999,2.31,-9999,-9999,-9999,-9999,-9999,1.177
78165,-9999.00,40.66,30.85,16.55,0.02,0.17,-0.21,-9999.00,33.50,-9999.00,-9999.00,-9999,2.30,-9999,-9999,-9999,-9999,-9999,1.177
78166,-9999.00,42.68,27.46,13.75,0.32,0.58,0.35,-9999.00,30.23,-9999.00,-9999.00,-9999,2.30,-9999,-9999,-9999,-9999,-9999,1.178
78167,-9999.00,39.69,31.24,15.82,0.64,0.55,0.46,-9999.00,34.28,-9999.00,-9999.00,-9999,2.30,-9999,-9999,-9999,-9999,-9999,1.179
78168,-9999.00,40.57,28.06,13.85,0.75,0.22,0.11,-9999.00,30.51,-9999.00,-9999.00,-9999,2.29,-9999,-9999,-9999,-9999,-9999,1.180
78169,-9999.00,38.43,26.28,15.95,0.62,0.22,0.40,-9999.00,28.56,-9999.00,-9999.00,-9999,2.30,-9999,-9999,-9999,-9999,-9999,1.180
78170,-9999.00,35.62,22.61,12.88,0.27,0.17,0.15,-9999.00,24.53,-9999.00,-9999.00,-9999,2.30,-9999,-9999,-9999,-9999,-9999,1.181
78171,-9999.00,38.80,25.76,12.66,-0.45,-0.03,-0.34,-9999.00,27.70,-9999.00,-9999.00,-9999,2.29,-9999,-9999,-9999,-9999,-9999,1.182
