NASA Data Processing/CAMP2Ex/OPTICAL/CAMP2Ex-LARGE-OPTICAL_P3B_20190915_R0.ict
100,1001
Luke Ziemba
NASA Langley
In-situ optical aerosol measurements from the NASA P3B
CAMP2Ex
1,1
2019,09,15,2020,05,5
1.0
Time_Mid,Secs after midnight,Time of acquisition
19
1,1,1,1,1,1,1,1,1,1,1,1,1,1,1,1,1,1,1
-9999,-9999,-9999,-9999,-9999,-9999,-9999,-9999,-9999,-9999,-9999,-9999,-9999,-9999,-9999,-9999,-9999,-9999,-9999
Sc550_total_amb, Mm-1, AerOpt_Scattering_InSitu_Green_RHa_Bulk_STP, scattering coefficient of ambient  particles at 550nm
Sc450_total, Mm-1, AerOpt_Scattering_InSitu_Blue_RHd_Bulk_STP, Dry Scattering at 450nm (Total Aerosols)
Sc550_total, Mm-1, AerOpt_Scattering_InSitu_Green_RHd_Bulk_STP, Dry Scattering at 550nm (Total Aerosols)
Sc700_total, Mm-1, AerOpt_Scattering_InSitu_Red_RHd_Bulk_STP, Dry Scattering at 700nm (Total Aerosols)
Abs470_total, Mm-1, AerOpt_Absorption_InSitu_Blue_RHd_Bulk_STP, Dry absorption at 470nm (Total Aerosols)
Abs532_total, Mm-1, AerOpt_Absorption_InSitu_Green_RHd_Bulk_STP, Dry absorption at 532nm (Total Aerosols)
Abs660_total, Mm-1, AerOpt_Absorption_InSitu_Red_RHd_Bulk_STP, Dry absorption at 660nm (Total Aerosols)
Ext532_total_amb, Mm-1, AerOpt_Extinction_InSitu_Green_RHa_Bulk_STP, extinction coefficient of aerosols at 532nm for AMBIENT relative humidity
Ext532_total_dry, Mm-1, AerOpt_Extinction_InSitu_Green_RHd_Bulk_STP, extinction coefficient of aerosols at 532nm for DRY relative humidity
gamma550, unitless, AerOpt_Gamma_InSitu_Green_None_Bulk_STP, derived optical hygroscopic growth factor for particles at 550nm
fRH550_RH20to80, unitless, AerOpt_fRHScat_InSitu_Green_RHsp_Bulk_STP, derived optical hygroscopic growth parameter for particles at 550nm
AEscatAMB_450to700nm,unitless, AerOpt_AngstromExponentScat_InSitu_BluetoRed_RHa_Bulk_STP, derived ambient Angstrom Exponent for scattering coefficient over wavelength range from 450nm to 700nm
AEscatDRY_450to700nm,unitless, AerOpt_AngstromExponentScatInSitu_BluetoRed_RHd_Bulk_STP, derived dry Angstrom Exponent for scattering coefficient over wavelength range from 450nm to 700nm
AEabsDRY_470to660nm,unitless, AerOpt_AngstromExponentAbs_InSitu_BluetoRed_RHd_Bulk_STP, derived dry Angstrom Exponent for absorption coefficient over wavelength range from 450nm to 700nm
SSA_dry_450nm,unitless, AerOpt_SSA_InSitu_Blue_RHd_Bulk_STP, single_scattering_albedo_at_450nm_as_derived_from_dry_scattering_and_absorption
SSA_dry_550nm,unitless, AerOpt_SSA_InSitu_Green_RHd_Bulk_STP, single_scattering_albedo_at_550nm_as_derived_from_dry_scattering_and_absorption
SSA_dry_700nm,unitless, AerOpt_SSA_InSitu_Red_RHd_Bulk_STP, single_scattering_albedo_at_700nm_as_derived_from_dry_scattering_and_absorption
SSA_amb_550nm,unitless, AerOpt_SSA_InSitu_Green_RHa_Bulk_STP, single_scattering_albedo_at_550nm_as_derived_from_ambient_scattering_and_absorption
stdPT,unitless, None, Conversion factor to convert between ambient and standard pressure and temperature conditions
0
67
******************************************************************************************************************
Langley Aerosol data from the 2019 CAMP2Ex field campaign
 
PI_CONTACT_INFO: luke.ziemba@nasa.gov
PLATFORM: NASA P3B aircraft
LOCATION: Latitude, Longitude, and Altitude included in MetNav files
[...]
UNCERTAINTY: estimated uncertainties for directly measured properties
	- For dry scattering, accuracy estimated at 30% for all wavelengths; precision estimated at 4.5 Mm-1 for 450nm wavelength and 3 Mm-1 for 550nm and 700nm wavelengths
	- For dry absorption, accuracy estimated at 15% for all wavelengths; precision is a function of pressure and is estimated to vary from 0.5 Mm-1 near the surface to 2 at high altitude
	- For derived parameters, please contact the PI for a more detailed discussion of uncertainty
ULOD_FLAG: -7777
ULOD_VALUE: N/A
LLOD_FLAG: -8888
LLOD_VALUE: N/A
DM_CONTACT_INFO: Michael Shook (michael.shook@nasa.gov)
PROJECT_INFO: CAMP2Ex 2019
STIPULATIONS_ON_USE: This is FINAL data. Users are strongly encouraged to consult the PI and/or DM prior to use.
OTHER_COMMENTS: N/A
REVISION: R0
R0: STP and ambient parameter calculations now use data from their respective publicly available files, data is time synced to DLH
RD: Correction factor applied to raw scattering data, which also affects the absorption data via the Virkkula correction
RC: Higher threshholds required for calculating intensive parameters; absorption smoothing algorithm applied
RB: Time sync to LARGE CNgt3nm applied
RA: None
******************************************************************************************************************
Time_Mid,Sc550_total_amb,Sc450_total,Sc550_total,Sc700_total,Abs470_total,Abs532_total,Abs660_total,Ext532_total_amb,Ext532_total_dry,gamma550,fRH550_RH20to80,AEscatAMB_450to700nm,AEscatDRY_450to700nm,AEabsDRY_470to660nm,SSA_dry_450nm,SSA_dry_550nm,SSA_dry_700nm,SSA_amb_550nm,stdPT
[from data line 3406]
82360,63.56,39.60,28.91,24.35,12.29,11.05,8.90,76.66,40.69,0.52,2.06,0.63,0.95,0.52,0.932,0.921,0.922,0.955,1.904
82361,61.72,45.87,34.57,26.72,15.24,13.34,10.89,77.05,48.77,0.39,1.71,0.63,0.92,0.71,0.914,0.916,0.909,0.947,1.905
82362,94.68,46.87,35.52,26.26,9.28,8.29,6.16,105.29,44.67,0.44,1.84,0.63,0.90,0.82,0.907,0.916,0.906,0.943,1.907
82363,-9999.00,58.30,36.56,31.87,2.53,2.30,0.94,-9999.00,39.72,0.42,1.79,0.74,0.88,1.04,0.914,0.924,0.919,0.943,1.907
82364,-9999.00,60.41,49.61,32.99,3.01,2.73,1.36,-9999.00,53.47,0.41,1.76,0.76,0.85,1.32,0.932,0.945,0.942,0.957,1.905
82365,-9999.00,74.92,61.08,35.00,5.38,4.79,3.89,-9999.00,67.27,0.26,1.43,0.65,0.89,1.38,0.952,0.962,0.959,0.969,1.903
82366,-9999.00,74.08,59.61,40.39,5.21,4.34,4.83,-9999.00,65.34,0.48,1.94,0.54,0.88,1.25,0.959,0.966,0.964,0.970,1.908
82367,-9999.00,84.90,71.17,46.48,3.31,2.49,3.28,-9999.00,75.33,0.35,1.63,0.54,0.85,1.33,0.958,0.964,0.965,0.968,1.910
82368,151.09,77.42,65.41,57.14,1.02,0.01,1.43,153.70,66.90,0.46,1.90,0.54,0.85,1.32,0.959,0.965,0.965,0.967,1.908
82369,115.22,79.45,99.73,62.04,-3.88,-4.55,-1.71,112.62,97.44,0.10,1.15,0.54,0.83,1.26,0.962,0.968,0.968,0.969,1.908
82370,115.09,95.60,79.25,63.40,-9.12,-8.12,-6.05,108.87,72.93,0.30,1.51,0.54,0.83,1.60,0.970,0.975,0.977,0.975,1.910
82371,124.33,116.65,97.44,73.44,-9.79,-8.25,-7.29,118.05,91.43,0.18,1.28,0.53,0.83,-9999,0.977,0.981,-9999.000,0.981,1.910
82372,207.32,98.83,83.71,64.34,-7.22,-6.34,-5.40,204.28,79.35,0.61,2.34,0.53,0.84,-9999,0.985,-9999.000,-9999.000,-9999.000,1.907
82373,250.61,154.83,142.93,130.63,-3.81,-3.60,-3.92,251.00,142.90,0.32,1.55,0.53,0.84,-9999,-9999,-9999,-9999,-9999,1.906
82374,368.06,146.85,122.69,102.27,-0.74,-1.39,-2.93,372.56,124.40,0.50,2.01,0.52,0.84,-9999,-9999,-9999,-9999,-9999,1.902
82375,-9999.00,172.29,131.46,109.70,1.00,-0.85,-1.95,-9999.00,133.93,0.51,2.04,0.33,0.83,-9999,-9999,-9999,-9999,-9999,1.904
82376,-9999.00,187.29,163.15,135.97,2.85,0.91,-0.50,-9999.00,168.21,0.41,1.77,0.30,0.83,-9999,-9999,-9999,-9999,-9999,1.903
82377,-9999.00,221.09,196.96,152.92,4.81,4.34,0.81,-9999.00,206.39,0.31,1.53,0.38,0.83,-9999,-9999,-9999,-9999,-9999,1.904
82378,-9999.00,224.87,203.26,164.72,5.94,5.70,1.38,-9999.00,214.09,0.31,1.54,0.39,0.81,-9999,0.991,-9999.000,-9999.000,-9999.000,1.902
82379,-9999.00,229.46,210.24,177.21,7.53,5.28,3.36,-9999.00,220.68,0.28,1.47,0.39,0.79,-9999,0.992,-9999.000,-9999.000,-9999.000,1.902
82380,-9999.00,303.65,269.20,187.70,8.12,4.96,4.44,-9999.00,280.74,0.09,1.13,0.39,0.80,-9999,-9999,-9999,-9999,-9999,1.905
82381,-9999.00,313.15,274.99,227.71,4.21,2.34,1.12,-9999.00,284.06,0.22,1.35,0.39,0.80,-9999,-9999,-9999,-9999,-9999,1.904
82382,-9999.00,313.28,278.25,242.55,-1.68,-2.15,-2.42,-9999.00,282.92,0.31,1.54,0.40,0.80,-9999,-9999,-9999,-9999,-9999,1.904
82383,-9999.00,399.73,365.50,274.76,-4.82,-4.66,-4.60,-9999.00,369.75,0.21,1.33,0.40,0.79,-9999,-9999,-9999,-9999,-9999,1.903
82384,-9999.00,403.81,350.83,299.62,-4.02,-3.35,-5.44,-9999.00,356.01,0.31,1.55,0.41,0.79,-9999,-9999,-9999,-9999,-9999,1.901
82385,-9999.00,450.57,391.53,321.94,-2.63,-2.36,-4.60,-9999.00,398.83,0.24,1.39,0.41,0.79,-9999,-9999,-9999,-9999,-9999,1.902
82386,-9999.00,437.18,373.22,304.55,-2.90,-4.14,-4.55,-9999.00,378.19,0.27,1.45,0.41,0.78,-9999,-9999,-9999,-9999,-9999,1.903
82387,-9999.00,444.24,371.67,287.55,-3.07,-5.24,-5.04,-9999.00,375.46,0.40,1.74,0.40,0.78,-9999,-9999,-9999,-9999,-9999,1.902
82388,-9999.00,465.25,367.48,313.30,-2.67,-4.47,-5.30,-9999.00,371.87,0.39,1.72,0.40,0.77,-9999,-9999,-9999,-9999,-9999,1.905
82389,-9999.00,446.14,380.00,315.93,-1.97,-3.26,-5.12,-9999.00,385.91,0.39,1.72,0.39,0.78,-9999,-9999,-9999,-9999,-9999,1.904
82390,984.08,472.83,401.87,326.78,-0.69,-2.34,-4.64,990.88,409.14,0.36,1.64,0.37,0.78,-9999,-9999,-9999,-9999,-9999,1.901
82391,1004.73,414.67,345.03,287.46,-0.58,-2.82,-5.97,1011.51,350.36,0.47,1.93,0.37,0.78,-9999,-9999,-9999,-9999,-9999,1.900
82392,972.66,400.14,324.22,278.75,-1.47,-2.87,-5.73,979.51,329.15,0.50,2.01,0.38,0.78,-9999,-9999,-9999,-9999,-9999,1.903
82393,806.99,396.21,358.43,316.09,-2.11,-3.33,-4.52,811.87,363.77,0.42,1.79,0.39,0.78,-9999,-9999,-9999,-9999,-9999,1.899
82394,553.56,398.69,356.83,310.43,-3.98,-5.12,-6.75,554.12,360.40,0.40,1.74,0.39,0.78,-9999,-9999,-9999,-9999,-9999,1.897
82395,534.11,399.14,349.46,253.76,-8.04,-7.56,-10.23,532.04,350.45,0.38,1.70,0.39,0.78,-9999,-9999,-9999,-9999,-9999,1.898
82396,511.68,311.86,263.49,206.06,-11.23,-9.62,-12.24,507.30,260.30,0.54,2.11,0.39,0.77,-9999,-9999,-9999,-9999,-9999,1.898
82397,400.18,340.97,289.22,228.44,-12.18,-10.86,-13.08,393.53,285.53,0.40,1.73,0.39,0.77,-9999,-9999,-9999,-9999,-9999,1.897
82398,365.77,328.47,286.51,239.36,-13.19,-12.22,-13.73,357.48,281.48,0.32,1.57,0.39,0.78,-9999,-9999,-9999,-9999,-9999,1.898
82399,338.76,314.82,274.55,231.27,-13.94,-12.75,-12.95,329.76,268.92,0.23,1.38,0.40,0.78,-9999,-9999,-9999,-9999,-9999,1.900
82400,373.23,279.76,255.74,208.23,-11.59,-10.82,-9.85,366.57,251.58,0.31,1.54,0.40,0.78,-9999,-9999,-9999,-9999,-9999,1.901
82401,385.96,269.15,242.07,195.44,-7.56,-8.39,-7.89,381.91,240.03,0.38,1.68,0.40,0.79,-9999,-9999,-9999,-9999,-9999,1.899
82402,323.64,246.98,215.67,180.75,-6.08,-7.36,-7.46,319.95,213.97,0.32,1.55,0.41,0.79,-9999,-9999,-9999,-9999,-9999,1.899
82403,331.03,232.20,209.13,180.95,-6.63,-7.59,-6.26,327.21,206.99,0.38,1.68,0.41,0.78,-9999,-9999,-9999,-9999,-9999,1.904
82404,341.35,208.11,187.42,153.19,-6.62,-8.30,-5.93,336.95,183.83,0.40,1.73,0.41,0.77,-9999,-9999,-9999,-9999,-9999,1.903
82405,318.70,183.56,165.22,125.30,-8.04,-9.69,-8.06,312.72,159.72,0.42,1.79,0.41,0.77,-9999,-9999,-9999,-9999,-9999,1.903
82406,198.43,177.15,151.55,123.62,-11.30,-11.47,-10.15,189.68,143.89,0.29,1.50,0.45,0.77,-9999,-9999,-9999,-9999,-9999,1.900
82407,123.43,137.50,98.87,80.24,-12.85,-12.48,-11.25,112.96,88.84,0.53,2.08,0.48,0.77,-9999,-9999,-9999,-9999,-9999,1.903
82408,127.46,129.32,108.66,79.30,-12.58,-11.91,-11.89,117.49,99.36,0.46,1.89,0.45,0.76,-9999,-9999,-9999,-9999,-9999,1.903
82409,113.38,109.37,96.74,87.27,-13.68,-11.40,-13.11,103.89,87.75,0.45,1.85,0.45,0.77,-9999,-9999,-9999,-9999,-9999,1.904
82410,100.46,97.45,89.12,82.44,-16.18,-12.84,-14.88,89.38,78.57,0.38,1.68,0.45,0.79,-9999,-9999,-9999,-9999,-9999,1.904
82411,98.73,93.09,90.35,82.76,-16.93,-13.99,-15.17,86.55,78.76,0.28,1.47,0.46,0.77,-9999,-9999,-9999,-9999,-9999,1.904
82412,66.53,80.89,57.30,50.77,-14.94,-12.71,-13.93,55.10,46.11,0.51,2.02,0.47,0.75,-9999,-9999,-9999,-9999,-9999,1.902
82413,62.46,73.08,55.30,52.14,-11.84,-9.33,-10.56,54.34,47.43,0.42,1.79,0.47,0.73,-9999,-9999,-9999,-9999,-9999,1.904
82414,52.39,71.33,46.73,41.43,-8.04,-5.44,-6.31,47.97,42.54,0.41,1.77,0.47,0.73,-9999,-9999,-9999,-9999,-9999,1.903
82415,58.05,64.39,54.25,47.56,-4.83,-3.33,-5.21,55.88,52.41,0.25,1.41,0.47,0.74,-9999,-9999,-9999,-9999,-9999,1.905
82416,52.64,59.22,48.55,37.66,-4.94,-2.93,-5.15,50.81,47.01,0.27,1.45,0.48,0.75,-9999,-9999,-9999,-9999,-9999,1.905
82417,54.25,61.38,51.50,35.55,-5.40,-3.03,-3.59,52.44,50.00,0.16,1.25,0.49,0.74,-9999,-9999,-9999,-9999,-9999,1.905
82418,45.85,50.49,42.65,33.20,-3.65,-3.25,-1.58,43.68,40.69,0.23,1.38,0.51,0.74,-9999,-9999,-9999,-9999,-9999,1.904
82419,34.84,36.41,30.25,27.34,-1.75,-2.53,0.46,33.17,28.68,0.48,1.94,0.51,0.75,-9999,-9999,-9999,-9999,-9999,1.904
82420,30.65,43.19,26.97,25.04,-1.20,-1.48,0.69,30.13,26.37,0.41,1.77,0.61,0.74,-9999,-9999,-9999,-9999,-9999,1.905
82421,27.17,26.79,25.67,13.42,-1.60,-1.66,-0.71,26.58,24.89,0.18,1.29,0.68,0.72,-9999,-9999,-9999,-9999,-9999,1.905
82422,24.90,28.17,23.96,20.56,-1.45,-2.22,-1.58,23.69,22.58,0.13,1.19,0.70,0.71,-9999,-9999,-9999,-9999,-9999,1.904
82423,17.95,21.10,15.69,21.89,-1.39,-2.56,-1.15,16.02,13.68,0.45,1.86,0.61,0.68,-9999,-9999,-9999,-9999,-9999,1.905
82424,17.45,28.00,15.59,27.04,-2.29,-2.48,0.25,15.53,13.68,0.38,1.70,0.51,0.65,-9999,-9999,-9999,-9999,-9999,1.905
82425,13.25,19.39,11.35,22.77,-1.60,-1.78,0.62,11.92,10.01,0.54,2.11,0.48,0.70,-9999,-9999,-9999,-9999,-9999,1.905
82426,14.80,25.19,12.52,16.64,-0.47,-0.78,-0.62,14.51,12.29,0.57,2.19,0.51,0.73,-9999,-9999,-9999,-9999,-9999,1.904
82427,12.14,13.36,10.05,13.91,-0.43,0.16,-1.37,12.75,10.70,0.60,2.29,0.60,0.75,-9999,-9999,-9999,-9999,-9999,1.906
82428,16.49,19.22,14.93,16.41,0.06,0.53,-1.03,17.61,16.18,0.31,1.55,0.64,0.70,-9999,-9999,-9999,-9999,-9999,1.906
82429,12.90,15.91,11.54,12.90,1.07,1.07,-0.07,14.36,13.19,0.36,1.64,0.56,0.69,-9999,-9999,-9999,-9999,-9999,1.907
82430,14.66,19.35,14.96,8.74,1.19,2.06,0.76,17.07,17.79,-0.07,0.91,0.46,0.66,-9999,-9999,-9999,-9999,-9999,1.906
82431,14.32,14.55,13.01,10.64,0.47,2.36,1.75,16.98,16.08,0.31,1.54,0.40,0.68,-9999,-9999,-9999,-9999,-9999,1.906
82432,11.94,7.39,10.17,13.08,0.74,1.96,2.13,14.12,12.72,0.52,2.06,0.32,0.67,-9999,-9999,-9999,-9999,-9999,1.907
82433,10.56,8.46,8.85,12.68,1.85,1.92,1.02,12.71,11.32,0.58,2.23,0.26,0.58,-9999,-9999,-9999,-9999,-9999,1.908
82434,8.89,6.18,7.53,11.97,1.87,1.93,0.29,11.04,9.95,0.55,2.15,0.23,0.47,-9999,-9999,-9999,-9999,-9999,1.908
82435,7.03,2.28,7.24,5.94,0.95,0.84,0.84,8.06,8.56,-0.10,0.88,0.23,0.36,-9999,-9999,-9999,-9999,-9999,1.907
82436,7.83,2.39,7.61,4.67,0.01,-0.37,0.94,7.65,7.74,0.09,1.13,0.17,0.27,-9999,-9999,-9999,-9999,-9999,1.906
82437,-9999.00,1.52,0.05,2.33,-0.80,-0.97,-0.28,-9999.00,-0.92,-9999.00,-9999.00,0.09,0.17,-9999,-9999,-9999,-9999,-9999,1.906
82438,-9999.00,14.19,2.28,3.61,-1.85,-1.30,-1.35,-9999.00,1.16,-9999.00,-9999.00,0.06,0.11,-9999,-9999,-9999,-9999,-9999,1.906
82439,-9999.00,11.19,3.88,1.35,-1.86,-1.26,-1.94,-9999.00,2.95,-9999.00,-9999.00,0.09,0.12,-9999,-9999,-9999,-9999,-9999,1.906
82440,6.95,14.22,5.83,0.31,-0.64,-0.84,-2.94,6.30,5.49,0.62,2.36,0.12,0.14,-9999,-9999,-9999,-9999,-9999,1.905
82441,-9999.00,8.30,1.25,6.31,-0.40,-0.13,-2.73,-9999.00,1.22,-9999.00,-9999.00,0.19,0.20,-9999,-9999,-9999,-9999,-9999,1.905
82442,-9999.00,3.04,1.42,12.53,-0.84,0.20,-0.85,-9999.00,1.73,-9999.00,-9999.00,0.17,0.08,-9999,-9999,-9999,-9999,-9999,1.905
82443,-9999.00,0.13,-1.64,6.17,-0.73,-0.22,0.62,-9999.00,-1.99,-9999.00,-9999.00,0.18,0.00,-9999,-9999,-9999,-9999,-9999,1.905
82444,-9999.00,5.45,-1.32,4.08,0.10,-0.08,1.31,-9999.00,-1.51,-9999.00,-9999.00,0.18,-0.03,-9999,0.717,-9999.000,-9999.000,-9999.000,1.905
82445,-9999.00,10.76,-1.01,2.00,0.86,1.43,1.89,-9999.00,0.34,-9999.00,-9999.00,0.17,-0.09,-9999,0.687,-9999.000,-9999.000,-9999.000,1.904
82446,-9999.00,10.83,4.92,4.10,0.52,2.47,1.40,-9999.00,7.80,-9999.00,-9999.00,0.02,-0.26,-9999,-9999,-9999,-9999,-9999,1.905
82447,-9999.00,9.64,4.86,3.14,0.82,2.04,0.87,-9999.00,7.31,-9999.00,-9999.00,-0.03,-0.37,-9999,-9999,-9999,-9999,-9999,1.905
82448,-9999.00,0.89,2.35,5.36,1.98,1.71,1.34,-9999.00,-9999.00,-9999.00,-9999.00,0.02,-0.16,-9999,-9999,-9999,-9999,-9999,1.905
82449,-9999.00,-6.43,-1.83,4.91,2.62,1.91,1.52,-9999.00,-9999.00,-9999.00,-9999.00,0.20,0.03,-9999,-9999,-9999,-9999,-9999,1.905
82450,-9999.00,-6.43,-1.82,7.95,2.73,1.90,1.50,-9999.00,-9999.00,-9999.00,-9999.00,0.42,0.27,-9999,-9999,-9999,-9999,-9999,1.904
82451,-9999.00,1.98,-1.24,2.02,1.78,1.71,0.96,-9999.00,-9999.00,-9999.00,-9999.00,0.34,0.42,-9999,-9999,-9999,-9999,-9999,1.904
82452,-9999.00,2.98,3.03,5.10,1.63,2.34,0.19,-9999.00,-9999.00,-9999.00,-9999.00,0.34,0.46,-9999,-9999,-9999,-9999,-9999,1.905
82453,-9999.00,3.98,0.54,4.89,2.70,3.18,-0.26,-9999.00,-9999.00,-9999.00,-9999.00,0.34,0.48,-9999,-9999,-9999,-9999,-9999,1.904
82454,-9999.00,3.13,-0.96,3.27,4.76,2.61,-0.34,-9999.00,-9999.00,-9999.00,-9999.00,0.22,0.31,-9999,-9999,-9999,-9999,-9999,1.904
82455,-9999.00,0.39,-1.59,-0.64,5.64,2.39,0.67,-9999.00,-9999.00,-9999.00,-9999.00,0.06,0.19,-9999,-9999,-9999,-9999,-9999,1.904
82456,-9999.00,-0.10,-1.06,-1.14,5.52,3.20,1.79,-9999.00,-9999.00,-9999.00,-9999.00,-0.15,-0.18,-9999,-9999,-9999,-9999,-9999,1.904
82457,-9999.00,-2.27,-0.03,0.92,4.29,2.97,2.76,-9999.00,-9999.00,-9999.00,-9999.00,-0.46,-0.44,-9999,0.536,-9999.000,-9999.000,-9999.000,1.905
82458,-9999.00,-4.45,1.00,2.99,3.01,2.01,2.27,-9999.00,-9999.00,-9999.00,-9999.00,0.17,-0.26,-9999,-9999,-9999,-9999,-9999,1.906
82459,-9999.00,-0.58,-0.43,-0.86,2.45,1.74,0.62,-9999.00,-9999.00,-9999.00,-9999.00,-9999,0.10,-9999,0.546,-9999.000,-9999.000,-9999.000,1.905
82460,-9999.00,0.63,3.73,1.10,3.05,1.90,1.39,-9999.00,-9999.00,-9999.00,-9999.00,-9999,0.22,-9999,0.535,-9999.000,-9999.000,-9999.000,1.905
82461,-9999.00,0.92,0.40,-0.47,2.54,1.36,2.66,-9999.00,-9999.00,-9999.00,-9999.00,-9999,0.07,-9999,0.525,-9999.000,-9999.000,-9999.000,1.906
82462,-9999.00,0.78,4.23,1.62,1.44,0.72,1.58,-9999.00,-9999.00,-9999.00,-9999.00,-9999,0.01,-9999,0.500,-9999.000,-9999.000,-9999.000,1.905
82463,-9999.00,5.82,3.15,-0.42,-0.10,0.50,0.16,-9999.00,-9999.00,-9999.00,-9999.00,-9999,-0.13,-9999,0.481,-9999.000,-9999.000,-9999.000,1.904
82464,-9999.00,5.25,3.21,0.10,-0.54,0.04,0.39,-9999.00,-9999.00,-9999.00,-9999.00,-9999,0.15,-9999,0.525,-9999.000,-9999.000,-9999.000,1.905
82465,-9999.00,2.91,3.47,-1.58,-0.43,-0.39,0.51,-9999.00,-9999.00,-9999.00,-9999.00,-9999,-9999,-9999,-9999,-9999,-9999,-9999,1.903
82466,-9999.00,5.36,3.46,2.86,0.15,0.04,-0.55,-9999.00,-9999.00,-9999.00,-9999.00,-9999,-9999,-9999,0.588,-9999.000,-9999.000,-9999.000,1.905
82467,-9999.00,3.03,4.76,3.39,0.92,1.13,0.17,-9999.00,-9999.00,-9999.00,-9999.00,-9999,-9999,-9999,-9999,-9999,-9999,-9999,1.905
82468,-9999.00,6.72,3.73,5.98,1.25,1.40,1.88,-9999.00,-9999.00,-9999.00,-9999.00,-9999,-9999,-9999,-9999,-9999,-9999,-9999,1.905
82469,-9999.00,4.88,0.76,2.28,1.09,0.94,1.38,-9999.00,-9999.00,-9999.00,-9999.00,-9999,-9999,-9999,-9999,-9999,-9999,-9999,1.906
82470,-9999.00,5.21,3.23,0.73,2.08,0.98,-0.22,-9999.00,-9999.00,-9999.00,-9999.00,-9999,-9999,-9999,-9999,-9999,-9999,-9999,1.905
82471,-9999.00,1.54,5.00,2.57,2.59,1.26,0.17,-9999.00,-9999.00,-9999.00,-9999.00,-9999,-9999,-9999,-9999,-9999,-9999,-9999,1.905
82472,-9999.00,-2.81,3.44,3.86,2.16,1.41,1.32,-9999.00,-9999.00,-9999.00,-9999.00,-9999,-9999,-9999,-9999,-9999,-9999,-9999,1.906
82473,-9999.00,1.22,0.04,3.70,2.37,1.43,1.43,-9999.00,-9999.00,-9999.00,-9999.00,-9999,-9999,-9999,-9999,-9999,-9999,-9999,1.906
82474,-9999.00,7.79,0.97,1.72,1.93,1.43,0.82,-9999.00,-9999.00,-9999.00,-9999.00,-9999,-9999,-9999,-9999,-9999,-9999,-9999,1.905
82475,-9999.00,7.71,-1.69,2.29,1.17,1.45,0.42,-9999.00,-9999.00,-9999.00,-9999.00,-9999,1.41,-9999,-9999,-9999,-9999,-9999,1.905
82476,-9999.00,5.81,3.39,2.30,0.92,1.28,0.09,-9999.00,-9999.00,-9999.00,-9999.00,-9999,1.15,-9999,-9999,-9999,-9999,-9999,1.904
82477,-9999.00,4.99,0.84,0.41,0.61,1.10,-0.95,-9999.00,-9999.00,-9999.00,-9999.00,-9999,0.95,-9999,-9999,-9999,-9999,-9999,1.904
82478,-9999.00,3.12,0.83,0.41,0.58,0.85,-1.14,-9999.00,-9999.00,-9999.00,-9999.00,-9999,0.82,-9999,-9999,-9999,-9999,-9999,1.905
82479,-9999.00,5.49,-2.71,1.99,0.12,0.06,-0.50,-9999.00,-9999.00,-9999.00,-9999.00,-9999,0.65,-9999,-9999,-9999,-9999,-9999,1.904
82480,-9999.00,4.67,-2.70,1.84,-0.21,-0.64,0.21,-9999.00,-9999.00,-9999.00,-9999.00,-9999,0.57,-9999,-9999,-9999,-9999,-9999,1.904
82481,-9999.00,5.60,0.21,5.66,0.22,-0.48,0.73,-9999.00,-9999.00,-9999.00,-9999.00,-9999,0.65,-9999,-9999,-9999,-9999,-9999,1.903
82482,-9999.00,5.59,-0.12,0.43,0.25,0.35,-0.38,-9999.00,-9999.00,-9999.00,-9999.00,-9999,0.81,-9999,-9999,-9999,-9999,-9999,1.904
82483,-9999.00,1.12,0.98,2.37,0.54,0.59,-0.86,-9999.00,-9999.00,-9999.00,-9999.00,-9999,0.91,-9999,-9999,-9999,-9999,-9999,1.903
82484,-9999.00,1.12,0.07,0.83,0.91,-0.03,0.19,-9999.00,-9999.00,-9999.00,-9999.00,-9999,0.86,-9999,-9999,-9999,-9999,-9999,1.904
82485,-9999.00,1.20,-3.37,4.94,0.84,-0.28,0.88,-9999.00,-9999.00,-9999.00,-9999.00,-9999,0.76,-9999,-9999,-9999,-9999,-9999,1.903
82486,-9999.00,4.71,-1.39,2.16,1.08,-0.12,0.86,-9999.00,-9999.00,-9999.00,-9999.00,-9999,0.55,-9999,-9999,-9999,-9999,-9999,1.903
