NASA Data Processing/CAMP2Ex/OPTICAL/CAMP2Ex-LARGE-OPTICAL_P3B_20190915_R0.ict
100,1001
Luke Ziemba
NASA Langley
In-situ optical aerosol measurements from the NASA P3B
CAMP2Ex
1,1
2019,09,15,2020,05,5
1.0
Time_Mid,Secs after midnight,Time of acquisition
19
1,1,1,1,1,1,1,1,1,1,1,1,1,1,1,1,1,1,1
-9999,-9999,-9999,-9999,-9999,-9999,-9999,-9999,-9999,-9999,-9999,-9999,-9999,-9999,-9999,-9999,-9999,-9999,-9999
Sc550_total_amb, Mm-1, AerOpt_Scattering_InSitu_Green_RHa_Bulk_STP, scattering coefficient of ambient  particles at 550nm
Sc450_total, Mm-1, AerOpt_Scattering_InSitu_Blue_RHd_Bulk_STP, Dry Scattering at 450nm (Total Aerosols)
Sc550_total, Mm-1, AerOpt_Scattering_InSitu_Green_RHd_Bulk_STP, Dry Scattering at 550nm (Total Aerosols)
Sc700_total, Mm-1, AerOpt_Scattering_InSitu_Red_RHd_Bulk_STP, Dry Scattering at 700nm (Total Aerosols)
Abs470_total, Mm-1, AerOpt_Absorption_InSitu_Blue_RHd_Bulk_STP, Dry absorption at 470nm (Total Aerosols)
Abs532_total, Mm-1, AerOpt_Absorption_InSitu_Green_RHd_Bulk_STP, Dry absorption at 532nm (Total Aerosols)
Abs660_total, Mm-1, AerOpt_Absorption_InSitu_Red_RHd_Bulk_STP, Dry absorption at 660nm (Total Aerosols)
Ext532_total_amb, Mm-1, AerOpt_Extinction_InSitu_Green_RHa_Bulk_STP, extinction coefficient of aerosols at 532nm for AMBIENT relative humidity
Ext532_total_dry, Mm-1, AerOpt_Extinction_InSitu_Green_RHd_Bulk_STP, extinction coefficient of aerosols at 532nm for DRY relative humidity
gamma550, unitless, AerOpt_Gamma_InSitu_Green_None_Bulk_STP, derived optical hygroscopic growth factor for particles at 550nm
fRH550_RH20to80, unitless, AerOpt_fRHScat_InSitu_Green_RHsp_Bulk_STP, derived optical hygroscopic growth parameter for particles at 550nm
AEscatAMB_450to700nm,unitless, AerOpt_AngstromExponentScat_InSitu_BluetoRed_RHa_Bulk_STP, derived ambient Angstrom Exponent for scattering coefficient over wavelength range from 450nm to 700nm
AEscatDRY_450to700nm,unitless, AerOpt_AngstromExponentScatInSitu_BluetoRed_RHd_Bulk_STP, derived dry Angstrom Exponent for scattering coefficient over wavelength range from 450nm to 700nm
AEabsDRY_470to660nm,unitless, AerOpt_AngstromExponentAbs_InSitu_BluetoRed_RHd_Bulk_STP, derived dry Angstrom Exponent for absorption coefficient over wavelength range from 450nm to 700nm
SSA_dry_450nm,unitless, AerOpt_SSA_InSitu_Blue_RHd_Bulk_STP, single_scattering_albedo_at_450nm_as_derived_from_dry_scattering_and_absorption
SSA_dry_550nm,unitless, AerOpt_SSA_InSitu_Green_RHd_Bulk_STP, single_scattering_albedo_at_550nm_as_derived_from_dry_scattering_and_absorption
SSA_dry_700nm,unitless, AerOpt_SSA_InSitu_Red_RHd_Bulk_STP, single_scattering_albedo_at_700nm_as_derived_from_dry_scattering_and_absorption
SSA_amb_550nm,unitless, AerOpt_SSA_InSitu_Green_RHa_Bulk_STP, single_scattering_albedo_at_550nm_as_derived_from_ambient_scattering_and_absorption
stdPT,unitless, None, Conversion factor to convert between ambient and standard pressure and temperature conditions
0
67
******************************************************************************************************************
Langley Aerosol data from the 2019 CAMP2Ex field campaign
 
PI_CONTACT_INFO: luke.ziemba@nasa.gov
PLATFORM: NASA P3B aircraft
LOCATION: Latitude, Longitude, and Altitude included in MetNav files
[...]
UNCERTAINTY: estimated uncertainties for directly measured properties
	- For dry scattering, accuracy estimated at 30% for all wavelengths; precision estimated at 4.5 Mm-1 for 450nm wavelength and 3 Mm-1 for 550nm and 700nm wavelengths
	- For dry absorption, accuracy estimated at 15% for all wavelengths; precision is a function of pressure and is estimated to vary from 0.5 Mm-1 near the surface to 2 at high altitude
	- For derived parameters, please contact the PI for a more detailed discussion of uncertainty
ULOD_FLAG: -7777
ULOD_VALUE: N/A
LLOD_FLAG: -8888
LLOD_VALUE: N/A
DM_CONTACT_INFO: Michael Shook (michael.shook@nasa.gov)
PROJECT_INFO: CAMP2Ex 2019
STIPULATIONS_ON_USE: This is FINAL data. Users are strongly encouraged to consult the PI and/or DM prior to use.
OTHER_COMMENTS: N/A
REVISION: R0
R0: STP and ambient parameter calculations now use data from their respective publicly available files, data is time synced to DLH
RD: Correction factor applied to raw scattering data, which also affects the absorption data via the Virkkula correction
RC: Higher threshholds required for calculating intensive parameters; absorption smoothing algorithm applied
RB: Time sync to LARGE CNgt3nm applied
RA: None
******************************************************************************************************************
Time_Mid,Sc550_total_amb,Sc450_total,Sc550_total,Sc700_total,Abs470_total,Abs532_total,Abs660_total,Ext532_total_amb,Ext532_total_dry,gamma550,fRH550_RH20to80,AEscatAMB_450to700nm,AEscatDRY_450to700nm,AEabsDRY_470to660nm,SSA_dry_450nm,SSA_dry_550nm,SSA_dry_700nm,SSA_amb_550nm,stdPT
[from data line 9485]
88439,381.02,595.77,405.49,253.47,5.77,4.85,3.19,404.86,436.02,-0.06,0.93,1.63,1.94,1.38,0.988,0.986,0.984,0.984,1.240
88440,355.30,605.22,414.56,257.67,5.62,4.82,2.76,377.76,445.47,-0.14,0.83,1.64,1.94,1.29,0.988,0.986,0.984,0.984,1.241
88441,379.67,608.73,414.92,258.69,5.93,5.26,3.90,403.77,446.39,-0.08,0.90,1.63,1.94,1.34,0.988,0.986,0.984,0.984,1.240
88442,375.58,607.62,431.62,265.36,6.72,5.72,4.69,399.91,464.57,-0.12,0.85,1.63,1.93,1.52,0.988,0.986,0.985,0.984,1.240
88443,380.27,615.29,440.81,257.27,7.51,6.06,4.78,405.17,474.77,-0.13,0.84,1.63,1.93,1.60,0.987,0.986,0.985,0.984,1.240
88444,390.21,626.72,452.00,262.00,7.68,6.47,3.81,416.07,487.07,-0.12,0.84,1.63,1.93,1.54,0.987,0.986,0.984,0.984,1.240
88445,370.85,627.91,432.13,264.90,7.63,6.61,3.61,395.76,466.13,-0.13,0.84,1.63,1.93,1.40,0.988,0.986,0.984,0.984,1.240
88446,383.45,629.65,452.91,269.68,8.05,6.39,4.84,408.66,487.95,-0.14,0.83,1.62,1.93,1.33,0.988,0.986,0.983,0.984,1.240
88447,391.48,648.76,424.88,260.70,8.71,6.96,5.72,417.55,458.68,-0.07,0.91,1.62,1.93,1.30,0.988,0.986,0.984,0.984,1.239
88448,380.39,642.84,435.12,271.21,9.00,7.53,6.10,406.50,470.24,-0.11,0.86,1.62,1.92,1.36,0.988,0.986,0.984,0.984,1.240
88449,385.84,667.62,429.74,271.08,8.78,7.41,6.29,412.10,464.31,-0.09,0.89,1.62,1.93,1.45,0.988,0.986,0.984,0.984,1.240
88450,387.27,666.49,452.91,274.85,8.31,7.21,6.12,413.37,488.70,-0.12,0.84,1.62,1.93,1.48,0.988,0.987,0.985,0.985,1.240
88451,382.66,642.98,430.74,269.23,8.00,7.12,5.64,408.50,464.94,-0.09,0.88,1.62,1.93,1.43,0.989,0.988,0.986,0.986,1.240
88452,390.46,666.06,454.25,285.38,7.93,6.99,5.13,416.48,489.74,-0.12,0.85,1.61,1.92,1.29,0.989,0.988,0.985,0.986,1.240
88453,379.52,635.52,454.45,274.60,8.41,6.93,5.80,405.02,489.81,-0.14,0.83,1.61,1.92,1.39,0.989,0.987,0.985,0.985,1.240
88454,380.67,625.14,451.29,293.92,9.03,7.13,6.04,406.55,486.53,-0.13,0.83,1.61,1.92,1.61,0.988,0.987,0.986,0.985,1.239
88455,382.06,618.32,451.44,273.51,8.80,7.72,4.77,408.60,487.30,-0.13,0.84,1.61,1.92,1.65,0.988,0.988,0.986,0.986,1.239
88456,377.78,642.52,448.76,278.06,7.99,7.56,3.83,403.83,484.33,-0.13,0.84,1.61,1.92,1.54,0.988,0.987,0.985,0.985,1.240
88457,383.54,642.86,448.38,274.11,7.40,6.76,3.96,409.06,483.18,-0.12,0.85,1.60,1.92,1.45,0.988,0.987,0.985,0.985,1.239
88458,380.95,650.33,441.34,276.01,7.20,6.25,4.15,405.77,475.38,-0.11,0.86,1.60,1.93,1.43,0.988,0.987,0.985,0.985,1.240
88459,381.13,637.24,440.21,274.03,7.27,6.02,3.82,405.75,474.15,-0.11,0.86,1.60,1.93,1.37,0.988,0.987,0.984,0.985,1.240
88460,383.04,639.80,435.37,276.55,6.90,5.57,3.38,407.39,468.56,-0.10,0.87,1.60,1.93,1.38,0.988,0.987,0.985,0.985,1.240
88461,371.01,620.65,434.45,277.15,6.45,4.90,3.57,394.08,466.81,-0.13,0.83,1.60,1.92,1.44,0.989,0.987,0.985,0.985,1.239
88462,368.85,620.65,434.67,276.48,5.68,4.12,3.46,391.15,466.36,-0.13,0.83,1.61,1.93,1.53,0.989,0.987,0.986,0.985,1.240
88463,369.51,619.54,417.90,268.52,4.74,3.86,3.18,391.64,448.14,-0.10,0.87,1.61,1.92,1.57,0.989,0.987,0.986,0.986,1.240
88464,368.66,603.94,439.18,253.84,4.85,3.75,3.04,390.75,470.64,-0.15,0.81,1.61,1.93,1.35,0.988,0.987,0.985,0.986,1.241
88465,372.33,598.58,414.91,257.31,5.13,3.28,2.34,394.18,444.25,-0.09,0.88,1.61,1.92,1.33,0.988,0.987,0.984,0.985,1.241
88466,348.56,597.84,425.23,257.86,4.96,3.17,2.32,369.18,454.98,-0.17,0.79,1.61,1.92,1.47,0.989,0.987,0.985,0.985,1.241
88467,368.52,595.11,415.87,258.90,5.08,3.55,3.07,390.54,445.37,-0.10,0.87,1.61,1.92,1.44,0.989,0.987,0.986,0.985,1.241
88468,350.40,595.10,415.96,258.76,5.39,4.19,3.72,372.18,446.02,-0.15,0.81,1.61,1.93,1.28,0.989,0.988,0.985,0.986,1.241
88469,362.28,590.82,424.65,234.80,5.75,4.89,4.25,385.31,456.01,-0.14,0.82,1.61,1.93,1.30,0.989,0.988,0.985,0.986,1.241
88470,348.99,609.32,410.99,259.12,5.98,5.38,3.90,371.82,442.09,-0.14,0.82,1.61,1.93,1.30,0.989,0.988,0.985,0.986,1.241
88471,349.43,603.39,405.08,258.65,6.36,5.80,3.47,372.76,436.30,-0.12,0.84,1.61,1.94,1.34,0.989,0.988,0.986,0.986,1.240
88472,350.38,597.65,399.29,258.26,6.80,5.63,3.70,373.61,429.91,-0.11,0.86,1.61,1.94,1.40,0.989,0.988,0.986,0.986,1.240
88473,347.45,599.19,394.23,242.59,6.57,5.21,3.91,370.12,424.04,-0.10,0.87,1.61,1.93,1.40,0.989,0.988,0.986,0.986,1.241
88474,354.54,598.89,394.36,244.10,6.56,5.49,4.39,377.86,424.33,-0.09,0.89,1.61,1.93,1.29,0.989,0.988,0.986,0.986,1.241
88475,348.41,574.33,413.89,249.72,7.05,6.11,4.91,371.99,445.61,-0.14,0.82,1.61,1.94,1.12,0.990,0.988,0.985,0.986,1.240
88476,354.85,574.36,413.73,249.27,7.01,6.08,4.27,378.77,445.33,-0.12,0.84,1.61,1.94,1.14,0.989,0.988,0.985,0.986,1.240
88477,344.06,557.63,386.25,229.72,6.38,5.36,3.77,366.71,415.41,-0.09,0.88,1.61,1.94,1.26,0.989,0.988,0.985,0.986,1.240
88478,341.77,557.66,386.10,229.58,6.16,5.20,4.10,364.16,415.07,-0.10,0.87,1.62,1.95,1.30,0.990,0.988,0.986,0.986,1.240
88479,345.04,583.18,394.38,243.50,6.33,5.28,4.84,367.59,423.84,-0.11,0.86,1.62,1.96,1.18,0.990,0.988,0.985,0.987,1.240
88480,343.89,583.19,394.38,242.29,6.52,5.29,5.28,366.49,423.97,-0.11,0.86,1.62,1.96,1.12,0.990,0.988,0.985,0.987,1.240
88481,343.99,585.07,417.03,240.97,6.06,5.21,5.38,366.56,447.94,-0.16,0.81,1.62,1.96,1.19,0.989,0.988,0.985,0.986,1.240
88482,344.04,580.04,395.36,245.47,5.71,5.47,5.13,366.87,425.33,-0.11,0.86,1.62,1.97,1.25,0.989,0.987,0.985,0.986,1.240
88483,343.64,588.14,415.84,236.75,6.05,5.71,4.79,366.77,447.43,-0.16,0.81,1.63,1.97,1.28,0.989,0.987,0.985,0.985,1.240
88484,343.49,582.07,407.56,246.39,6.34,5.60,4.26,366.54,438.64,-0.14,0.82,1.63,1.98,1.15,0.989,0.987,0.984,0.986,1.240
88485,343.31,576.07,399.24,256.18,6.03,5.40,4.32,366.17,429.79,-0.12,0.84,1.63,1.97,0.99,0.989,0.987,0.983,0.985,1.240
88486,328.23,553.95,392.85,235.92,6.07,5.61,4.65,350.48,423.17,-0.14,0.82,1.64,1.98,0.97,0.989,0.987,0.982,0.985,1.240
88487,331.50,545.01,393.46,237.72,6.35,5.68,4.17,354.03,423.86,-0.14,0.83,1.64,1.98,1.08,0.989,0.987,0.983,0.985,1.240
88488,337.72,544.76,393.11,237.45,6.15,5.66,3.26,360.41,423.22,-0.12,0.84,1.64,1.98,1.23,0.988,0.987,0.984,0.985,1.240
88489,342.56,546.88,391.36,229.73,5.66,5.31,3.16,365.26,420.99,-0.11,0.86,1.64,1.98,1.30,0.988,0.987,0.984,0.985,1.241
88490,340.65,546.43,391.14,229.71,5.83,4.93,3.42,362.80,420.05,-0.11,0.85,1.64,1.98,1.17,0.988,0.987,0.983,0.985,1.240
88491,347.88,561.73,397.16,240.48,5.73,4.56,3.64,370.05,426.21,-0.11,0.86,1.63,1.98,1.03,0.988,0.987,0.983,0.985,1.240
88492,348.99,568.64,401.98,232.62,5.01,4.33,3.59,370.98,431.10,-0.12,0.85,1.63,1.99,1.13,0.988,0.987,0.983,0.985,1.241
88493,351.13,575.64,406.80,224.85,4.53,4.29,3.39,373.21,436.26,-0.13,0.84,1.63,1.99,1.14,0.988,0.987,0.983,0.985,1.240
88494,347.07,575.43,406.51,223.81,4.99,4.48,3.41,369.07,436.06,-0.14,0.83,1.63,1.99,1.11,0.988,0.987,0.983,0.985,1.240
88495,341.46,549.23,380.12,229.93,5.58,4.54,3.42,363.22,408.14,-0.09,0.88,1.64,1.99,1.17,0.988,0.987,0.983,0.985,1.241
88496,340.17,549.10,379.83,229.53,5.84,4.68,3.59,362.01,407.90,-0.10,0.87,1.64,1.99,1.15,0.988,0.987,0.983,0.984,1.240
88497,340.06,561.55,375.02,227.63,6.23,5.03,4.58,362.19,403.13,-0.08,0.89,1.64,1.99,1.15,0.988,0.986,0.982,0.984,1.241
88498,341.05,574.00,382.21,235.00,6.63,5.39,5.16,363.51,411.13,-0.10,0.87,1.63,1.99,1.18,0.988,0.987,0.983,0.985,1.240
88499,341.25,585.99,389.09,242.18,7.35,6.03,4.79,364.48,419.16,-0.11,0.86,1.63,1.98,1.31,0.988,0.987,0.984,0.985,1.240
88500,339.85,586.44,389.13,241.56,8.31,6.77,5.08,363.80,420.01,-0.12,0.85,1.63,1.98,1.34,0.988,0.987,0.984,0.985,1.240
88501,354.88,590.77,403.66,240.98,8.21,6.76,5.50,379.74,435.44,-0.11,0.86,1.63,1.98,1.41,0.988,0.986,0.984,0.984,1.240
88502,338.49,568.64,387.83,240.19,7.70,6.50,5.45,362.23,418.41,-0.11,0.86,1.63,1.98,1.42,0.988,0.986,0.984,0.984,1.240
88503,354.26,546.99,406.32,231.68,7.69,6.35,4.99,378.75,438.02,-0.11,0.86,1.64,1.98,1.31,0.988,0.987,0.983,0.985,1.240
88504,337.38,577.68,384.51,235.81,7.34,6.19,4.46,360.86,414.82,-0.11,0.86,1.63,1.98,1.24,0.988,0.987,0.983,0.985,1.240
88505,342.35,549.12,415.95,231.80,7.14,5.81,4.20,365.70,447.86,-0.16,0.80,1.63,1.98,1.28,0.988,0.987,0.984,0.985,1.240
88506,330.92,569.98,385.48,233.71,7.44,5.90,4.15,353.79,415.66,-0.12,0.85,1.63,1.98,1.43,0.988,0.987,0.984,0.985,1.240
88507,335.77,580.06,420.01,236.16,7.84,6.27,4.45,359.29,452.81,-0.18,0.78,1.63,1.98,1.48,0.988,0.987,0.985,0.985,1.239
88508,337.42,573.87,382.93,224.37,7.21,6.11,4.73,360.85,413.30,-0.10,0.87,1.63,1.98,1.37,0.988,0.987,0.984,0.985,1.240
88509,350.67,578.61,415.81,242.60,5.98,5.27,4.56,373.90,447.46,-0.13,0.83,1.62,1.97,1.33,0.988,0.987,0.984,0.984,1.240
88510,338.87,571.68,376.73,225.57,6.37,5.01,4.15,361.16,405.66,-0.08,0.89,1.62,1.96,1.43,0.988,0.986,0.984,0.984,1.239
88511,338.29,575.59,403.03,237.86,7.25,5.29,4.23,360.69,433.96,-0.14,0.83,1.61,1.96,1.43,0.988,0.986,0.984,0.984,1.239
88512,338.91,561.09,401.34,247.87,7.15,5.76,4.69,361.78,432.76,-0.13,0.83,1.61,1.96,1.22,0.988,0.986,0.983,0.984,1.239
88513,332.69,579.92,396.92,240.39,7.22,5.98,4.73,355.35,428.17,-0.14,0.82,1.60,1.95,1.17,0.988,0.986,0.983,0.984,1.240
88514,320.75,565.08,383.56,258.12,7.08,5.78,4.45,342.60,413.65,-0.14,0.82,1.60,1.95,1.30,0.988,0.986,0.983,0.984,1.239
88515,327.30,565.00,382.88,251.72,6.38,5.18,3.96,348.84,412.14,-0.12,0.85,1.60,1.94,1.28,0.988,0.986,0.983,0.984,1.239
88516,322.87,561.09,386.94,246.48,5.67,4.84,3.43,343.82,415.97,-0.14,0.82,1.60,1.94,1.17,0.988,0.986,0.983,0.984,1.239
88517,332.08,561.62,391.58,220.01,5.54,4.99,2.90,353.63,421.00,-0.12,0.84,1.59,1.93,1.22,0.988,0.986,0.984,0.984,1.239
88518,323.99,571.71,391.95,252.19,5.89,5.34,2.46,345.51,421.65,-0.15,0.82,1.59,1.93,1.23,0.988,0.987,0.984,0.984,1.239
88519,316.78,565.09,382.60,252.68,6.11,5.60,2.95,338.19,412.01,-0.15,0.82,1.59,1.93,1.24,0.988,0.987,0.984,0.984,1.240
88520,325.34,549.60,391.47,236.48,5.98,5.59,3.39,347.18,421.24,-0.14,0.82,1.59,1.93,1.32,0.988,0.987,0.984,0.984,1.239
88521,321.74,560.59,386.31,237.19,5.54,5.21,3.18,343.11,415.66,-0.14,0.82,1.60,1.94,1.37,0.988,0.987,0.984,0.984,1.239
88522,335.61,574.19,392.35,239.94,5.11,4.79,3.21,357.26,421.61,-0.12,0.85,1.60,1.93,1.39,0.988,0.987,0.984,0.984,1.239
88523,349.10,574.17,392.36,240.12,4.94,4.84,4.01,371.51,421.76,-0.09,0.88,1.60,1.93,1.34,0.988,0.986,0.984,0.984,1.239
88524,344.08,564.59,394.39,241.65,5.48,5.27,4.38,366.56,424.21,-0.10,0.86,1.60,1.92,1.41,0.988,0.986,0.984,0.984,1.239
88525,340.47,564.82,394.61,241.84,6.14,5.48,4.05,362.99,424.79,-0.12,0.85,1.60,1.92,1.31,0.988,0.986,0.984,0.984,1.240
88526,337.84,567.27,383.99,241.53,6.28,5.53,4.63,360.25,413.50,-0.10,0.87,1.60,1.92,1.09,0.988,0.987,0.983,0.985,1.240
88527,333.84,569.24,373.20,241.11,6.28,5.84,5.34,356.28,402.40,-0.09,0.89,1.60,1.92,1.10,0.989,0.987,0.984,0.985,1.239
88528,342.11,537.60,376.75,241.24,6.12,5.79,5.26,364.86,406.19,-0.08,0.90,1.60,1.93,1.39,0.989,0.987,0.985,0.985,1.240
88529,331.76,552.88,386.63,240.91,5.99,5.36,5.25,353.62,416.19,-0.12,0.85,1.61,1.92,1.64,0.988,0.987,0.986,0.985,1.240
88530,340.04,547.70,395.86,246.17,6.81,5.44,5.35,362.25,426.06,-0.12,0.85,1.61,1.93,1.47,0.988,0.987,0.985,0.985,1.240
88531,339.40,578.10,407.36,254.28,7.64,5.97,5.14,362.10,438.79,-0.14,0.82,1.60,1.93,1.36,0.989,0.987,0.985,0.985,1.240
88532,349.64,578.31,407.28,253.83,7.74,6.14,4.46,372.94,438.91,-0.12,0.85,1.60,1.93,1.43,0.989,0.987,0.985,0.985,1.240
88533,337.22,570.51,406.50,242.70,7.23,5.91,4.05,359.69,437.79,-0.15,0.82,1.60,1.92,1.42,0.989,0.987,0.985,0.985,1.240
88534,350.77,558.75,405.81,233.08,6.72,5.95,4.15,373.93,437.00,-0.11,0.85,1.60,1.92,1.36,0.989,0.987,0.985,0.985,1.240
88535,333.37,558.65,405.67,233.66,7.09,5.95,3.65,355.62,436.77,-0.15,0.81,1.60,1.92,1.32,0.989,0.987,0.985,0.985,1.240
88536,339.14,605.87,402.76,239.29,7.25,5.55,3.57,361.28,433.36,-0.13,0.83,1.60,1.92,1.30,0.989,0.987,0.985,0.985,1.240
88537,334.77,566.44,393.14,254.38,7.11,5.42,4.58,356.53,422.98,-0.12,0.84,1.60,1.92,1.25,0.988,0.987,0.984,0.985,1.239
88538,337.19,566.11,394.38,237.85,6.98,5.60,4.54,359.26,424.48,-0.12,0.85,1.60,1.92,1.33,0.988,0.987,0.984,0.984,1.240
88539,349.95,559.06,398.03,245.56,6.40,5.45,3.51,372.58,428.20,-0.10,0.87,1.60,1.91,1.25,0.988,0.986,0.984,0.984,1.240
88540,344.15,584.68,394.96,241.15,6.17,5.13,3.25,366.25,424.66,-0.11,0.86,1.60,1.91,1.19,0.988,0.986,0.983,0.984,1.240
88541,338.04,584.70,395.17,241.52,6.06,4.89,3.49,359.69,424.68,-0.12,0.85,1.61,1.91,1.28,0.988,0.987,0.984,0.984,1.239
88542,348.38,580.38,397.01,235.12,5.88,4.86,3.49,370.53,426.54,-0.10,0.87,1.61,1.92,1.45,0.988,0.987,0.985,0.984,1.240
88543,339.60,575.30,398.31,228.45,6.01,4.97,3.58,361.49,427.94,-0.12,0.84,1.61,1.92,1.67,0.988,0.987,0.986,0.985,1.240
88544,333.31,570.10,402.20,255.80,5.78,4.87,3.80,354.78,432.03,-0.14,0.82,1.60,1.92,1.55,0.988,0.987,0.985,0.985,1.239
88545,338.94,573.19,392.44,228.62,5.77,4.92,3.41,360.66,421.73,-0.11,0.86,1.60,1.92,1.21,0.989,0.987,0.984,0.985,1.240
88546,332.66,562.25,383.06,247.23,5.82,5.24,2.48,354.36,412.18,-0.11,0.86,1.60,1.92,1.27,0.989,0.987,0.984,0.985,1.240
88547,334.08,562.19,382.99,247.31,5.92,5.37,2.62,355.97,412.24,-0.11,0.86,1.59,1.92,1.58,0.988,0.987,0.985,0.985,1.239
88548,336.49,558.02,399.45,257.43,6.13,5.46,3.93,358.60,429.94,-0.13,0.83,1.60,1.92,1.73,0.988,0.987,0.986,0.984,1.239
88549,324.44,558.16,399.40,256.31,6.31,5.80,4.13,346.25,430.24,-0.16,0.80,1.59,1.92,1.66,0.988,0.986,0.986,0.984,1.239
88550,337.21,578.74,405.00,254.12,6.69,6.26,4.39,360.16,436.81,-0.14,0.82,1.60,1.92,1.38,0.988,0.987,0.985,0.984,1.239
88551,324.54,567.06,390.66,243.66,7.20,6.40,4.98,346.88,421.80,-0.14,0.82,1.59,1.92,1.25,0.989,0.987,0.984,0.984,1.239
88552,337.21,578.28,404.24,245.21,6.88,5.84,4.71,359.50,435.62,-0.13,0.83,1.58,1.92,1.36,0.989,0.987,0.985,0.984,1.239
88553,329.56,578.78,396.13,244.14,6.40,5.31,3.86,350.87,426.46,-0.13,0.83,1.58,1.92,1.37,0.988,0.987,0.985,0.984,1.238
88554,330.58,580.88,396.34,264.92,6.40,5.15,3.48,351.70,426.47,-0.13,0.83,1.57,1.92,1.22,0.988,0.987,0.984,0.984,1.239
88555,330.82,568.06,391.23,235.61,6.42,5.10,3.91,351.94,420.98,-0.12,0.84,1.56,1.91,1.16,0.989,0.987,0.984,0.985,1.239
88556,335.38,582.38,399.71,253.17,6.24,5.29,4.53,356.89,430.12,-0.13,0.83,1.56,1.91,1.26,0.988,0.987,0.984,0.984,1.239
88557,332.42,569.28,395.26,233.65,6.22,5.32,4.47,353.86,425.35,-0.13,0.84,1.56,1.91,1.51,0.989,0.987,0.986,0.984,1.239
88558,337.36,580.26,399.12,246.38,6.38,5.21,4.22,359.01,429.32,-0.13,0.84,1.56,1.91,1.61,0.989,0.987,0.987,0.985,1.239
88559,329.71,579.01,395.94,242.10,6.58,5.41,3.27,351.23,426.27,-0.14,0.83,1.56,1.91,1.48,0.989,0.987,0.986,0.985,1.240
88560,332.97,579.82,399.24,248.09,6.36,5.44,3.25,354.73,429.80,-0.13,0.83,1.56,1.91,1.20,0.989,0.987,0.985,0.985,1.239
88561,336.31,580.40,402.38,253.99,6.46,5.72,4.65,358.55,433.47,-0.13,0.83,1.56,1.91,1.35,0.989,0.987,0.986,0.985,1.239
88562,332.45,579.44,407.98,262.60,6.71,6.36,5.51,355.18,439.96,-0.15,0.82,1.57,1.91,1.48,0.989,0.987,0.986,0.985,1.239
88563,341.16,584.51,391.24,246.09,6.99,6.78,5.42,364.70,422.49,-0.10,0.87,1.57,1.91,1.38,0.988,0.987,0.985,0.985,1.239
88564,332.15,590.47,417.91,257.42,7.31,6.68,4.92,355.17,450.75,-0.16,0.80,1.58,1.92,1.34,0.988,0.987,0.985,0.985,1.239
88565,341.66,586.20,397.22,246.27,7.31,6.32,4.48,364.72,428.46,-0.11,0.86,1.58,1.93,1.32,0.988,0.987,0.984,0.985,1.240
88566,341.84,594.54,411.88,248.58,7.26,6.22,4.33,364.92,443.94,-0.13,0.83,1.58,1.93,1.35,0.989,0.987,0.985,0.985,1.239
88567,352.85,593.61,405.95,253.11,6.76,6.01,4.79,376.33,437.44,-0.10,0.87,1.58,1.93,1.42,0.989,0.988,0.986,0.985,1.239
88568,354.15,587.21,408.40,246.30,6.17,5.37,5.02,377.18,439.49,-0.10,0.87,1.59,1.93,1.46,0.989,0.988,0.986,0.985,1.240
88569,354.46,580.57,414.89,263.55,5.59,4.77,4.00,376.96,445.77,-0.12,0.85,1.59,1.93,1.36,0.989,0.988,0.986,0.985,1.240
88570,349.29,580.50,414.84,262.29,5.21,4.50,2.34,371.26,445.44,-0.13,0.84,1.59,1.94,1.43,0.989,0.988,0.986,0.985,1.240
88571,350.95,600.88,416.64,263.40,5.16,4.25,2.80,372.82,447.08,-0.13,0.83,1.59,1.94,1.34,0.989,0.987,0.985,0.985,1.240
