NASA Data Processing/CAMP2Ex/OPTICAL/CAMP2Ex-LARGE-OPTICAL_P3B_20190830_R0.ict
100,1001
Luke Ziemba
NASA Langley
In-situ optical aerosol measurements from the NASA P3B
CAMP2Ex
1,1
2019,08,30,2020,05,5
1.0
Time_Mid,Secs after midnight,Time of acquisition
19
1,1,1,1,1,1,1,1,1,1,1,1,1,1,1,1,1,1,1
-9999,-9999,-9999,-9999,-9999,-9999,-9999,-9999,-9999,-9999,-9999,-9999,-9999,-9999,-9999,-9999,-9999,-9999,-9999
Sc550_total_amb, Mm-1, AerOpt_Scattering_InSitu_Green_RHa_Bulk_STP, scattering coefficient of ambient  particles at 550nm
Sc450_total, Mm-1, AerOpt_Scattering_InSitu_Blue_RHd_Bulk_STP, Dry Scattering at 450nm (Total Aerosols)
Sc550_total, Mm-1, AerOpt_Scattering_InSitu_Green_RHd_Bulk_STP, Dry Scattering at 550nm (Total Aerosols)
Sc700_total, Mm-1, AerOpt_Scattering_InSitu_Red_RHd_Bulk_STP, Dry Scattering at 700nm (Total Aerosols)
Abs470_total, Mm-1, AerOpt_Absorption_InSitu_Blue_RHd_Bulk_STP, Dry absorption at 470nm (Total Aerosols)
Abs532_total, Mm-1, AerOpt_Absorption_InSitu_Green_RHd_Bulk_STP, Dry absorption at 532nm (Total Aerosols)
Abs660_total, Mm-1, AerOpt_Absorption_InSitu_Red_RHd_Bulk_STP, Dry absorption at 660nm (Total Aerosols)
Ext532_total_amb, Mm-1, AerOpt_Extinction_InSitu_Green_RHa_Bulk_STP, extinction coefficient of aerosols at 532nm for AMBIENT relative humidity
Ext532_total_dry, Mm-1, AerOpt_Extinction_InSitu_Green_RHd_Bulk_STP, extinction coefficient of aerosols at 532nm for DRY relative humidity
gamma550, unitless, AerOpt_Gamma_InSitu_Green_None_Bulk_STP, derived optical hygroscopic growth factor for particles at 550nm
fRH550_RH20to80, unitless, AerOpt_fRHScat_InSitu_Green_RHsp_Bulk_STP, derived optical hygroscopic growth parameter for particles at 550nm
AEscatAMB_450to700nm,unitless, AerOpt_AngstromExponentScat_InSitu_BluetoRed_RHa_Bulk_STP, derived ambient Angstrom Exponent for scattering coefficient over wavelength range from 450nm to 700nm
AEscatDRY_450to700nm,unitless, AerOpt_AngstromExponentScatInSitu_BluetoRed_RHd_Bulk_STP, derived dry Angstrom Exponent for scattering coefficient over wavelength range from 450nm to 700nm
AEabsDRY_470to660nm,unitless, AerOpt_AngstromExponentAbs_InSitu_BluetoRed_RHd_Bulk_STP, derived dry Angstrom Exponent for absorption coefficient over wavelength range from 450nm to 700nm
SSA_dry_450nm,unitless, AerOpt_SSA_InSitu_Blue_RHd_Bulk_STP, single_scattering_albedo_at_450nm_as_derived_from_dry_scattering_and_absorption
SSA_dry_550nm,unitless, AerOpt_SSA_InSitu_Green_RHd_Bulk_STP, single_scattering_albedo_at_550nm_as_derived_from_dry_scattering_and_absorption
SSA_dry_700nm,unitless, AerOpt_SSA_InSitu_Red_RHd_Bulk_STP, single_scattering_albedo_at_700nm_as_derived_from_dry_scattering_and_absorption
SSA_amb_550nm,unitless, AerOpt_SSA_InSitu_Green_RHa_Bulk_STP, single_scattering_albedo_at_550nm_as_derived_from_ambient_scattering_and_absorption
stdPT,unitless, None, Conversion factor to convert between ambient and standard pressure and temperature conditions
0
67
******************************************************************************************************************
Langley Aerosol data from the 2019 CAMP2Ex field campaign
 
PI_CONTACT_INFO: luke.ziemba@nasa.gov
PLATFORM: NASA P3B aircraft
LOCATION: Latitude, Longitude, and Altitude included in MetNav files
[...]
UNCERTAINTY: estimated uncertainties for directly measured properties
	- For dry scattering, accuracy estimated at 30% for all wavelengths; precision estimated at 4.5 Mm-1 for 450nm wavelength and 3 Mm-1 for 550nm and 700nm wavelengths
	- For dry absorption, accuracy estimated at 15% for all wavelengths; precision is a function of pressure and is estimated to vary from 0.5 Mm-1 near the surface to 2 at high altitude
	- For derived parameters, please contact the PI for a more detailed discussion of uncertainty
ULOD_FLAG: -7777
ULOD_VALUE: N/A
LLOD_FLAG: -8888
LLOD_VALUE: N/A
DM_CONTACT_INFO: Michael Shook (michael.shook@nasa.gov)
PROJECT_INFO: CAMP2Ex 2019
STIPULATIONS_ON_USE: This is FINAL data. Users are strongly encouraged to consult the PI and/or DM prior to use.
OTHER_COMMENTS: N/A
REVISION: R0
R0: STP and ambient parameter calculations now use data from their respective publicly available files, data is time synced to DLH
RD: Correction factor applied to raw scattering data, which also affects the absorption data via the Virkkula correction
RC: Higher threshholds required for calculating intensive parameters; absorption smoothing algorithm applied
RB: Time sync to LARGE CNgt3nm applied
RA: None
******************************************************************************************************************
Time_Mid,Sc550_total_amb,Sc450_total,Sc550_total,Sc700_total,Abs470_total,Abs532_total,Abs660_total,Ext532_total_amb,Ext532_total_dry,gamma550,fRH550_RH20to80,AEscatAMB_450to700nm,AEscatDRY_450to700nm,AEabsDRY_470to660nm,SSA_dry_450nm,SSA_dry_550nm,SSA_dry_700nm,SSA_amb_550nm,stdPT
[from data line 23953]
106146,-9999.00,-0.40,6.17,-5.96,5.88,4.52,4.84,-9999.00,-9999.00,-9999.00,-9999.00,-9999,-9999,-9999,-9999,-9999,-9999,-9999,2.617
106147,-9999.00,1.52,2.62,-5.00,6.69,4.85,5.50,-9999.00,-9999.00,-9999.00,-9999.00,-9999,-9999,-9999,-9999,-9999,-9999,-9999,2.620
106148,-9999.00,-0.85,1.00,2.61,8.52,6.40,9.77,-9999.00,-9999.00,-9999.00,-9999.00,-9999,-9999,0.55,-9999,-9999,-9999,-9999,2.620
106149,-9999.00,-2.47,-2.06,-2.61,10.63,8.89,13.28,-9999.00,-9999.00,-9999.00,-9999.00,-9999,-9999,-0.38,-9999,-9999,-9999,-9999,2.620
106150,-9999.00,-0.89,-1.54,0.30,8.41,8.08,12.61,-9999.00,-9999.00,-9999.00,-9999.00,-9999,-9999,-9999,-9999,-9999,-9999,-9999,2.621
106151,-9999.00,-0.34,1.10,0.30,6.00,6.01,8.70,-9999.00,-9999.00,-9999.00,-9999.00,-9999,-9999,-9999,-9999,-9999,-9999,-9999,2.620
106152,-9999.00,0.20,3.73,0.30,7.46,6.57,5.94,-9999.00,-9999.00,-9999.00,-9999.00,-9999,-9999,0.16,-9999,-9999,-9999,-9999.000,2.620
106153,-9999.00,4.55,1.60,-3.03,8.86,7.87,7.41,-9999.00,-9999.00,-9999.00,-9999.00,-9999,-9999,-9999,-9999,-9999,-9999,-9999.000,2.618
106154,-9999.00,-0.04,1.55,1.68,5.88,5.05,6.25,-9999.00,-9999.00,-9999.00,-9999.00,-9999,-9999,-9999,-9999,-9999,-9999,-9999.000,2.620
106155,-9999.00,3.37,-0.66,-1.03,0.44,0.78,1.88,-9999.00,-9999.00,-9999.00,-9999.00,-9999,-9999,-9999,-9999,-9999,-9999,-9999,2.621
106156,-9999.00,6.79,-2.88,-3.73,-0.02,0.57,-1.01,-9999.00,-9999.00,-9999.00,-9999.00,-9999,-9999,-9999,-9999,-9999,-9999,-9999.000,2.619
106157,-9999.00,7.39,-2.27,-2.30,0.46,0.98,-4.55,-9999.00,-9999.00,-9999.00,-9999.00,-9999,-9999,-9999,-9999,-9999,-9999,-9999.000,2.619
106158,-9999.00,12.69,2.37,-5.73,-1.66,-1.50,-6.05,-9999.00,-9999.00,-9999.00,-9999.00,-9999,-9999,-9999,-9999,-9999,-9999,-9999,2.619
106159,-9999.00,-1.57,-0.01,-3.17,-1.38,-1.67,-3.52,-9999.00,-9999.00,-9999.00,-9999.00,-9999,-9999,-9999,-9999,-9999,-9999,-9999,2.619
106160,-9999.00,-12.55,1.56,-2.22,0.18,0.24,0.10,-9999.00,1.67,-9999.00,-9999.00,-9999,-9999,-9999,-9999,-9999,-9999,-9999,2.617
106161,-9999.00,-6.38,-0.73,-5.96,-1.21,0.50,2.21,-9999.00,-0.19,-9999.00,-9999.00,-9999,-9999,0.16,0.582,-9999.000,-9999.000,-9999.000,2.618
106162,-9999.00,-4.89,-3.68,-2.60,-2.72,-1.20,-1.04,-9999.00,-4.74,-9999.00,-9999.00,-9999,-9999,-9999,0.630,-9999.000,-9999.000,-9999.000,2.621
106163,-9999.00,-3.85,3.28,-2.10,-1.66,-0.95,-3.00,-9999.00,2.24,-9999.00,-9999.00,-9999,-9999,-9999,0.689,-9999.000,-9999.000,-9999.000,2.621
106164,-9999.00,-3.49,3.44,-1.70,-0.18,-0.19,-1.51,-9999.00,3.19,-9999.00,-9999.00,-9999,2.80,-9999,0.735,0.794,-9999.000,0.869,2.621
106165,-9999.00,-3.13,3.59,-1.31,-1.48,-1.64,-3.11,-9999.00,1.89,-9999.00,-9999.00,-9999,1.71,-9999,0.809,0.833,-9999.000,0.868,2.619
106166,-9999.00,5.04,7.90,3.07,-2.66,-2.87,-2.86,-9999.00,4.94,-9999.00,-9999.00,-9999,1.15,-9999,-9999,-9999,-9999,-9999,2.622
106167,-9999.00,6.63,4.08,0.65,-0.52,-1.09,-1.90,-9999.00,2.97,-9999.00,-9999.00,-9999,0.88,-9999,-9999,-9999,-9999,-9999,2.623
106168,10.77,15.27,11.58,4.69,1.70,0.67,-1.43,11.28,12.25,-0.04,0.94,-1.69,0.68,-9999,-9999,-9999,-9999,-9999,2.622
106169,16.23,7.91,10.00,3.82,-1.04,-0.83,-3.62,15.15,9.18,0.28,1.47,-1.69,0.54,-9999,-9999,-9999,-9999,-9999,2.623
106170,-9999.00,7.82,13.60,5.01,-2.59,-3.34,-6.62,-9999.00,10.30,0.26,1.44,-1.45,0.55,-9999,-9999,-9999,-9999,-9999,2.619
106171,-9999.00,-5.00,10.19,3.12,-1.46,-3.16,-5.29,-9999.00,7.04,0.55,2.14,-1.19,0.54,-9999,0.933,-9999.000,-9999.000,-9999.000,2.616
106172,-9999.00,-1.61,12.32,9.65,0.37,-1.37,-2.42,-9999.00,10.96,0.28,1.47,-0.97,0.53,-9999,0.933,0.946,-9999.000,0.987,2.611
106173,-9999.00,7.85,10.36,5.11,1.04,0.23,-0.70,-9999.00,10.60,0.72,2.71,-0.81,0.51,-9999,0.947,-9999.000,-9999.000,-9999.000,2.618
106174,-9999.00,20.43,10.95,9.58,0.97,1.44,1.76,-9999.00,12.42,0.65,2.45,-0.78,0.50,-9999,0.942,0.952,-9999.000,0.987,2.612
106175,-9999.00,23.00,16.50,4.55,1.80,3.18,2.29,-9999.00,19.74,0.58,2.24,-0.76,0.50,1.53,0.906,0.916,0.935,0.975,2.614
106176,-9999.00,22.51,22.39,7.38,2.91,4.64,2.04,-9999.00,27.16,0.45,1.88,-0.79,0.51,1.07,0.869,0.889,0.894,0.965,2.611
106177,-9999.00,30.99,30.12,9.33,3.53,3.61,1.89,-9999.00,33.94,0.43,1.82,-0.80,0.50,1.20,0.850,0.880,0.883,0.959,2.613
106178,-9999.00,39.48,37.81,11.28,6.05,3.01,4.69,-9999.00,41.11,0.22,1.35,-0.81,0.50,1.20,0.842,0.872,0.877,0.955,2.612
106179,-9999.00,42.46,36.88,21.11,6.36,3.82,5.24,-9999.00,40.99,0.38,1.68,-0.70,0.49,1.38,0.837,0.868,0.879,0.951,2.612
106180,-9999.00,68.70,73.05,69.97,5.31,4.41,2.76,-9999.00,78.08,0.03,1.04,-0.60,0.49,1.88,0.843,0.878,0.901,0.953,2.614
106181,-9999.00,88.81,85.55,92.51,4.18,4.67,2.05,-9999.00,91.00,0.03,1.05,-0.58,0.48,2.16,0.864,0.897,0.922,0.957,2.616
106182,-9999.00,98.34,85.13,96.52,4.83,5.64,2.61,-9999.00,91.59,0.10,1.15,-0.56,0.45,1.75,0.879,0.908,0.923,0.960,2.618
106183,186.05,110.73,102.29,112.01,7.44,7.40,3.18,194.20,110.72,0.23,1.37,-0.43,0.44,1.54,0.883,0.907,0.921,0.957,2.617
106184,-9999.00,113.56,106.37,109.17,7.97,6.72,3.60,-9999.00,114.23,0.03,1.04,-0.29,0.44,1.63,0.883,0.903,0.923,0.957,2.619
106185,265.50,132.47,125.36,102.70,7.66,5.60,5.93,271.63,132.31,0.31,1.54,-0.18,0.42,1.53,0.880,0.900,0.919,0.956,2.618
106186,184.04,142.18,144.99,111.03,13.20,11.81,11.52,196.26,158.30,0.11,1.16,-0.17,0.41,1.27,0.876,0.898,0.909,0.952,2.619
106187,225.23,140.63,134.68,105.27,25.14,22.16,17.00,247.94,158.26,0.25,1.41,-0.16,0.41,1.01,0.877,0.900,0.902,0.951,2.620
106188,231.99,150.54,142.60,121.12,35.68,28.57,21.57,261.07,172.68,0.20,1.33,-0.16,0.42,1.17,0.883,0.907,0.912,0.952,2.619
106189,270.13,155.34,125.83,112.09,39.39,31.25,26.69,302.05,158.34,0.35,1.63,-0.14,0.40,1.38,0.885,0.912,0.919,0.952,2.617
106190,216.72,170.41,158.66,135.81,41.23,33.13,28.52,250.56,193.22,0.14,1.21,-0.11,0.38,1.32,0.889,0.914,0.921,0.951,2.620
106191,233.60,169.99,156.94,137.85,40.51,31.55,25.30,265.91,189.91,0.18,1.28,-0.11,0.37,1.34,0.903,0.921,0.932,0.954,2.622
106192,233.97,169.21,154.92,139.66,33.95,25.53,22.04,260.26,181.83,0.19,1.30,-0.10,0.35,1.46,0.920,0.932,0.947,0.959,2.620
106193,306.69,150.62,139.92,124.71,30.41,23.16,21.83,330.71,164.35,0.35,1.62,-0.10,0.33,1.69,0.926,0.941,0.955,0.963,2.619
106194,264.75,157.03,149.34,131.40,30.76,23.85,20.49,289.12,174.63,0.27,1.45,-0.12,0.32,2.06,0.926,0.944,0.960,0.965,2.620
106195,249.96,163.31,158.80,138.09,26.02,19.44,13.18,269.70,179.75,0.22,1.36,-0.12,0.30,2.13,0.929,0.949,0.963,0.967,2.620
106196,143.97,187.21,174.08,162.30,17.29,12.68,5.18,156.66,188.50,-0.09,0.89,-0.11,0.29,1.72,0.937,0.956,0.963,0.971,2.618
106197,243.88,183.81,169.81,170.38,11.75,9.10,5.90,253.08,180.50,0.17,1.27,-0.10,0.29,1.74,0.941,0.958,0.966,0.972,2.620
106198,214.00,181.64,162.58,160.37,10.09,6.76,7.44,220.84,170.73,0.13,1.20,-0.10,0.28,2.54,0.935,0.953,0.971,0.969,2.620
106199,284.92,153.32,129.21,113.82,6.05,3.35,3.56,288.12,133.64,0.34,1.60,-0.14,0.30,2.53,0.926,0.948,0.966,0.965,2.619
106200,209.47,135.61,129.28,132.06,2.98,1.80,3.52,211.13,132.16,0.22,1.35,-0.16,0.32,2.11,0.925,0.947,0.960,0.964,2.618
106201,168.18,136.32,141.57,124.55,5.06,3.84,5.14,172.06,146.60,0.08,1.12,-0.17,0.32,2.26,0.926,0.948,0.963,0.964,2.620
106202,159.25,128.90,133.26,112.17,3.14,3.55,1.04,162.69,138.01,0.08,1.12,-0.17,0.31,2.40,0.927,0.951,0.965,0.967,2.617
106203,166.75,137.12,141.19,120.08,-3.32,-1.69,-3.98,164.85,140.83,0.08,1.11,-0.18,0.31,2.21,0.926,0.953,0.962,0.968,2.618
106204,161.26,131.99,137.90,126.30,-7.05,-6.70,-5.76,154.27,132.50,0.06,1.09,-0.19,0.32,1.85,0.922,0.947,0.955,0.964,2.620
106205,151.80,126.86,134.48,132.70,-9.38,-9.74,-7.91,141.93,125.92,0.05,1.07,-0.18,0.32,1.66,0.920,0.943,0.951,0.961,2.617
106206,-9999.00,145.01,129.69,119.42,-13.19,-12.42,-13.21,-9999.00,118.27,0.07,1.11,-0.17,0.31,2.13,0.933,0.955,0.965,0.969,2.618
106207,153.11,133.18,131.84,140.50,-17.54,-14.59,-17.23,138.15,118.22,0.06,1.08,-0.14,0.31,2.88,0.955,0.973,0.982,0.982,2.618
106208,157.84,135.94,123.16,120.04,-17.70,-14.94,-15.84,142.42,109.05,0.11,1.17,-0.10,0.31,-9999,0.972,0.984,-9999.000,0.989,2.618
106209,188.29,125.36,107.51,113.80,-12.42,-12.27,-13.64,175.62,95.95,0.26,1.44,-0.05,0.31,-9999,0.982,-9999.000,-9999.000,-9999.000,2.619
106210,198.34,130.86,124.23,129.48,-6.59,-8.45,-11.26,189.29,116.58,0.19,1.30,-0.09,0.31,-9999,-9999,-9999,-9999,-9999,2.619
106211,217.82,136.15,124.39,138.68,-0.86,-5.01,-6.89,211.92,120.21,0.21,1.35,-0.13,0.31,-9999,-9999,-9999,-9999,-9999,2.619
106212,207.33,106.74,118.19,120.33,4.53,-0.60,-3.28,205.53,118.34,0.21,1.34,-0.12,0.31,-9999,-9999,-9999,-9999,-9999,2.618
106213,184.92,121.62,127.49,120.23,7.02,2.26,-0.68,186.74,130.42,0.15,1.23,-0.12,0.31,-9999,-9999,-9999,-9999,-9999,2.617
106214,161.53,135.40,129.61,99.44,8.84,3.93,2.97,165.25,134.06,0.09,1.14,-0.12,0.31,-9999,-9999,-9999,-9999,-9999,2.620
106215,150.08,149.00,141.98,106.58,12.51,8.33,7.73,158.47,150.67,0.02,1.03,-0.11,0.28,-9999,-9999,-9999,-9999,-9999,2.616
106216,-9999.00,121.05,113.02,101.66,16.44,12.54,11.25,-9999.00,125.77,-0.00,1.00,-0.10,0.28,-9999,-9999,-9999,-9999,-9999,2.618
106217,-9999.00,117.23,105.66,94.98,16.91,13.12,11.33,-9999.00,118.91,0.17,1.27,-0.11,0.28,-9999,-9999,-9999,-9999,-9999,2.618
106218,-9999.00,113.46,98.57,88.48,13.19,11.27,11.01,-9999.00,109.91,0.26,1.43,-0.11,0.28,-9999,-9999,-9999,-9999,-9999,2.617
106219,-9999.00,114.92,107.56,71.42,10.29,9.02,8.32,-9999.00,116.67,0.15,1.23,-0.13,0.27,-9999,-9999,-9999,-9999,-9999,2.618
106220,-9999.00,121.60,110.06,87.98,8.34,6.82,3.70,-9999.00,117.01,0.13,1.19,-0.17,0.26,-9999,-9999,-9999,-9999,-9999,2.617
106221,-9999.00,109.17,126.95,89.33,4.77,3.45,1.46,-9999.00,130.62,-0.15,0.81,-0.24,0.29,-9999,-9999,-9999,-9999,-9999,2.617
106222,-9999.00,104.45,102.20,85.95,1.80,1.47,0.68,-9999.00,103.75,0.01,1.01,-0.24,0.29,-9999,-9999,-9999,-9999,-9999,2.618
106223,-9999.00,104.29,108.17,87.58,-1.46,-0.01,1.01,-9999.00,108.17,-0.04,0.95,-0.28,0.32,-9999,-9999,-9999,-9999,-9999,2.617
106224,-9999.00,78.22,75.06,60.50,-6.49,-4.10,-0.94,-9999.00,70.86,0.21,1.34,-0.30,0.32,-9999,-9999,-9999,-9999,-9999,2.618
106225,-9999.00,87.13,84.21,69.97,-10.67,-8.42,-6.98,-9999.00,75.51,0.12,1.18,-0.27,0.30,-9999,-9999,-9999,-9999,-9999,2.618
106226,-9999.00,76.57,71.22,56.90,-12.20,-10.23,-10.32,-9999.00,60.74,0.11,1.17,-0.30,0.33,-9999,-9999,-9999,-9999,-9999,2.618
106227,-9999.00,76.96,73.91,65.72,-12.05,-10.67,-11.75,-9999.00,62.93,-0.05,0.93,-0.39,0.37,-9999,-9999,-9999,-9999,-9999,2.616
106228,33.57,53.57,69.55,57.22,-12.38,-11.32,-11.96,22.61,57.97,-0.28,0.68,-0.55,0.42,-9999,-9999,-9999,-9999,-9999,2.618
106229,47.15,64.27,74.47,66.92,-12.28,-11.32,-9.42,36.56,62.79,-0.18,0.78,-0.68,0.44,-9999,-9999,-9999,-9999,-9999,2.617
106230,38.31,57.13,66.74,60.90,-10.07,-8.58,-6.88,30.76,57.70,-0.21,0.74,-0.73,0.41,-9999,-9999,-9999,-9999,-9999,2.617
106231,-9999.00,49.98,59.02,54.88,-8.87,-7.09,-7.52,-9999.00,51.42,-0.22,0.74,-0.66,0.37,-9999,-9999,-9999,-9999,-9999,2.617
106232,-9999.00,39.52,57.80,42.59,-10.09,-9.05,-11.02,-9999.00,48.17,-0.19,0.77,-0.66,0.37,-9999,-9999,-9999,-9999,-9999,2.617
106233,-9999.00,51.38,65.74,52.04,-11.01,-11.53,-13.82,-9999.00,53.50,-0.29,0.67,-0.66,0.37,-9999,-9999,-9999,-9999,-9999,2.618
106234,-9999.00,43.74,46.80,49.01,-9.72,-11.59,-12.24,-9999.00,34.55,-0.02,0.97,-0.66,0.34,-9999,-9999,-9999,-9999,-9999,2.618
106235,-9999.00,40.15,40.22,47.74,-6.85,-9.12,-9.03,-9999.00,30.40,-0.04,0.95,-0.66,0.28,-9999,-9999,-9999,-9999,-9999,2.614
106236,-9999.00,30.37,29.31,18.69,-6.51,-8.01,-6.80,-9999.00,20.66,0.40,1.73,-0.66,0.24,-9999,-9999,-9999,-9999,-9999,2.612
106237,-9999.00,32.14,32.98,16.92,-6.80,-7.57,-6.02,-9999.00,24.66,0.09,1.14,-0.66,0.19,-9999,-9999,-9999,-9999,-9999,2.613
106238,-9999.00,18.96,30.55,14.03,-4.70,-5.87,-6.19,-9999.00,23.85,0.20,1.33,-0.18,0.14,-9999,-9999,-9999,-9999,-9999,2.615
106239,-9999.00,22.32,30.62,18.77,-6.14,-7.61,-6.83,-9999.00,22.07,0.04,1.06,0.27,0.07,-9999,-9999,-9999,-9999,-9999,2.614
106240,-9999.00,19.21,34.07,35.55,-10.34,-9.20,-6.51,-9999.00,23.66,0.01,1.01,0.64,0.01,-9999,-9999,-9999,-9999,-9999,2.613
106241,-9999.00,31.24,25.80,16.07,-8.90,-6.45,-5.43,-9999.00,18.27,0.24,1.40,0.64,-0.07,-9999,-9999,-9999,-9999,-9999,2.616
106242,-9999.00,27.44,20.95,10.43,-5.28,-3.88,-3.94,-9999.00,16.06,0.10,1.15,0.64,-0.15,-9999,-9999,-9999,-9999,-9999,2.614
106243,-9999.00,19.66,21.54,8.21,-3.00,-3.17,-3.15,-9999.00,17.18,0.03,1.04,0.64,-0.21,-9999,-9999,-9999,-9999,-9999,2.612
106244,-9999.00,6.62,24.80,6.12,-3.77,-3.10,-4.27,-9999.00,20.27,0.07,1.10,0.76,-0.21,-9999,-9999,-9999,-9999,-9999,2.616
106245,-9999.00,8.40,24.70,17.92,-3.23,-2.86,-6.03,-9999.00,20.35,0.16,1.24,2.03,-0.20,-9999,-9999,-9999,-9999,-9999,2.614
106246,-9999.00,9.63,18.34,14.78,-3.82,-3.63,-4.47,-9999.00,13.54,-0.17,0.79,-9999,-0.16,-9999,-9999,-9999,-9999,-9999,2.616
106247,-9999.00,10.37,11.03,11.63,-8.23,-5.21,-1.35,-9999.00,5.05,0.37,1.66,-9999,-0.17,-9999,-9999,-9999,-9999,-9999,2.614
106248,-9999.00,14.90,5.47,7.79,-7.38,-3.72,-0.51,-9999.00,1.35,0.50,1.99,-9999,-0.22,-9999,-9999,-9999,-9999,-9999,2.615
106249,-9999.00,11.43,22.94,17.72,-2.41,-1.93,-0.58,-9999.00,19.14,-0.95,0.27,-9999,-0.29,-9999,-9999,-9999,-9999,-9999,2.614
106250,-9999.00,9.98,24.57,13.26,0.64,-1.93,0.27,-9999.00,20.51,-0.68,0.39,-9999,-0.26,-9999,-9999,-9999,-9999,-9999,2.613
106251,-9999.00,9.99,24.60,12.87,-0.95,-1.75,-1.51,-9999.00,20.42,-0.62,0.42,-9999,-0.28,-9999,-9999,-9999,-9999,-9999,2.614
106252,-9999.00,-2.01,11.77,12.56,-5.77,-2.18,-3.84,-9999.00,8.33,0.22,1.36,-9999,-0.40,-9999,-9999,-9999,-9999,-9999,2.615
106253,7.79,-4.04,10.32,9.16,-8.91,-4.33,-3.34,-9999.00,4.73,-0.13,0.84,-9999,-0.69,-9999,-9999,-9999,-9999,-9999,2.620
106254,5.59,-3.67,9.65,13.00,-11.81,-6.30,-3.40,-9999.00,2.09,-0.25,0.71,-9999,-0.89,-9999,-9999,-9999,-9999,-9999,2.619
106255,11.39,-4.03,6.18,7.50,-11.16,-6.27,-3.95,-9999.00,-0.97,0.23,1.38,-9999,-1.14,-9999,-9999,-9999,-9999,-9999,2.618
106256,3.53,-5.59,9.85,4.30,-7.05,-5.04,-5.51,-9999.00,3.27,-0.41,0.57,-9999,-1.22,-9999,-9999,-9999,-9999,-9999,2.617
106257,-9999.00,-1.66,10.09,4.97,-4.98,-3.82,-5.95,-9999.00,4.39,-9999.00,-9999.00,-9999,-1.77,-9999,-9999,-9999,-9999,-9999,2.617
106258,-9999.00,3.42,15.48,5.71,-4.74,-3.38,-5.14,-9999.00,8.55,-9999.00,-9999.00,-9999,-2.59,-9999,-9999,-9999,-9999,-9999,2.615
106259,4.10,0.10,6.69,-1.28,-7.61,-4.12,-6.09,-9999.00,-9999.00,-0.23,0.73,-9999,-9999,-9999,-9999,-9999,-9999,-9999,2.619
106260,-9999.00,9.14,10.77,2.62,-7.66,-4.61,-5.08,-9999.00,-9999.00,-0.48,0.51,-9999,-9999,-9999,-9999,-9999,-9999,-9999,2.618
106261,-9999.00,4.54,5.74,-4.68,-3.91,-3.45,-2.14,-9999.00,-9999.00,-9999.00,-9999.00,-9999,-9999,-9999,-9999,-9999,-9999,-9999,2.617
106262,-9999.00,-3.95,5.50,-0.93,-1.16,-1.77,-0.84,-9999.00,-9999.00,-9999.00,-9999.00,-9999,-9999,-9999,-9999,-9999,-9999,-9999,2.614
106263,-9999.00,-8.02,3.19,0.85,0.34,-0.83,-0.73,-9999.00,-9999.00,-9999.00,-9999.00,-9999,-9999,-9999,-9999,-9999,-9999,-9999,2.615
106264,-9999.00,-2.38,5.62,4.74,0.06,-0.33,-2.17,-9999.00,-9999.00,-9999.00,-9999.00,-9999,-9999,-9999,-9999,-9999,-9999,-9999,2.616
106265,-9999.00,4.02,0.43,-0.01,-2.18,-1.88,-5.37,-9999.00,-9999.00,-9999.00,-9999.00,-9999,-9999,-9999,-9999,-9999,-9999,-9999,2.617
106266,-9999.00,-3.28,3.24,1.07,-4.61,-4.42,-7.89,-9999.00,-9999.00,-9999.00,-9999.00,-9999,-9999,-9999,-9999,-9999,-9999,-9999,2.616
106267,-9999.00,1.07,0.10,-0.31,-4.74,-4.27,-7.28,-9999.00,-9999.00,-9999.00,-9999.00,-9999,-9999,-9999,-9999,-9999,-9999,-9999,2.615
106268,-9999.00,-3.28,4.15,7.71,-3.44,-2.88,-5.12,-9999.00,-9999.00,-9999.00,-9999.00,-9999,-9999,-9999,-9999,-9999,-9999,-9999,2.613
106269,-9999.00,-5.27,0.96,3.06,-2.37,-1.55,-2.80,-9999.00,-9999.00,-9999.00,-9999.00,-9999,-9999,-9999,-9999,-9999,-9999,-9999,2.616
106270,-9999.00,-5.21,0.92,3.28,-1.84,-2.01,-1.08,-9999.00,-9999.00,-9999.00,-9999.00,-9999,-9999,-9999,-9999,-9999,-9999,-9999,2.617
106271,-9999.00,-5.15,0.87,3.50,-1.31,-3.85,-1.61,-9999.00,-9999.00,-9999.00,-9999.00,-9999,-9999,-9999,-9999,-9999,-9999,-9999,2.614
