NASA Data Processing/CAMP2Ex/OPTICAL/CAMP2Ex-LARGE-OPTICAL_P3B_20191001_R0.ict
100,1001
Luke Ziemba
NASA Langley
In-situ optical aerosol measurements from the NASA P3B
CAMP2Ex
1,1
2019,10,01,2020,05,5
1.0
Time_Mid,Secs after midnight,Time of acquisition
19
1,1,1,1,1,1,1,1,1,1,1,1,1,1,1,1,1,1,1
-9999,-9999,-9999,-9999,-9999,-9999,-9999,-9999,-9999,-9999,-9999,-9999,-9999,-9999,-9999,-9999,-9999,-9999,-9999
Sc550_total_amb, Mm-1, AerOpt_Scattering_InSitu_Green_RHa_Bulk_STP, scattering coefficient of ambient  particles at 550nm
Sc450_total, Mm-1, AerOpt_Scattering_InSitu_Blue_RHd_Bulk_STP, Dry Scattering at 450nm (Total Aerosols)
Sc550_total, Mm-1, AerOpt_Scattering_InSitu_Green_RHd_Bulk_STP, Dry Scattering at 550nm (Total Aerosols)
Sc700_total, Mm-1, AerOpt_Scattering_InSitu_Red_RHd_Bulk_STP, Dry Scattering at 700nm (Total Aerosols)
Abs470_total, Mm-1, AerOpt_Absorption_InSitu_Blue_RHd_Bulk_STP, Dry absorption at 470nm (Total Aerosols)
Abs532_total, Mm-1, AerOpt_Absorption_InSitu_Green_RHd_Bulk_STP, Dry absorption at 532nm (Total Aerosols)
Abs660_total, Mm-1, AerOpt_Absorption_InSitu_Red_RHd_Bulk_STP, Dry absorption at 660nm (Total Aerosols)
Ext532_total_amb, Mm-1, AerOpt_Extinction_InSitu_Green_RHa_Bulk_STP, extinction coefficient of aerosols at 532nm for AMBIENT relative humidity
Ext532_total_dry, Mm-1, AerOpt_Extinction_InSitu_Green_RHd_Bulk_STP, extinction coefficient of aerosols at 532nm for DRY relative humidity
gamma550, unitless, AerOpt_Gamma_InSitu_Green_None_Bulk_STP, derived optical hygroscopic growth factor for particles at 550nm
fRH550_RH20to80, unitless, AerOpt_fRHScat_InSitu_Green_RHsp_Bulk_STP, derived optical hygroscopic growth parameter for particles at 550nm
AEscatAMB_450to700nm,unitless, AerOpt_AngstromExponentScat_InSitu_BluetoRed_RHa_Bulk_STP, derived ambient Angstrom Exponent for scattering coefficient over wavelength range from 450nm to 700nm
AEscatDRY_450to700nm,unitless, AerOpt_AngstromExponentScatInSitu_BluetoRed_RHd_Bulk_STP, derived dry Angstrom Exponent for scattering coefficient over wavelength range from 450nm to 700nm
AEabsDRY_470to660nm,unitless, AerOpt_AngstromExponentAbs_InSitu_BluetoRed_RHd_Bulk_STP, derived dry Angstrom Exponent for absorption coefficient over wavelength range from 450nm to 700nm
SSA_dry_450nm,unitless, AerOpt_SSA_InSitu_Blue_RHd_Bulk_STP, single_scattering_albedo_at_450nm_as_derived_from_dry_scattering_and_absorption
SSA_dry_550nm,unitless, AerOpt_SSA_InSitu_Green_RHd_Bulk_STP, single_scattering_albedo_at_550nm_as_derived_from_dry_scattering_and_absorption
SSA_dry_700nm,unitless, AerOpt_SSA_InSitu_Red_RHd_Bulk_STP, single_scattering_albedo_at_700nm_as_derived_from_dry_scattering_and_absorption
SSA_amb_550nm,unitless, AerOpt_SSA_InSitu_Green_RHa_Bulk_STP, single_scattering_albedo_at_550nm_as_derived_from_ambient_scattering_and_absorption
stdPT,unitless, None, Conversion factor to convert between ambient and standard pressure and temperature conditions
0
67
******************************************************************************************************************
Langley Aerosol data from the 2019 CAMP2Ex field campaign
 
PI_CONTACT_INFO: luke.ziemba@nasa.gov
PLATFORM: NASA P3B aircraft
LOCATION: Latitude, Longitude, and Altitude included in MetNav files
[...]
UNCERTAINTY: estimated uncertainties for directly measured properties
	- For dry scattering, accuracy estimated at 30% for all wavelengths; precision estimated at 4.5 Mm-1 for 450nm wavelength and 3 Mm-1 for 550nm and 700nm wavelengths
	- For dry absorption, accuracy estimated at 15% for all wavelengths; precision is a function of pressure and is estimated to vary from 0.5 Mm-1 near the surface to 2 at high altitude
	- For derived parameters, please contact the PI for a more detailed discussion of uncertainty
ULOD_FLAG: -7777
ULOD_VALUE: N/A
LLOD_FLAG: -8888
LLOD_VALUE: N/A
DM_CONTACT_INFO: Michael Shook (michael.shook@nasa.gov)
PROJECT_INFO: CAMP2Ex 2019
STIPULATIONS_ON_USE: This is FINAL data. Users are strongly encouraged to consult the PI and/or DM prior to use.
OTHER_COMMENTS: N/A
REVISION: R0
R0: STP and ambient parameter calculations now use data from their respective publicly available files, data is time synced to DLH
RD: Correction factor applied to raw scattering data, which also affects the absorption data via the Virkkula correction
RC: Higher threshholds required for calculating intensive parameters; absorption smoothing algorithm applied
RB: Time sync to LARGE CNgt3nm applied
RA: None
******************************************************************************************************************
Time_Mid,Sc550_total_amb,Sc450_total,Sc550_total,Sc700_total,Abs470_total,Abs532_total,Abs660_total,Ext532_total_amb,Ext532_total_dry,gamma550,fRH550_RH20to80,AEscatAMB_450to700nm,AEscatDRY_450to700nm,AEabsDRY_470to660nm,SSA_dry_450nm,SSA_dry_550nm,SSA_dry_700nm,SSA_amb_550nm,stdPT
[from data line 9124]
87173,67.21,71.24,45.20,28.15,1.70,1.41,1.26,72.91,50.13,0.27,1.45,1.96,2.24,-9999,-9999,-9999,-9999,-9999,1.149
87174,62.09,67.05,43.28,28.24,1.43,1.58,2.06,67.64,48.23,0.25,1.40,1.96,2.24,-9999,-9999,-9999,-9999,-9999,1.149
87175,67.10,70.50,47.40,26.67,1.84,1.77,1.90,73.16,52.87,0.25,1.42,1.97,2.24,-9999,-9999,-9999,-9999,-9999,1.149
87176,65.85,68.55,47.20,21.43,2.28,1.51,1.49,71.55,52.40,0.26,1.43,1.96,2.24,-9999,-9999,-9999,-9999,-9999,1.150
87177,67.21,72.65,45.68,24.29,1.96,1.27,1.67,72.76,50.51,0.31,1.53,1.97,2.25,-9999,-9999,-9999,-9999,-9999,1.150
87178,60.13,72.11,44.26,22.92,1.46,1.33,2.01,65.31,49.04,0.25,1.42,1.97,2.24,-9999,-9999,-9999,-9999,-9999,1.150
87179,61.32,77.40,46.94,23.68,1.43,1.31,1.39,66.55,51.90,0.22,1.36,1.96,2.23,-9999,-9999,-9999,-9999,-9999,1.150
87180,61.14,71.59,44.96,30.79,1.41,1.22,0.55,66.26,49.68,0.25,1.42,1.96,2.24,-9999,-9999,-9999,-9999,-9999,1.150
87181,62.28,75.85,46.04,29.11,1.16,1.22,0.83,67.44,50.81,0.23,1.38,1.95,2.24,-9999,-9999,-9999,-9999,-9999,1.150
87182,63.96,80.09,47.08,27.45,1.26,1.20,1.18,69.18,51.91,0.22,1.36,1.95,2.23,-9999,-9999,-9999,-9999,-9999,1.150
87183,65.01,79.24,47.07,27.21,1.45,0.93,0.78,69.97,51.62,0.22,1.36,1.95,2.23,-9999,-9999,-9999,-9999,-9999,1.149
87184,64.30,78.66,47.95,20.33,1.31,0.87,0.66,69.16,52.52,0.20,1.32,1.95,2.23,-9999,-9999,-9999,-9999,-9999,1.149
87185,60.05,70.43,43.96,27.67,1.15,1.26,1.08,65.04,48.63,0.22,1.35,1.96,2.25,-9999,-9999,-9999,-9999,-9999,1.150
87186,57.75,69.81,44.97,27.02,1.21,1.29,1.16,62.64,49.78,0.19,1.30,1.97,2.26,-9999,-9999,-9999,-9999,-9999,1.150
87187,61.67,69.52,44.60,27.36,1.09,1.23,0.90,66.75,49.34,0.24,1.40,1.96,2.26,-9999,-9999,-9999,-9999,-9999,1.150
87188,64.98,65.94,40.74,27.58,0.85,1.34,1.08,70.40,45.32,0.34,1.60,1.95,2.27,-9999,-9999,-9999,-9999,-9999,1.150
87189,60.99,66.16,42.68,25.78,0.92,1.24,1.52,66.08,47.32,0.27,1.46,1.94,2.28,-9999,-9999,-9999,-9999,-9999,1.149
87190,60.81,66.33,44.59,24.01,0.95,1.08,1.21,65.72,49.27,0.25,1.41,1.94,2.30,-9999,-9999,-9999,-9999,-9999,1.150
87191,60.06,66.46,44.94,23.78,0.85,0.90,0.43,64.74,49.48,0.23,1.37,1.92,2.30,-9999,-9999,-9999,-9999,-9999,1.150
87192,59.10,69.38,47.67,25.26,1.03,0.86,0.18,63.69,52.39,0.17,1.26,1.91,2.28,-9999,-9999,-9999,-9999,-9999,1.150
87193,58.73,70.45,48.27,30.04,1.16,1.03,0.38,63.50,53.21,0.16,1.25,1.91,2.26,-9999,-9999,-9999,-9999,-9999,1.150
87194,60.14,70.28,46.22,28.19,0.87,0.96,0.61,64.96,50.93,0.21,1.34,1.90,2.25,-9999,-9999,-9999,-9999,-9999,1.150
87195,60.54,70.10,44.18,26.35,0.66,0.86,0.83,65.30,48.62,0.25,1.42,1.89,2.23,-9999,-9999,-9999,-9999,-9999,1.150
87196,60.80,67.32,45.06,25.24,1.22,0.96,1.29,65.70,49.65,0.24,1.40,1.90,2.24,-9999,-9999,-9999,-9999,-9999,1.150
87197,63.19,69.30,46.47,26.27,1.74,1.11,1.40,68.39,51.31,0.23,1.38,1.90,2.23,-9999,-9999,-9999,-9999,-9999,1.150
87198,63.31,71.30,47.90,27.32,1.73,1.24,0.88,68.65,52.94,0.21,1.34,1.89,2.21,-9999,-9999,-9999,-9999,-9999,1.150
87199,60.67,72.23,44.90,26.46,1.80,1.30,0.94,65.89,49.73,0.25,1.42,1.88,2.21,-9999,-9999,-9999,-9999,-9999,1.150
87200,59.61,73.02,41.93,25.61,1.78,1.47,1.18,64.90,46.65,0.30,1.51,1.87,2.18,-9999,-9999,-9999,-9999,-9999,1.150
87201,60.77,71.74,41.33,25.63,1.43,1.61,1.32,66.27,46.13,0.33,1.58,1.88,2.19,-9999,-9999,-9999,-9999,-9999,1.150
87202,56.57,70.50,40.74,25.66,1.16,1.44,1.45,61.60,45.32,0.29,1.50,1.87,2.20,-9999,-9999,-9999,-9999,-9999,1.151
87203,55.66,76.58,40.20,24.21,1.43,1.31,1.04,60.51,44.59,0.30,1.51,1.87,2.20,-9999,-9999,-9999,-9999,-9999,1.151
87204,52.80,68.88,40.68,24.84,1.62,1.49,0.27,57.68,45.29,0.23,1.38,1.88,2.22,-9999,-9999,-9999,-9999,-9999,1.151
87205,53.94,74.22,42.30,25.20,1.17,1.51,-0.36,58.90,47.03,0.21,1.33,1.88,2.22,-9999,-9999,-9999,-9999,-9999,1.151
87206,56.96,71.14,44.24,26.99,1.09,1.22,0.07,61.85,48.83,0.20,1.33,1.88,2.21,-9999,-9999,-9999,-9999,-9999,1.151
87207,56.80,67.93,46.22,28.78,1.36,1.02,0.93,61.48,50.75,0.17,1.27,1.87,2.20,-9999,-9999,-9999,-9999,-9999,1.150
87208,58.58,67.80,43.53,27.73,1.31,0.99,1.17,63.34,47.84,0.24,1.39,1.86,2.20,-9999,-9999,-9999,-9999,-9999,1.151
87209,55.71,67.64,40.87,26.69,1.25,1.09,1.41,60.37,45.08,0.23,1.38,1.86,2.21,-9999,-9999,-9999,-9999,-9999,1.150
87210,53.50,68.63,41.99,25.77,1.48,1.04,1.23,57.99,46.24,0.18,1.28,1.86,2.21,-9999,-9999,-9999,-9999,-9999,1.150
87211,57.66,70.18,46.47,26.29,1.60,0.89,0.77,62.28,50.91,0.16,1.25,1.87,2.22,-9999,-9999,-9999,-9999,-9999,1.150
87212,55.90,65.40,42.87,28.11,1.39,0.87,1.20,60.41,47.05,0.21,1.33,1.87,2.22,-9999,-9999,-9999,-9999,-9999,1.150
87213,57.57,62.17,42.62,28.05,1.41,0.78,1.80,62.15,46.73,0.23,1.38,1.87,2.22,-9999,-9999,-9999,-9999,-9999,1.150
87214,57.70,64.34,42.88,24.71,1.73,0.84,1.87,62.39,47.07,0.23,1.37,1.88,2.23,-9999,-9999,-9999,-9999,-9999,1.150
87215,61.62,64.75,47.26,24.97,1.46,1.07,1.32,66.83,52.00,0.19,1.30,1.88,2.22,-9999,-9999,-9999,-9999,-9999,1.150
87216,59.71,63.07,42.35,21.52,0.84,1.23,0.84,64.95,46.84,0.23,1.38,1.89,2.22,-9999,-9999,-9999,-9999,-9999,1.149
87217,58.54,62.92,42.46,21.44,0.80,1.35,0.75,63.82,47.06,0.22,1.35,1.89,2.21,-9999,-9999,-9999,-9999,-9999,1.149
87218,59.52,62.80,42.59,21.38,1.06,1.35,0.46,64.88,47.17,0.22,1.35,1.90,2.21,-9999,-9999,-9999,-9999,-9999,1.150
87219,63.34,72.19,45.85,24.58,1.09,1.47,0.48,69.01,50.76,0.20,1.32,1.88,2.20,-9999,-9999,-9999,-9999,-9999,1.149
87220,62.24,65.24,45.13,25.22,1.16,1.58,1.13,67.92,50.10,0.21,1.34,1.88,2.21,-9999,-9999,-9999,-9999,-9999,1.149
87221,64.14,65.70,45.01,26.40,1.07,1.40,1.36,69.76,49.77,0.22,1.35,1.87,2.21,-9999,-9999,-9999,-9999,-9999,1.149
87222,63.99,66.11,44.86,27.57,0.64,1.34,0.63,69.56,49.54,0.23,1.37,1.87,2.23,-9999,-9999,-9999,-9999,-9999,1.149
87223,64.80,75.25,48.36,28.90,0.64,1.27,0.18,70.35,53.21,0.19,1.31,1.87,2.25,-9999,-9999,-9999,-9999,-9999,1.150
87224,66.60,65.50,44.58,25.22,1.47,1.14,0.70,72.16,48.99,0.26,1.42,1.87,2.25,-9999,-9999,-9999,-9999,-9999,1.149
87225,67.53,73.10,48.19,26.57,2.14,1.13,1.14,73.13,52.83,0.21,1.35,1.87,2.26,-9999,-9999,-9999,-9999,-9999,1.149
87226,64.53,66.01,40.77,23.69,2.03,1.21,1.42,70.01,44.97,0.29,1.50,1.87,2.26,-9999,-9999,-9999,-9999,-9999,1.149
87227,66.29,73.01,44.70,26.01,1.79,1.31,1.53,71.93,49.33,0.25,1.42,1.86,2.27,-9999,-9999,-9999,-9999,-9999,1.149
87228,67.92,75.81,43.39,27.36,1.60,1.20,1.27,73.49,47.83,0.28,1.48,1.85,2.29,-9999,-9999,-9999,-9999,-9999,1.150
87229,66.46,77.84,50.77,28.70,1.26,1.15,0.89,71.85,55.76,0.17,1.27,1.86,2.30,-9999,-9999,-9999,-9999,-9999,1.149
87230,70.81,66.75,45.54,25.96,1.43,1.43,0.75,76.72,50.43,0.26,1.44,1.85,2.31,-9999,-9999,-9999,-9999,-9999,1.149
87231,67.36,73.75,46.76,28.44,1.74,1.55,1.31,73.14,51.92,0.22,1.36,1.83,2.30,-9999,-9999,-9999,-9999,-9999,1.149
87232,73.37,66.52,41.22,26.47,1.34,1.36,1.66,79.27,45.79,0.35,1.63,1.83,2.30,-9999,-9999,-9999,-9999,-9999,1.149
87233,73.03,77.20,50.24,28.24,0.70,1.20,1.22,78.75,55.39,0.23,1.38,1.83,2.30,-9999,-9999,-9999,-9999,-9999,1.149
87234,77.43,80.59,50.18,27.87,0.50,1.25,0.48,83.45,55.40,0.27,1.45,1.83,2.29,-9999,-9999,-9999,-9999,-9999,1.149
87235,74.01,83.97,50.14,27.51,0.50,1.06,-0.01,79.63,55.20,0.24,1.39,1.83,2.28,-9999,-9999,-9999,-9999,-9999,1.149
87236,71.58,81.37,51.80,27.49,0.69,0.74,0.46,76.76,56.67,0.19,1.30,1.83,2.28,-9999,-9999,-9999,-9999,-9999,1.149
87237,78.96,85.45,53.82,24.14,1.19,0.76,1.24,84.57,58.91,0.23,1.37,1.82,2.29,-9999,-9999,-9999,-9999,-9999,1.148
87238,79.15,78.63,55.85,28.80,1.54,0.88,1.50,84.92,61.27,0.21,1.33,1.83,2.30,-9999,-9999,-9999,-9999,-9999,1.149
87239,74.21,78.36,55.85,28.65,1.22,0.77,1.39,79.52,61.17,0.17,1.26,1.82,2.31,-9999,-9999,-9999,-9999,-9999,1.149
87240,81.09,74.15,49.43,27.48,1.28,0.82,0.98,86.80,54.28,0.28,1.48,1.81,2.31,-9999,-9999,-9999,-9999,-9999,1.149
87241,75.37,83.39,47.33,29.58,1.93,1.14,0.80,81.03,52.32,0.25,1.41,1.79,2.31,-9999,-9999,-9999,-9999,-9999,1.148
87242,90.82,84.15,49.21,28.49,2.11,1.39,1.07,97.62,54.59,0.32,1.57,1.79,2.30,-9999,-9999,-9999,-9999,-9999,1.148
87243,92.06,84.16,49.18,28.45,1.99,1.37,1.63,98.90,54.52,0.31,1.54,1.78,2.30,-9999,-9999,-9999,-9999,-9999,1.148
87244,92.67,84.83,50.85,32.98,1.87,1.39,2.00,99.54,56.35,0.30,1.51,1.78,2.31,-9999,-9999,-9999,-9999,-9999,1.148
87245,90.49,83.62,52.75,29.10,1.46,1.60,1.58,97.44,58.65,0.28,1.48,1.78,2.31,-9999,-9999,-9999,-9999,-9999,1.148
87246,91.08,84.64,51.04,33.43,1.22,1.50,0.84,97.96,56.73,0.29,1.50,1.78,2.32,-9999,-9999,-9999,-9999,-9999,1.148
87247,99.39,83.38,48.33,29.84,1.08,1.20,0.24,106.51,53.49,0.36,1.64,1.78,2.33,-9999,-9999,-9999,-9999,-9999,1.148
87248,89.66,81.05,47.87,29.53,1.02,1.38,0.22,96.38,53.15,0.32,1.56,1.77,2.34,-9999,-9999,-9999,-9999,-9999,1.148
87249,88.91,78.71,47.42,29.23,1.21,1.55,1.07,95.74,52.82,0.33,1.59,1.76,2.35,-9999,-9999,-9999,-9999,-9999,1.148
87250,88.43,85.09,49.98,34.40,1.20,1.33,1.16,95.08,55.35,0.31,1.55,1.77,2.34,-9999,-9999,-9999,-9999,-9999,1.148
87251,82.19,81.61,54.58,29.42,0.93,1.13,0.22,88.29,60.09,0.23,1.37,1.77,2.33,-9999,-9999,-9999,-9999,-9999,1.149
87252,88.17,84.49,51.08,29.45,1.03,1.05,-0.03,94.54,56.24,0.30,1.52,1.77,2.32,-9999,-9999,-9999,-9999,-9999,1.148
87253,85.72,84.30,51.02,28.66,1.26,1.15,0.29,92.02,56.28,0.29,1.50,1.77,2.30,-9999,-9999,-9999,-9999,-9999,1.148
87254,89.41,90.29,56.45,32.41,1.26,1.26,0.29,96.01,62.29,0.26,1.42,1.78,2.30,-9999,-9999,-9999,-9999,-9999,1.148
87255,90.80,87.33,56.48,32.55,0.96,1.26,0.89,97.43,62.39,0.25,1.42,1.78,2.31,-9999,-9999,-9999,-9999,-9999,1.149
87256,91.27,81.07,53.22,30.79,1.00,1.39,2.11,98.01,59.01,0.27,1.46,1.78,2.31,-9999,-9999,-9999,-9999,-9999,1.148
87257,87.84,77.54,51.82,30.90,1.31,1.40,2.36,94.30,57.45,0.29,1.48,1.78,2.31,-9999,-9999,-9999,-9999,-9999,1.148
87258,86.69,77.70,51.76,28.50,1.00,1.23,1.57,92.95,57.16,0.27,1.46,1.79,2.31,-9999,-9999,-9999,-9999,-9999,1.148
87259,78.23,97.60,55.35,31.70,0.78,1.13,1.24,83.92,60.90,0.18,1.28,1.79,2.31,-9999,-9999,-9999,-9999,-9999,1.148
87260,81.80,86.99,50.82,28.89,0.94,1.05,1.49,87.66,55.91,0.25,1.41,1.79,2.32,-9999,-9999,-9999,-9999,-9999,1.148
87261,76.30,86.45,52.35,29.56,0.93,1.05,1.16,81.85,57.56,0.21,1.33,1.79,2.32,-9999,-9999,-9999,-9999,-9999,1.148
87262,73.81,85.90,53.90,30.23,0.92,1.03,0.86,79.16,59.18,0.19,1.30,1.79,2.32,-9999,-9999,-9999,-9999,-9999,1.149
87263,76.93,87.39,58.50,29.81,1.03,0.94,1.34,82.39,64.02,0.17,1.26,1.79,2.32,-9999,-9999,-9999,-9999,-9999,1.148
87264,77.53,78.93,53.43,26.21,1.38,1.19,1.36,83.24,58.78,0.22,1.36,1.79,2.33,-9999,-9999,-9999,-9999,-9999,1.148
87265,72.07,78.77,53.48,29.32,1.71,1.52,0.44,77.79,59.14,0.18,1.28,1.78,2.34,-9999,-9999,-9999,-9999,-9999,1.148
87266,78.67,78.72,52.61,29.40,2.03,1.39,0.31,84.65,58.04,0.24,1.39,1.78,2.36,-9999,-9999,-9999,-9999,-9999,1.148
87267,72.05,79.65,48.47,33.40,2.38,1.42,1.24,77.64,53.62,0.23,1.38,1.77,2.36,-9999,-9999,-9999,-9999,-9999,1.148
87268,79.44,81.66,51.94,27.67,2.30,1.81,1.75,85.88,57.70,0.25,1.42,1.78,2.35,-9999,-9999,-9999,-9999,-9999,1.149
87269,76.64,71.85,44.93,26.46,2.00,1.99,1.79,83.08,50.36,0.31,1.54,1.77,2.34,-9999,-9999,-9999,-9999,-9999,1.148
87270,76.38,76.38,44.49,25.94,1.58,1.96,1.78,82.82,49.82,0.32,1.56,1.79,2.34,-9999,-9999,-9999,-9999,-9999,1.149
87271,77.32,80.72,49.13,28.97,1.41,1.93,1.70,83.88,54.83,0.27,1.46,1.80,2.34,-9999,-9999,-9999,-9999,-9999,1.148
87272,85.10,80.69,56.31,28.34,1.47,1.93,1.59,92.11,62.62,0.24,1.40,1.82,2.35,-9999,-9999,-9999,-9999,-9999,1.149
87273,77.95,80.54,55.52,26.27,1.24,1.69,1.11,84.27,61.56,0.19,1.31,1.82,2.36,-9999,-9999,-9999,-9999,-9999,1.149
87274,80.47,81.07,53.93,27.26,1.05,1.41,0.94,86.63,59.59,0.21,1.34,1.81,2.36,-9999,-9999,-9999,-9999,-9999,1.149
87275,79.20,81.58,52.34,28.27,1.03,1.38,0.98,85.22,57.79,0.22,1.36,1.81,2.35,-9999,-9999,-9999,-9999,-9999,1.148
87276,80.06,78.43,50.11,27.64,1.00,1.26,0.53,85.98,55.23,0.24,1.39,1.81,2.35,-9999,-9999,-9999,-9999,-9999,1.148
87277,86.59,78.86,51.85,30.86,0.99,1.20,0.68,92.82,57.04,0.26,1.43,1.81,2.35,-9999,-9999,-9999,-9999,-9999,1.148
87278,86.40,78.10,49.04,27.93,1.34,1.39,1.26,92.77,54.22,0.29,1.49,1.81,2.35,-9999,-9999,-9999,-9999,-9999,1.148
87279,80.94,77.14,50.88,23.56,1.97,1.43,1.79,87.06,56.27,0.24,1.39,1.81,2.35,-9999,-9999,-9999,-9999,-9999,1.148
87280,80.65,82.10,53.29,26.95,2.24,1.28,1.77,86.56,58.74,0.21,1.34,1.81,2.34,-9999,-9999,-9999,-9999,-9999,1.148
87281,77.29,77.34,51.78,24.80,2.17,1.17,1.18,82.87,57.02,0.24,1.39,1.81,2.33,-9999,-9999,-9999,-9999,-9999,1.148
87282,77.89,84.16,53.50,29.32,1.94,1.45,1.55,83.75,59.15,0.23,1.37,1.82,2.34,-9999,-9999,-9999,-9999,-9999,1.148
87283,82.19,76.81,54.66,30.47,1.86,1.75,2.36,88.57,60.68,0.22,1.36,1.81,2.35,-9999,-9999,-9999,-9999,-9999,1.149
87284,78.40,83.48,47.81,32.47,2.08,1.80,2.13,84.59,53.33,0.24,1.40,1.80,2.34,-9999,-9999,-9999,-9999,-9999,1.148
87285,80.31,77.53,53.79,27.48,2.22,1.73,1.55,86.54,59.73,0.21,1.34,1.79,2.33,-9999,-9999,-9999,-9999,-9999,1.148
87286,73.75,82.95,44.41,32.49,2.16,1.71,1.59,79.64,49.60,0.28,1.47,1.79,2.33,-9999,-9999,-9999,-9999,-9999,1.148
87287,81.73,83.71,47.87,28.30,1.75,1.73,2.08,88.14,53.35,0.29,1.50,1.79,2.32,-9999,-9999,-9999,-9999,-9999,1.148
87288,79.39,81.99,48.59,28.25,1.25,1.54,1.99,85.55,53.99,0.29,1.50,1.80,2.32,-9999,-9999,-9999,-9999,-9999,1.148
87289,79.03,80.24,49.33,28.21,1.14,1.32,1.65,84.96,54.60,0.29,1.49,1.80,2.32,-9999,-9999,-9999,-9999,-9999,1.149
87290,81.26,74.14,50.16,27.24,1.17,1.35,1.78,87.32,55.56,0.28,1.48,1.79,2.31,-9999,-9999,-9999,-9999,-9999,1.149
87291,78.93,81.33,50.67,27.24,1.16,1.26,1.64,84.73,56.02,0.25,1.41,1.79,2.30,-9999,-9999,-9999,-9999,-9999,1.148
87292,77.18,81.75,50.35,27.43,1.06,1.07,1.10,82.70,55.52,0.25,1.41,1.80,2.29,-9999,-9999,-9999,-9999,-9999,1.148
87293,73.49,78.95,48.60,27.33,0.76,1.18,1.22,78.93,53.72,0.25,1.42,1.80,2.28,-9999,-9999,-9999,-9999,-9999,1.148
87294,73.95,79.44,49.64,30.51,0.46,1.44,1.56,79.72,55.08,0.24,1.39,1.80,2.28,-9999,-9999,-9999,-9999,-9999,1.148
87295,80.23,80.58,50.61,30.63,0.41,1.27,1.13,86.22,55.95,0.28,1.48,1.80,2.26,-9999,-9999,-9999,-9999,-9999,1.149
87296,78.37,81.71,51.57,30.75,1.02,0.99,0.56,83.97,56.68,0.26,1.42,1.80,2.24,-9999,-9999,-9999,-9999,-9999,1.148
87297,78.47,78.81,52.94,27.92,2.08,1.34,0.66,84.42,58.48,0.24,1.40,1.79,2.22,-9999,-9999,-9999,-9999,-9999,1.149
87298,75.72,78.81,53.10,27.95,2.47,1.79,1.22,81.96,59.08,0.21,1.34,1.80,2.21,-9999,-9999,-9999,-9999,-9999,1.149
87299,73.78,69.02,44.68,29.03,2.24,1.75,1.70,79.88,49.96,0.30,1.51,1.79,2.21,-9999,-9999,-9999,-9999,-9999,1.149
87300,75.10,80.49,46.59,30.17,1.90,1.54,1.72,81.04,51.75,0.29,1.50,1.80,2.21,-9999,-9999,-9999,-9999,-9999,1.148
87301,74.98,78.78,46.16,29.68,1.44,1.30,1.06,80.65,51.04,0.29,1.50,1.79,2.21,-9999,-9999,-9999,-9999,-9999,1.149
87302,76.85,77.06,45.73,29.18,1.26,1.08,0.29,82.40,50.29,0.30,1.51,1.79,2.20,-9999,-9999,-9999,-9999,-9999,1.148
87303,76.74,87.00,51.58,30.11,1.46,1.00,0.39,82.24,56.44,0.24,1.39,1.80,2.20,-9999,-9999,-9999,-9999,-9999,1.148
87304,74.31,74.21,45.18,27.79,1.68,1.07,0.89,79.79,49.61,0.29,1.51,1.81,2.20,-9999,-9999,-9999,-9999,-9999,1.149
87305,78.68,74.18,45.18,28.21,1.54,1.18,0.96,84.52,49.67,0.32,1.56,1.82,2.19,-9999,-9999,-9999,-9999,-9999,1.149
87306,82.90,72.38,44.07,28.32,0.85,1.14,0.99,88.95,48.45,0.36,1.66,1.82,2.20,-9999,-9999,-9999,-9999,-9999,1.149
87307,77.85,80.39,46.81,32.36,0.24,0.99,1.08,83.45,51.25,0.30,1.51,1.82,2.19,-9999,-9999,-9999,-9999,-9999,1.149
87308,81.90,73.20,50.05,30.01,0.62,0.96,0.71,87.74,54.69,0.30,1.52,1.82,2.19,-9999,-9999,-9999,-9999,-9999,1.149
87309,69.59,73.44,50.79,29.93,1.55,0.98,0.13,74.72,55.51,0.19,1.31,1.82,2.19,-9999,-9999,-9999,-9999,-9999,1.149
87310,75.85,73.69,51.55,29.86,1.88,1.22,0.51,81.56,56.58,0.23,1.38,1.82,2.20,-9999,-9999,-9999,-9999,-9999,1.149
87311,71.77,75.19,53.61,31.71,1.81,1.58,1.39,77.66,59.16,0.18,1.27,1.84,2.20,-9999,-9999,-9999,-9999,-9999,1.149
87312,76.28,75.21,53.58,31.61,1.91,1.61,1.79,82.53,59.18,0.22,1.36,1.85,2.21,-9999,-9999,-9999,-9999,-9999,1.149
