NASA Data Processing/CAMP2Ex/OPTICAL/CAMP2Ex-LARGE-OPTICAL_P3B_20191001_R0.ict
100,1001
Luke Ziemba
NASA Langley
In-situ optical aerosol measurements from the NASA P3B
CAMP2Ex
1,1
2019,10,01,2020,05,5
1.0
Time_Mid,Secs after midnight,Time of acquisition
19
1,1,1,1,1,1,1,1,1,1,1,1,1,1,1,1,1,1,1
-9999,-9999,-9999,-9999,-9999,-9999,-9999,-9999,-9999,-9999,-9999,-9999,-9999,-9999,-9999,-9999,-9999,-9999,-9999
Sc550_total_amb, Mm-1, AerOpt_Scattering_InSitu_Green_RHa_Bulk_STP, scattering coefficient of ambient  particles at 550nm
Sc450_total, Mm-1, AerOpt_Scattering_InSitu_Blue_RHd_Bulk_STP, Dry Scattering at 450nm (Total Aerosols)
Sc550_total, Mm-1, AerOpt_Scattering_InSitu_Green_RHd_Bulk_STP, Dry Scattering at 550nm (Total Aerosols)
Sc700_total, Mm-1, AerOpt_Scattering_InSitu_Red_RHd_Bulk_STP, Dry Scattering at 700nm (Total Aerosols)
Abs470_total, Mm-1, AerOpt_Absorption_InSitu_Blue_RHd_Bulk_STP, Dry absorption at 470nm (Total Aerosols)
Abs532_total, Mm-1, AerOpt_Absorption_InSitu_Green_RHd_Bulk_STP, Dry absorption at 532nm (Total Aerosols)
Abs660_total, Mm-1, AerOpt_Absorption_InSitu_Red_RHd_Bulk_STP, Dry absorption at 660nm (Total Aerosols)
Ext532_total_amb, Mm-1, AerOpt_Extinction_InSitu_Green_RHa_Bulk_STP, extinction coefficient of aerosols at 532nm for AMBIENT relative humidity
Ext532_total_dry, Mm-1, AerOpt_Extinction_InSitu_Green_RHd_Bulk_STP, extinction coefficient of aerosols at 532nm for DRY relative humidity
gamma550, unitless, AerOpt_Gamma_InSitu_Green_None_Bulk_STP, derived optical hygroscopic growth factor for particles at 550nm
fRH550_RH20to80, unitless, AerOpt_fRHScat_InSitu_Green_RHsp_Bulk_STP, derived optical hygroscopic growth parameter for particles at 550nm
AEscatAMB_450to700nm,unitless, AerOpt_AngstromExponentScat_InSitu_BluetoRed_RHa_Bulk_STP, derived ambient Angstrom Exponent for scattering coefficient over wavelength range from 450nm to 700nm
AEscatDRY_450to700nm,unitless, AerOpt_AngstromExponentScatInSitu_BluetoRed_RHd_Bulk_STP, derived dry Angstrom Exponent for scattering coefficient over wavelength range from 450nm to 700nm
AEabsDRY_470to660nm,unitless, AerOpt_AngstromExponentAbs_InSitu_BluetoRed_RHd_Bulk_STP, derived dry Angstrom Exponent for absorption coefficient over wavelength range from 450nm to 700nm
SSA_dry_450nm,unitless, AerOpt_SSA_InSitu_Blue_RHd_Bulk_STP, single_scattering_albedo_at_450nm_as_derived_from_dry_scattering_and_absorption
SSA_dry_550nm,unitless, AerOpt_SSA_InSitu_Green_RHd_Bulk_STP, single_scattering_albedo_at_550nm_as_derived_from_dry_scattering_and_absorption
SSA_dry_700nm,unitless, AerOpt_SSA_InSitu_Red_RHd_Bulk_STP, single_scattering_albedo_at_700nm_as_derived_from_dry_scattering_and_absorption
SSA_amb_550nm,unitless, AerOpt_SSA_InSitu_Green_RHa_Bulk_STP, single_scattering_albedo_at_550nm_as_derived_from_ambient_scattering_and_absorption
stdPT,unitless, None, Conversion factor to convert between ambient and standard pressure and temperature conditions
0
67
******************************************************************************************************************
Langley Aerosol data from the 2019 CAMP2Ex field campaign
 
PI_CONTACT_INFO: luke.ziemba@nasa.gov
PLATFORM: NASA P3B aircraft
LOCATION: Latitude, Longitude, and Altitude included in MetNav files
[...]
UNCERTAINTY: estimated uncertainties for directly measured properties
	- For dry scattering, accuracy estimated at 30% for all wavelengths; precision estimated at 4.5 Mm-1 for 450nm wavelength and 3 Mm-1 for 550nm and 700nm wavelengths
	- For dry absorption, accuracy estimated at 15% for all wavelengths; precision is a function of pressure and is estimated to vary from 0.5 Mm-1 near the surface to 2 at high altitude
	- For derived parameters, please contact the PI for a more detailed discussion of uncertainty
ULOD_FLAG: -7777
ULOD_VALUE: N/A
LLOD_FLAG: -8888
LLOD_VALUE: N/A
DM_CONTACT_INFO: Michael Shook (michael.shook@nasa.gov)
PROJECT_INFO: CAMP2Ex 2019
STIPULATIONS_ON_USE: This is FINAL data. Users are strongly encouraged to consult the PI and/or DM prior to use.
OTHER_COMMENTS: N/A
REVISION: R0
R0: STP and ambient parameter calculations now use data from their respective publicly available files, data is time synced to DLH
RD: Correction factor applied to raw scattering data, which also affects the absorption data via the Virkkula correction
RC: Higher threshholds required for calculating intensive parameters; absorption smoothing algorithm applied
RB: Time sync to LARGE CNgt3nm applied
RA: None
******************************************************************************************************************
Time_Mid,Sc550_total_amb,Sc450_total,Sc550_total,Sc700_total,Abs470_total,Abs532_total,Abs660_total,Ext532_total_amb,Ext532_total_dry,gamma550,fRH550_RH20to80,AEscatAMB_450to700nm,AEscatDRY_450to700nm,AEabsDRY_470to660nm,SSA_dry_450nm,SSA_dry_550nm,SSA_dry_700nm,SSA_amb_550nm,stdPT
[from data line 23497]
101546,45.36,63.30,44.17,24.35,0.35,0.09,-0.03,48.51,47.51,0.05,1.07,2.06,2.26,-9999,-9999,-9999,-9999,-9999,1.378
101547,49.30,62.10,45.21,26.20,0.11,-0.27,-0.39,52.41,48.33,0.15,1.23,2.06,2.26,-9999,-9999,-9999,-9999,-9999,1.377
101548,45.18,63.24,43.66,22.55,-0.73,-0.81,-0.86,47.46,46.12,0.06,1.09,2.06,2.26,-9999,-9999,-9999,-9999,-9999,1.377
101549,42.77,64.45,42.90,26.16,-2.01,-1.61,-0.69,44.08,44.48,-0.01,0.99,2.06,2.25,-9999,-9999,-9999,-9999,-9999,1.378
101550,46.47,63.35,46.83,22.91,-3.38,-2.85,-1.60,46.83,47.50,-0.01,0.98,2.06,2.25,-9999,-9999,-9999,-9999,-9999,1.379
101551,45.92,64.35,47.01,22.37,-5.18,-4.68,-3.63,44.47,45.92,-0.05,0.94,2.07,2.26,-9999,-9999,-9999,-9999,-9999,1.379
101552,45.60,65.38,47.21,21.85,-6.40,-5.97,-4.99,42.87,44.88,-0.07,0.90,2.08,2.26,-9999,-9999,-9999,-9999,-9999,1.379
101553,41.64,56.55,40.29,25.56,-6.89,-6.13,-5.16,38.46,37.24,0.08,1.12,2.08,2.26,-9999,-9999,-9999,-9999,-9999,1.380
101554,37.58,63.46,36.27,19.29,-6.83,-5.88,-4.43,34.37,33.16,0.09,1.13,2.09,2.26,-9999,-9999,-9999,-9999,-9999,1.380
101555,37.98,61.64,37.08,20.57,-6.13,-5.28,-3.81,35.41,34.63,0.06,1.09,2.09,2.27,-9999,-9999,-9999,-9999,-9999,1.381
101556,38.67,59.79,37.88,21.86,-5.46,-4.07,-3.23,37.37,36.72,0.05,1.07,2.10,2.28,-9999,-9999,-9999,-9999,-9999,1.381
101557,38.77,59.81,37.93,22.04,-4.29,-2.80,-2.29,38.75,38.02,0.05,1.08,2.10,2.28,-9999,-9999,-9999,-9999,-9999,1.381
101558,35.49,61.51,33.38,24.87,-1.90,-1.43,-1.88,36.61,34.50,0.14,1.22,2.10,2.28,-9999,-9999,-9999,-9999,-9999,1.382
101559,32.43,54.38,29.14,21.69,0.75,0.37,-0.87,35.13,31.73,0.24,1.39,2.11,2.30,-9999,-9999,-9999,-9999,-9999,1.382
101560,34.37,60.61,31.60,20.38,2.33,2.18,0.75,39.02,36.21,0.18,1.29,2.12,2.31,-9999,-9999,-9999,-9999,-9999,1.382
101561,30.35,53.71,29.24,17.33,3.04,3.35,2.20,35.87,34.81,0.08,1.12,2.11,2.29,-9999,-9999,-9999,-9999,-9999,1.382
101562,33.41,57.48,32.02,20.18,3.52,3.38,2.54,39.17,37.82,0.09,1.14,2.12,2.29,-9999,-9999,-9999,-9999,-9999,1.383
101563,33.13,46.02,31.81,17.66,3.86,3.22,2.26,38.74,37.47,0.09,1.13,2.08,2.31,-9999,-9999,-9999,-9999,-9999,1.383
101564,34.01,45.80,32.89,17.51,3.75,3.03,2.23,39.50,38.45,0.07,1.10,2.09,2.30,-9999,-9999,-9999,-9999,-9999,1.383
101565,27.29,43.85,25.08,15.62,3.74,2.36,2.32,31.62,29.37,0.18,1.28,2.05,2.32,-9999,-9999,-9999,-9999,-9999,1.383
101566,27.01,42.74,24.49,14.59,3.86,2.26,2.32,31.24,28.66,0.20,1.33,2.00,2.33,-9999,-9999,-9999,-9999,-9999,1.384
101567,26.03,32.92,25.36,12.57,3.25,2.35,2.21,30.29,29.72,0.05,1.08,1.95,2.33,-9999,-9999,-9999,-9999,-9999,1.384
101568,26.96,33.20,25.17,13.09,2.65,2.35,2.66,31.27,29.51,0.13,1.20,1.88,2.31,-9999,-9999,-9999,-9999,-9999,1.385
101569,27.20,33.48,24.97,13.62,3.10,2.95,3.59,32.13,29.89,0.16,1.25,1.90,2.32,-9999,-9999,-9999,-9999,-9999,1.385
101570,24.82,34.21,22.02,10.96,4.49,3.71,3.69,30.31,27.43,0.22,1.35,1.82,2.31,-9999,-9999,-9999,-9999,-9999,1.386
101571,20.28,36.78,20.42,10.39,5.92,4.73,3.65,26.44,26.71,-0.01,0.98,1.76,2.30,-9999,-9999,-9999,-9999,-9999,1.386
101572,19.62,34.38,20.58,11.61,5.94,5.30,3.79,26.30,27.45,-0.08,0.90,1.71,2.31,-0.23,0.937,0.909,0.845,0.913,1.386
101573,18.23,33.93,16.22,10.93,5.26,5.22,3.59,24.64,22.68,0.19,1.29,1.65,2.32,-9999,0.925,0.903,-9999.000,0.909,1.386
101574,18.34,31.96,18.63,8.99,4.57,4.97,3.28,24.40,24.98,-0.02,0.97,1.60,2.33,-9999,0.920,-9999.000,-9999.000,-9999.000,1.387
101575,17.15,27.11,16.30,8.10,3.50,4.19,3.00,22.33,21.67,0.08,1.11,1.61,2.33,-9999,0.926,-9999.000,-9999.000,-9999.000,1.387
101576,17.20,18.98,17.23,9.50,2.86,3.54,2.76,21.70,21.97,-0.00,1.00,1.58,2.31,-9999,-9999,-9999,-9999,-9999,1.388
101577,15.48,15.54,15.42,8.54,2.67,3.14,2.18,19.38,19.58,0.01,1.01,1.50,2.29,-9999,-9999,-9999,-9999,-9999,1.388
101578,13.88,17.49,11.89,4.90,2.01,2.01,1.53,16.53,14.66,0.24,1.40,1.49,2.29,-9999,-9999,-9999,-9999,-9999,1.388
101579,12.15,15.98,12.54,6.68,0.62,0.81,1.39,13.46,14.15,-0.05,0.93,1.43,2.30,-9999,-9999,-9999,-9999,-9999,1.389
101580,10.02,12.41,9.37,3.71,-0.76,-0.08,1.02,10.36,9.90,0.10,1.16,1.43,2.32,-9999,-9999,-9999,-9999,-9999,1.389
101581,10.44,13.70,9.91,4.26,-1.44,-0.89,0.21,9.96,9.62,0.08,1.12,1.42,2.31,-9999,-9999,-9999,-9999,-9999,1.389
101582,10.44,14.98,10.44,4.84,-1.64,-1.39,0.03,9.43,9.66,0.00,1.00,1.39,2.32,-9999,-9999,-9999,-9999,-9999,1.389
101583,11.45,8.05,12.96,4.75,-1.39,-1.39,0.43,10.47,12.35,-0.18,0.77,1.34,2.33,-9999,-9999,-9999,-9999,-9999,1.389
101584,10.06,8.38,10.69,5.14,-0.83,-1.17,-0.34,9.27,10.17,-0.09,0.88,1.33,2.33,-9999,-9999,-9999,-9999,-9999,1.390
101585,7.18,10.52,6.39,3.39,-0.82,-1.85,-1.21,5.60,4.91,0.18,1.28,1.34,2.32,-9999,-9999,-9999,-9999,-9999,1.390
101586,8.83,9.25,7.00,2.60,-1.67,-2.87,-1.18,6.29,4.51,0.35,1.62,1.33,2.28,-9999,-9999,-9999,-9999,-9999,1.391
101587,9.24,9.55,7.38,1.91,-1.93,-2.54,-1.64,7.01,5.19,0.33,1.59,1.28,2.22,-9999,-9999,-9999,-9999,-9999,1.392
101588,-9999.00,10.10,5.30,3.49,-1.26,-1.80,-2.64,-9999.00,3.73,-9999.00,-9999.00,1.31,2.20,-9999,-9999,-9999,-9999,-9999,1.391
101589,-9999.00,5.17,3.79,2.71,-1.14,-1.83,-2.41,-9999.00,2.09,-9999.00,-9999.00,1.38,2.15,-9999,-9999,-9999,-9999,-9999,1.392
101590,-9999.00,6.99,3.87,4.53,-1.13,-1.71,-1.31,-9999.00,2.27,-9999.00,-9999.00,1.32,2.06,-9999,-9999,-9999,-9999,-9999,1.393
101591,-9999.00,2.96,3.57,1.93,-0.90,-1.49,-1.17,-9999.00,2.17,-9999.00,-9999.00,1.25,1.98,-9999,-9999,-9999,-9999,-9999,1.393
101592,-9999.00,6.24,4.58,2.66,-1.26,-1.56,-1.31,-9999.00,3.14,-9999.00,-9999.00,1.35,2.03,-9999,-9999,-9999,-9999,-9999,1.393
101593,-9999.00,3.49,2.52,1.02,-1.40,-1.48,-0.48,-9999.00,1.10,-9999.00,-9999.00,1.47,2.09,-9999,-9999,-9999,-9999,-9999,1.394
101594,-9999.00,6.49,3.88,1.79,-1.05,-0.65,-0.03,-9999.00,3.32,-9999.00,-9999.00,1.36,2.02,-9999,-9999,-9999,-9999,-9999,1.393
101595,-9999.00,4.83,3.98,1.32,-0.53,0.23,0.26,-9999.00,4.28,-9999.00,-9999.00,1.58,1.96,-9999,-9999,-9999,-9999,-9999,1.394
101596,-9999.00,0.37,3.77,0.86,-0.51,-0.09,0.79,-9999.00,3.75,-9999.00,-9999.00,1.49,1.86,-9999,-9999,-9999,-9999,-9999,1.394
101597,-9999.00,3.57,0.47,-0.02,-1.61,-0.74,0.79,-9999.00,-0.26,-9999.00,-9999.00,1.36,1.74,-9999,-9999,-9999,-9999,-9999,1.395
101598,-9999.00,3.29,1.75,0.94,-2.00,-0.86,-0.11,-9999.00,0.90,-9999.00,-9999.00,1.19,1.59,-9999,-9999,-9999,-9999,-9999,1.395
101599,-9999.00,2.42,4.15,1.70,-1.55,-0.84,-0.93,-9999.00,3.38,-9999.00,-9999.00,1.15,1.58,-9999,-9999,-9999,-9999,-9999,1.395
101600,-9999.00,0.02,4.41,2.42,-1.47,-0.84,-1.15,-9999.00,3.67,-9999.00,-9999.00,-9999,-9999,-9999,-9999,-9999,-9999,-9999,1.395
101601,-9999.00,0.10,4.34,1.21,-1.46,-1.39,-1.90,-9999.00,3.05,-9999.00,-9999.00,-9999,-9999,-9999,-9999,-9999,-9999,-9999,1.396
101602,-9999.00,2.29,4.86,1.34,-1.76,-1.52,-2.39,-9999.00,3.44,-9999.00,-9999.00,-9999,-9999,-9999,-9999,-9999,-9999,-9999,1.396
101603,-9999.00,4.18,3.53,1.48,-1.72,-1.48,-1.76,-9999.00,2.12,-9999.00,-9999.00,-9999,-9999,-9999,-9999,-9999,-9999,-9999,1.396
101604,-9999.00,3.67,2.70,1.73,-1.77,-1.50,-1.80,-9999.00,1.24,-9999.00,-9999.00,-9999,-9999,-9999,-9999,-9999,-9999,-9999,1.397
101605,-9999.00,3.74,1.99,2.00,-2.08,-1.66,-2.40,-9999.00,0.37,-9999.00,-9999.00,-9999,-9999,-9999,-9999,-9999,-9999,-9999,1.397
101606,-9999.00,3.11,2.07,1.48,-1.33,-1.93,-2.03,-9999.00,0.18,-9999.00,-9999.00,-9999,-9999,-9999,-9999,-9999,-9999,-9999,1.397
101607,-9999.00,2.78,2.00,0.97,-0.76,-2.04,-1.34,-9999.00,0.01,-9999.00,-9999.00,-9999,-9999,-9999,-9999,-9999,-9999,-9999,1.398
101608,-9999.00,0.51,1.13,0.36,-1.04,-2.06,-1.56,-9999.00,-0.90,-9999.00,-9999.00,-9999,-9999,-9999,-9999,-9999,-9999,-9999,1.398
101609,-9999.00,-1.06,0.25,-0.25,-1.53,-1.75,-2.46,-9999.00,-1.49,-9999.00,-9999.00,-9999,-9999,-9999,-9999,-9999,-9999,-9999,1.398
101610,-9999.00,0.47,1.83,1.95,-2.28,-1.10,-1.93,-9999.00,0.82,-9999.00,-9999.00,-9999,-9999,-9999,-9999,-9999,-9999,-9999,1.399
101611,-9999.00,3.79,3.98,3.07,-2.36,-1.28,-0.89,-9999.00,2.92,-9999.00,-9999.00,-9999,-9999,-9999,-9999,-9999,-9999,-9999,1.399
101612,-9999.00,3.93,4.01,3.52,-2.59,-1.46,-1.09,-9999.00,2.79,-9999.00,-9999.00,-9999,-9999,-9999,-9999,-9999,-9999,-9999,1.400
101613,-9999.00,4.05,4.02,3.98,-1.91,-1.42,-1.70,-9999.00,2.86,-9999.00,-9999.00,-9999,-9999,-9999,-9999,-9999,-9999,-9999,1.400
101614,-9999.00,4.05,3.50,2.93,-1.61,-1.99,-1.68,-9999.00,1.74,-9999.00,-9999.00,-9999,-9999,-9999,-9999,-9999,-9999,-9999,1.400
101615,-9999.00,3.84,2.86,1.85,-3.01,-2.12,-1.78,-9999.00,0.95,-9999.00,-9999.00,-9999,-9999,-9999,-9999,-9999,-9999,-9999,1.400
101616,-9999.00,6.86,3.20,1.58,-3.41,-2.30,-1.85,-9999.00,1.18,-9999.00,-9999.00,-9999,-9999,-9999,-9999,-9999,-9999,-9999,1.400
101617,-9999.00,4.86,3.57,0.75,-3.17,-2.44,-1.21,-9999.00,1.49,-9999.00,-9999.00,-9999,-9999,-9999,-9999,-9999,-9999,-9999,1.401
101618,-9999.00,4.26,2.56,0.75,-2.90,-2.49,-0.41,-9999.00,0.32,-9999.00,-9999.00,-9999,-9999,-9999,-9999,-9999,-9999,-9999,1.401
101619,-9999.00,3.68,1.54,0.75,-2.07,-2.45,-1.35,-9999.00,-0.77,-9999.00,-9999.00,-9999,-9999,-9999,-9999,-9999,-9999,-9999,1.402
101620,-9999.00,2.85,0.88,1.48,-1.74,-2.18,-2.34,-9999.00,-1.22,-9999.00,-9999.00,-9999,-9999,-9999,-9999,-9999,-9999,-9999,1.402
101621,-9999.00,3.70,1.21,0.74,-1.64,-2.32,-2.05,-9999.00,-1.00,-9999.00,-9999.00,-9999,-9999,-9999,-9999,-9999,-9999,-9999,1.402
101622,-9999.00,4.54,1.54,-0.00,-1.97,-2.56,-1.21,-9999.00,-0.88,-9999.00,-9999.00,-9999,-9999,-9999,-9999,-9999,-9999,-9999,1.402
101623,-9999.00,5.29,1.15,3.83,-1.67,-1.30,-1.09,-9999.00,-0.04,-9999.00,-9999.00,-9999,-9999,-9999,-9999,-9999,-9999,-9999,1.403
101624,-9999.00,11.13,1.18,6.05,-0.55,-0.77,-1.35,-9999.00,0.54,-9999.00,-9999.00,-9999,-9999,-9999,-9999,-9999,-9999,-9999,1.404
101625,-9999.00,7.03,1.29,4.04,-0.86,-0.83,-1.07,-9999.00,0.61,-9999.00,-9999.00,-9999,1.44,-9999,-9999,-9999,-9999,-9999,1.403
101626,-9999.00,2.93,1.42,2.14,-1.08,-0.58,-1.16,-9999.00,1.01,-9999.00,-9999.00,-9999,1.41,-9999,-9999,-9999,-9999,-9999,1.404
101627,-9999.00,0.02,0.01,-0.15,-0.68,-0.54,-1.65,-9999.00,-0.53,-9999.00,-9999.00,-9999,1.37,-9999,-9999,-9999,-9999,-9999,1.403
101628,-9999.00,5.48,1.67,1.48,-0.43,-0.59,-0.88,-9999.00,-9999.00,-9999.00,-9999.00,-9999,1.44,-9999,-9999,-9999,-9999,-9999,1.403
101629,-9999.00,2.74,0.17,0.71,-0.37,-0.63,0.14,-9999.00,-9999.00,-9999.00,-9999.00,-9999,1.46,-9999,-9999,-9999,-9999,-9999,1.404
101630,-9999.00,4.10,2.05,3.03,-0.44,-0.45,0.50,-9999.00,-9999.00,-9999.00,-9999.00,-9999,1.48,-9999,-9999,-9999,-9999,-9999,1.405
101631,-9999.00,1.82,0.16,1.31,-0.71,-0.24,0.19,-9999.00,-9999.00,-9999.00,-9999.00,-9999,1.51,-9999,-9999,-9999,-9999,-9999,1.404
101632,-9999.00,2.68,2.56,3.52,-0.82,-0.44,0.51,-9999.00,-9999.00,-9999.00,-9999.00,-9999,1.46,-9999,-9999,-9999,-9999,-9999,1.405
101633,-9999.00,-0.04,2.91,1.37,-0.65,-0.26,1.09,-9999.00,-9999.00,-9999.00,-9999.00,-9999,1.35,-9999,-9999,-9999,-9999,-9999,1.404
101634,-9999.00,3.38,6.84,2.80,-0.16,0.20,-0.04,-9999.00,-9999.00,-9999.00,-9999.00,-9999,1.20,-9999,-9999,-9999,-9999,-9999,1.404
101635,-9999.00,3.97,3.22,1.68,-0.03,0.21,-0.69,-9999.00,-9999.00,-9999.00,-9999.00,-9999,1.07,-9999,-9999,-9999,-9999,-9999,1.404
101636,-9999.00,3.82,0.75,0.51,-0.22,-0.02,0.60,-9999.00,-9999.00,-9999.00,-9999.00,-9999,0.93,-9999,-9999,-9999,-9999,-9999,1.405
101637,-9999.00,2.24,1.09,0.86,-0.05,-0.45,1.00,-9999.00,-9999.00,-9999.00,-9999.00,-9999,0.80,-9999,-9999,-9999,-9999,-9999,1.404
101638,-9999.00,5.75,0.75,2.24,0.03,-0.66,-0.56,-9999.00,-9999.00,-9999.00,-9999.00,-9999,0.57,-9999,-9999,-9999,-9999,-9999,1.404
101639,-9999.00,5.29,0.11,1.43,-0.24,-0.56,-1.84,-9999.00,-9999.00,-9999.00,-9999.00,-9999,0.52,-9999,-9999,-9999,-9999,-9999,1.405
101640,-9999.00,3.69,1.37,4.53,-0.27,-0.51,-1.60,-9999.00,-9999.00,-9999.00,-9999.00,-9999,0.38,-9999,-9999,-9999,-9999,-9999,1.405
101641,-9999.00,3.70,2.09,4.47,-0.33,-0.85,-1.25,-9999.00,-9999.00,-9999.00,-9999.00,-9999,-9999,-9999,-9999,-9999,-9999,-9999,1.404
101642,-9999.00,3.95,2.81,4.47,-0.37,-1.11,-1.40,-9999.00,-9999.00,-9999.00,-9999.00,-9999,-9999,-9999,-9999,-9999,-9999,-9999,1.405
101643,-9999.00,6.42,0.77,2.50,-0.37,-0.76,-0.52,-9999.00,-9999.00,-9999.00,-9999.00,-9999,-9999,-9999,-9999,-9999,-9999,-9999,1.405
101644,-9999.00,6.98,2.39,5.09,-0.27,0.10,0.32,-9999.00,-9999.00,-9999.00,-9999.00,-9999,-9999,-9999,-9999,-9999,-9999,-9999,1.405
101645,-9999.00,3.97,0.44,2.35,0.88,0.73,-0.38,-9999.00,-9999.00,-9999.00,-9999.00,-9999,-9999,-9999,-9999,-9999,-9999,-9999,1.405
101646,-9999.00,7.07,1.93,2.53,1.15,1.05,-0.63,-9999.00,-9999.00,-9999.00,-9999.00,-9999,-9999,-9999,-9999,-9999,-9999,-9999,1.405
101647,-9999.00,2.84,0.03,1.11,0.47,0.81,0.29,-9999.00,-9999.00,-9999.00,-9999.00,-9999,-9999,-9999,-9999,-9999,-9999,-9999,1.405
101648,-9999.00,-0.49,0.48,1.01,0.68,0.68,0.43,-9999.00,-9999.00,-9999.00,-9999.00,-9999,-9999,-9999,-9999,-9999,-9999,-9999,1.405
101649,-9999.00,-3.82,0.93,0.91,0.83,0.93,0.07,-9999.00,-9999.00,-9999.00,-9999.00,-9999,-9999,-9999,-9999,-9999,-9999,-9999,1.405
101650,-9999.00,0.69,2.59,2.90,0.47,1.34,-0.23,-9999.00,-9999.00,-9999.00,-9999.00,-9999,-9999,-9999,-9999,-9999,-9999,-9999,1.405
101651,-9999.00,-3.76,1.26,1.39,0.03,1.10,-0.46,-9999.00,-9999.00,-9999.00,-9999.00,-9999,-9999,-9999,-9999,-9999,-9999,-9999,1.404
101652,-9999.00,-1.68,2.09,1.45,-0.62,-0.31,-0.24,-9999.00,-9999.00,-9999.00,-9999.00,-9999,-9999,-9999,-9999,-9999,-9999,-9999,1.405
101653,-9999.00,-4.06,2.08,0.75,-1.06,-1.65,-0.72,-9999.00,-9999.00,-9999.00,-9999.00,-9999,-9999,-9999,-9999,-9999,-9999,-9999,1.405
101654,-9999.00,0.12,4.66,1.45,-2.18,-2.46,-1.48,-9999.00,-9999.00,-9999.00,-9999.00,-9999,-9999,-9999,-9999,-9999,-9999,-9999,1.405
101655,-9999.00,0.13,4.66,1.16,-3.40,-2.78,-2.10,-9999.00,-9999.00,-9999.00,-9999.00,-9999,-9999,-9999,-9999,-9999,-9999,-9999,1.405
101656,-9999.00,3.56,3.08,0.74,-3.91,-2.68,-2.41,-9999.00,-9999.00,-9999.00,-9999.00,-9999,-9999,-9999,-9999,-9999,-9999,-9999,1.405
101657,-9999.00,1.97,0.71,-0.71,-4.21,-2.71,-1.35,-9999.00,-9999.00,-9999.00,-9999.00,-9999,-9999,-9999,-9999,-9999,-9999,-9999,1.405
101658,-9999.00,5.94,0.58,0.67,-4.29,-2.94,-0.55,-9999.00,-9999.00,-9999.00,-9999.00,-9999,-9999,-9999,-9999,-9999,-9999,-9999,1.406
101659,-9999.00,2.57,-0.31,-0.69,-3.88,-2.94,-0.90,-9999.00,-9999.00,-9999.00,-9999.00,-9999,-9999,-9999,-9999,-9999,-9999,-9999,1.405
101660,-9999.00,3.45,0.77,0.42,-3.40,-2.64,-1.54,-9999.00,-9999.00,-9999.00,-9999.00,-9999,-9999,-9999,-9999,-9999,-9999,-9999,1.405
101661,-9999.00,0.40,-0.38,-0.60,-2.55,-2.32,-2.40,-9999.00,-9999.00,-9999.00,-9999.00,-9999,-9999,-9999,-9999,-9999,-9999,-9999,1.406
101662,-9999.00,1.47,-0.16,-0.67,-1.93,-2.13,-2.40,-9999.00,-9999.00,-9999.00,-9999.00,-9999,-9999,-9999,-9999,-9999,-9999,-9999,1.405
101663,-9999.00,2.55,0.05,-0.74,-2.26,-1.73,-1.65,-9999.00,-9999.00,-9999.00,-9999.00,-9999,-9999,-9999,-9999,-9999,-9999,-9999,1.405
101664,-9999.00,5.25,3.04,0.54,-1.88,-1.26,-1.16,-9999.00,-9999.00,-9999.00,-9999.00,-9999,-9999,-9999,-9999,-9999,-9999,-9999,1.405
101665,-9999.00,-1.85,1.60,-0.95,-0.75,-0.82,-0.74,-9999.00,-9999.00,-9999.00,-9999.00,-9999,-9999,-9999,-9999,-9999,-9999,-9999,1.405
101666,-9999.00,3.12,3.04,-0.03,-0.27,-0.26,-0.34,-9999.00,-9999.00,-9999.00,-9999.00,-9999,-9999,-9999,-9999,-9999,-9999,-9999,1.405
101667,-9999.00,-1.08,1.74,0.45,-0.10,-0.04,-0.56,-9999.00,-9999.00,-9999.00,-9999.00,-9999,-9999,-9999,-9999,-9999,-9999,-9999,1.405
101668,-9999.00,4.49,2.23,2.19,0.29,-0.28,-1.13,-9999.00,-9999.00,-9999.00,-9999.00,-9999,-9999,-9999,-9999,-9999,-9999,-9999,1.405
101669,-9999.00,1.47,1.57,1.49,0.48,-0.22,-0.63,-9999.00,-9999.00,-9999.00,-9999.00,-9999,-9999,-9999,-9999,-9999,-9999,-9999,1.405
101670,-9999.00,1.55,1.15,0.55,0.31,0.58,0.25,-9999.00,-9999.00,-9999.00,-9999.00,-9999,-9999,-9999,-9999,-9999,-9999,-9999,1.404
101671,-9999.00,-2.48,1.14,0.26,0.23,0.78,0.12,-9999.00,-9999.00,-9999.00,-9999.00,-9999,-9999,-9999,-9999,-9999,-9999,-9999,1.404
101672,-9999.00,6.54,1.83,0.53,0.47,0.61,0.29,-9999.00,-9999.00,-9999.00,-9999.00,-9999,-9999,-9999,-9999,-9999,-9999,-9999,1.404
