NASA Data Processing/CAMP2Ex/OPTICAL/CAMP2Ex-LARGE-OPTICAL_P3B_20190925_R0.ict
100,1001
Luke Ziemba
NASA Langley
In-situ optical aerosol measurements from the NASA P3B
CAMP2Ex
1,1
2019,09,25,2020,05,5
1.0
Time_Mid,Secs after midnight,Time of acquisition
19
1,1,1,1,1,1,1,1,1,1,1,1,1,1,1,1,1,1,1
-9999,-9999,-9999,-9999,-9999,-9999,-9999,-9999,-9999,-9999,-9999,-9999,-9999,-9999,-9999,-9999,-9999,-9999,-9999
Sc550_total_amb, Mm-1, AerOpt_Scattering_InSitu_Green_RHa_Bulk_STP, scattering coefficient of ambient  particles at 550nm
Sc450_total, Mm-1, AerOpt_Scattering_InSitu_Blue_RHd_Bulk_STP, Dry Scattering at 450nm (Total Aerosols)
Sc550_total, Mm-1, AerOpt_Scattering_InSitu_Green_RHd_Bulk_STP, Dry Scattering at 550nm (Total Aerosols)
Sc700_total, Mm-1, AerOpt_Scattering_InSitu_Red_RHd_Bulk_STP, Dry Scattering at 700nm (Total Aerosols)
Abs470_total, Mm-1, AerOpt_Absorption_InSitu_Blue_RHd_Bulk_STP, Dry absorption at 470nm (Total Aerosols)
Abs532_total, Mm-1, AerOpt_Absorption_InSitu_Green_RHd_Bulk_STP, Dry absorption at 532nm (Total Aerosols)
Abs660_total, Mm-1, AerOpt_Absorption_InSitu_Red_RHd_Bulk_STP, Dry absorption at 660nm (Total Aerosols)
Ext532_total_amb, Mm-1, AerOpt_Extinction_InSitu_Green_RHa_Bulk_STP, extinction coefficient of aerosols at 532nm for AMBIENT relative humidity
Ext532_total_dry, Mm-1, AerOpt_Extinction_InSitu_Green_RHd_Bulk_STP, extinction coefficient of aerosols at 532nm for DRY relative humidity
gamma550, unitless, AerOpt_Gamma_InSitu_Green_None_Bulk_STP, derived optical hygroscopic growth factor for particles at 550nm
fRH550_RH20to80, unitless, AerOpt_fRHScat_InSitu_Green_RHsp_Bulk_STP, derived optical hygroscopic growth parameter for particles at 550nm
AEscatAMB_450to700nm,unitless, AerOpt_AngstromExponentScat_InSitu_BluetoRed_RHa_Bulk_STP, derived ambient Angstrom Exponent for scattering coefficient over wavelength range from 450nm to 700nm
AEscatDRY_450to700nm,unitless, AerOpt_AngstromExponentScatInSitu_BluetoRed_RHd_Bulk_STP, derived dry Angstrom Exponent for scattering coefficient over wavelength range from 450nm to 700nm
AEabsDRY_470to660nm,unitless, AerOpt_AngstromExponentAbs_InSitu_BluetoRed_RHd_Bulk_STP, derived dry Angstrom Exponent for absorption coefficient over wavelength range from 450nm to 700nm
SSA_dry_450nm,unitless, AerOpt_SSA_InSitu_Blue_RHd_Bulk_STP, single_scattering_albedo_at_450nm_as_derived_from_dry_scattering_and_absorption
SSA_dry_550nm,unitless, AerOpt_SSA_InSitu_Green_RHd_Bulk_STP, single_scattering_albedo_at_550nm_as_derived_from_dry_scattering_and_absorption
SSA_dry_700nm,unitless, AerOpt_SSA_InSitu_Red_RHd_Bulk_STP, single_scattering_albedo_at_700nm_as_derived_from_dry_scattering_and_absorption
SSA_amb_550nm,unitless, AerOpt_SSA_InSitu_Green_RHa_Bulk_STP, single_scattering_albedo_at_550nm_as_derived_from_ambient_scattering_and_absorption
stdPT,unitless, None, Conversion factor to convert between ambient and standard pressure and temperature conditions
0
67
******************************************************************************************************************
Langley Aerosol data from the 2019 CAMP2Ex field campaign
 
PI_CONTACT_INFO: luke.ziemba@nasa.gov
PLATFORM: NASA P3B aircraft
LOCATION: Latitude, Longitude, and Altitude included in MetNav files
[...]
UNCERTAINTY: estimated uncertainties for directly measured properties
	- For dry scattering, accuracy estimated at 30% for all wavelengths; precision estimated at 4.5 Mm-1 for 450nm wavelength and 3 Mm-1 for 550nm and 700nm wavelengths
	- For dry absorption, accuracy estimated at 15% for all wavelengths; precision is a function of pressure and is estimated to vary from 0.5 Mm-1 near the surface to 2 at high altitude
	- For derived parameters, please contact the PI for a more detailed discussion of uncertainty
ULOD_FLAG: -7777
ULOD_VALUE: N/A
LLOD_FLAG: -8888
LLOD_VALUE: N/A
DM_CONTACT_INFO: Michael Shook (michael.shook@nasa.gov)
PROJECT_INFO: CAMP2Ex 2019
STIPULATIONS_ON_USE: This is FINAL data. Users are strongly encouraged to consult the PI and/or DM prior to use.
OTHER_COMMENTS: N/A
REVISION: R0
R0: STP and ambient parameter calculations now use data from their respective publicly available files, data is time synced to DLH
RD: Correction factor applied to raw scattering data, which also affects the absorption data via the Virkkula correction
RC: Higher threshholds required for calculating intensive parameters; absorption smoothing algorithm applied
RB: Time sync to LARGE CNgt3nm applied
RA: None
******************************************************************************************************************
Time_Mid,Sc550_total_amb,Sc450_total,Sc550_total,Sc700_total,Abs470_total,Abs532_total,Abs660_total,Ext532_total_amb,Ext532_total_dry,gamma550,fRH550_RH20to80,AEscatAMB_450to700nm,AEscatDRY_450to700nm,AEabsDRY_470to660nm,SSA_dry_450nm,SSA_dry_550nm,SSA_dry_700nm,SSA_amb_550nm,stdPT
[from data line 18751]
29289,12.08,16.31,11.07,6.02,2.86,2.16,1.65,15.11,14.37,0.05,1.07,1.61,2.16,-9999,-9999,-9999,-9999,-9999,1.410
29290,13.51,13.21,8.69,5.15,1.99,1.86,1.78,16.27,11.44,0.25,1.41,1.61,2.16,-9999,-9999,-9999,-9999,-9999,1.410
29291,13.09,12.89,7.08,5.58,1.23,1.45,1.50,15.38,9.23,0.35,1.63,1.62,2.15,-9999,-9999,-9999,-9999,-9999,1.411
29292,15.56,14.80,8.16,7.43,0.46,1.03,0.66,17.51,9.96,0.36,1.66,1.62,2.12,-9999,-9999,-9999,-9999,-9999,1.411
29293,19.00,15.19,9.36,8.65,0.01,0.24,-1.05,20.35,10.46,0.40,1.75,1.63,2.08,-9999,-9999,-9999,-9999,-9999,1.411
29294,13.35,15.06,9.46,7.20,-0.88,-0.50,-0.89,13.63,9.83,0.20,1.32,1.62,2.10,-9999,-9999,-9999,-9999,-9999,1.411
29295,12.86,14.93,9.54,5.79,-1.74,-0.68,-0.63,12.94,9.73,0.18,1.28,1.62,2.11,-9999,-9999,-9999,-9999,-9999,1.411
29296,11.97,15.99,10.23,3.76,-1.26,-0.55,-1.19,12.13,10.62,0.09,1.14,1.63,2.12,-9999,-9999,-9999,-9999,-9999,1.411
29297,10.73,14.66,9.20,3.75,-1.22,-0.98,-1.67,10.38,9.06,0.09,1.14,1.66,2.10,-9999,-9999,-9999,-9999,-9999,1.412
29298,11.95,16.43,8.06,5.95,-2.02,-1.57,-1.97,11.08,7.22,0.24,1.39,1.64,2.11,-9999,-9999,-9999,-9999,-9999,1.412
29299,12.03,16.77,8.05,5.97,-1.29,-1.31,-2.32,11.41,7.47,0.24,1.39,1.63,2.14,-9999,-9999,-9999,-9999,-9999,1.412
29300,10.97,14.93,5.48,6.85,0.25,-0.51,-1.94,11.06,5.47,0.40,1.74,1.60,2.20,-9999,-9999,-9999,-9999,-9999,1.411
29301,12.16,14.62,5.50,7.01,0.60,-0.04,-0.78,12.80,5.98,0.44,1.84,1.64,2.23,-9999,-9999,-9999,-9999,-9999,1.412
29302,18.92,19.17,10.15,7.48,0.56,0.10,1.17,20.08,11.25,0.33,1.58,1.68,2.28,-9999,-9999,-9999,-9999,-9999,1.411
29303,11.91,18.48,10.22,7.59,1.15,0.30,0.86,12.90,11.57,0.08,1.12,1.74,2.33,-9999,-9999,-9999,-9999,-9999,1.411
29304,16.55,19.30,10.12,4.17,1.45,0.48,-0.31,17.98,11.64,0.27,1.45,1.80,2.34,-9999,-9999,-9999,-9999,-9999,1.412
29305,19.26,14.47,6.42,3.94,0.71,0.22,-0.96,20.59,7.31,0.60,2.30,1.87,2.36,-9999,-9999,-9999,-9999,-9999,1.412
29306,13.87,14.02,8.53,4.79,0.31,0.21,-0.92,14.87,9.60,0.26,1.44,1.88,2.38,-9999,-9999,-9999,-9999,-9999,1.412
29307,16.34,10.15,6.49,2.80,0.46,0.60,0.07,17.86,7.73,0.50,1.99,1.89,2.41,-9999,-9999,-9999,-9999,-9999,1.412
29308,11.81,14.72,7.29,5.07,-0.17,0.43,0.45,12.92,8.44,0.26,1.43,1.91,2.43,-9999,-9999,-9999,-9999,-9999,1.412
29309,12.05,14.59,8.23,5.43,-0.71,-0.38,-0.96,12.37,8.66,0.20,1.33,1.93,2.51,-9999,-9999,-9999,-9999,-9999,1.412
29310,12.76,14.45,9.19,5.80,-0.58,-0.87,-1.93,12.63,9.22,0.18,1.28,1.98,2.53,-9999,-9999,-9999,-9999,-9999,1.412
29311,13.35,13.17,9.52,5.59,-0.94,-0.57,-2.07,13.53,9.89,0.19,1.30,1.98,2.55,-9999,-9999,-9999,-9999,-9999,1.411
29312,13.53,13.15,10.21,5.35,-1.54,-0.63,-1.44,13.62,10.60,0.15,1.24,1.97,2.50,-9999,-9999,-9999,-9999,-9999,1.411
29313,13.00,11.34,7.06,3.27,-2.02,-1.81,-1.18,11.87,5.94,0.34,1.60,1.96,2.47,-9999,-9999,-9999,-9999,-9999,1.412
29314,12.97,11.88,8.62,2.60,-2.63,-2.17,-2.00,11.49,7.26,0.23,1.37,2.00,2.45,-9999,-9999,-9999,-9999,-9999,1.411
29315,-9999.00,10.30,4.13,1.24,-2.38,-2.24,-1.67,-9999.00,2.25,-9999.00,-9999.00,1.94,2.39,-9999,-9999,-9999,-9999,-9999,1.411
29316,12.69,15.67,6.54,5.03,-1.68,-2.76,-1.63,10.60,4.34,0.40,1.74,1.88,2.39,-9999,-9999,-9999,-9999,-9999,1.412
29317,-9999.00,15.16,4.93,4.00,-2.05,-2.73,-2.21,-9999.00,2.63,-9999.00,-9999.00,1.85,2.42,-9999,-9999,-9999,-9999,-9999,1.412
29318,13.92,20.45,8.74,5.29,-2.56,-2.41,-1.77,12.26,7.09,0.28,1.47,1.89,2.47,-9999,-9999,-9999,-9999,-9999,1.412
29319,15.48,11.73,7.52,4.40,-2.00,-2.28,-1.50,14.05,5.89,0.43,1.81,1.99,2.52,-9999,-9999,-9999,-9999,-9999,1.412
29320,15.54,15.20,9.65,4.23,-1.28,-2.09,-1.16,14.29,8.38,0.29,1.49,1.97,2.52,-9999,-9999,-9999,-9999,-9999,1.412
29321,12.90,13.77,10.79,4.15,-0.95,-1.60,-0.55,12.03,10.10,0.11,1.16,1.95,2.51,-9999,-9999,-9999,-9999,-9999,1.413
29322,14.20,14.77,11.90,4.10,-0.97,-0.56,0.11,14.44,12.35,0.11,1.16,1.91,2.48,-9999,-9999,-9999,-9999,-9999,1.412
29323,14.07,13.37,8.43,5.25,-0.93,-0.67,0.32,14.22,8.49,0.32,1.55,1.89,2.44,-9999,-9999,-9999,-9999,-9999,1.412
29324,15.34,17.72,11.23,3.94,-0.96,-0.94,-0.23,15.28,11.23,0.21,1.34,1.86,2.38,-9999,-9999,-9999,-9999,-9999,1.413
29325,16.21,12.53,8.03,5.20,-0.42,-0.13,-1.02,17.01,8.56,0.47,1.93,1.86,2.38,-9999,-9999,-9999,-9999,-9999,1.413
29326,15.74,14.66,8.20,4.08,0.26,-0.03,-0.92,16.61,8.85,0.43,1.81,1.84,2.39,-9999,-9999,-9999,-9999,-9999,1.413
29327,16.43,8.90,6.53,5.21,-0.36,-0.68,-0.55,16.69,6.39,0.56,2.19,1.80,2.41,-9999,-9999,-9999,-9999,-9999,1.413
29328,11.36,12.16,10.19,4.49,-1.24,-0.75,-1.01,11.27,10.30,0.07,1.10,1.75,2.44,-9999,-9999,-9999,-9999,-9999,1.413
29329,11.83,8.52,10.08,5.08,-1.04,-0.80,-1.60,11.73,10.15,0.11,1.16,1.72,2.45,-9999,-9999,-9999,-9999,-9999,1.413
29330,11.30,12.70,10.87,8.43,-1.01,-1.18,-2.18,10.80,10.64,0.03,1.04,1.70,2.44,-9999,-9999,-9999,-9999,-9999,1.413
29331,11.20,17.08,9.59,7.49,-0.82,-1.05,-2.61,10.82,9.37,0.11,1.16,1.68,2.42,-9999,-9999,-9999,-9999,-9999,1.412
29332,10.89,15.25,7.69,5.45,0.32,0.01,-1.21,11.56,8.37,0.24,1.39,1.62,2.43,-9999,-9999,-9999,-9999,-9999,1.413
29333,11.40,15.58,7.48,2.84,0.33,0.55,-0.50,12.60,8.65,0.26,1.44,1.57,2.43,-9999,-9999,-9999,-9999,-9999,1.413
29334,10.97,10.90,5.33,1.65,-0.98,-0.41,-0.60,11.18,5.35,0.44,1.83,1.55,2.42,-9999,-9999,-9999,-9999,-9999,1.413
29335,12.86,11.60,7.04,1.71,-1.59,-1.11,-0.95,12.44,6.50,0.38,1.69,1.50,2.44,-9999,-9999,-9999,-9999,-9999,1.413
29336,11.15,12.29,6.79,3.83,-1.48,-1.11,-1.38,10.62,6.23,0.34,1.60,1.45,2.43,-9999,-9999,-9999,-9999,-9999,1.413
29337,9.06,13.03,6.51,6.30,-1.42,-1.28,-1.24,8.24,5.77,0.23,1.37,1.44,2.40,-9999,-9999,-9999,-9999,-9999,1.413
29338,6.98,13.04,6.69,6.28,-1.61,-1.48,-1.73,5.88,5.79,0.03,1.04,1.43,2.37,-9999,-9999,-9999,-9999,-9999,1.413
29339,8.78,8.26,7.12,6.99,-1.39,-1.15,-1.71,8.12,6.60,0.15,1.23,1.43,2.37,-9999,-9999,-9999,-9999,-9999,1.413
29340,12.22,10.82,8.33,4.01,-1.29,-1.07,-0.45,11.86,8.00,0.28,1.47,1.41,2.32,-9999,-9999,-9999,-9999,-9999,1.413
29341,11.49,12.27,5.46,4.34,-1.69,-1.73,-0.77,10.45,4.22,0.53,2.07,1.38,2.33,-9999,-9999,-9999,-9999,-9999,1.412
29342,12.98,11.44,8.93,3.64,-1.42,-1.86,-1.54,11.89,7.86,0.28,1.47,1.36,2.30,-9999,-9999,-9999,-9999,-9999,1.413
29343,6.57,10.32,6.06,2.76,-1.19,-1.40,-1.98,5.57,5.20,0.06,1.09,1.32,2.31,-9999,-9999,-9999,-9999,-9999,1.412
29344,6.70,11.80,5.95,2.75,-1.11,-1.14,-1.47,5.95,5.31,0.08,1.12,1.23,2.25,-9999,-9999,-9999,-9999,-9999,1.412
29345,8.82,13.35,8.10,3.37,-0.71,-0.71,-0.54,8.63,8.09,0.06,1.09,1.07,2.28,-9999,-9999,-9999,-9999,-9999,1.412
29346,8.30,13.52,6.43,3.54,-0.38,-0.17,-0.56,8.63,6.82,0.20,1.32,1.10,2.37,-9999,-9999,-9999,-9999,-9999,1.412
29347,7.81,11.69,5.57,2.99,0.44,0.41,-0.36,8.67,6.46,0.27,1.45,1.10,2.41,-9999,-9999,-9999,-9999,-9999,1.412
29348,-9999.00,9.85,4.71,2.43,1.94,1.52,0.48,-9999.00,6.63,-9999.00,-9999.00,1.06,2.40,-9999,-9999,-9999,-9999,-9999,1.413
29349,10.72,9.69,6.15,2.38,3.39,2.78,1.46,14.15,9.43,0.41,1.76,1.07,2.35,-9999,-9999,-9999,-9999,-9999,1.412
29350,12.20,10.55,7.42,2.37,3.42,3.02,1.88,15.98,11.02,0.34,1.60,1.07,2.31,-9999,-9999,-9999,-9999,-9999,1.413
29351,11.67,12.01,6.35,4.16,2.68,2.57,2.26,15.00,9.42,0.40,1.74,1.08,2.28,-9999,-9999,-9999,-9999,-9999,1.413
29352,-9999.00,8.12,4.20,3.74,3.15,2.70,3.51,-9999.00,7.23,-9999.00,-9999.00,1.08,2.26,-9999,-9999,-9999,-9999,-9999,1.413
29353,9.11,11.98,5.63,4.94,3.83,3.36,3.35,13.07,9.42,0.32,1.56,1.10,2.29,-9999,-9999,-9999,-9999,-9999,1.413
29354,8.70,11.36,6.06,4.58,4.26,4.04,2.58,13.31,10.56,0.23,1.38,0.88,2.33,-9999,-9999,-9999,-9999,-9999,1.413
29355,9.24,10.95,6.49,4.22,4.89,4.02,2.82,13.86,11.01,0.24,1.39,0.68,2.41,-9999,-9999,-9999,-9999,-9999,1.414
29356,9.70,10.88,6.41,4.34,3.37,2.81,2.84,13.16,9.72,0.28,1.47,0.68,2.40,-9999,-9999,-9999,-9999,-9999,1.415
29357,13.02,10.81,6.33,4.46,-0.90,-0.08,0.96,13.80,6.73,0.47,1.92,0.89,2.33,-9999,-9999,-9999,-9999,-9999,1.414
29358,12.76,8.37,6.19,4.27,-3.52,-3.03,-1.69,10.60,3.64,0.49,1.97,0.87,2.30,-9999,-9999,-9999,-9999,-9999,1.413
29359,11.71,3.77,11.11,5.00,-3.95,-3.89,-2.46,8.59,8.07,0.04,1.05,0.86,2.28,-9999,-9999,-9999,-9999,-9999,1.413
29360,8.13,8.42,7.16,3.27,-3.02,-3.54,-2.69,5.10,4.16,0.09,1.14,0.86,2.28,-9999,-9999,-9999,-9999,-9999,1.413
29361,8.91,10.66,7.46,2.34,-1.99,-2.66,-2.83,6.81,5.35,0.13,1.20,0.86,2.25,-9999,-9999,-9999,-9999,-9999,1.413
29362,9.92,11.39,7.69,3.53,-0.83,-1.85,-1.74,8.68,6.39,0.20,1.31,0.85,2.27,-9999,-9999,-9999,-9999,-9999,1.413
29363,9.12,12.11,7.84,4.89,-0.88,-2.03,-0.97,7.62,6.32,0.11,1.16,0.82,2.23,-9999,-9999,-9999,-9999,-9999,1.413
29364,8.05,10.16,7.90,3.60,-2.11,-2.18,-1.65,6.33,6.19,0.01,1.02,0.81,2.24,-9999,-9999,-9999,-9999,-9999,1.414
29365,8.66,9.83,7.52,3.23,-2.14,-1.71,-1.76,7.42,6.24,0.10,1.14,0.79,2.30,-9999,-9999,-9999,-9999,-9999,1.414
29366,8.68,9.50,7.15,2.87,-0.16,-1.37,-0.66,7.81,6.22,0.14,1.21,0.79,2.36,-9999,-9999,-9999,-9999,-9999,1.414
29367,-9999.00,11.81,4.33,4.68,0.70,-0.61,-0.51,-9999.00,3.98,-9999.00,-9999.00,0.79,2.39,-9999,-9999,-9999,-9999,-9999,1.414
29368,10.26,7.80,5.52,2.76,1.27,0.22,-0.67,11.09,6.07,0.48,1.94,0.77,2.43,-9999,-9999,-9999,-9999,-9999,1.414
29369,10.92,11.78,8.17,3.90,0.67,0.73,-0.78,12.29,9.37,0.23,1.38,0.76,2.44,-9999,-9999,-9999,-9999,-9999,1.414
29370,9.88,7.39,5.83,2.67,-1.33,-0.61,-1.30,9.84,5.56,0.39,1.73,0.76,2.48,-9999,-9999,-9999,-9999,-9999,1.414
29371,8.79,10.32,7.98,4.11,-3.35,-3.98,-2.33,5.31,4.47,0.07,1.11,0.74,2.52,-9999,-9999,-9999,-9999,-9999,1.414
29372,-9999.00,4.19,2.35,5.09,-3.76,-4.60,-3.57,-9999.00,-2.11,-9999.00,-9999.00,0.72,2.57,-9999,-9999,-9999,-9999,-9999,1.414
29373,-9999.00,8.05,4.00,3.97,-2.97,-4.40,-3.08,-9999.00,-0.16,-9999.00,-9999.00,0.71,2.61,-9999,-9999,-9999,-9999,-9999,1.414
29374,7.26,9.49,5.25,3.26,-1.57,-4.07,-2.59,3.66,1.50,0.29,1.49,0.71,2.67,-9999,-9999,-9999,-9999,-9999,1.415
29375,-9999.00,10.98,6.42,2.64,-0.83,-2.69,-1.73,-9999.00,4.18,-9999.00,-9999.00,0.98,2.75,-9999,-9999,-9999,-9999,-9999,1.415
29376,-9999.00,7.00,5.78,2.25,-0.62,-1.41,0.73,-9999.00,4.77,-9999.00,-9999.00,1.00,2.76,-9999,-9999,-9999,-9999,-9999,1.414
29377,8.99,10.55,8.48,1.74,-0.53,-1.38,1.04,8.17,7.68,0.05,1.07,0.98,2.74,-9999,-9999,-9999,-9999,-9999,1.414
29378,11.21,5.27,8.45,2.25,0.01,-2.02,0.21,9.90,7.02,0.24,1.39,0.98,2.71,-9999,-9999,-9999,-9999,-9999,1.414
29379,9.80,7.97,9.14,1.61,1.08,-1.75,0.21,8.67,8.04,0.06,1.08,0.96,2.72,-9999,-9999,-9999,-9999,-9999,1.414
29380,9.87,8.85,7.36,-1.08,2.11,0.59,0.57,11.05,8.47,0.24,1.40,0.92,2.70,-9999,-9999,-9999,-9999,-9999,1.414
29381,-9999.00,13.13,4.38,0.54,2.56,1.14,1.32,-9999.00,5.83,-9999.00,-9999.00,0.88,2.67,-9999,-9999,-9999,-9999,-9999,1.414
29382,8.75,10.79,8.07,2.42,2.41,0.98,1.42,10.19,9.60,0.07,1.10,0.85,2.66,-9999,-9999,-9999,-9999,-9999,1.414
29383,9.32,12.16,8.29,3.56,1.77,0.83,1.22,10.64,9.67,0.10,1.15,0.84,2.67,-9999,-9999,-9999,-9999,-9999,1.414
29384,7.87,12.70,6.57,4.70,1.59,0.90,0.10,9.18,7.91,0.15,1.23,0.84,2.68,-9999,-9999,-9999,-9999,-9999,1.414
29385,9.30,13.10,7.99,3.31,1.72,0.66,-1.33,10.44,9.21,0.13,1.19,0.81,2.69,-9999,-9999,-9999,-9999,-9999,1.413
29386,7.57,10.39,5.82,2.21,1.27,0.64,-0.51,8.58,6.87,0.22,1.35,0.79,2.68,-9999,-9999,-9999,-9999,-9999,1.413
29387,8.29,11.28,5.80,2.40,0.70,0.96,0.88,9.66,7.17,0.29,1.50,0.79,2.69,-9999,-9999,-9999,-9999,-9999,1.413
29388,7.45,11.03,5.52,2.57,0.56,0.93,0.74,8.74,6.82,0.25,1.41,-9999,2.77,-9999,-9999,-9999,-9999,-9999,1.413
29389,8.40,10.84,5.23,2.77,0.41,0.62,0.11,9.45,6.20,0.40,1.75,-9999,2.79,-9999,-9999,-9999,-9999,-9999,1.414
29390,10.49,11.04,6.66,3.99,0.18,0.43,-0.02,11.45,7.53,0.38,1.69,-9999,2.77,-9999,-9999,-9999,-9999,-9999,1.414
29391,12.38,11.36,9.19,3.53,0.20,0.63,0.07,13.62,10.42,0.24,1.40,-9999,2.73,-9999,-9999,-9999,-9999,-9999,1.414
29392,9.82,11.39,9.06,3.37,0.58,1.13,0.28,11.44,10.78,0.07,1.10,-9999,2.71,-9999,-9999,-9999,-9999,-9999,1.414
29393,7.94,8.58,5.53,4.16,1.03,1.41,0.97,9.75,7.32,0.29,1.50,-9999,2.66,-9999,-9999,-9999,-9999,-9999,1.413
29394,7.86,9.90,5.24,3.63,0.90,1.13,1.17,9.40,6.75,0.33,1.57,-9999,2.66,-9999,-9999,-9999,-9999,-9999,1.413
29395,8.50,9.58,7.26,4.36,0.70,0.59,0.66,9.53,8.40,0.12,1.19,-9999,2.62,-9999,-9999,-9999,-9999,-9999,1.413
29396,9.05,9.24,7.63,4.07,0.97,0.19,0.63,9.71,8.40,0.14,1.21,-9999,2.50,-9999,-9999,-9999,-9999,-9999,1.413
29397,8.91,9.25,7.45,3.57,1.04,0.28,1.11,9.65,8.27,0.14,1.22,-9999,2.40,-9999,-9999,-9999,-9999,-9999,1.414
29398,9.19,11.61,7.64,3.98,0.86,0.63,1.44,10.30,8.82,0.14,1.22,-9999,2.36,-9999,-9999,-9999,-9999,-9999,1.413
29399,9.99,9.28,5.02,2.74,0.91,0.36,1.44,10.90,5.75,0.53,2.07,-9999,2.33,-9999,-9999,-9999,-9999,-9999,1.412
29400,9.89,13.49,7.14,4.07,0.72,0.05,1.82,10.50,7.71,0.25,1.42,-9999,2.35,-9999,-9999,-9999,-9999,-9999,1.413
29401,10.10,9.51,7.36,3.79,0.00,-0.29,1.35,10.41,7.61,0.25,1.41,-9999,2.34,-9999,-9999,-9999,-9999,-9999,1.413
29402,9.54,9.29,7.51,3.55,-0.34,-0.44,0.03,9.67,7.62,0.19,1.30,-9999,2.33,-9999,-9999,-9999,-9999,-9999,1.414
29403,8.29,10.23,7.64,3.29,0.26,-0.20,0.19,8.59,8.01,0.06,1.09,-9999,2.31,-9999,-9999,-9999,-9999,-9999,1.412
29404,8.66,8.71,7.02,3.51,0.93,0.63,1.18,9.80,8.14,0.16,1.24,-9999,2.28,-9999,-9999,-9999,-9999,-9999,1.413
29405,8.46,8.32,5.44,3.58,1.02,1.12,1.12,10.06,6.93,0.32,1.56,-9999,2.26,-9999,-9999,-9999,-9999,-9999,1.412
29406,7.91,7.94,5.46,3.53,0.84,0.67,-0.13,9.03,6.48,0.27,1.45,-9999,2.25,-9999,-9999,-9999,-9999,-9999,1.412
29407,9.67,9.64,6.36,3.88,0.88,0.30,-0.42,10.53,7.07,0.31,1.54,-9999,2.25,-9999,-9999,-9999,-9999,-9999,1.412
29408,9.78,11.33,7.26,4.23,1.00,0.95,-0.09,11.33,8.69,0.22,1.35,-9999,2.25,-9999,-9999,-9999,-9999,-9999,1.412
29409,11.57,14.02,8.06,4.62,0.94,1.30,-0.46,13.58,9.92,0.26,1.43,-9999,2.31,-9999,-9999,-9999,-9999,-9999,1.412
29410,9.74,11.83,7.68,4.66,0.96,0.92,-0.13,11.27,9.16,0.16,1.25,-9999,2.34,-9999,-9999,-9999,-9999,-9999,1.411
29411,14.51,9.59,7.31,4.70,0.53,-0.02,0.66,15.43,7.86,0.46,1.90,-9999,2.38,-9999,-9999,-9999,-9999,-9999,1.412
29412,11.04,9.84,6.77,4.34,-0.36,-0.68,0.01,11.10,6.64,0.35,1.63,1.04,2.34,-9999,-9999,-9999,-9999,-9999,1.411
29413,7.91,9.08,5.88,4.02,-0.78,-1.08,-1.25,7.37,5.29,0.23,1.37,1.05,2.33,-9999,-9999,-9999,-9999,-9999,1.412
29414,-9999.00,8.32,4.99,3.70,-0.74,-0.92,-1.17,-9999.00,4.48,-9999.00,-9999.00,1.04,2.36,-9999,-9999,-9999,-9999,-9999,1.412
29415,10.00,11.12,6.54,3.36,-0.44,0.31,0.60,10.99,7.40,0.33,1.58,1.03,2.34,-9999,-9999,-9999,-9999,-9999,1.412
29416,10.61,11.42,7.39,2.88,0.06,1.37,1.03,12.70,9.37,0.27,1.44,1.29,2.29,-9999,-9999,-9999,-9999,-9999,1.412
29417,11.87,12.19,6.47,3.53,0.44,1.30,0.45,14.00,8.31,0.43,1.82,1.30,2.28,-9999,-9999,-9999,-9999,-9999,1.412
29418,9.32,13.37,5.55,4.27,0.56,0.66,0.81,10.63,6.67,0.37,1.68,1.29,2.30,-9999,-9999,-9999,-9999,-9999,1.412
29419,11.01,11.85,9.85,4.31,0.31,0.34,0.68,12.13,11.01,0.08,1.11,1.31,2.32,-9999,-9999,-9999,-9999,-9999,1.412
29420,10.47,11.85,9.84,4.31,0.42,0.60,-0.39,11.81,11.26,0.04,1.06,1.34,2.37,-9999,-9999,-9999,-9999,-9999,1.412
29421,8.98,9.74,8.57,4.04,1.00,1.04,-0.39,10.67,10.33,0.03,1.05,1.36,2.43,-9999,-9999,-9999,-9999,-9999,1.412
29422,9.04,10.87,9.88,3.43,0.98,1.32,-0.39,11.02,12.04,-0.06,0.91,1.39,2.49,-9999,-9999,-9999,-9999,-9999,1.413
29423,7.24,11.11,6.97,3.15,0.67,1.03,-0.79,8.80,8.59,0.03,1.04,1.40,2.51,-9999,-9999,-9999,-9999,-9999,1.413
29424,-9999.00,13.59,4.57,2.96,0.23,0.27,-1.44,-9999.00,5.22,-9999.00,-9999.00,1.39,2.52,-9999,-9999,-9999,-9999,-9999,1.412
29425,9.40,15.06,5.16,3.82,-0.32,-0.79,-1.53,9.31,4.79,0.42,1.79,1.38,2.54,-9999,-9999,-9999,-9999,-9999,1.413
29426,9.63,16.52,5.76,4.68,-1.30,-1.66,-1.69,8.67,4.57,0.36,1.64,1.36,2.56,-9999,-9999,-9999,-9999,-9999,1.413
29427,9.09,11.35,6.05,6.82,-2.14,-1.85,-2.73,7.93,4.69,0.29,1.50,1.34,2.55,-9999,-9999,-9999,-9999,-9999,1.413
29428,10.33,11.62,6.32,4.74,-2.22,-1.36,-3.16,9.75,5.46,0.36,1.65,1.33,2.53,-9999,-9999,-9999,-9999,-9999,1.413
29429,9.14,11.89,6.47,2.79,-2.10,-0.98,-1.78,8.83,5.99,0.26,1.43,1.31,2.54,-9999,-9999,-9999,-9999,-9999,1.414
