NASA Data Processing/CAMP2Ex/OPTICAL/CAMP2Ex-LARGE-OPTICAL_P3B_20190913_R0.ict
100,1001
Luke Ziemba
NASA Langley
In-situ optical aerosol measurements from the NASA P3B
CAMP2Ex
1,1
2019,09,13,2020,05,5
1.0
Time_Mid,Secs after midnight,Time of acquisition
19
1,1,1,1,1,1,1,1,1,1,1,1,1,1,1,1,1,1,1
-9999,-9999,-9999,-9999,-9999,-9999,-9999,-9999,-9999,-9999,-9999,-9999,-9999,-9999,-9999,-9999,-9999,-9999,-9999
Sc550_total_amb, Mm-1, AerOpt_Scattering_InSitu_Green_RHa_Bulk_STP, scattering coefficient of ambient  particles at 550nm
Sc450_total, Mm-1, AerOpt_Scattering_InSitu_Blue_RHd_Bulk_STP, Dry Scattering at 450nm (Total Aerosols)
Sc550_total, Mm-1, AerOpt_Scattering_InSitu_Green_RHd_Bulk_STP, Dry Scattering at 550nm (Total Aerosols)
Sc700_total, Mm-1, AerOpt_Scattering_InSitu_Red_RHd_Bulk_STP, Dry Scattering at 700nm (Total Aerosols)
Abs470_total, Mm-1, AerOpt_Absorption_InSitu_Blue_RHd_Bulk_STP, Dry absorption at 470nm (Total Aerosols)
Abs532_total, Mm-1, AerOpt_Absorption_InSitu_Green_RHd_Bulk_STP, Dry absorption at 532nm (Total Aerosols)
Abs660_total, Mm-1, AerOpt_Absorption_InSitu_Red_RHd_Bulk_STP, Dry absorption at 660nm (Total Aerosols)
Ext532_total_amb, Mm-1, AerOpt_Extinction_InSitu_Green_RHa_Bulk_STP, extinction coefficient of aerosols at 532nm for AMBIENT relative humidity
Ext532_total_dry, Mm-1, AerOpt_Extinction_InSitu_Green_RHd_Bulk_STP, extinction coefficient of aerosols at 532nm for DRY relative humidity
gamma550, unitless, AerOpt_Gamma_InSitu_Green_None_Bulk_STP, derived optical hygroscopic growth factor for particles at 550nm
fRH550_RH20to80, unitless, AerOpt_fRHScat_InSitu_Green_RHsp_Bulk_STP, derived optical hygroscopic growth parameter for particles at 550nm
AEscatAMB_450to700nm,unitless, AerOpt_AngstromExponentScat_InSitu_BluetoRed_RHa_Bulk_STP, derived ambient Angstrom Exponent for scattering coefficient over wavelength range from 450nm to 700nm
AEscatDRY_450to700nm,unitless, AerOpt_AngstromExponentScatInSitu_BluetoRed_RHd_Bulk_STP, derived dry Angstrom Exponent for scattering coefficient over wavelength range from 450nm to 700nm
AEabsDRY_470to660nm,unitless, AerOpt_AngstromExponentAbs_InSitu_BluetoRed_RHd_Bulk_STP, derived dry Angstrom Exponent for absorption coefficient over wavelength range from 450nm to 700nm
SSA_dry_450nm,unitless, AerOpt_SSA_InSitu_Blue_RHd_Bulk_STP, single_scattering_albedo_at_450nm_as_derived_from_dry_scattering_and_absorption
SSA_dry_550nm,unitless, AerOpt_SSA_InSitu_Green_RHd_Bulk_STP, single_scattering_albedo_at_550nm_as_derived_from_dry_scattering_and_absorption
SSA_dry_700nm,unitless, AerOpt_SSA_InSitu_Red_RHd_Bulk_STP, single_scattering_albedo_at_700nm_as_derived_from_dry_scattering_and_absorption
SSA_amb_550nm,unitless, AerOpt_SSA_InSitu_Green_RHa_Bulk_STP, single_scattering_albedo_at_550nm_as_derived_from_ambient_scattering_and_absorption
stdPT,unitless, None, Conversion factor to convert between ambient and standard pressure and temperature conditions
0
67
******************************************************************************************************************
Langley Aerosol data from the 2019 CAMP2Ex field campaign
 
PI_CONTACT_INFO: luke.ziemba@nasa.gov
PLATFORM: NASA P3B aircraft
LOCATION: Latitude, Longitude, and Altitude included in MetNav files
[...]
UNCERTAINTY: estimated uncertainties for directly measured properties
	- For dry scattering, accuracy estimated at 30% for all wavelengths; precision estimated at 4.5 Mm-1 for 450nm wavelength and 3 Mm-1 for 550nm and 700nm wavelengths
	- For dry absorption, accuracy estimated at 15% for all wavelengths; precision is a function of pressure and is estimated to vary from 0.5 Mm-1 near the surface to 2 at high altitude
	- For derived parameters, please contact the PI for a more detailed discussion of uncertainty
ULOD_FLAG: -7777
ULOD_VALUE: N/A
LLOD_FLAG: -8888
LLOD_VALUE: N/A
DM_CONTACT_INFO: Michael Shook (michael.shook@nasa.gov)
PROJECT_INFO: CAMP2Ex 2019
STIPULATIONS_ON_USE: This is FINAL data. Users are strongly encouraged to consult the PI and/or DM prior to use.
OTHER_COMMENTS: N/A
REVISION: R0
R0: STP and ambient parameter calculations now use data from their respective publicly available files, data is time synced to DLH
RD: Correction factor applied to raw scattering data, which also affects the absorption data via the Virkkula correction
RC: Higher threshholds required for calculating intensive parameters; absorption smoothing algorithm applied
RB: Time sync to LARGE CNgt3nm applied
RA: None
******************************************************************************************************************
Time_Mid,Sc550_total_amb,Sc450_total,Sc550_total,Sc700_total,Abs470_total,Abs532_total,Abs660_total,Ext532_total_amb,Ext532_total_dry,gamma550,fRH550_RH20to80,AEscatAMB_450to700nm,AEscatDRY_450to700nm,AEabsDRY_470to660nm,SSA_dry_450nm,SSA_dry_550nm,SSA_dry_700nm,SSA_amb_550nm,stdPT
[from data line 26064]
100592,-9999.00,9.47,7.33,2.31,5.29,4.31,4.88,-9999.00,11.96,-9999.00,-9999.00,-9999,0.86,-9999,0.656,-9999.000,-9999.000,-9999.000,1.512
100593,-9999.00,9.55,7.39,2.17,3.99,3.86,3.62,-9999.00,11.63,-9999.00,-9999.00,-9999,0.98,0.33,0.642,0.615,0.590,0.733,1.512
100594,-9999.00,-0.62,2.98,5.47,3.30,3.17,3.22,-9999.00,6.30,-9999.00,-9999.00,-9999,1.11,0.64,0.608,0.583,0.567,0.699,1.509
100595,-9999.00,7.11,4.55,1.38,3.58,3.40,3.25,-9999.00,8.19,-9999.00,-9999.00,-9999,1.15,0.90,0.604,0.587,0.580,0.699,1.510
100596,-9999.00,6.60,8.71,6.28,3.73,3.72,3.04,-9999.00,12.92,-9999.00,-9999.00,-9999,1.14,0.82,0.632,0.624,0.603,0.730,1.508
100597,-9999.00,5.22,4.43,3.84,2.77,2.37,2.17,-9999.00,7.08,-9999.00,-9999.00,-9999,1.18,-9999,0.682,-9999.000,-9999.000,-9999.000,1.507
100598,-9999.00,4.01,0.20,3.73,1.43,0.42,0.76,-9999.00,0.64,-9999.00,-9999.00,-9999,1.30,-9999,0.720,-9999.000,-9999.000,-9999.000,1.506
100599,-9999.00,4.55,-1.19,1.61,1.26,0.34,0.31,-9999.00,-0.93,-9999.00,-9999.00,-9999,1.40,-9999,0.731,-9999.000,-9999.000,-9999.000,1.505
100600,-9999.00,3.97,0.99,2.08,2.31,1.76,1.00,-9999.00,2.83,-9999.00,-9999.00,-9999,1.54,-9999,-9999,-9999,-9999,-9999,1.504
100601,-9999.00,3.93,0.41,2.12,4.08,3.44,2.39,-9999.00,3.88,-9999.00,-9999.00,-9999,1.62,-9999,-9999,-9999,-9999,-9999,1.502
100602,-9999.00,8.53,3.84,1.30,5.67,4.62,3.93,-9999.00,8.82,-9999.00,-9999.00,-9999,1.81,-9999,0.749,-9999.000,-9999.000,-9999.000,1.502
100603,-9999.00,8.53,3.82,0.58,5.72,4.49,4.47,-9999.00,8.71,-9999.00,-9999.00,-9999,1.84,-9999,0.746,-9999.000,-9999.000,-9999.000,1.501
100604,-9999.00,8.53,4.24,2.72,4.74,3.96,4.64,-9999.00,8.67,-9999.00,-9999.00,0.92,1.90,-9999,-9999,-9999,-9999,-9999,1.499
100605,-9999.00,2.27,5.58,4.57,4.53,4.34,5.01,-9999.00,10.60,-9999.00,-9999.00,0.98,1.87,-9999,-9999,-9999,-9999,-9999,1.499
100606,-9999.00,2.26,5.95,4.90,4.79,4.77,4.52,-9999.00,11.52,-9999.00,-9999.00,1.03,1.81,-9999,-9999,-9999,-9999,-9999,1.498
100607,-9999.00,4.44,2.57,5.02,3.90,4.23,3.23,-9999.00,7.18,-9999.00,-9999.00,1.04,1.71,-9999,-9999,-9999,-9999,-9999,1.497
100608,-9999.00,8.12,1.77,3.26,2.08,2.87,1.53,-9999.00,4.92,-9999.00,-9999.00,1.06,1.63,-9999,-9999,-9999,-9999,-9999,1.495
100609,-9999.00,7.46,3.12,0.41,0.47,0.86,0.18,-9999.00,4.49,-9999.00,-9999.00,1.09,1.65,-9999,-9999,-9999,-9999,-9999,1.496
100610,-9999.00,7.01,3.21,3.30,-1.86,-1.38,-1.17,-9999.00,2.36,-9999.00,-9999.00,1.09,1.75,-9999,-9999,-9999,-9999,-9999,1.494
100611,-9999.00,6.94,3.43,3.55,-4.41,-3.30,-3.20,-9999.00,0.70,-9999.00,-9999.00,1.14,1.78,-9999,-9999,-9999,-9999,-9999,1.493
100612,-9999.00,6.93,3.36,3.60,-5.28,-3.97,-4.34,-9999.00,-0.03,-9999.00,-9999.00,1.17,1.85,-9999,-9999,-9999,-9999,-9999,1.491
100613,-9999.00,12.72,2.85,1.68,-4.29,-3.88,-4.11,-9999.00,-0.54,-9999.00,-9999.00,1.24,1.87,-9999,-9999,-9999,-9999,-9999,1.491
100614,-9999.00,11.40,2.57,1.76,-3.61,-3.81,-3.67,-9999.00,-0.80,-9999.00,-9999.00,1.25,1.83,-9999,-9999,-9999,-9999,-9999,1.490
100615,-9999.00,13.12,2.78,1.96,-3.57,-3.33,-3.34,-9999.00,-0.11,-9999.00,-9999.00,1.24,1.70,-9999,-9999,-9999,-9999,-9999,1.488
100616,-9999.00,7.48,0.98,3.44,-3.26,-2.86,-2.23,-9999.00,-1.72,-9999.00,-9999.00,1.24,1.62,-9999,-9999,-9999,-9999,-9999,1.487
100617,-9999.00,10.52,1.08,0.40,-2.26,-1.97,0.02,-9999.00,-0.71,-9999.00,-9999.00,1.24,1.54,-9999,-9999,-9999,-9999,-9999,1.486
100618,-9999.00,10.45,1.81,6.51,-0.04,0.29,1.95,-9999.00,2.39,-9999.00,-9999.00,1.22,1.53,-9999,-9999,-9999,-9999,-9999,1.485
100619,6.08,14.09,5.88,6.23,1.86,1.74,2.83,8.13,8.48,0.04,1.06,1.23,1.44,-9999,-9999,-9999,-9999,-9999,1.483
100620,8.48,14.10,6.01,9.42,2.35,2.17,3.07,11.11,9.01,0.38,1.70,1.25,1.37,-9999,-9999,-9999,-9999,-9999,1.480
100621,7.19,18.72,6.65,12.72,2.63,2.30,2.57,9.88,9.89,0.08,1.11,1.25,1.45,-9999,-9999,-9999,-9999,-9999,1.480
100622,-9999.00,18.65,3.53,11.95,2.17,1.60,1.75,-9999.00,5.65,-9999.00,-9999.00,1.29,1.59,-9999,-9999,-9999,-9999,-9999,1.478
100623,-9999.00,12.85,3.56,8.58,1.46,1.04,1.08,-9999.00,5.11,-9999.00,-9999.00,1.30,1.69,-9999,-9999,-9999,-9999,-9999,1.477
100624,6.86,11.79,5.28,2.01,1.31,0.81,0.76,8.08,6.82,0.26,1.43,1.28,1.67,-9999,-9999,-9999,-9999,-9999,1.476
100625,7.12,10.88,6.67,5.33,1.66,1.16,0.47,8.71,8.74,0.06,1.09,1.29,1.62,-9999,-9999,-9999,-9999,-9999,1.475
100626,-9999.00,10.83,6.19,1.28,2.03,1.45,-0.21,-9999.00,8.47,-9999.00,-9999.00,1.31,1.63,-9999,-9999,-9999,-9999,-9999,1.474
100627,-9999.00,6.68,3.78,2.24,0.41,-0.17,-1.64,-9999.00,4.10,-9999.00,-9999.00,1.08,1.61,-9999,-9999,-9999,-9999,-9999,1.474
100628,-9999.00,6.45,4.87,3.52,-2.05,-2.06,-3.27,-9999.00,3.43,-9999.00,-9999.00,1.10,1.56,-9999,-9999,-9999,-9999,-9999,1.473
100629,-9999.00,7.58,4.80,7.29,-2.99,-2.81,-4.04,-9999.00,2.60,-9999.00,-9999.00,1.12,1.55,-9999,-9999,-9999,-9999,-9999,1.473
100630,-9999.00,8.71,4.64,11.31,-2.86,-2.47,-3.10,-9999.00,2.75,-9999.00,-9999.00,1.11,1.53,-9999,-9999,-9999,-9999,-9999,1.472
100631,-9999.00,4.55,1.88,6.99,-2.81,-1.81,-1.83,-9999.00,0.30,-9999.00,-9999.00,1.11,1.49,-9999,-9999,-9999,-9999,-9999,1.470
100632,-9999.00,4.42,1.83,7.26,-3.41,-2.27,-1.74,-9999.00,-0.23,-9999.00,-9999.00,1.12,1.52,-9999,-9999,-9999,-9999,-9999,1.470
100633,-9999.00,5.97,4.34,1.02,-3.84,-2.68,-1.87,-9999.00,2.13,-9999.00,-9999.00,1.14,1.47,-9999,-9999,-9999,-9999,-9999,1.470
100634,-9999.00,9.87,10.02,6.79,-3.13,-2.00,-1.42,-9999.00,9.06,-9999.00,-9999.00,1.16,1.56,-9999,-9999,-9999,-9999,-9999,1.468
100635,-9999.00,10.23,10.13,8.49,-2.01,-1.39,-0.59,-9999.00,9.79,-9999.00,-9999.00,1.09,1.62,-9999,-9999,-9999,-9999,-9999,1.467
100636,-9999.00,12.11,8.76,4.40,-1.72,-1.18,0.38,-9999.00,8.47,-9999.00,-9999.00,1.11,1.73,-9999,-9999,-9999,-9999,-9999,1.466
100637,6.87,15.49,8.88,1.76,-0.86,0.10,1.45,7.47,9.84,-0.32,0.64,1.16,1.79,-9999,-9999,-9999,-9999,-9999,1.465
100638,6.44,10.80,6.32,1.99,1.57,2.50,3.32,9.41,9.37,0.03,1.04,1.24,1.85,-9999,-9999,-9999,-9999,-9999,1.465
100639,-9999.00,5.14,3.61,2.86,3.92,3.92,4.59,-9999.00,7.84,-9999.00,-9999.00,1.33,1.91,-9999,-9999,-9999,-9999,-9999,1.464
100640,6.71,7.48,5.15,3.58,5.09,4.50,3.94,11.75,10.06,0.30,1.52,1.40,1.88,-9999,-9999,-9999,-9999,-9999,1.462
100641,-9999.00,9.81,6.68,4.31,5.76,5.52,4.10,-9999.00,12.72,-9999.00,-9999.00,1.46,1.93,-9999,-9999,-9999,-9999,-9999,1.460
100642,-9999.00,8.79,6.61,5.94,6.46,6.38,5.36,-9999.00,13.53,-9999.00,-9999.00,1.25,1.86,-9999,-9999,-9999,-9999,-9999,1.458
100643,5.58,7.76,6.49,7.63,5.75,5.69,5.31,11.72,12.74,-0.14,0.82,1.18,1.83,-9999,-9999,-9999,-9999,-9999,1.458
100644,-9999.00,12.48,2.80,1.73,3.87,4.50,4.10,-9999.00,7.54,-9999.00,-9999.00,1.15,1.83,-9999,-9999,-9999,-9999,-9999,1.457
100645,-9999.00,12.41,4.83,3.83,3.55,4.11,3.05,-9999.00,9.37,-9999.00,-9999.00,1.22,1.91,-9999,-9999,-9999,-9999,-9999,1.456
100646,-9999.00,9.66,4.59,3.02,3.82,3.28,2.40,-9999.00,8.29,-9999.00,-9999.00,1.30,2.01,-9999,-9999,-9999,-9999,-9999,1.455
100647,9.77,14.48,10.14,4.66,2.49,1.38,1.47,11.99,12.43,-0.03,0.95,1.32,2.10,-9999,-9999,-9999,-9999,-9999,1.454
100648,6.80,10.80,8.03,4.62,0.44,0.02,0.97,7.40,8.75,-0.15,0.81,1.36,2.15,-9999,-9999,-9999,-9999,-9999,1.453
100649,6.64,12.69,6.61,0.73,-0.51,0.11,1.71,7.33,7.29,0.01,1.01,1.41,2.12,-9999,-9999,-9999,-9999,-9999,1.452
100650,6.74,12.55,6.35,1.50,-0.51,0.22,1.47,7.57,7.12,0.06,1.08,1.45,2.18,-9999,-9999,-9999,-9999,-9999,1.451
100651,8.38,12.87,6.38,1.34,-1.84,-1.09,-0.66,8.05,5.84,0.25,1.41,1.46,2.27,-9999,-9999,-9999,-9999,-9999,1.449
100652,7.34,17.30,10.32,7.94,-2.94,-2.23,-1.56,5.79,9.04,-0.30,0.66,1.46,2.31,-9999,-9999,-9999,-9999,-9999,1.449
100653,7.69,13.84,11.46,5.89,-1.61,-1.70,-0.53,6.69,10.86,-0.36,0.61,1.43,2.30,-9999,-9999,-9999,-9999,-9999,1.448
100654,6.52,15.30,9.42,6.02,0.16,0.07,1.02,7.19,10.43,-0.37,0.60,1.46,2.33,-9999,-9999,-9999,-9999,-9999,1.447
100655,9.28,13.85,9.61,4.75,0.65,1.15,1.81,11.28,11.73,-0.03,0.96,1.45,2.23,-9999,-9999,-9999,-9999,-9999,1.445
100656,9.68,13.60,9.38,3.60,-0.31,0.68,0.30,11.24,11.02,0.03,1.04,1.52,2.17,-9999,-9999,-9999,-9999,-9999,1.443
100657,9.66,21.18,9.48,10.38,-3.50,-2.06,-3.41,8.46,8.40,0.01,1.02,1.56,2.15,-9999,-9999,-9999,-9999,-9999,1.442
100658,11.00,20.57,9.22,10.11,-8.05,-6.83,-7.77,5.18,3.38,0.14,1.22,1.62,2.20,-9999,-9999,-9999,-9999,-9999,1.441
100659,10.99,20.48,9.85,9.56,-11.38,-9.94,-10.20,2.04,0.98,0.10,1.15,1.66,2.27,-9999,-9999,-9999,-9999,-9999,1.441
100660,9.21,17.96,9.97,6.63,-10.09,-8.60,-8.80,1.46,2.43,-0.10,0.87,1.72,2.28,-9999,-9999,-9999,-9999,-9999,1.440
100661,8.14,17.86,8.26,8.07,-6.24,-5.10,-5.57,3.80,4.03,-0.02,0.97,1.79,2.26,-9999,-9999,-9999,-9999,-9999,1.439
100662,7.78,14.77,8.01,4.94,-3.26,-2.12,-3.24,6.38,6.73,-0.05,0.94,1.83,2.18,-9999,-9999,-9999,-9999,-9999,1.437
100663,9.89,17.12,12.75,8.52,-1.82,-1.01,-2.35,9.79,13.11,-0.36,0.61,1.84,2.15,-9999,-9999,-9999,-9999,-9999,1.436
100664,10.47,16.46,12.34,7.16,-0.85,-0.45,-1.37,10.99,13.25,-0.19,0.77,1.87,2.13,-9999,-9999,-9999,-9999,-9999,1.435
100665,11.52,18.23,14.01,6.02,0.35,0.93,1.28,13.50,16.47,-0.19,0.77,1.85,2.10,-9999,-9999,-9999,-9999,-9999,1.433
100666,12.61,18.74,15.33,5.19,3.32,3.84,5.02,17.58,20.85,-0.18,0.78,1.84,2.00,-9999,-9999,-9999,-9999,-9999,1.432
100667,13.17,35.32,14.75,9.96,7.48,7.99,8.60,22.34,24.35,-0.09,0.88,1.87,1.97,-9999,-9999,-9999,-9999,-9999,1.430
100668,13.93,35.80,14.70,9.66,10.43,10.39,10.40,25.56,26.67,-0.04,0.95,1.87,1.95,-9999,-9999,-9999,-9999,-9999,1.429
100669,12.40,36.25,14.62,9.35,10.08,9.27,9.39,22.76,25.54,-0.12,0.85,1.89,1.99,-9999,-9999,-9999,-9999,-9999,1.428
100670,17.21,20.45,11.27,16.24,7.31,6.59,6.76,25.25,19.11,0.30,1.51,1.90,2.01,-9999,-9999,-9999,-9999,-9999,1.426
100671,13.31,21.74,10.83,14.43,3.59,3.74,3.78,18.16,15.79,0.14,1.22,1.93,2.02,-9999,-9999,-9999,-9999,-9999,1.425
100672,17.12,21.85,11.55,10.85,0.51,1.41,1.00,19.94,14.24,0.27,1.46,1.95,1.98,-9999,-9999,-9999,-9999,-9999,1.424
100673,12.23,30.71,12.82,9.66,-1.27,-0.38,-0.38,12.85,13.83,-0.03,0.96,1.97,2.01,-9999,-9999,-9999,-9999,-9999,1.424
100674,13.04,26.54,14.39,7.37,-1.70,-1.69,-1.23,12.39,14.22,-0.07,0.91,1.98,2.05,-9999,-9999,-9999,-9999,-9999,1.423
100675,12.92,29.01,15.44,7.29,-2.14,-2.53,-2.67,11.41,14.53,-0.13,0.84,1.97,2.10,-9999,-9999,-9999,-9999,-9999,1.421
100676,15.70,21.25,12.04,9.12,-2.77,-2.75,-2.91,14.16,10.55,0.19,1.31,1.97,2.12,-9999,-9999,-9999,-9999,-9999,1.420
100677,16.18,24.54,13.03,16.15,-2.81,-2.53,-2.48,14.88,11.88,0.16,1.25,1.96,2.17,-9999,-9999,-9999,-9999,-9999,1.419
100678,17.85,23.44,9.56,11.31,-2.79,-2.21,-2.21,16.98,8.38,0.46,1.88,2.01,2.21,-9999,-9999,-9999,-9999,-9999,1.418
100679,12.99,26.40,12.12,13.28,-2.53,-1.94,-2.37,12.01,11.48,0.05,1.07,2.06,2.25,-9999,-9999,-9999,-9999,-9999,1.417
100680,15.20,26.04,13.90,9.39,-2.78,-2.43,-2.93,13.89,12.96,0.07,1.10,2.10,2.28,-9999,-9999,-9999,-9999,-9999,1.416
100681,14.99,21.27,11.08,16.64,-3.92,-3.31,-2.36,12.79,8.96,0.23,1.38,2.12,2.30,-9999,-9999,-9999,-9999,-9999,1.416
100682,13.37,28.21,15.60,11.71,-4.28,-3.18,-1.95,11.16,14.09,-0.12,0.85,2.12,2.30,-9999,-9999,-9999,-9999,-9999,1.414
100683,13.74,21.82,15.37,12.36,-3.85,-2.59,-2.26,12.13,14.38,-0.09,0.88,2.13,2.28,-9999,-9999,-9999,-9999,-9999,1.414
100684,17.37,35.14,14.22,9.27,-3.13,-2.18,-2.11,16.39,13.47,0.17,1.26,2.13,2.23,-9999,-9999,-9999,-9999,-9999,1.412
100685,18.24,28.38,18.11,9.81,-2.76,-2.33,-2.16,17.15,17.55,0.01,1.01,2.12,2.21,-9999,-9999,-9999,-9999,-9999,1.412
100686,18.23,31.80,17.43,10.18,-3.19,-2.72,-1.66,16.76,16.41,0.04,1.06,2.17,2.32,-9999,-9999,-9999,-9999,-9999,1.411
100687,17.69,31.48,21.47,16.82,-3.18,-2.42,-1.17,16.48,21.12,-0.17,0.79,2.16,2.38,-9999,-9999,-9999,-9999,-9999,1.410
100688,21.20,35.35,23.52,11.76,-3.07,-1.94,-1.19,20.69,23.80,-0.09,0.88,2.14,2.37,-9999,-9999,-9999,-9999,-9999,1.409
100689,24.09,35.26,23.12,9.96,-2.96,-1.62,-0.66,24.07,23.64,0.04,1.05,2.10,2.33,-9999,-9999,-9999,-9999,-9999,1.407
100690,25.14,42.25,22.79,12.24,-2.45,-1.34,-0.72,25.45,23.54,0.09,1.13,2.07,2.33,-9999,-9999,-9999,-9999,-9999,1.406
100691,28.39,42.31,23.16,12.94,-2.41,-1.26,-1.43,28.97,24.01,0.19,1.30,2.05,2.28,-9999,-9999,-9999,-9999,-9999,1.406
100692,25.01,49.44,21.78,12.64,-2.09,-1.02,-0.95,25.60,22.69,0.13,1.20,2.03,2.29,-9999,-9999,-9999,-9999,-9999,1.405
100693,25.42,49.48,24.75,13.15,-0.77,-0.30,0.33,26.77,26.61,0.03,1.04,2.03,2.35,-9999,-9999,-9999,-9999,-9999,1.405
100694,26.80,50.73,30.22,15.09,1.00,1.03,1.14,29.61,33.84,-0.13,0.84,2.04,2.38,-9999,-9999,-9999,-9999,-9999,1.403
100695,26.28,50.66,30.17,14.75,2.74,2.38,1.31,30.38,35.13,-0.14,0.82,2.04,2.43,-9999,-9999,-9999,-9999,-9999,1.404
100696,26.18,44.03,27.76,12.08,3.51,2.98,1.80,30.87,33.13,-0.05,0.93,2.06,2.47,-9999,-9999,-9999,-9999,-9999,1.402
100697,27.72,47.51,31.04,15.65,3.37,2.92,2.58,32.43,36.62,-0.10,0.87,2.08,2.52,-9999,-9999,-9999,-9999,-9999,1.400
100698,29.43,51.00,34.28,19.26,3.56,3.07,2.92,34.40,40.27,-0.13,0.83,2.07,2.53,-9999,-9999,-9999,-9999,-9999,1.400
100699,26.35,45.03,30.86,20.43,4.44,3.62,3.21,31.67,37.12,-0.13,0.83,2.08,2.56,-9999,-9999,-9999,-9999,-9999,1.399
100700,30.42,48.36,30.27,18.62,5.36,3.91,3.13,36.31,36.68,0.00,1.01,2.06,2.53,-9999,-9999,-9999,-9999,-9999,1.398
100701,27.03,44.71,26.67,5.76,5.30,3.94,2.52,32.71,32.77,0.01,1.02,2.06,2.53,-9999,-9999,-9999,-9999,-9999,1.397
100702,27.29,39.31,25.18,10.65,3.82,3.30,2.03,32.37,30.49,0.07,1.10,2.06,2.51,-9999,-9999,-9999,-9999,-9999,1.396
100703,27.64,33.86,24.13,16.58,1.89,2.06,1.79,31.48,28.12,0.11,1.17,2.06,2.54,-9999,-9999,-9999,-9999,-9999,1.395
100704,27.21,32.09,22.38,16.97,0.91,1.46,1.59,30.45,25.61,0.17,1.26,2.07,2.52,-9999,-9999,-9999,-9999,-9999,1.394
100705,28.74,48.76,28.66,15.62,1.03,1.44,1.27,32.08,32.35,0.00,1.00,2.09,2.51,-9999,-9999,-9999,-9999,-9999,1.392
100706,25.15,33.57,22.20,16.68,1.47,1.42,0.93,28.26,25.32,0.11,1.16,2.12,2.48,-9999,-9999,-9999,-9999,-9999,1.392
100707,26.79,39.51,31.81,14.47,1.60,1.33,0.94,29.93,35.53,-0.14,0.82,2.12,2.47,-9999,-9999,-9999,-9999,-9999,1.391
100708,23.03,37.70,26.42,10.45,1.22,1.23,1.07,25.82,29.57,-0.11,0.86,2.10,2.43,-9999,-9999,-9999,-9999,-9999,1.390
100709,24.69,41.96,25.89,11.13,0.51,0.98,1.07,27.36,28.75,-0.04,0.95,2.07,2.44,-9999,-9999,-9999,-9999,-9999,1.390
100710,22.13,44.53,25.01,11.00,0.05,0.63,1.13,24.28,27.46,-0.10,0.87,2.03,2.45,-9999,-9999,-9999,-9999,-9999,1.388
100711,24.08,39.38,18.80,6.73,-0.01,0.65,1.23,26.37,20.83,0.20,1.33,1.99,2.47,-9999,-9999,-9999,-9999,-9999,1.388
100712,19.65,25.47,15.50,8.88,-0.22,0.76,1.13,21.76,17.42,0.20,1.32,1.98,2.47,-9999,-9999,-9999,-9999,-9999,1.387
100713,18.72,25.51,15.82,8.86,-0.64,0.12,0.75,20.14,17.16,0.14,1.21,1.98,2.49,-9999,-9999,-9999,-9999,-9999,1.387
100714,19.39,25.82,16.82,8.62,-0.82,-0.55,0.67,20.19,17.57,0.12,1.18,1.96,2.50,-9999,-9999,-9999,-9999,-9999,1.386
100715,19.78,27.10,22.12,11.33,-0.73,-0.41,0.72,20.77,23.47,-0.09,0.88,1.97,2.52,-9999,-9999,-9999,-9999,-9999,1.385
100716,22.95,31.30,25.04,12.24,-0.77,-0.38,-0.26,24.20,26.66,-0.07,0.91,1.95,2.53,-9999,-9999,-9999,-9999,-9999,1.383
100717,17.11,25.86,19.68,10.58,-1.00,-0.74,-1.24,17.60,20.51,-0.11,0.86,1.93,2.45,-9999,-9999,-9999,-9999,-9999,1.383
100718,21.67,25.15,17.36,9.97,-1.06,-0.73,-0.66,22.53,18.02,0.18,1.28,1.92,2.40,-9999,-9999,-9999,-9999,-9999,1.382
100719,17.32,22.26,17.13,10.01,-1.12,-0.49,0.06,18.12,18.00,0.01,1.01,1.94,2.42,-9999,-9999,-9999,-9999,-9999,1.381
100720,16.52,26.23,20.75,8.77,-1.09,-0.49,-0.15,17.29,21.99,-0.19,0.77,1.96,2.48,-9999,-9999,-9999,-9999,-9999,1.380
100721,18.66,22.15,19.99,12.17,-0.67,-0.69,-0.60,19.40,20.93,-0.06,0.93,1.96,2.44,-9999,-9999,-9999,-9999,-9999,1.380
100722,16.38,26.87,19.00,8.58,-0.47,-0.47,-1.04,17.17,20.14,-0.12,0.85,1.98,2.46,-9999,-9999,-9999,-9999,-9999,1.378
100723,16.46,30.17,18.05,12.74,-1.14,-0.23,-1.58,17.49,19.31,-0.07,0.90,2.02,2.40,-9999,-9999,-9999,-9999,-9999,1.376
100724,15.25,31.49,13.20,5.46,-1.90,-0.71,-1.19,15.72,13.59,0.12,1.18,2.04,2.40,-9999,-9999,-9999,-9999,-9999,1.375
