NASA Data Processing/CAMP2Ex/OPTICAL/CAMP2Ex-LARGE-OPTICAL_P3B_20190915_R0.ict
100,1001
Luke Ziemba
NASA Langley
In-situ optical aerosol measurements from the NASA P3B
CAMP2Ex
1,1
2019,09,15,2020,05,5
1.0
Time_Mid,Secs after midnight,Time of acquisition
19
1,1,1,1,1,1,1,1,1,1,1,1,1,1,1,1,1,1,1
-9999,-9999,-9999,-9999,-9999,-9999,-9999,-9999,-9999,-9999,-9999,-9999,-9999,-9999,-9999,-9999,-9999,-9999,-9999
Sc550_total_amb, Mm-1, AerOpt_Scattering_InSitu_Green_RHa_Bulk_STP, scattering coefficient of ambient  particles at 550nm
Sc450_total, Mm-1, AerOpt_Scattering_InSitu_Blue_RHd_Bulk_STP, Dry Scattering at 450nm (Total Aerosols)
Sc550_total, Mm-1, AerOpt_Scattering_InSitu_Green_RHd_Bulk_STP, Dry Scattering at 550nm (Total Aerosols)
Sc700_total, Mm-1, AerOpt_Scattering_InSitu_Red_RHd_Bulk_STP, Dry Scattering at 700nm (Total Aerosols)
Abs470_total, Mm-1, AerOpt_Absorption_InSitu_Blue_RHd_Bulk_STP, Dry absorption at 470nm (Total Aerosols)
Abs532_total, Mm-1, AerOpt_Absorption_InSitu_Green_RHd_Bulk_STP, Dry absorption at 532nm (Total Aerosols)
Abs660_total, Mm-1, AerOpt_Absorption_InSitu_Red_RHd_Bulk_STP, Dry absorption at 660nm (Total Aerosols)
Ext532_total_amb, Mm-1, AerOpt_Extinction_InSitu_Green_RHa_Bulk_STP, extinction coefficient of aerosols at 532nm for AMBIENT relative humidity
Ext532_total_dry, Mm-1, AerOpt_Extinction_InSitu_Green_RHd_Bulk_STP, extinction coefficient of aerosols at 532nm for DRY relative humidity
gamma550, unitless, AerOpt_Gamma_InSitu_Green_None_Bulk_STP, derived optical hygroscopic growth factor for particles at 550nm
fRH550_RH20to80, unitless, AerOpt_fRHScat_InSitu_Green_RHsp_Bulk_STP, derived optical hygroscopic growth parameter for particles at 550nm
AEscatAMB_450to700nm,unitless, AerOpt_AngstromExponentScat_InSitu_BluetoRed_RHa_Bulk_STP, derived ambient Angstrom Exponent for scattering coefficient over wavelength range from 450nm to 700nm
AEscatDRY_450to700nm,unitless, AerOpt_AngstromExponentScatInSitu_BluetoRed_RHd_Bulk_STP, derived dry Angstrom Exponent for scattering coefficient over wavelength range from 450nm to 700nm
AEabsDRY_470to660nm,unitless, AerOpt_AngstromExponentAbs_InSitu_BluetoRed_RHd_Bulk_STP, derived dry Angstrom Exponent for absorption coefficient over wavelength range from 450nm to 700nm
SSA_dry_450nm,unitless, AerOpt_SSA_InSitu_Blue_RHd_Bulk_STP, single_scattering_albedo_at_450nm_as_derived_from_dry_scattering_and_absorption
SSA_dry_550nm,unitless, AerOpt_SSA_InSitu_Green_RHd_Bulk_STP, single_scattering_albedo_at_550nm_as_derived_from_dry_scattering_and_absorption
SSA_dry_700nm,unitless, AerOpt_SSA_InSitu_Red_RHd_Bulk_STP, single_scattering_albedo_at_700nm_as_derived_from_dry_scattering_and_absorption
SSA_amb_550nm,unitless, AerOpt_SSA_InSitu_Green_RHa_Bulk_STP, single_scattering_albedo_at_550nm_as_derived_from_ambient_scattering_and_absorption
stdPT,unitless, None, Conversion factor to convert between ambient and standard pressure and temperature conditions
0
67
******************************************************************************************************************
Langley Aerosol data from the 2019 CAMP2Ex field campaign
 
PI_CONTACT_INFO: luke.ziemba@nasa.gov
PLATFORM: NASA P3B aircraft
LOCATION: Latitude, Longitude, and Altitude included in MetNav files
[...]
UNCERTAINTY: estimated uncertainties for directly measured properties
	- For dry scattering, accuracy estimated at 30% for all wavelengths; precision estimated at 4.5 Mm-1 for 450nm wavelength and 3 Mm-1 for 550nm and 700nm wavelengths
	- For dry absorption, accuracy estimated at 15% for all wavelengths; precision is a function of pressure and is estimated to vary from 0.5 Mm-1 near the surface to 2 at high altitude
	- For derived parameters, please contact the PI for a more detailed discussion of uncertainty
ULOD_FLAG: -7777
ULOD_VALUE: N/A
LLOD_FLAG: -8888
LLOD_VALUE: N/A
DM_CONTACT_INFO: Michael Shook (michael.shook@nasa.gov)
PROJECT_INFO: CAMP2Ex 2019
STIPULATIONS_ON_USE: This is FINAL data. Users are strongly encouraged to consult the PI and/or DM prior to use.
OTHER_COMMENTS: N/A
REVISION: R0
R0: STP and ambient parameter calculations now use data from their respective publicly available files, data is time synced to DLH
RD: Correction factor applied to raw scattering data, which also affects the absorption data via the Virkkula correction
RC: Higher threshholds required for calculating intensive parameters; absorption smoothing algorithm applied
RB: Time sync to LARGE CNgt3nm applied
RA: None
******************************************************************************************************************
Time_Mid,Sc550_total_amb,Sc450_total,Sc550_total,Sc700_total,Abs470_total,Abs532_total,Abs660_total,Ext532_total_amb,Ext532_total_dry,gamma550,fRH550_RH20to80,AEscatAMB_450to700nm,AEscatDRY_450to700nm,AEabsDRY_470to660nm,SSA_dry_450nm,SSA_dry_550nm,SSA_dry_700nm,SSA_amb_550nm,stdPT
[from data line 22429]
101383,-9999.00,13.36,6.59,3.16,1.64,1.27,1.46,-9999.00,8.40,-9999.00,-9999.00,1.01,1.95,-9999,-9999,-9999,-9999,-9999,1.449
101384,-9999.00,15.74,8.49,6.02,1.75,1.36,1.34,-9999.00,10.53,-9999.00,-9999.00,0.99,1.92,-9999,-9999,-9999,-9999,-9999,1.451
101385,6.60,14.58,6.87,5.01,1.59,1.34,1.04,8.09,8.77,-0.03,0.96,0.98,1.91,-9999,-9999,-9999,-9999,-9999,1.451
101386,-9999.00,13.66,5.27,3.99,2.01,1.52,1.40,-9999.00,7.25,-9999.00,-9999.00,0.93,1.93,-9999,-9999,-9999,-9999,-9999,1.452
101387,5.77,10.66,6.52,4.72,2.85,1.61,2.01,7.51,8.73,-0.09,0.88,0.88,1.93,-9999,-9999,-9999,-9999,-9999,1.453
101388,7.29,9.40,8.83,5.81,2.88,0.92,2.03,8.38,10.58,-0.15,0.82,0.86,1.96,-9999,-9999,-9999,-9999,-9999,1.455
101389,5.99,10.01,7.90,5.86,1.02,-0.15,0.35,6.00,8.50,-0.20,0.76,0.87,1.97,-9999,-9999,-9999,-9999,-9999,1.457
101390,7.49,12.03,7.91,6.28,0.41,-0.81,-0.72,6.88,7.83,-0.04,0.94,0.91,2.00,-9999,-9999,-9999,-9999,-9999,1.459
101391,-9999.00,13.69,7.06,5.76,0.32,-1.08,-1.39,-9999.00,6.60,-9999.00,-9999.00,0.88,2.01,-9999,-9999,-9999,-9999,-9999,1.459
101392,7.50,16.07,6.26,5.25,-0.25,-0.92,-1.77,6.77,5.85,0.16,1.25,0.84,2.06,-9999,-9999,-9999,-9999,-9999,1.461
101393,7.30,15.10,8.16,5.50,-0.60,-0.94,-1.75,6.52,7.84,-0.10,0.87,0.79,2.07,-9999,-9999,-9999,-9999,-9999,1.463
101394,7.01,12.12,9.39,3.95,-0.60,-0.69,-1.70,6.46,9.38,-0.29,0.67,0.76,2.01,-9999,-9999,-9999,-9999,-9999,1.465
101395,9.38,11.52,10.08,4.80,-0.41,-0.41,-2.60,9.13,10.35,-0.07,0.90,0.80,1.97,-9999,-9999,-9999,-9999,-9999,1.466
101396,11.00,10.86,10.71,6.01,-0.62,-0.51,-2.55,10.67,10.91,0.03,1.04,0.74,1.89,-9999,-9999,-9999,-9999,-9999,1.468
101397,9.82,11.16,10.38,5.75,-0.65,-0.35,-2.31,9.64,10.71,-0.06,0.92,0.68,1.79,-9999,-9999,-9999,-9999,-9999,1.469
101398,9.12,11.42,10.06,5.48,-0.04,-0.10,-0.90,9.20,10.61,-0.10,0.87,0.67,1.69,-9999,-9999,-9999,-9999,-9999,1.470
101399,11.88,10.13,7.83,5.39,0.01,0.03,-0.11,12.17,8.36,0.44,1.84,0.72,1.63,-9999,-9999,-9999,-9999,-9999,1.472
101400,9.49,10.44,6.34,5.40,-0.16,0.44,-0.02,10.19,7.18,0.47,1.92,0.81,1.60,-9999,-9999,-9999,-9999,-9999,1.473
101401,-9999.00,18.56,4.86,8.94,0.17,0.48,0.21,-9999.00,5.65,-9999.00,-9999.00,0.94,1.62,-9999,-9999,-9999,-9999,-9999,1.475
101402,-9999.00,12.55,1.76,6.72,0.66,0.35,0.86,-9999.00,2.22,-9999.00,-9999.00,0.99,1.60,-9999,-9999,-9999,-9999,-9999,1.476
101403,-9999.00,11.55,3.73,3.50,1.02,0.05,0.60,-9999.00,4.04,-9999.00,-9999.00,1.10,1.65,-9999,-9999,-9999,-9999,-9999,1.477
101404,-9999.00,2.31,1.23,0.61,0.75,-0.38,0.01,-9999.00,0.94,-9999.00,-9999.00,1.18,1.77,-9999,0.855,-9999.000,-9999.000,-9999.000,1.479
101405,7.47,7.81,8.81,2.55,1.06,0.27,-0.51,8.09,9.79,-0.23,0.73,1.22,1.80,-9999,0.837,-9999.000,-9999.000,-9999.000,1.480
101406,5.42,0.79,5.45,1.61,1.81,0.94,-0.23,6.63,6.87,-0.01,0.99,1.26,1.84,-9999,0.829,-9999.000,-9999.000,-9999.000,1.481
101407,-9999.00,7.92,9.80,2.84,2.65,1.96,-0.63,-9999.00,12.64,-9999.00,-9999.00,1.24,1.85,-9999,0.836,-9999.000,-9999.000,-9999.000,1.481
101408,-9999.00,6.37,9.28,3.32,3.81,2.55,-0.36,-9999.00,12.61,-9999.00,-9999.00,1.25,1.83,-9999,0.825,-9999.000,-9999.000,-9999.000,1.483
101409,-9999.00,7.25,6.87,6.35,4.36,2.26,0.05,-9999.00,9.69,-9999.00,-9999.00,1.28,1.86,-9999,0.804,-9999.000,-9999.000,-9999.000,1.484
101410,7.62,6.56,10.65,5.49,4.58,1.72,-0.11,9.72,13.24,-0.44,0.54,1.34,1.84,-9999,0.803,0.820,-9999.000,0.841,1.486
101411,8.32,10.86,9.75,7.43,3.62,1.62,-0.94,10.34,12.16,-0.21,0.75,1.36,1.82,-9999,0.817,0.833,-9999.000,0.853,1.486
101412,7.80,12.81,8.66,8.28,3.49,1.70,-0.36,9.88,11.06,-0.15,0.81,1.37,1.81,-9999,0.825,-9999.000,-9999.000,-9999.000,1.488
101413,9.02,17.48,11.28,11.68,4.20,1.94,1.72,11.40,14.14,-0.35,0.62,1.36,1.77,-9999,0.824,-9999.000,-9999.000,-9999.000,1.490
101414,10.60,15.74,9.39,8.92,4.27,1.22,2.75,12.36,11.42,0.20,1.31,1.37,1.80,-9999,0.821,-9999.000,-9999.000,-9999.000,1.492
101415,12.37,21.35,12.31,10.60,5.02,2.11,2.64,15.16,15.50,0.01,1.01,1.37,1.81,-9999,0.833,-9999.000,-9999.000,-9999.000,1.493
101416,11.64,23.18,11.32,7.99,6.26,2.93,3.33,15.22,15.24,0.05,1.07,1.38,1.82,-9999,0.840,-9999.000,-9999.000,-9999.000,1.493
101417,12.89,21.19,11.57,9.19,7.00,3.91,3.47,17.54,16.43,0.17,1.27,1.41,1.84,-9999,0.833,-9999.000,-9999.000,-9999.000,1.495
101418,12.95,29.81,11.76,9.67,7.06,4.35,3.72,18.10,17.04,0.15,1.23,1.46,1.84,-9999,0.816,0.854,-9999.000,0.866,1.496
101419,16.53,32.19,13.77,7.18,7.56,5.01,4.32,22.61,19.85,0.28,1.47,1.51,1.83,-9999,0.814,0.850,-9999.000,0.859,1.497
101420,12.83,27.75,11.34,11.27,8.82,5.51,5.18,19.19,17.73,0.18,1.29,1.52,1.83,-9999,0.820,0.859,-9999.000,0.864,1.498
101421,15.85,31.27,12.40,10.89,8.41,5.59,5.34,22.50,18.96,0.36,1.65,1.60,1.85,-9999,0.825,0.871,-9999.000,0.876,1.500
101422,11.67,24.51,9.51,9.73,6.68,4.61,3.49,17.02,14.88,0.30,1.52,1.62,1.88,-9999,0.825,0.864,-9999.000,0.869,1.501
101423,18.43,24.24,18.16,10.90,5.25,3.22,1.39,22.88,22.86,0.02,1.03,1.68,1.88,2.85,0.817,0.838,-9999.000,0.843,1.502
101424,16.64,28.56,20.56,9.17,4.10,1.26,0.36,19.06,23.49,-0.33,0.63,1.73,1.87,2.20,0.815,0.827,0.819,0.829,1.504
101425,17.43,26.07,18.25,12.05,3.69,0.17,-0.07,18.87,19.90,-0.08,0.89,1.76,1.88,2.08,0.823,0.837,0.820,0.836,1.505
101426,18.71,25.40,18.99,12.45,2.31,-0.90,-0.94,19.20,19.69,-0.03,0.96,1.78,1.89,2.10,0.832,0.846,0.829,0.845,1.506
101427,20.52,24.70,19.75,12.87,2.15,-0.77,-1.20,21.28,20.66,0.07,1.10,1.79,1.89,1.97,0.837,0.853,0.828,0.852,1.507
101428,19.15,23.29,18.19,15.96,2.07,-0.22,-1.09,20.37,19.51,0.09,1.14,1.81,1.89,1.90,0.845,0.858,0.833,0.856,1.508
101429,20.05,42.10,18.73,15.63,2.84,0.85,-0.08,22.40,21.17,0.15,1.23,1.83,1.92,1.82,0.852,0.859,0.835,0.858,1.510
101430,20.77,33.04,19.46,15.00,3.13,0.83,-0.11,23.14,21.93,0.12,1.19,1.87,1.95,1.86,0.853,0.855,0.837,0.853,1.511
101431,19.65,31.28,20.01,13.20,3.91,1.41,1.06,22.49,23.07,-0.03,0.95,1.87,1.96,2.07,0.847,0.857,0.839,0.855,1.513
101432,20.57,29.44,20.55,11.44,4.42,2.25,1.89,24.28,24.45,0.00,1.00,1.85,1.94,2.15,0.849,0.860,0.846,0.858,1.514
101433,21.30,33.19,22.87,15.63,5.23,3.58,2.75,26.37,28.25,-0.14,0.82,1.87,1.94,2.22,0.857,0.862,0.857,0.860,1.515
101434,20.19,32.43,20.90,14.39,6.21,5.60,4.24,27.16,28.08,-0.07,0.90,1.85,1.93,2.19,0.864,0.864,0.863,0.862,1.516
101435,18.45,31.63,18.94,13.16,7.41,6.83,5.76,26.51,27.16,-0.06,0.93,1.83,1.90,2.00,0.873,0.879,0.866,0.877,1.517
101436,21.29,29.00,22.68,9.92,7.43,6.83,6.10,29.52,31.14,-0.11,0.86,1.82,1.90,1.90,0.882,0.894,0.872,0.892,1.519
101437,17.85,32.00,18.55,11.59,7.06,6.14,6.01,25.16,26.01,-0.07,0.91,1.80,1.90,1.94,0.893,0.906,-9999.000,0.903,1.519
101438,22.35,32.69,22.05,13.75,5.69,4.76,4.50,28.56,28.38,0.02,1.03,1.80,1.90,1.64,0.900,0.911,0.883,0.908,1.521
101439,23.47,33.21,25.62,15.92,5.63,4.66,4.09,29.68,32.15,-0.15,0.81,1.80,1.91,1.53,0.908,0.914,0.888,0.911,1.521
101440,23.16,33.23,25.64,15.94,5.55,4.81,3.88,29.51,32.37,-0.18,0.78,1.79,1.88,1.66,0.911,0.918,-9999.000,0.917,1.523
101441,22.81,44.25,24.94,20.78,6.15,5.50,3.85,29.85,32.34,-0.16,0.81,1.77,1.87,-9999,0.906,0.917,-9999.000,0.915,1.524
101442,22.06,41.99,25.12,20.30,5.70,4.87,3.16,28.42,31.90,-0.22,0.73,1.76,1.85,1.78,0.900,0.906,0.890,0.904,1.525
101443,22.51,39.67,25.31,19.82,4.02,2.78,1.75,26.81,30.03,-0.20,0.76,1.76,1.86,1.50,0.897,0.893,0.876,0.890,1.526
101444,22.78,36.53,23.44,14.47,3.17,1.97,1.18,26.30,27.20,-0.05,0.94,1.77,1.87,1.30,0.897,0.887,0.869,0.884,1.527
101445,26.68,41.15,28.70,14.98,3.00,1.79,1.81,30.25,32.62,-0.12,0.85,1.76,1.83,1.16,0.898,0.889,0.866,0.885,1.528
101446,29.35,41.88,29.09,17.61,2.91,1.87,1.87,33.19,33.11,0.01,1.02,1.77,1.82,0.90,0.896,0.889,0.852,0.885,1.529
101447,28.79,42.58,29.43,20.29,3.24,1.81,1.98,32.52,33.39,-0.04,0.95,1.76,1.83,0.75,0.897,0.890,0.847,0.885,1.530
101448,32.62,44.32,32.80,17.71,3.25,1.91,1.41,36.72,37.14,-0.01,0.99,1.77,1.84,0.90,0.901,0.895,0.858,0.891,1.531
101449,30.78,45.52,32.65,18.73,3.08,1.94,2.02,34.80,37.02,-0.10,0.87,1.75,1.82,1.23,0.910,0.908,0.883,0.905,1.532
101450,33.13,46.69,32.48,19.75,2.52,1.73,2.43,37.09,36.62,0.03,1.05,1.74,1.80,1.40,0.911,0.908,0.891,0.904,1.533
101451,31.20,54.06,34.08,21.90,2.22,1.58,2.80,34.87,38.16,-0.15,0.81,1.73,1.80,1.48,0.908,0.905,0.891,0.900,1.534
101452,30.97,53.83,31.62,21.49,2.85,1.93,2.59,34.98,35.90,-0.04,0.95,1.72,1.79,1.56,0.906,0.902,0.891,0.898,1.535
101453,31.09,53.52,29.19,21.09,3.06,2.10,2.91,35.26,33.45,0.11,1.16,1.72,1.81,1.64,0.911,0.908,0.899,0.904,1.537
101454,29.27,52.70,27.00,22.64,3.37,2.39,2.47,33.61,31.41,0.14,1.21,1.73,1.82,1.66,0.921,0.922,0.911,0.919,1.538
101455,25.45,44.53,23.38,21.75,3.59,2.64,2.26,29.79,27.80,0.14,1.22,1.73,1.84,1.55,0.927,0.931,0.913,0.928,1.539
101456,31.21,51.90,31.48,26.44,4.21,2.87,2.58,36.19,36.77,-0.01,0.98,1.74,1.87,1.42,0.928,0.932,0.911,0.929,1.540
101457,34.78,59.07,39.65,31.17,4.90,3.03,4.07,40.13,45.73,-0.22,0.74,1.74,1.89,1.53,0.929,0.931,0.914,0.928,1.541
101458,36.34,59.17,40.13,26.62,5.60,3.59,4.20,42.35,46.81,-0.17,0.79,1.75,1.92,1.58,0.929,0.931,0.914,0.928,1.542
101459,36.49,58.60,39.85,29.17,5.95,3.85,3.53,42.78,46.81,-0.15,0.81,1.76,1.94,1.65,0.930,0.930,0.917,0.928,1.543
101460,37.43,58.06,39.57,31.77,5.72,3.80,2.91,43.72,46.47,-0.09,0.88,1.77,1.96,1.60,0.932,0.930,0.917,0.928,1.544
101461,35.57,56.11,37.42,26.93,5.00,3.78,2.97,41.73,44.16,-0.08,0.89,1.79,1.97,1.49,0.935,0.931,0.917,0.929,1.545
101462,36.37,58.34,40.20,24.69,5.26,3.67,2.72,42.47,47.05,-0.16,0.80,1.80,1.99,1.40,0.936,0.932,0.915,0.930,1.547
101463,35.28,58.56,34.53,20.46,5.55,3.20,2.37,40.83,40.45,0.03,1.05,1.80,2.01,1.57,0.935,0.932,0.918,0.930,1.547
101464,35.48,57.80,37.43,32.71,5.34,2.96,1.71,40.81,43.34,-0.08,0.89,1.80,2.02,1.43,0.936,0.935,0.916,0.932,1.548
101465,35.99,58.55,39.24,30.31,4.46,3.06,1.57,41.45,45.43,-0.13,0.83,1.79,2.02,-9999,0.936,0.932,-9999.000,0.930,1.549
101466,36.48,59.31,41.05,27.99,4.05,2.94,1.34,41.85,47.23,-0.18,0.78,1.78,2.01,-9999,0.936,0.931,-9999.000,0.929,1.551
101467,36.55,58.68,38.58,23.82,3.84,2.66,1.21,41.60,44.23,-0.08,0.89,1.77,1.99,-9999,0.938,0.935,-9999.000,0.933,1.552
101468,33.39,58.05,36.09,19.70,3.79,2.68,1.73,38.24,41.52,-0.12,0.85,1.77,1.97,-9999,0.937,0.936,-9999.000,0.933,1.553
101469,36.66,59.38,36.66,22.07,3.86,3.01,2.30,42.03,42.39,0.00,1.00,1.76,1.95,-9999,0.934,0.936,-9999.000,0.933,1.554
101470,36.01,59.11,35.93,20.74,3.65,2.76,2.21,41.06,41.31,0.00,1.00,1.75,1.94,-9999,0.933,0.935,-9999.000,0.932,1.555
101471,33.12,58.82,35.19,19.40,2.65,2.28,1.82,37.46,39.97,-0.09,0.88,1.73,1.93,-9999,0.934,0.934,-9999.000,0.930,1.555
101472,34.22,56.36,32.85,18.34,1.99,2.33,1.59,38.66,37.49,0.06,1.09,1.74,1.94,-9999,0.938,0.936,-9999.000,0.933,1.557
101473,31.04,53.88,30.51,17.27,2.19,2.35,1.74,35.29,34.97,0.03,1.04,1.75,1.95,-9999,0.940,0.940,-9999.000,0.936,1.558
101474,33.25,54.71,30.21,19.53,2.49,2.05,1.10,37.36,34.36,0.14,1.22,1.77,1.97,-9999,0.945,0.942,-9999.000,0.939,1.559
101475,32.20,55.47,31.85,16.50,2.30,2.05,0.97,36.23,36.11,0.02,1.02,1.77,1.99,-9999,0.947,0.944,-9999.000,0.941,1.560
101476,34.69,57.40,36.61,16.77,2.47,2.36,0.44,39.17,41.48,-0.08,0.90,1.78,2.02,-9999,0.950,-9999.000,-9999.000,-9999.000,1.561
101477,35.39,56.54,38.40,18.21,2.47,2.32,-0.04,39.83,43.33,-0.11,0.85,1.77,2.02,-9999,0.952,-9999.000,-9999.000,-9999.000,1.562
101478,35.49,55.62,40.20,19.65,2.02,1.59,0.15,39.20,44.52,-0.18,0.78,1.76,2.01,-9999,0.950,-9999.000,-9999.000,-9999.000,1.564
101479,34.40,56.41,38.17,21.03,2.38,1.44,0.71,37.86,42.13,-0.15,0.82,1.74,1.97,-9999,0.948,-9999.000,-9999.000,-9999.000,1.565
101480,34.82,57.12,36.12,22.45,2.85,1.50,1.04,38.36,39.97,-0.05,0.93,1.75,1.99,-9999,0.947,-9999.000,-9999.000,-9999.000,1.565
101481,30.39,41.60,33.87,20.53,2.86,1.58,1.42,33.75,37.65,-0.16,0.80,1.75,1.99,-9999,0.946,-9999.000,-9999.000,-9999.000,1.566
101482,32.56,41.82,33.67,22.20,2.48,1.61,1.86,36.08,37.46,-0.05,0.93,1.74,1.99,-9999,0.948,-9999.000,-9999.000,-9999.000,1.567
101483,30.46,42.02,33.43,23.89,2.16,1.65,1.45,33.88,37.22,-0.14,0.82,1.72,1.97,-9999,0.950,-9999.000,-9999.000,-9999.000,1.569
101484,33.17,45.45,34.00,24.10,1.89,1.55,-0.01,36.63,37.72,-0.04,0.95,1.72,1.95,-9999,0.950,-9999.000,-9999.000,-9999.000,1.569
101485,31.02,48.84,34.58,24.30,1.03,0.99,-1.15,33.81,37.77,-0.16,0.80,1.71,1.94,-9999,0.948,-9999.000,-9999.000,-9999.000,1.571
101486,30.34,44.17,33.44,23.33,0.71,0.80,-0.95,32.90,36.36,-0.14,0.82,1.72,1.95,-9999,0.949,-9999.000,-9999.000,-9999.000,1.572
101487,30.33,43.95,33.94,21.57,1.27,0.98,-0.56,33.06,37.05,-0.16,0.80,1.72,1.95,-9999,0.950,-9999.000,-9999.000,-9999.000,1.572
101488,31.04,43.71,34.41,19.83,1.20,0.85,-0.60,33.67,37.39,-0.15,0.81,1.72,1.95,-9999,0.950,-9999.000,-9999.000,-9999.000,1.575
101489,28.75,47.93,30.50,16.27,1.67,1.15,-0.77,31.52,33.51,-0.09,0.89,1.70,1.92,-9999,0.948,-9999.000,-9999.000,-9999.000,1.575
101490,28.70,42.75,29.98,16.01,2.16,1.50,-0.86,31.80,33.27,-0.06,0.92,1.68,1.90,-9999,0.947,-9999.000,-9999.000,-9999.000,1.575
101491,28.63,37.39,29.48,15.73,2.27,1.58,-0.63,31.81,32.81,-0.04,0.94,1.66,1.87,-9999,0.946,-9999.000,-9999.000,-9999.000,1.576
101492,31.18,38.36,29.63,18.68,2.40,1.65,0.84,34.60,33.08,0.07,1.11,1.64,1.85,-9999,0.948,-9999.000,-9999.000,-9999.000,1.578
101493,28.98,39.30,29.72,21.67,2.79,1.96,1.97,32.58,33.49,-0.04,0.95,1.63,1.84,-9999,0.948,-9999.000,-9999.000,-9999.000,1.577
101494,26.21,38.80,30.46,21.32,3.59,2.16,2.66,29.87,34.48,-0.21,0.74,1.63,1.84,-9999,0.950,-9999.000,-9999.000,-9999.000,1.579
101495,28.13,38.29,31.21,20.99,3.95,2.44,2.85,32.18,35.53,-0.15,0.82,1.64,1.84,-9999,0.951,-9999.000,-9999.000,-9999.000,1.579
101496,26.33,45.14,31.61,23.17,4.06,3.15,2.88,31.00,36.62,-0.26,0.70,1.65,1.84,-9999,-9999,-9999,-9999,-9999,1.581
101497,28.16,44.78,31.56,23.23,3.82,3.35,2.76,33.15,36.79,-0.16,0.80,1.66,1.86,-9999,-9999,-9999,-9999,-9999,1.581
101498,28.26,44.45,31.55,23.30,3.19,3.08,2.71,32.99,36.52,-0.15,0.81,1.66,1.86,-9999,-9999,-9999,-9999,-9999,1.583
101499,27.58,44.68,29.56,20.62,2.70,2.73,2.50,31.90,34.04,-0.09,0.88,1.67,1.88,-9999,-9999,-9999,-9999,-9999,1.583
101500,26.59,44.88,27.59,17.95,2.87,2.66,1.98,30.79,31.92,-0.05,0.93,1.69,1.92,-9999,-9999,-9999,-9999,-9999,1.584
101501,27.70,49.35,30.69,12.61,2.68,2.67,1.94,31.99,35.25,-0.13,0.83,1.73,1.96,-9999,-9999,-9999,-9999,-9999,1.585
101502,27.68,44.21,28.17,12.88,2.35,2.45,2.53,31.78,32.43,-0.02,0.97,1.78,2.03,-9999,-9999,-9999,-9999,-9999,1.586
101503,27.52,39.05,25.61,13.25,1.75,2.33,3.85,31.51,29.63,0.09,1.14,1.80,2.07,-9999,-9999,-9999,-9999,-9999,1.587
101504,25.93,38.37,25.22,16.32,1.83,2.22,4.09,29.73,29.14,0.03,1.05,1.82,2.08,-9999,-9999,-9999,-9999,-9999,1.589
101505,24.15,37.71,24.75,19.50,1.54,1.68,2.81,27.30,28.11,-0.03,0.96,1.79,2.04,-9999,-9999,-9999,-9999,-9999,1.590
101506,23.11,45.21,26.15,19.70,1.34,1.25,1.79,25.78,29.20,-0.16,0.81,1.78,2.02,-9999,-9999,-9999,-9999,-9999,1.590
101507,24.07,52.58,27.60,19.92,0.76,0.58,0.71,26.16,30.11,-0.17,0.79,1.79,2.01,-9999,-9999,-9999,-9999,-9999,1.592
101508,22.43,43.46,27.58,14.23,-0.34,-0.71,0.31,23.15,28.83,-0.26,0.69,1.79,2.03,-9999,-9999,-9999,-9999,-9999,1.592
101509,26.40,44.88,32.21,14.71,-1.03,-0.98,0.41,27.10,33.53,-0.26,0.70,1.81,2.06,-9999,-9999,-9999,-9999,-9999,1.593
101510,24.90,41.93,31.64,15.04,-0.66,-1.01,-0.16,25.47,32.91,-0.37,0.60,1.82,2.08,-9999,-9999,-9999,-9999,-9999,1.595
101511,29.18,47.93,37.39,19.29,0.46,-0.74,-0.73,30.30,39.40,-0.40,0.58,1.85,2.08,-9999,-9999,-9999,-9999,-9999,1.597
101512,23.48,35.46,26.78,12.64,0.20,-1.94,-2.57,23.02,26.82,-0.19,0.77,1.85,2.08,-9999,-9999,-9999,-9999,-9999,1.596
101513,21.19,26.67,20.72,15.64,-1.67,-3.22,-3.95,19.29,19.02,0.03,1.05,1.88,2.09,-9999,-9999,-9999,-9999,-9999,1.599
101514,25.57,31.16,28.94,12.47,-2.09,-3.26,-3.34,23.90,27.80,-0.21,0.75,1.89,2.09,-9999,-9999,-9999,-9999,-9999,1.600
101515,26.09,44.48,25.75,14.41,-1.24,-2.28,-2.35,25.41,25.34,0.02,1.03,1.88,2.08,-9999,-9999,-9999,-9999,-9999,1.601
