NASA Data Processing/CAMP2Ex/OPTICAL/CAMP2Ex-LARGE-OPTICAL_P3B_20190827_R0.ict
100,1001
Luke Ziemba
NASA Langley
In-situ optical aerosol measurements from the NASA P3B
CAMP2Ex
1,1
2019,08,27,2020,05,5
1.0
Time_Mid,Secs after midnight,Time of acquisition
19
1,1,1,1,1,1,1,1,1,1,1,1,1,1,1,1,1,1,1
-9999,-9999,-9999,-9999,-9999,-9999,-9999,-9999,-9999,-9999,-9999,-9999,-9999,-9999,-9999,-9999,-9999,-9999,-9999
Sc550_total_amb, Mm-1, AerOpt_Scattering_InSitu_Green_RHa_Bulk_STP, scattering coefficient of ambient  particles at 550nm
Sc450_total, Mm-1, AerOpt_Scattering_InSitu_Blue_RHd_Bulk_STP, Dry Scattering at 450nm (Total Aerosols)
Sc550_total, Mm-1, AerOpt_Scattering_InSitu_Green_RHd_Bulk_STP, Dry Scattering at 550nm (Total Aerosols)
Sc700_total, Mm-1, AerOpt_Scattering_InSitu_Red_RHd_Bulk_STP, Dry Scattering at 700nm (Total Aerosols)
Abs470_total, Mm-1, AerOpt_Absorption_InSitu_Blue_RHd_Bulk_STP, Dry absorption at 470nm (Total Aerosols)
Abs532_total, Mm-1, AerOpt_Absorption_InSitu_Green_RHd_Bulk_STP, Dry absorption at 532nm (Total Aerosols)
Abs660_total, Mm-1, AerOpt_Absorption_InSitu_Red_RHd_Bulk_STP, Dry absorption at 660nm (Total Aerosols)
Ext532_total_amb, Mm-1, AerOpt_Extinction_InSitu_Green_RHa_Bulk_STP, extinction coefficient of aerosols at 532nm for AMBIENT relative humidity
Ext532_total_dry, Mm-1, AerOpt_Extinction_InSitu_Green_RHd_Bulk_STP, extinction coefficient of aerosols at 532nm for DRY relative humidity
gamma550, unitless, AerOpt_Gamma_InSitu_Green_None_Bulk_STP, derived optical hygroscopic growth factor for particles at 550nm
fRH550_RH20to80, unitless, AerOpt_fRHScat_InSitu_Green_RHsp_Bulk_STP, derived optical hygroscopic growth parameter for particles at 550nm
AEscatAMB_450to700nm,unitless, AerOpt_AngstromExponentScat_InSitu_BluetoRed_RHa_Bulk_STP, derived ambient Angstrom Exponent for scattering coefficient over wavelength range from 450nm to 700nm
AEscatDRY_450to700nm,unitless, AerOpt_AngstromExponentScatInSitu_BluetoRed_RHd_Bulk_STP, derived dry Angstrom Exponent for scattering coefficient over wavelength range from 450nm to 700nm
AEabsDRY_470to660nm,unitless, AerOpt_AngstromExponentAbs_InSitu_BluetoRed_RHd_Bulk_STP, derived dry Angstrom Exponent for absorption coefficient over wavelength range from 450nm to 700nm
SSA_dry_450nm,unitless, AerOpt_SSA_InSitu_Blue_RHd_Bulk_STP, single_scattering_albedo_at_450nm_as_derived_from_dry_scattering_and_absorption
SSA_dry_550nm,unitless, AerOpt_SSA_InSitu_Green_RHd_Bulk_STP, single_scattering_albedo_at_550nm_as_derived_from_dry_scattering_and_absorption
SSA_dry_700nm,unitless, AerOpt_SSA_InSitu_Red_RHd_Bulk_STP, single_scattering_albedo_at_700nm_as_derived_from_dry_scattering_and_absorption
SSA_amb_550nm,unitless, AerOpt_SSA_InSitu_Green_RHa_Bulk_STP, single_scattering_albedo_at_550nm_as_derived_from_ambient_scattering_and_absorption
stdPT,unitless, None, Conversion factor to convert between ambient and standard pressure and temperature conditions
0
67
******************************************************************************************************************
Langley Aerosol data from the 2019 CAMP2Ex field campaign
 
PI_CONTACT_INFO: luke.ziemba@nasa.gov
PLATFORM: NASA P3B aircraft
LOCATION: Latitude, Longitude, and Altitude included in MetNav files
[...]
UNCERTAINTY: estimated uncertainties for directly measured properties
	- For dry scattering, accuracy estimated at 30% for all wavelengths; precision estimated at 4.5 Mm-1 for 450nm wavelength and 3 Mm-1 for 550nm and 700nm wavelengths
	- For dry absorption, accuracy estimated at 15% for all wavelengths; precision is a function of pressure and is estimated to vary from 0.5 Mm-1 near the surface to 2 at high altitude
	- For derived parameters, please contact the PI for a more detailed discussion of uncertainty
ULOD_FLAG: -7777
ULOD_VALUE: N/A
LLOD_FLAG: -8888
LLOD_VALUE: N/A
DM_CONTACT_INFO: Michael Shook (michael.shook@nasa.gov)
PROJECT_INFO: CAMP2Ex 2019
STIPULATIONS_ON_USE: This is FINAL data. Users are strongly encouraged to consult the PI and/or DM prior to use.
OTHER_COMMENTS: N/A
REVISION: R0
R0: STP and ambient parameter calculations now use data from their respective publicly available files, data is time synced to DLH
RD: Correction factor applied to raw scattering data, which also affects the absorption data via the Virkkula correction
RC: Higher threshholds required for calculating intensive parameters; absorption smoothing algorithm applied
RB: Time sync to LARGE CNgt3nm applied
RA: None
******************************************************************************************************************
Time_Mid,Sc550_total_amb,Sc450_total,Sc550_total,Sc700_total,Abs470_total,Abs532_total,Abs660_total,Ext532_total_amb,Ext532_total_dry,gamma550,fRH550_RH20to80,AEscatAMB_450to700nm,AEscatDRY_450to700nm,AEabsDRY_470to660nm,SSA_dry_450nm,SSA_dry_550nm,SSA_dry_700nm,SSA_amb_550nm,stdPT
[from data line 17343]
17671,9.36,11.19,8.51,6.99,-1.07,-1.30,-0.98,8.46,7.42,0.08,1.12,0.96,2.04,-9999,-9999,-9999,-9999,-9999,1.286
17672,11.05,10.63,8.85,6.72,-1.70,-1.89,-1.04,9.66,7.22,0.19,1.30,1.00,2.06,-9999,-9999,-9999,-9999,-9999,1.286
17673,11.02,11.53,10.06,6.91,-2.29,-2.29,-1.55,9.25,8.03,0.08,1.12,1.01,2.07,-9999,-9999,-9999,-9999,-9999,1.286
17674,8.68,12.97,5.53,1.20,-2.50,-2.27,-1.87,6.84,3.41,0.41,1.76,1.05,2.07,-9999,-9999,-9999,-9999,-9999,1.286
17675,-9999.00,10.96,4.45,1.46,-2.18,-2.04,-1.85,-9999.00,2.53,-9999.00,-9999.00,1.07,2.10,-9999,-9999,-9999,-9999,-9999,1.284
17676,-9999.00,8.95,3.38,1.75,-1.66,-1.68,-1.78,-9999.00,1.79,-9999.00,-9999.00,1.10,2.07,-9999,-9999,-9999,-9999,-9999,1.284
17677,-9999.00,10.92,4.85,3.66,-1.69,-1.08,-0.95,-9999.00,3.90,-9999.00,-9999.00,1.10,2.03,-9999,-9999,-9999,-9999,-9999,1.283
17678,9.15,9.05,7.04,1.72,-2.00,-0.56,0.04,9.06,6.68,0.21,1.34,1.19,1.94,-9999,-9999,-9999,-9999,-9999,1.283
17679,14.04,13.60,10.51,4.79,-2.10,-0.42,0.09,14.33,10.51,0.22,1.36,1.20,2.02,-9999,-9999,-9999,-9999,-9999,1.283
17680,12.62,6.09,9.70,1.38,-2.10,-0.56,-0.04,12.69,9.64,0.20,1.32,1.21,2.14,-9999,-9999,-9999,-9999,-9999,1.281
17681,11.58,1.78,18.25,3.73,-1.89,-0.76,-0.07,11.38,18.50,-0.35,0.61,1.16,2.16,-9999,-9999,-9999,-9999,-9999,1.282
17682,6.88,3.15,7.79,1.76,-1.63,-0.63,0.02,6.60,7.67,-0.10,0.88,1.18,2.27,-9999,-9999,-9999,-9999,-9999,1.282
17683,8.91,7.21,7.33,4.59,-1.62,-0.73,-0.11,8.61,7.07,0.15,1.23,1.19,2.23,-9999,-9999,-9999,-9999,-9999,1.282
17684,-9999.00,6.34,8.60,6.57,-2.39,-1.60,-0.63,-9999.00,7.52,-9999.00,-9999.00,0.97,2.11,-9999,-9999,-9999,-9999,-9999,1.282
17685,5.38,7.52,7.02,3.89,-3.56,-2.68,-1.47,2.98,4.71,-0.21,0.75,1.07,2.01,-9999,-9999,-9999,-9999,-9999,1.283
17686,6.20,12.86,6.34,4.33,-3.73,-2.89,-2.77,3.65,3.75,-0.02,0.98,1.15,1.91,-9999,-9999,-9999,-9999,-9999,1.282
17687,9.35,14.67,5.11,4.45,-3.24,-3.00,-3.38,6.89,2.36,0.46,1.89,1.16,1.91,-9999,-9999,-9999,-9999,-9999,1.281
17688,8.00,6.48,9.44,1.70,-2.76,-2.82,-2.25,5.61,7.12,-0.13,0.84,1.11,1.93,-9999,-9999,-9999,-9999,-9999,1.281
17689,9.04,7.97,5.65,3.21,-1.87,-2.22,-1.03,7.32,3.75,0.37,1.66,1.13,1.98,-9999,-9999,-9999,-9999,-9999,1.281
17690,6.34,6.74,7.97,1.20,-1.26,-1.98,-0.57,4.70,6.40,-0.17,0.79,1.15,1.93,-9999,-9999,-9999,-9999,-9999,1.282
17691,-9999.00,9.21,4.56,3.77,-1.62,-2.21,-0.91,-9999.00,2.57,-9999.00,-9999.00,1.19,1.90,-9999,-9999,-9999,-9999,-9999,1.281
17692,12.21,6.54,5.31,3.06,-1.97,-2.37,-1.09,10.49,3.17,0.64,2.41,1.20,1.83,-9999,-9999,-9999,-9999,-9999,1.281
17693,-9999.00,9.61,4.73,6.61,-2.07,-2.01,-1.15,-9999.00,2.91,-9999.00,-9999.00,1.23,1.83,-9999,-9999,-9999,-9999,-9999,1.280
17694,-9999.00,12.34,4.24,4.36,-1.83,-1.17,-1.25,-9999.00,3.26,-9999.00,-9999.00,1.20,1.83,-9999,-9999,-9999,-9999,-9999,1.279
17695,-9999.00,17.47,4.96,7.30,-1.36,-1.01,-0.83,-9999.00,4.18,-9999.00,-9999.00,1.24,1.86,-9999,-9999,-9999,-9999,-9999,1.280
17696,8.25,12.30,7.78,7.38,-1.25,-1.07,-0.67,7.68,7.12,0.05,1.07,1.26,1.90,-9999,-9999,-9999,-9999,-9999,1.279
17697,8.84,16.98,6.30,4.78,-1.47,-1.17,-1.14,8.17,5.54,0.27,1.45,1.28,2.02,-9999,-9999,-9999,-9999,-9999,1.280
17698,7.78,11.74,7.60,3.07,-2.08,-1.43,-1.78,6.77,6.68,0.02,1.03,1.30,2.08,-9999,-9999,-9999,-9999,-9999,1.278
17699,8.48,10.49,7.75,6.97,-2.52,-1.24,-1.94,7.67,7.04,0.07,1.10,1.32,2.15,-9999,-9999,-9999,-9999,-9999,1.278
17700,11.05,8.69,11.39,6.04,-1.71,-0.56,-0.95,11.04,11.63,-0.02,0.97,1.32,2.24,-9999,-9999,-9999,-9999,-9999,1.278
17701,11.36,12.26,10.36,7.49,-0.55,0.07,0.43,11.94,11.17,0.07,1.10,1.30,2.26,-9999,-9999,-9999,-9999,-9999,1.277
17702,11.93,14.28,9.28,8.05,0.69,0.85,0.98,13.28,10.79,0.17,1.26,1.36,2.21,-9999,-9999,-9999,-9999,-9999,1.277
17703,20.58,18.66,11.47,9.18,1.34,1.18,1.86,22.58,13.43,0.37,1.67,1.38,2.15,-9999,-9999,-9999,-9999,-9999,1.277
17704,15.55,16.62,8.95,6.12,1.30,1.20,2.37,17.36,10.78,0.33,1.58,1.46,2.11,-9999,-9999,-9999,-9999,-9999,1.276
17705,13.78,14.07,12.60,4.66,1.23,1.14,2.80,15.45,14.64,0.05,1.07,1.45,2.12,-9999,-9999,-9999,-9999,-9999,1.275
17706,12.08,9.11,8.71,2.22,0.82,1.07,3.27,13.59,10.40,0.20,1.32,1.46,2.10,-9999,-9999,-9999,-9999,-9999,1.276
17707,13.94,13.94,14.05,8.59,0.17,0.89,2.03,15.35,15.94,-0.00,0.99,1.51,2.10,-9999,-9999,-9999,-9999,-9999,1.275
17708,13.41,12.75,8.89,4.31,-0.28,0.51,-0.01,14.43,10.05,0.26,1.43,1.52,2.11,-9999,-9999,-9999,-9999,-9999,1.275
17709,16.42,20.02,10.11,6.40,-0.86,-0.30,-1.25,16.75,10.51,0.31,1.54,1.49,2.15,-9999,-9999,-9999,-9999,-9999,1.274
17710,12.79,21.15,12.00,6.02,-1.53,-0.96,-1.60,12.35,11.85,0.04,1.06,1.50,2.10,-9999,-9999,-9999,-9999,-9999,1.274
17711,16.75,22.20,13.89,5.71,-2.23,-1.67,-1.41,15.81,13.10,0.12,1.17,1.53,2.12,-9999,-9999,-9999,-9999,-9999,1.274
17712,17.94,19.91,13.17,3.17,-2.45,-1.95,-1.26,16.78,12.04,0.18,1.29,1.53,2.17,-9999,-9999,-9999,-9999,-9999,1.274
17713,16.67,18.47,14.01,3.53,-2.75,-2.04,-1.92,15.34,12.78,0.11,1.16,1.55,2.17,-9999,-9999,-9999,-9999,-9999,1.273
17714,17.37,15.92,11.51,3.10,-2.83,-2.04,-2.39,16.06,10.14,0.25,1.42,1.55,2.15,-9999,-9999,-9999,-9999,-9999,1.273
17715,17.96,12.13,9.14,2.68,-2.77,-2.02,-2.83,16.70,7.62,0.42,1.80,1.58,2.14,-9999,-9999,-9999,-9999,-9999,1.273
17716,23.17,14.18,9.23,5.48,-2.32,-1.75,-2.07,22.42,8.01,0.56,2.16,1.55,2.15,-9999,-9999,-9999,-9999,-9999,1.272
17717,18.82,16.08,9.11,8.65,-1.47,-1.61,-0.36,18.04,8.00,0.43,1.83,1.51,2.10,-9999,-9999,-9999,-9999,-9999,1.272
17718,20.39,18.22,12.04,10.02,-1.48,-1.55,0.25,19.72,11.17,0.32,1.56,1.49,2.15,-9999,-9999,-9999,-9999,-9999,1.271
17719,16.80,18.65,13.46,9.76,-2.19,-1.42,-0.86,16.13,12.80,0.14,1.22,1.43,2.18,-9999,-9999,-9999,-9999,-9999,1.271
17720,17.23,20.69,13.92,7.61,-2.68,-1.32,-1.87,16.67,13.37,0.15,1.22,1.43,2.19,-9999,-9999,-9999,-9999,-9999,1.271
17721,17.01,16.04,12.80,6.17,-2.61,-1.26,-2.29,16.48,12.29,0.21,1.34,1.46,2.20,-9999,-9999,-9999,-9999,-9999,1.271
17722,16.76,17.86,10.93,7.03,-1.95,-0.92,-1.20,16.52,10.67,0.28,1.48,1.43,2.16,-9999,-9999,-9999,-9999,-9999,1.271
17723,23.45,14.32,9.81,5.04,-1.40,-0.53,-0.77,23.85,9.89,0.55,2.14,1.41,2.15,-9999,-9999,-9999,-9999,-9999,1.269
17724,14.90,14.39,13.13,5.78,-0.84,-0.55,-1.04,14.95,13.39,0.08,1.12,1.39,2.13,-9999,-9999,-9999,-9999,-9999,1.269
17725,17.74,16.50,9.91,10.06,-0.83,-0.89,-0.67,17.59,9.60,0.36,1.64,1.39,2.10,-9999,-9999,-9999,-9999,-9999,1.268
17726,13.01,18.94,14.25,6.08,-1.26,-0.90,0.19,12.65,14.16,-0.06,0.92,1.38,2.04,-9999,-9999,-9999,-9999,-9999,1.267
17727,19.34,19.72,14.96,6.02,-1.16,-0.62,0.68,19.54,15.21,0.17,1.26,1.41,1.96,-9999,-9999,-9999,-9999,-9999,1.268
17728,17.02,20.46,15.65,5.95,-0.81,-0.53,0.50,17.23,16.02,0.06,1.08,1.43,1.90,-9999,-9999,-9999,-9999,-9999,1.267
17729,19.55,16.33,12.53,6.49,-0.59,-0.54,0.62,19.86,12.73,0.27,1.45,1.45,1.85,-9999,-9999,-9999,-9999,-9999,1.265
17730,15.18,16.45,19.30,10.60,-0.73,-0.66,1.41,15.18,19.85,-0.15,0.82,1.44,1.84,-9999,-9999,-9999,-9999,-9999,1.264
17731,17.19,15.47,10.10,7.79,-1.06,-1.01,0.55,16.92,9.74,0.33,1.57,1.44,1.90,-9999,-9999,-9999,-9999,-9999,1.265
17732,14.40,14.93,15.92,12.35,-1.39,-1.09,-1.35,13.94,15.86,-0.06,0.92,1.42,1.92,-9999,-9999,-9999,-9999,-9999,1.264
17733,18.50,22.78,12.25,7.36,-1.51,-0.58,-1.21,18.73,12.47,0.25,1.41,1.40,2.00,-9999,-9999,-9999,-9999,-9999,1.263
17734,16.10,22.52,15.43,7.70,-1.21,-0.22,-1.09,16.60,16.21,0.03,1.04,1.38,2.07,-9999,-9999,-9999,-9999,-9999,1.264
17735,20.87,18.85,12.10,5.79,-1.12,-0.32,-1.75,21.47,12.56,0.32,1.57,1.35,2.13,-9999,-9999,-9999,-9999,-9999,1.263
17736,22.51,24.99,14.10,8.34,-1.10,-0.33,-1.55,23.26,14.71,0.27,1.46,1.37,2.14,-9999,-9999,-9999,-9999,-9999,1.262
17737,22.98,16.76,9.47,8.50,-0.74,-0.14,-0.75,23.97,9.96,0.50,2.00,1.37,2.13,-9999,-9999,-9999,-9999,-9999,1.261
17738,20.15,17.57,12.29,11.46,-0.73,-0.12,-0.67,21.06,12.97,0.27,1.46,1.33,2.09,-9999,-9999,-9999,-9999,-9999,1.260
17739,16.29,13.47,10.62,6.01,-1.41,-0.29,-1.44,16.85,11.01,0.24,1.39,1.31,2.08,-9999,-9999,-9999,-9999,-9999,1.260
17740,15.79,17.24,14.42,8.08,-2.10,-0.53,-1.01,16.10,14.80,0.05,1.07,1.29,2.09,-9999,-9999,-9999,-9999,-9999,1.259
17741,19.47,14.24,10.64,9.02,-2.10,-0.99,0.35,19.52,10.31,0.34,1.60,1.26,2.13,-9999,-9999,-9999,-9999,-9999,1.258
17742,23.05,13.22,7.68,10.26,-2.04,-1.61,-0.37,22.67,6.56,0.64,2.44,1.23,2.14,-9999,-9999,-9999,-9999,-9999,1.257
17743,18.20,15.44,9.63,7.84,-2.52,-1.91,-0.99,17.26,8.35,0.38,1.70,1.19,2.14,-9999,-9999,-9999,-9999,-9999,1.257
17744,21.81,20.68,12.57,9.43,-3.15,-2.11,-2.22,20.85,11.35,0.35,1.63,1.15,2.17,-9999,-9999,-9999,-9999,-9999,1.256
17745,15.11,23.90,9.75,7.24,-3.47,-2.48,-3.26,13.40,8.01,0.28,1.48,1.12,2.23,-9999,-9999,-9999,-9999,-9999,1.256
17746,16.95,29.34,15.81,4.34,-3.41,-2.99,-3.43,14.79,14.08,0.05,1.07,1.11,2.27,-9999,-9999,-9999,-9999,-9999,1.255
17747,16.25,20.41,13.03,5.78,-3.28,-3.14,-3.22,13.89,10.97,0.15,1.23,1.07,2.29,-9999,-9999,-9999,-9999,-9999,1.256
17748,21.08,23.13,12.73,3.55,-2.72,-2.92,-3.36,19.15,10.89,0.34,1.60,1.08,2.36,-9999,-9999,-9999,-9999,-9999,1.255
17749,15.57,13.89,9.78,0.91,-2.08,-2.57,-3.56,13.75,8.02,0.31,1.54,1.05,2.35,-9999,-9999,-9999,-9999,-9999,1.254
17750,17.38,16.65,12.15,3.11,-1.82,-2.16,-2.94,16.04,11.01,0.23,1.38,1.07,2.35,-9999,-9999,-9999,-9999,-9999,1.253
17751,12.71,14.86,6.83,3.51,-1.89,-1.72,-1.35,11.60,5.67,0.39,1.71,1.07,2.35,-9999,-9999,-9999,-9999,-9999,1.253
17752,15.93,13.29,10.69,6.82,-1.46,-1.47,-0.92,15.26,10.08,0.25,1.42,1.07,2.35,-9999,-9999,-9999,-9999,-9999,1.252
17753,12.17,9.32,7.70,6.91,-0.65,-1.11,-0.49,11.69,7.22,0.28,1.48,1.12,2.40,-9999,-9999,-9999,-9999,-9999,1.251
17754,14.59,12.20,11.16,5.55,-0.08,-0.69,-1.36,14.67,11.38,0.17,1.26,1.17,2.43,-9999,-9999,-9999,-9999,-9999,1.250
17755,11.86,12.87,13.40,4.47,-0.38,-0.29,-1.56,12.22,14.18,-0.08,0.90,1.26,2.38,-9999,-9999,-9999,-9999,-9999,1.249
17756,15.51,15.55,12.41,5.47,-0.54,0.14,-0.68,16.49,13.52,0.14,1.21,1.31,2.34,-9999,-9999,-9999,-9999,-9999,1.249
17757,13.58,15.98,9.89,4.29,-0.67,0.35,-0.16,14.66,11.00,0.20,1.31,1.34,2.32,-9999,-9999,-9999,-9999,-9999,1.248
17758,14.73,22.66,12.08,7.24,-1.23,0.19,-0.44,15.70,13.17,0.12,1.18,1.31,2.33,-9999,-9999,-9999,-9999,-9999,1.248
17759,16.17,25.24,9.79,4.79,-1.35,-0.06,-0.67,16.94,10.46,0.30,1.52,1.29,2.34,-9999,-9999,-9999,-9999,-9999,1.246
17760,17.89,32.32,11.42,7.25,-0.81,-0.33,-1.01,18.48,11.93,0.27,1.45,1.28,2.34,-9999,-9999,-9999,-9999,-9999,1.246
17761,16.32,15.81,10.96,6.70,-0.88,-0.54,-0.94,16.63,11.19,0.23,1.38,1.31,2.31,-9999,-9999,-9999,-9999,-9999,1.245
17762,18.44,21.19,8.33,7.39,-1.28,-0.61,-0.28,18.78,8.29,0.48,1.95,1.31,2.21,-9999,-9999,-9999,-9999,-9999,1.244
17763,12.68,16.31,10.65,6.43,-1.51,-0.79,0.66,12.56,10.61,0.11,1.16,1.33,2.19,-9999,-9999,-9999,-9999,-9999,1.244
17764,18.10,19.69,13.48,7.37,-1.54,-1.12,-0.23,17.94,13.30,0.18,1.29,1.31,2.14,-9999,-9999,-9999,-9999,-9999,1.244
17765,18.17,17.10,11.25,5.70,-1.86,-1.31,-1.18,17.87,10.73,0.30,1.52,1.30,2.11,-9999,-9999,-9999,-9999,-9999,1.245
17766,17.49,20.93,15.30,6.57,-1.95,-1.44,-1.30,17.04,14.94,0.08,1.12,1.31,2.09,-9999,-9999,-9999,-9999,-9999,1.243
17767,21.66,18.83,13.74,6.05,-1.62,-1.47,-1.12,21.38,13.22,0.29,1.49,1.31,2.08,-9999,-9999,-9999,-9999,-9999,1.244
17768,19.88,18.82,12.06,5.50,-1.75,-1.34,-1.38,19.63,11.55,0.31,1.53,1.33,2.09,-9999,-9999,-9999,-9999,-9999,1.243
17769,25.88,17.09,9.82,7.98,-2.18,-1.11,-1.76,26.12,9.39,0.57,2.20,1.34,2.14,-9999,-9999,-9999,-9999,-9999,1.242
17770,16.85,13.93,15.63,10.57,-2.06,-1.14,-2.07,16.57,15.61,0.04,1.06,1.34,2.17,-9999,-9999,-9999,-9999,-9999,1.242
17771,16.46,16.33,16.32,11.51,-1.79,-1.23,-1.77,16.03,16.28,0.01,1.01,1.36,2.19,-9999,-9999,-9999,-9999,-9999,1.241
17772,16.56,18.18,17.06,12.46,-1.76,-1.00,-1.03,16.33,17.35,-0.02,0.98,1.36,2.20,-9999,-9999,-9999,-9999,-9999,1.241
17773,19.32,18.67,14.34,11.11,-1.77,-0.67,0.05,19.52,14.78,0.17,1.27,1.37,2.20,-9999,-9999,-9999,-9999,-9999,1.241
17774,18.86,21.16,13.95,9.39,-1.51,-0.78,0.16,18.90,14.25,0.18,1.29,1.38,2.21,-9999,-9999,-9999,-9999,-9999,1.240
17775,17.35,22.26,15.41,9.89,-0.93,-0.89,-0.19,17.28,15.70,0.07,1.10,1.44,2.18,-9999,-9999,-9999,-9999,-9999,1.240
17776,19.46,18.15,12.73,7.82,-0.65,-0.68,-0.54,19.72,13.00,0.26,1.42,1.44,2.13,-9999,-9999,-9999,-9999,-9999,1.240
17777,19.82,20.75,14.11,10.48,-0.87,-0.72,-0.83,20.10,14.49,0.21,1.33,1.49,2.14,-9999,-9999,-9999,-9999,-9999,1.240
17778,18.23,23.12,10.53,8.05,-1.12,-1.03,-0.65,18.16,10.31,0.34,1.61,1.51,2.14,-9999,-9999,-9999,-9999,-9999,1.239
17779,20.37,18.64,11.65,6.77,-1.59,-1.00,-0.25,20.41,11.54,0.35,1.62,1.51,2.16,-9999,-9999,-9999,-9999,-9999,1.239
17780,15.07,20.81,12.29,6.67,-2.05,-1.13,-0.65,14.70,12.09,0.12,1.19,1.52,2.18,-9999,-9999,-9999,-9999,-9999,1.239
17781,17.51,19.90,13.14,6.43,-1.99,-1.55,-1.05,16.86,12.58,0.17,1.27,1.53,2.20,-9999,-9999,-9999,-9999,-9999,1.238
17782,19.87,18.89,14.00,6.19,-1.35,-1.54,-1.09,19.34,13.50,0.21,1.34,1.53,2.18,-9999,-9999,-9999,-9999,-9999,1.238
17783,22.73,20.16,15.53,8.99,-1.33,-1.22,-1.20,22.69,15.47,0.23,1.37,1.53,2.19,-9999,-9999,-9999,-9999,-9999,1.238
17784,25.36,18.33,11.93,5.25,-2.20,-1.18,-0.90,25.48,11.63,0.45,1.86,1.52,2.18,-9999,-9999,-9999,-9999,-9999,1.238
17785,32.01,25.18,15.41,7.48,-2.05,-1.36,-0.50,32.32,15.17,0.43,1.83,1.50,2.17,-9999,-9999,-9999,-9999,-9999,1.237
17786,26.60,19.77,13.61,5.15,-1.02,-1.23,-0.47,26.69,13.38,0.40,1.74,1.46,2.15,-9999,-9999,-9999,-9999,-9999,1.237
17787,29.03,31.24,17.34,9.91,-0.90,-1.03,-0.83,29.42,17.63,0.30,1.52,1.45,2.19,-9999,-9999,-9999,-9999,-9999,1.236
17788,23.53,27.48,14.36,8.26,-1.03,-1.11,-1.11,23.56,14.37,0.29,1.49,1.42,2.22,-9999,-9999,-9999,-9999,-9999,1.236
17789,28.38,32.32,16.64,10.47,-0.86,-0.98,-0.61,28.78,17.00,0.31,1.53,1.42,2.27,-9999,-9999,-9999,-9999,-9999,1.236
17790,20.08,27.86,14.31,8.34,-1.04,-0.34,-0.03,20.73,15.15,0.19,1.31,1.41,2.29,-9999,-9999,-9999,-9999,-9999,1.236
17791,23.79,30.97,16.98,12.37,-1.48,-0.31,-0.10,24.66,18.10,0.19,1.31,1.43,2.31,-9999,-9999,-9999,-9999,-9999,1.236
17792,24.29,28.27,10.13,10.92,-1.40,-0.81,-0.37,24.69,10.18,0.50,1.99,1.43,2.30,-9999,-9999,-9999,-9999,-9999,1.236
17793,27.17,21.74,12.75,7.29,-0.83,-0.74,-0.63,27.79,13.07,0.43,1.82,1.44,2.32,-9999,-9999,-9999,-9999,-9999,1.236
17794,28.30,23.82,15.60,7.45,-0.69,-0.52,-0.51,29.24,16.34,0.35,1.61,1.42,2.31,-9999,-9999,-9999,-9999,-9999,1.236
17795,32.47,25.82,18.43,7.65,-1.14,-0.57,-0.27,33.56,19.32,0.33,1.58,1.45,2.28,-9999,-9999,-9999,-9999,-9999,1.235
17796,20.21,25.64,18.23,6.45,-1.54,-0.88,-0.31,20.33,18.80,0.06,1.09,1.46,2.26,-9999,-9999,-9999,-9999,-9999,1.235
17797,23.76,24.36,18.28,9.36,-1.78,-1.06,-0.43,23.84,18.67,0.16,1.25,1.45,2.24,-9999,-9999,-9999,-9999,-9999,1.236
17798,20.42,20.64,15.40,6.63,-1.80,-0.82,-0.56,20.54,15.81,0.17,1.26,1.44,2.22,-9999,-9999,-9999,-9999,-9999,1.235
17799,29.24,24.25,16.85,8.09,-1.66,-1.00,-0.89,29.60,17.22,0.35,1.63,1.43,2.25,-9999,-9999,-9999,-9999,-9999,1.234
17800,21.50,24.56,18.72,12.38,-1.51,-1.32,-1.31,21.19,18.92,0.09,1.13,1.44,2.24,-9999,-9999,-9999,-9999,-9999,1.234
17801,29.80,24.86,20.51,16.78,-1.41,-1.19,-1.33,30.05,20.98,0.24,1.40,1.46,2.24,-9999,-9999,-9999,-9999,-9999,1.234
17802,22.79,30.30,16.34,12.72,-1.64,-1.29,-0.96,22.61,16.38,0.22,1.36,1.47,2.21,-9999,-9999,-9999,-9999,-9999,1.233
17803,25.33,27.44,19.28,11.37,-2.35,-1.53,-1.03,25.05,19.29,0.18,1.28,1.49,2.19,-9999,-9999,-9999,-9999,-9999,1.233
17804,21.77,29.08,13.67,8.67,-2.67,-1.21,-1.60,21.65,13.54,0.30,1.52,1.50,2.16,-9999,-9999,-9999,-9999,-9999,1.233
17805,24.92,26.36,14.10,8.96,-1.67,-0.52,-1.43,25.67,14.67,0.36,1.64,1.52,2.14,-9999,-9999,-9999,-9999,-9999,1.232
17806,25.70,29.06,13.72,10.98,-0.31,-0.05,-0.50,26.90,14.74,0.38,1.70,1.48,2.13,-9999,-9999,-9999,-9999,-9999,1.231
17807,27.34,23.86,14.94,9.99,-0.17,-0.15,-0.60,28.51,15.97,0.37,1.67,1.47,2.11,-9999,-9999,-9999,-9999,-9999,1.230
17808,28.11,21.07,17.09,9.02,-0.33,-0.41,-0.64,29.01,17.98,0.32,1.56,1.45,2.14,-9999,-9999,-9999,-9999,-9999,1.230
17809,22.10,23.27,18.13,9.58,0.08,-0.09,0.18,23.04,19.42,0.13,1.19,1.45,2.13,-9999,-9999,-9999,-9999,-9999,1.230
