NASA Data Processing/CAMP2Ex/OPTICAL/CAMP2Ex-LARGE-OPTICAL_P3B_20190916_R0.ict
100,1001
Luke Ziemba
NASA Langley
In-situ optical aerosol measurements from the NASA P3B
CAMP2Ex
1,1
2019,09,16,2020,05,5
1.0
Time_Mid,Secs after midnight,Time of acquisition
19
1,1,1,1,1,1,1,1,1,1,1,1,1,1,1,1,1,1,1
-9999,-9999,-9999,-9999,-9999,-9999,-9999,-9999,-9999,-9999,-9999,-9999,-9999,-9999,-9999,-9999,-9999,-9999,-9999
Sc550_total_amb, Mm-1, AerOpt_Scattering_InSitu_Green_RHa_Bulk_STP, scattering coefficient of ambient  particles at 550nm
Sc450_total, Mm-1, AerOpt_Scattering_InSitu_Blue_RHd_Bulk_STP, Dry Scattering at 450nm (Total Aerosols)
Sc550_total, Mm-1, AerOpt_Scattering_InSitu_Green_RHd_Bulk_STP, Dry Scattering at 550nm (Total Aerosols)
Sc700_total, Mm-1, AerOpt_Scattering_InSitu_Red_RHd_Bulk_STP, Dry Scattering at 700nm (Total Aerosols)
Abs470_total, Mm-1, AerOpt_Absorption_InSitu_Blue_RHd_Bulk_STP, Dry absorption at 470nm (Total Aerosols)
Abs532_total, Mm-1, AerOpt_Absorption_InSitu_Green_RHd_Bulk_STP, Dry absorption at 532nm (Total Aerosols)
Abs660_total, Mm-1, AerOpt_Absorption_InSitu_Red_RHd_Bulk_STP, Dry absorption at 660nm (Total Aerosols)
Ext532_total_amb, Mm-1, AerOpt_Extinction_InSitu_Green_RHa_Bulk_STP, extinction coefficient of aerosols at 532nm for AMBIENT relative humidity
Ext532_total_dry, Mm-1, AerOpt_Extinction_InSitu_Green_RHd_Bulk_STP, extinction coefficient of aerosols at 532nm for DRY relative humidity
gamma550, unitless, AerOpt_Gamma_InSitu_Green_None_Bulk_STP, derived optical hygroscopic growth factor for particles at 550nm
fRH550_RH20to80, unitless, AerOpt_fRHScat_InSitu_Green_RHsp_Bulk_STP, derived optical hygroscopic growth parameter for particles at 550nm
AEscatAMB_450to700nm,unitless, AerOpt_AngstromExponentScat_InSitu_BluetoRed_RHa_Bulk_STP, derived ambient Angstrom Exponent for scattering coefficient over wavelength range from 450nm to 700nm
AEscatDRY_450to700nm,unitless, AerOpt_AngstromExponentScatInSitu_BluetoRed_RHd_Bulk_STP, derived dry Angstrom Exponent for scattering coefficient over wavelength range from 450nm to 700nm
AEabsDRY_470to660nm,unitless, AerOpt_AngstromExponentAbs_InSitu_BluetoRed_RHd_Bulk_STP, derived dry Angstrom Exponent for absorption coefficient over wavelength range from 450nm to 700nm
SSA_dry_450nm,unitless, AerOpt_SSA_InSitu_Blue_RHd_Bulk_STP, single_scattering_albedo_at_450nm_as_derived_from_dry_scattering_and_absorption
SSA_dry_550nm,unitless, AerOpt_SSA_InSitu_Green_RHd_Bulk_STP, single_scattering_albedo_at_550nm_as_derived_from_dry_scattering_and_absorption
SSA_dry_700nm,unitless, AerOpt_SSA_InSitu_Red_RHd_Bulk_STP, single_scattering_albedo_at_700nm_as_derived_from_dry_scattering_and_absorption
SSA_amb_550nm,unitless, AerOpt_SSA_InSitu_Green_RHa_Bulk_STP, single_scattering_albedo_at_550nm_as_derived_from_ambient_scattering_and_absorption
stdPT,unitless, None, Conversion factor to convert between ambient and standard pressure and temperature conditions
0
67
******************************************************************************************************************
Langley Aerosol data from the 2019 CAMP2Ex field campaign
 
PI_CONTACT_INFO: luke.ziemba@nasa.gov
PLATFORM: NASA P3B aircraft
LOCATION: Latitude, Longitude, and Altitude included in MetNav files
[...]
UNCERTAINTY: estimated uncertainties for directly measured properties
	- For dry scattering, accuracy estimated at 30% for all wavelengths; precision estimated at 4.5 Mm-1 for 450nm wavelength and 3 Mm-1 for 550nm and 700nm wavelengths
	- For dry absorption, accuracy estimated at 15% for all wavelengths; precision is a function of pressure and is estimated to vary from 0.5 Mm-1 near the surface to 2 at high altitude
	- For derived parameters, please contact the PI for a more detailed discussion of uncertainty
ULOD_FLAG: -7777
ULOD_VALUE: N/A
LLOD_FLAG: -8888
LLOD_VALUE: N/A
DM_CONTACT_INFO: Michael Shook (michael.shook@nasa.gov)
PROJECT_INFO: CAMP2Ex 2019
STIPULATIONS_ON_USE: This is FINAL data. Users are strongly encouraged to consult the PI and/or DM prior to use.
OTHER_COMMENTS: N/A
REVISION: R0
R0: STP and ambient parameter calculations now use data from their respective publicly available files, data is time synced to DLH
RD: Correction factor applied to raw scattering data, which also affects the absorption data via the Virkkula correction
RC: Higher threshholds required for calculating intensive parameters; absorption smoothing algorithm applied
RB: Time sync to LARGE CNgt3nm applied
RA: None
******************************************************************************************************************
Time_Mid,Sc550_total_amb,Sc450_total,Sc550_total,Sc700_total,Abs470_total,Abs532_total,Abs660_total,Ext532_total_amb,Ext532_total_dry,gamma550,fRH550_RH20to80,AEscatAMB_450to700nm,AEscatDRY_450to700nm,AEabsDRY_470to660nm,SSA_dry_450nm,SSA_dry_550nm,SSA_dry_700nm,SSA_amb_550nm,stdPT
[from data line 24165]
103220,-9999.00,2.54,1.71,1.24,0.90,0.82,0.94,-9999.00,2.64,-9999.00,-9999.00,-0.55,-9999,-9999,-9999,-9999,-9999,-9999,1.786
103221,-9999.00,1.90,1.41,0.70,4.14,3.19,2.62,-9999.00,4.70,-9999.00,-9999.00,-0.55,-9999,-9999,-9999,-9999,-9999,-9999,1.785
103222,-9999.00,0.67,1.54,-0.16,6.05,4.54,4.57,-9999.00,6.17,-9999.00,-9999.00,-0.71,-9999,-9999,-9999,-9999,-9999,-9999,1.785
103223,-9999.00,1.44,0.22,-0.21,5.06,2.82,4.94,-9999.00,3.05,-9999.00,-9999.00,-0.34,1.79,0.47,0.437,0.485,0.314,0.839,1.785
103224,-9999.00,-1.12,-1.07,-2.36,2.23,0.32,2.47,-9999.00,-0.80,-9999.00,-9999.00,-0.16,1.52,0.79,0.322,0.342,0.259,0.713,1.786
103225,-9999.00,10.86,0.49,-1.64,1.21,-0.34,0.80,-9999.00,0.17,-9999.00,-9999.00,-0.16,1.29,0.81,0.331,0.361,0.289,0.687,1.785
103226,-9999.00,6.19,-0.44,-1.67,2.39,0.11,1.19,-9999.00,-0.35,-9999.00,-9999.00,-0.16,1.15,0.79,0.359,0.389,0.328,0.687,1.784
103227,-9999.00,2.17,1.49,0.22,2.38,0.16,2.20,-9999.00,1.72,-9999.00,-9999.00,-0.16,1.06,0.78,0.382,0.408,0.358,0.678,1.785
103228,-9999.00,-1.73,1.39,0.72,1.53,-0.01,2.13,-9999.00,1.44,-9999.00,-9999.00,-0.16,0.99,0.78,0.420,0.442,0.403,0.685,1.786
103229,-9999.00,0.67,2.20,2.47,-0.12,-0.71,-0.68,-9999.00,1.57,-9999.00,-9999.00,-0.16,0.92,0.83,0.469,0.500,0.464,0.707,1.784
103230,-9999.00,4.13,4.31,6.14,-2.33,-4.48,-2.52,-9999.00,-0.02,-9999.00,-9999.00,-0.08,0.85,0.82,0.510,0.556,0.512,0.756,1.785
103231,-9999.00,6.30,8.71,4.88,-6.19,-7.20,-3.50,-9999.00,1.80,-9999.00,-9999.00,-0.08,0.81,0.76,0.537,0.593,0.537,0.766,1.785
103232,6.38,8.08,7.60,3.64,-8.25,-10.97,-4.95,-4.55,-3.12,-0.21,0.75,-0.08,0.79,0.79,0.557,0.612,0.562,0.764,1.784
103233,9.28,6.95,12.20,4.59,-0.10,-3.83,1.52,5.48,8.76,-0.40,0.58,-0.08,0.78,0.84,0.572,0.624,0.583,0.770,1.784
103234,15.15,19.16,7.86,3.53,20.70,13.46,16.34,28.63,21.59,0.95,3.73,-0.15,0.81,0.87,0.596,0.645,0.606,0.788,1.785
103235,23.17,13.83,13.80,15.57,35.24,26.01,26.91,49.20,40.29,0.56,2.18,-0.15,0.80,0.85,0.651,0.777,0.660,0.871,1.781
103236,-9999.00,20.68,10.78,11.18,37.60,28.59,28.90,-9999.00,39.76,0.73,2.75,-0.21,0.78,0.92,0.705,0.886,0.719,0.939,1.785
103237,44.60,21.99,19.88,14.80,39.96,30.64,30.55,75.23,51.22,0.33,1.58,-0.16,0.76,0.97,0.702,0.872,0.722,0.929,1.781
103238,28.49,21.56,16.80,17.74,44.60,33.70,34.79,62.19,51.07,0.35,1.62,-0.16,0.72,0.88,0.690,0.838,0.708,0.904,1.788
103239,29.82,31.43,28.57,23.19,46.19,36.95,35.84,66.74,66.48,0.02,1.03,-0.14,0.71,0.81,0.699,0.836,0.712,0.901,1.792
103240,-9999.00,34.10,34.08,27.08,48.18,38.19,34.65,-9999.00,73.44,-0.06,0.92,-0.07,0.72,0.88,0.696,0.824,0.713,0.889,1.784
103241,-9999.00,32.09,22.00,24.95,49.11,40.81,34.14,-9999.00,63.53,0.33,1.58,0.03,0.71,0.92,0.686,0.815,0.708,0.879,1.779
103242,-9999.00,36.13,25.29,26.58,39.30,32.48,28.23,-9999.00,58.61,0.39,1.73,0.11,0.71,0.96,0.693,0.821,0.717,0.878,1.784
103243,-9999.00,40.08,28.52,28.15,15.30,12.93,12.25,-9999.00,42.41,0.22,1.35,0.16,0.72,0.97,0.713,0.837,0.736,0.886,1.785
103244,-9999.00,39.92,36.24,30.79,-1.61,-1.12,-1.04,-9999.00,36.39,0.11,1.16,0.22,0.74,0.84,0.784,-9999.000,0.794,-9999.000,1.781
103245,50.86,40.13,37.54,34.42,-4.29,-3.65,-4.49,47.60,35.25,0.16,1.25,0.26,0.75,1.05,0.878,-9999.000,0.891,-9999.000,1.781
103246,-9999.00,37.30,35.45,28.98,-9.84,-16.29,-8.67,-9999.00,20.44,0.19,1.30,0.26,0.74,-9999,-9999,-9999,-9999,-9999,1.787
103247,-9999.00,38.73,32.56,30.25,-17.21,-25.87,-14.21,-9999.00,7.86,0.31,1.53,0.35,0.74,-9999,-9999,-9999,-9999,-9999,1.786
103248,41.93,39.43,33.89,29.06,-15.07,-23.68,-12.81,18.80,11.40,0.25,1.42,0.45,0.74,-9999,-9999,-9999,-9999,-9999,1.781
103249,51.25,42.50,29.60,25.33,-9.64,-18.27,-7.87,33.67,12.39,0.32,1.55,0.55,0.73,-9999,-9999,-9999,-9999,-9999,1.779
103250,-9999.00,36.69,27.59,27.31,-8.18,-15.84,-5.86,-9999.00,12.69,0.35,1.63,0.60,0.68,-9999,-9999,-9999,-9999,-9999,1.783
103251,58.59,37.38,29.56,29.10,-4.01,-12.32,-3.90,47.11,18.24,0.25,1.41,0.63,0.68,-9999,0.921,-9999.000,-9999.000,-9999.000,1.782
103252,36.38,29.53,24.94,25.04,1.92,-8.63,-0.39,28.29,17.10,0.32,1.57,0.61,0.64,0.86,0.875,-9999.000,0.887,-9999.000,1.784
103253,-9999.00,33.73,33.45,32.63,3.34,-8.32,1.39,-9999.00,26.14,0.00,1.01,0.61,0.64,0.85,0.883,-9999.000,0.894,-9999.000,1.788
103254,45.69,31.71,24.59,24.52,0.58,-10.73,0.71,35.69,14.59,0.32,1.57,0.59,0.65,-9999,-9999,-9999,-9999,-9999,1.788
103255,38.31,37.06,28.80,22.36,-6.43,-8.70,-3.92,30.19,20.97,0.18,1.28,0.51,0.66,-9999,-9999,-9999,-9999,-9999,1.786
103256,32.91,35.70,25.00,19.86,-13.83,-10.86,-10.63,22.59,14.96,0.29,1.49,0.53,0.68,-9999,-9999,-9999,-9999,-9999,1.783
103257,27.39,34.30,21.29,17.40,-22.81,-18.33,-18.03,9.51,3.61,0.34,1.60,0.53,0.67,-9999,-9999,-9999,-9999,-9999,1.783
103258,23.30,23.00,17.49,14.02,-30.50,-24.09,-22.39,-0.39,-6.11,0.40,1.75,0.53,0.65,-9999,-9999,-9999,-9999,-9999,1.782
103259,21.70,26.49,17.98,15.71,-31.75,-25.71,-23.11,-3.63,-7.25,0.26,1.43,0.53,0.64,-9999,-9999,-9999,-9999,-9999,1.782
103260,17.38,22.71,15.61,14.48,-33.87,-27.79,-24.80,-10.11,-11.76,0.14,1.22,0.53,0.66,-9999,-9999,-9999,-9999,-9999,1.782
103261,21.67,19.90,18.41,19.57,-36.54,-29.67,-26.92,-7.59,-10.74,0.21,1.33,0.44,0.70,-9999,-9999,-9999,-9999,-9999,1.781
103262,24.70,19.30,20.60,14.09,-36.05,-28.44,-25.65,-3.15,-7.27,0.23,1.38,0.44,0.69,-9999,-9999,-9999,-9999,-9999,1.781
103263,22.92,19.50,19.41,12.20,-30.26,-22.88,-20.39,0.59,-2.93,0.20,1.33,0.38,0.68,-9999,-9999,-9999,-9999,-9999,1.781
103264,18.35,10.20,12.20,12.48,-12.83,-8.46,-8.11,10.25,4.06,0.43,1.82,0.33,0.68,-9999,-9999,-9999,-9999,-9999,1.779
103265,22.33,12.35,9.97,12.37,4.99,5.27,4.75,28.10,15.48,0.58,2.23,0.39,0.66,-9999,-9999,-9999,-9999,-9999,1.779
103266,17.58,8.93,9.57,12.24,14.79,12.61,11.76,30.59,22.40,0.28,1.48,0.39,0.69,-9999,-9999,-9999,-9999,-9999,1.777
103267,18.01,10.12,11.76,13.57,16.90,12.40,11.67,30.86,24.42,0.17,1.27,0.49,0.72,-9999,-9999,-9999,-9999,-9999,1.778
103268,-9999.00,8.07,14.49,6.58,10.70,7.84,7.44,-9999.00,22.63,-0.23,0.73,0.45,0.76,-9999,-9999,-9999,-9999,-9999,1.776
103269,9.37,10.46,10.70,5.57,3.48,1.87,1.48,11.45,12.82,-0.10,0.87,0.45,0.84,-9999,-9999,-9999,-9999,-9999,1.782
103270,7.84,9.49,7.22,4.43,-1.38,-2.83,-2.56,5.21,4.55,0.08,1.12,0.52,0.87,-9999,-9999,-9999,-9999,-9999,1.783
103271,9.12,14.07,7.85,5.76,1.32,-1.06,-1.28,8.32,6.95,0.22,1.35,0.51,0.87,-9999,-9999,-9999,-9999,-9999,1.788
103272,9.07,7.61,10.34,9.26,7.86,4.34,1.80,13.63,14.88,-0.18,0.78,0.37,0.83,-9999,-9999,-9999,-9999,-9999,1.784
103273,5.50,7.73,10.56,9.98,8.18,5.14,2.24,10.76,15.86,-0.37,0.60,0.30,0.79,-9999,-9999,-9999,-9999,-9999,1.778
103274,-9999.00,10.79,10.16,9.31,3.22,1.82,0.76,-9999.00,12.13,0.24,1.40,0.26,0.76,-9999,-9999,-9999,-9999,-9999,1.775
103275,-9999.00,7.95,7.01,2.54,-4.26,-4.35,-3.83,-9999.00,2.75,0.24,1.39,0.11,0.75,-9999,-9999,-9999,-9999,-9999,1.776
103276,6.45,11.62,8.01,4.58,-10.23,-8.83,-8.10,-2.30,-0.75,-0.12,0.84,0.05,0.75,-9999,-9999,-9999,-9999,-9999,1.781
103277,6.02,4.43,9.56,6.36,-7.41,-7.04,-6.54,-0.93,2.63,-0.34,0.63,0.09,0.86,-9999,-9999,-9999,-9999,-9999,1.783
103278,6.65,8.73,9.46,8.88,-2.04,-2.62,-2.67,4.15,6.96,-0.36,0.61,0.14,0.88,-9999,-9999,-9999,-9999,-9999,1.784
103279,-9999.00,6.47,7.19,4.90,-1.02,-0.22,-1.15,-9999.00,7.10,-9999.00,-9999.00,0.10,0.89,-9999,-9999,-9999,-9999,-9999,1.783
103280,-9999.00,4.10,4.61,1.50,-6.64,-4.30,-3.48,-9999.00,0.40,-9999.00,-9999.00,0.03,0.97,-9999,-9999,-9999,-9999,-9999,1.782
103281,-9999.00,6.79,4.12,-0.30,-15.16,-12.50,-8.74,-9999.00,-8.30,-9999.00,-9999.00,-0.09,1.08,-9999,-9999,-9999,-9999,-9999,1.782
103282,-9999.00,5.53,5.69,1.10,-18.88,-16.08,-11.79,-9999.00,-10.23,-9999.00,-9999.00,-0.29,1.29,-9999,-9999,-9999,-9999,-9999,1.783
103283,-9999.00,5.28,4.04,0.80,-15.78,-13.35,-9.14,-9999.00,-9.17,-9999.00,-9999.00,-0.05,1.62,-9999,-9999,-9999,-9999,-9999,1.782
103284,-9999.00,3.89,2.38,0.49,-9.28,-7.66,-4.06,-9999.00,-5.18,-9999.00,-9999.00,-0.05,1.70,-9999,-9999,-9999,-9999,-9999,1.782
103285,-9999.00,4.39,4.39,1.88,-2.13,-1.97,-0.54,-9999.00,2.61,-9999.00,-9999.00,-0.03,1.73,-9999,-9999,-9999,-9999,-9999,1.783
103286,-9999.00,6.98,3.16,1.71,1.57,1.35,1.49,-9999.00,4.65,-9999.00,-9999.00,-0.17,1.76,-9999,-9999,-9999,-9999,-9999,1.782
103287,-9999.00,5.43,2.59,3.78,3.30,2.30,3.05,-9999.00,5.00,-9999.00,-9999.00,-0.42,1.79,-9999,-9999,-9999,-9999,-9999,1.781
103288,-9999.00,7.60,3.89,3.30,6.57,3.84,3.71,-9999.00,7.92,-9999.00,-9999.00,-0.77,1.97,-9999,-9999,-9999,-9999,-9999,1.782
103289,-9999.00,4.78,2.73,3.45,7.68,5.17,2.06,-9999.00,8.05,-9999.00,-9999.00,-9999,2.23,-9999,-9999,-9999,-9999,-9999,1.782
103290,-9999.00,6.98,3.86,2.54,4.60,3.65,0.52,-9999.00,7.74,-9999.00,-9999.00,-9999,-9999,-9999,-9999,-9999,-9999,-9999,1.783
103291,-9999.00,4.41,3.64,1.40,0.27,-0.39,-0.73,-9999.00,3.47,-9999.00,-9999.00,-9999,-9999,-9999,-9999,-9999,-9999,-9999,1.783
103292,-9999.00,6.06,2.70,1.31,-3.90,-4.30,-4.63,-9999.00,-1.43,-9999.00,-9999.00,-9999,-9999,-9999,-9999,-9999,-9999,-9999,1.784
103293,-9999.00,3.01,2.37,1.23,-5.55,-4.99,-6.15,-9999.00,-2.45,-9999.00,-9999.00,-9999,-9999,-9999,-9999,-9999,-9999,-9999,1.784
103294,-9999.00,6.58,2.76,2.81,-4.71,-3.68,-3.59,-9999.00,-0.68,-9999.00,-9999.00,-9999,-9999,-9999,-9999,-9999,-9999,-9999,1.784
103295,-9999.00,1.16,0.96,0.93,-3.36,-3.33,-2.75,-9999.00,-2.28,-9999.00,-9999.00,-9999,-9999,-9999,-9999,-9999,-9999,-9999,1.784
103296,-9999.00,5.33,2.68,1.69,-2.70,-1.89,-1.82,-9999.00,1.02,-9999.00,-9999.00,-9999,-9999,-9999,-9999,-9999,-9999,-9999,1.784
103297,-9999.00,7.44,1.03,-0.55,-1.54,0.02,1.64,-9999.00,1.15,-9999.00,-9999.00,-9999,-9999,-9999,-9999,-9999,-9999,-9999,1.784
103298,-9999.00,11.76,2.99,-2.32,-0.20,0.31,3.85,-9999.00,3.54,-9999.00,-9999.00,-9999,-9999,-9999,-9999,-9999,-9999,-9999,1.785
103299,-9999.00,0.04,2.19,-0.48,1.12,0.93,2.05,-9999.00,3.27,-9999.00,-9999.00,-9999,-9999,-9999,-9999,-9999,-9999,-9999,1.786
103300,-9999.00,0.29,1.93,-0.52,2.55,2.12,-0.48,-9999.00,4.15,-9999.00,-9999.00,-9999,-9999,-9999,-9999,-9999,-9999,-9999,1.785
103301,-9999.00,2.52,1.16,-0.06,3.29,2.34,0.18,-9999.00,3.57,-9999.00,-9999.00,-9999,-9999,-9999,-9999,-9999,-9999,-9999,1.785
103302,-9999.00,4.74,0.40,0.40,3.28,1.54,1.00,-9999.00,1.96,-9999.00,-9999.00,-9999,-9999,-9999,-9999,-9999,-9999,-9999,1.784
103303,-9999.00,1.71,1.88,0.32,2.34,0.55,0.61,-9999.00,2.56,-9999.00,-9999.00,-9999,-9999,-9999,-9999,-9999,-9999,-9999,1.784
103304,-9999.00,2.67,2.21,0.43,1.10,0.47,1.15,-9999.00,2.82,-9999.00,-9999.00,-9999,-9999,-9999,-9999,-9999,-9999,-9999,1.783
103305,-9999.00,3.39,2.53,0.54,0.20,0.49,1.19,-9999.00,3.17,-9999.00,-9999.00,-9999,-9999,-9999,-9999,-9999,-9999,-9999,1.783
103306,-9999.00,6.96,5.34,2.38,-1.17,-0.39,-1.03,-9999.00,5.23,-9999.00,-9999.00,-9999,-9999,-9999,-9999,-9999,-9999,-9999,1.784
103307,-9999.00,2.41,-1.47,1.63,-2.20,-1.29,-2.75,-9999.00,-2.84,-9999.00,-9999.00,-9999,-9999,-9999,-9999,-9999,-9999,-9999,1.784
103308,-9999.00,-1.52,0.37,2.56,-1.93,-1.99,-0.87,-9999.00,-9999.00,-9999.00,-9999.00,-9999,-9999,-9999,-9999,-9999,-9999,-9999,1.783
103309,-9999.00,0.81,-0.12,2.16,-2.35,-2.39,1.13,-9999.00,-9999.00,-9999.00,-9999.00,-9999,-9999,-9999,-9999,-9999,-9999,-9999,1.783
103310,-9999.00,4.29,4.97,1.64,-3.21,-2.27,-0.11,-9999.00,-9999.00,-9999.00,-9999.00,-9999,-9999,-9999,-9999,-9999,-9999,-9999,1.783
103311,-9999.00,1.65,3.56,2.66,-3.07,-1.56,-0.52,-9999.00,-9999.00,-9999.00,-9999.00,-9999,-9999,-9999,-9999,-9999,-9999,-9999,1.783
103312,-9999.00,4.22,3.64,2.46,-1.85,-0.49,0.12,-9999.00,-9999.00,-9999.00,-9999.00,-9999,-9999,-9999,-9999,-9999,-9999,-9999,1.784
103313,-9999.00,-4.82,1.28,-0.57,-0.64,0.04,-0.07,-9999.00,-9999.00,-9999.00,-9999.00,-9999,-9999,-9999,-9999,-9999,-9999,-9999,1.784
103314,-9999.00,-4.83,1.83,-0.95,0.05,-0.02,0.18,-9999.00,-9999.00,-9999.00,-9999.00,-9999,-9999,-9999,-9999,-9999,-9999,-9999,1.784
103315,-9999.00,-4.83,2.39,-1.33,0.53,-0.07,0.77,-9999.00,-9999.00,-9999.00,-9999.00,-9999,-9999,-9999,-9999,-9999,-9999,-9999,1.783
103316,-9999.00,4.42,0.09,-0.26,1.11,0.28,1.19,-9999.00,-9999.00,-9999.00,-9999.00,-9999,-9999,-9999,-9999,-9999,-9999,-9999,1.784
103317,-9999.00,3.65,1.50,1.30,0.82,1.16,1.03,-9999.00,-9999.00,-9999.00,-9999.00,-9999,-9999,-9999,-9999,-9999,-9999,-9999,1.784
103318,-9999.00,7.20,3.22,3.08,1.19,2.02,0.92,-9999.00,-9999.00,-9999.00,-9999.00,-9999,-9999,-9999,-9999,-9999,-9999,-9999,1.784
103319,-9999.00,4.76,2.90,1.78,2.59,2.16,1.57,-9999.00,-9999.00,-9999.00,-9999.00,-9999,-9999,-9999,-9999,-9999,-9999,-9999,1.783
103320,-9999.00,3.16,3.91,-0.17,3.13,1.79,1.61,-9999.00,-9999.00,-9999.00,-9999.00,-9999,-9999,-9999,-9999,-9999,-9999,-9999,1.783
103321,-9999.00,2.87,2.33,-0.35,2.63,1.37,1.32,-9999.00,-9999.00,-9999.00,-9999.00,-9999,-9999,-9999,-9999,-9999,-9999,-9999,1.783
103322,-9999.00,1.71,0.76,-0.52,1.95,0.86,0.24,-9999.00,-9999.00,-9999.00,-9999.00,-9999,-9999,-9999,-9999,-9999,-9999,-9999,1.783
103323,-9999.00,-1.23,-0.18,0.62,1.66,0.71,-0.61,-9999.00,-9999.00,-9999.00,-9999.00,-9999,-9999,-9999,-9999,-9999,-9999,-9999,1.783
103324,-9999.00,0.77,-1.26,2.05,1.87,1.25,0.82,-9999.00,-9999.00,-9999.00,-9999.00,-9999,-9999,-9999,-9999,-9999,-9999,-9999,1.783
103325,-9999.00,-1.69,1.68,1.92,2.29,1.68,1.93,-9999.00,-9999.00,-9999.00,-9999.00,-9999,-9999,-9999,-9999,-9999,-9999,-9999,1.783
103326,-9999.00,2.19,1.64,3.44,2.65,1.31,1.12,-9999.00,-9999.00,-9999.00,-9999.00,-9999,-9999,-9999,-9999,-9999,-9999,-9999,1.783
103327,-9999.00,2.59,1.76,3.64,0.88,0.72,0.63,-9999.00,-9999.00,-9999.00,-9999.00,-9999,-9999,-9999,-9999,-9999,-9999,-9999,1.783
103328,-9999.00,5.74,1.62,3.56,-0.52,0.82,0.68,-9999.00,-9999.00,-9999.00,-9999.00,-9999,-9999,-9999,-9999,-9999,-9999,-9999,1.783
103329,-9999.00,4.49,2.19,0.12,-0.46,1.33,0.04,-9999.00,-9999.00,-9999.00,-9999.00,-9999,-9999,-9999,-9999,-9999,-9999,-9999,1.783
103330,-9999.00,0.48,0.51,0.59,-0.54,1.45,-0.45,-9999.00,-9999.00,-9999.00,-9999.00,-9999,-9999,-9999,-9999,-9999,-9999,-9999,1.783
103331,-9999.00,3.95,2.32,-0.71,-0.92,1.48,1.15,-9999.00,-9999.00,-9999.00,-9999.00,-9999,-9999,-9999,-9999,-9999,-9999,-9999,1.783
103332,-9999.00,0.10,-0.08,-1.45,-0.16,1.25,1.40,-9999.00,-9999.00,-9999.00,-9999.00,-9999,-9999,-9999,-9999,-9999,-9999,-9999,1.784
103333,-9999.00,3.07,2.29,-0.71,0.19,0.41,-1.03,-9999.00,-9999.00,-9999.00,-9999.00,-9999,-9999,-9999,-9999,-9999,-9999,-9999,1.784
103334,-9999.00,-0.88,-0.07,-1.45,-0.26,-0.12,-1.65,-9999.00,-9999.00,-9999.00,-9999.00,-9999,-9999,-9999,-9999,-9999,-9999,-9999,1.784
103335,-9999.00,-0.96,-0.05,-0.11,-0.44,0.75,-0.41,-9999.00,-9999.00,-9999.00,-9999.00,-9999,-9999,-9999,-9999,-9999,-9999,-9999,1.784
103336,-9999.00,-1.03,-0.03,1.22,0.76,1.44,-0.70,-9999.00,-9999.00,-9999.00,-9999.00,-9999,-9999,-9999,-9999,-9999,-9999,-9999,1.785
103337,-9999.00,2.14,1.07,-0.01,0.53,0.64,-0.72,-9999.00,-9999.00,-9999.00,-9999.00,-9999,-9999,-9999,-9999,-9999,-9999,-9999,1.785
103338,-9999.00,2.49,1.01,-0.52,-1.26,-0.97,-0.15,-9999.00,-9999.00,-9999.00,-9999.00,-9999,-9999,-9999,-9999,-9999,-9999,-9999,1.784
103339,-9999.00,6.39,1.37,3.70,-3.31,-3.27,-2.05,-9999.00,-9999.00,-9999.00,-9999.00,-9999,-9999,-9999,-9999,-9999,-9999,-9999,1.785
103340,-9999.00,3.31,0.82,1.42,-5.70,-6.32,-5.94,-9999.00,-9999.00,-9999.00,-9999.00,-9999,-9999,-9999,-9999,-9999,-9999,-9999,1.785
103341,-9999.00,4.33,0.26,3.25,-8.97,-9.30,-8.08,-9999.00,-9999.00,-9999.00,-9999.00,-9999,-9999,-9999,-9999,-9999,-9999,-9999,1.785
103342,-9999.00,2.23,1.91,-0.85,-12.78,-12.08,-8.81,-9999.00,-9999.00,-9999.00,-9999.00,-9999,-9999,-9999,-9999,-9999,-9999,-9999,1.786
103343,-9999.00,4.75,3.11,0.58,-17.95,-15.62,-12.73,-9999.00,-9999.00,-9999.00,-9999.00,-9999,-9999,-9999,-9999,-9999,-9999,-9999,1.786
103344,-9999.00,2.15,2.07,-1.38,-21.47,-18.90,-16.97,-9999.00,-9999.00,-9999.00,-9999.00,-9999,-9999,-9999,-9999,-9999,-9999,-9999,1.787
103345,-9999.00,-2.95,4.26,-0.56,-22.12,-20.54,-17.77,-9999.00,-9999.00,-9999.00,-9999.00,-9999,-9999,-9999,-9999,-9999,-9999,-9999,1.787
