NASA Data Processing/CAMP2Ex/OPTICAL/CAMP2Ex-LARGE-OPTICAL_P3B_20191005_R0.ict
100,1001
Luke Ziemba
NASA Langley
In-situ optical aerosol measurements from the NASA P3B
CAMP2Ex
1,1
2019,10,05,2020,05,5
1.0
Time_Mid,Secs after midnight,Time of acquisition
19
1,1,1,1,1,1,1,1,1,1,1,1,1,1,1,1,1,1,1
-9999,-9999,-9999,-9999,-9999,-9999,-9999,-9999,-9999,-9999,-9999,-9999,-9999,-9999,-9999,-9999,-9999,-9999,-9999
Sc550_total_amb, Mm-1, AerOpt_Scattering_InSitu_Green_RHa_Bulk_STP, scattering coefficient of ambient  particles at 550nm
Sc450_total, Mm-1, AerOpt_Scattering_InSitu_Blue_RHd_Bulk_STP, Dry Scattering at 450nm (Total Aerosols)
Sc550_total, Mm-1, AerOpt_Scattering_InSitu_Green_RHd_Bulk_STP, Dry Scattering at 550nm (Total Aerosols)
Sc700_total, Mm-1, AerOpt_Scattering_InSitu_Red_RHd_Bulk_STP, Dry Scattering at 700nm (Total Aerosols)
Abs470_total, Mm-1, AerOpt_Absorption_InSitu_Blue_RHd_Bulk_STP, Dry absorption at 470nm (Total Aerosols)
Abs532_total, Mm-1, AerOpt_Absorption_InSitu_Green_RHd_Bulk_STP, Dry absorption at 532nm (Total Aerosols)
Abs660_total, Mm-1, AerOpt_Absorption_InSitu_Red_RHd_Bulk_STP, Dry absorption at 660nm (Total Aerosols)
Ext532_total_amb, Mm-1, AerOpt_Extinction_InSitu_Green_RHa_Bulk_STP, extinction coefficient of aerosols at 532nm for AMBIENT relative humidity
Ext532_total_dry, Mm-1, AerOpt_Extinction_InSitu_Green_RHd_Bulk_STP, extinction coefficient of aerosols at 532nm for DRY relative humidity
gamma550, unitless, AerOpt_Gamma_InSitu_Green_None_Bulk_STP, derived optical hygroscopic growth factor for particles at 550nm
fRH550_RH20to80, unitless, AerOpt_fRHScat_InSitu_Green_RHsp_Bulk_STP, derived optical hygroscopic growth parameter for particles at 550nm
AEscatAMB_450to700nm,unitless, AerOpt_AngstromExponentScat_InSitu_BluetoRed_RHa_Bulk_STP, derived ambient Angstrom Exponent for scattering coefficient over wavelength range from 450nm to 700nm
AEscatDRY_450to700nm,unitless, AerOpt_AngstromExponentScatInSitu_BluetoRed_RHd_Bulk_STP, derived dry Angstrom Exponent for scattering coefficient over wavelength range from 450nm to 700nm
AEabsDRY_470to660nm,unitless, AerOpt_AngstromExponentAbs_InSitu_BluetoRed_RHd_Bulk_STP, derived dry Angstrom Exponent for absorption coefficient over wavelength range from 450nm to 700nm
SSA_dry_450nm,unitless, AerOpt_SSA_InSitu_Blue_RHd_Bulk_STP, single_scattering_albedo_at_450nm_as_derived_from_dry_scattering_and_absorption
SSA_dry_550nm,unitless, AerOpt_SSA_InSitu_Green_RHd_Bulk_STP, single_scattering_albedo_at_550nm_as_derived_from_dry_scattering_and_absorption
SSA_dry_700nm,unitless, AerOpt_SSA_InSitu_Red_RHd_Bulk_STP, single_scattering_albedo_at_700nm_as_derived_from_dry_scattering_and_absorption
SSA_amb_550nm,unitless, AerOpt_SSA_InSitu_Green_RHa_Bulk_STP, single_scattering_albedo_at_550nm_as_derived_from_ambient_scattering_and_absorption
stdPT,unitless, None, Conversion factor to convert between ambient and standard pressure and temperature conditions
0
67
******************************************************************************************************************
Langley Aerosol data from the 2019 CAMP2Ex field campaign
 
PI_CONTACT_INFO: luke.ziemba@nasa.gov
PLATFORM: NASA P3B aircraft
LOCATION: Latitude, Longitude, and Altitude included in MetNav files
[...]
UNCERTAINTY: estimated uncertainties for directly measured properties
	- For dry scattering, accuracy estimated at 30% for all wavelengths; precision estimated at 4.5 Mm-1 for 450nm wavelength and 3 Mm-1 for 550nm and 700nm wavelengths
	- For dry absorption, accuracy estimated at 15% for all wavelengths; precision is a function of pressure and is estimated to vary from 0.5 Mm-1 near the surface to 2 at high altitude
	- For derived parameters, please contact the PI for a more detailed discussion of uncertainty
ULOD_FLAG: -7777
ULOD_VALUE: N/A
LLOD_FLAG: -8888
LLOD_VALUE: N/A
DM_CONTACT_INFO: Michael Shook (michael.shook@nasa.gov)
PROJECT_INFO: CAMP2Ex 2019
STIPULATIONS_ON_USE: This is FINAL data. Users are strongly encouraged to consult the PI and/or DM prior to use.
OTHER_COMMENTS: N/A
REVISION: R0
R0: STP and ambient parameter calculations now use data from their respective publicly available files, data is time synced to DLH
RD: Correction factor applied to raw scattering data, which also affects the absorption data via the Virkkula correction
RC: Higher threshholds required for calculating intensive parameters; absorption smoothing algorithm applied
RB: Time sync to LARGE CNgt3nm applied
RA: None
******************************************************************************************************************
Time_Mid,Sc550_total_amb,Sc450_total,Sc550_total,Sc700_total,Abs470_total,Abs532_total,Abs660_total,Ext532_total_amb,Ext532_total_dry,gamma550,fRH550_RH20to80,AEscatAMB_450to700nm,AEscatDRY_450to700nm,AEabsDRY_470to660nm,SSA_dry_450nm,SSA_dry_550nm,SSA_dry_700nm,SSA_amb_550nm,stdPT
[from data line 12552]
18060,6.73,6.84,5.55,3.80,-0.10,-0.54,-0.77,6.43,5.68,0.17,1.26,0.13,2.06,-9999,-9999,-9999,-9999,-9999,1.116
18061,-9999.00,5.75,3.77,2.47,-0.25,-0.46,-0.46,-9999.00,3.79,-9999.00,-9999.00,0.20,2.00,-9999,-9999,-9999,-9999,-9999,1.116
18062,6.66,8.53,5.42,3.92,-0.50,-0.38,-1.07,6.52,5.76,0.17,1.27,0.20,1.95,-9999,-9999,-9999,-9999,-9999,1.116
18063,-9999.00,6.24,3.52,0.34,-0.07,-0.14,-1.58,-9999.00,3.85,-9999.00,-9999.00,0.21,1.91,-9999,-9999,-9999,-9999,-9999,1.116
18064,-9999.00,8.71,5.10,1.73,0.20,0.07,-1.35,-9999.00,5.85,-9999.00,-9999.00,0.21,1.88,-9999,-9999,-9999,-9999,-9999,1.116
18065,-9999.00,9.72,3.47,0.50,-0.26,0.03,-0.57,-9999.00,3.98,-9999.00,-9999.00,0.21,1.95,-9999,-9999,-9999,-9999,-9999,1.116
18066,-9999.00,8.85,3.33,4.00,-0.24,0.02,0.29,-9999.00,3.81,-9999.00,-9999.00,0.20,1.94,-9999,-9999,-9999,-9999,-9999,1.116
18067,-9999.00,8.17,1.57,1.94,0.36,0.14,0.07,-9999.00,1.91,-9999.00,-9999.00,0.18,1.95,-9999,-9999,-9999,-9999,-9999,1.116
18068,-9999.00,5.37,3.15,6.58,0.22,0.28,-0.28,-9999.00,3.83,-9999.00,-9999.00,0.17,1.88,-9999,-9999,-9999,-9999,-9999,1.116
18069,-9999.00,7.27,3.27,4.58,-0.05,0.41,-0.34,-9999.00,4.04,-9999.00,-9999.00,0.16,1.79,-9999,-9999,-9999,-9999,-9999,1.116
18070,7.21,7.66,7.71,5.92,0.24,0.49,-0.77,7.99,9.01,-0.05,0.93,0.15,1.71,-9999,-9999,-9999,-9999,-9999,1.116
18071,7.08,9.26,7.41,3.11,0.31,0.51,0.25,7.84,8.65,-0.04,0.95,0.10,1.62,-9999,-9999,-9999,-9999,-9999,1.116
18072,-9999.00,6.82,4.10,0.93,0.18,0.35,1.06,-9999.00,4.88,-9999.00,-9999.00,0.10,1.61,-9999,-9999,-9999,-9999,-9999,1.116
18073,-9999.00,6.42,3.27,2.79,0.23,0.33,0.94,-9999.00,3.94,-9999.00,-9999.00,-0.04,1.51,-9999,-9999,-9999,-9999,-9999,1.116
18074,-9999.00,7.85,2.54,2.67,0.43,0.60,0.04,-9999.00,3.41,-9999.00,-9999.00,0.15,1.50,-9999,-9999,-9999,-9999,-9999,1.116
18075,-9999.00,8.04,2.67,5.16,0.75,0.73,-0.69,-9999.00,3.70,-9999.00,-9999.00,0.20,1.49,-9999,-9999,-9999,-9999,-9999,1.116
18076,-9999.00,6.86,2.72,5.19,0.78,0.65,-0.13,-9999.00,3.69,-9999.00,-9999.00,0.22,1.49,-9999,-9999,-9999,-9999,-9999,1.116
18077,-9999.00,6.62,2.65,4.35,0.65,0.44,0.21,-9999.00,3.39,-9999.00,-9999.00,0.22,1.48,-9999,-9999,-9999,-9999,-9999,1.116
18078,-9999.00,6.38,2.56,3.54,0.33,0.21,-0.01,-9999.00,3.07,-9999.00,-9999.00,0.24,1.43,-9999,-9999,-9999,-9999,-9999,1.116
18079,5.79,4.58,5.32,3.70,0.14,0.31,0.29,6.35,6.26,0.07,1.10,0.24,1.35,-9999,-9999,-9999,-9999,-9999,1.116
18080,-9999.00,7.65,4.03,2.41,0.51,0.49,0.39,-9999.00,4.98,-9999.00,-9999.00,0.25,1.28,-9999,-9999,-9999,-9999,-9999,1.116
18081,-9999.00,5.68,3.53,3.88,0.39,0.29,0.07,-9999.00,4.21,-9999.00,-9999.00,0.29,1.23,-9999,-9999,-9999,-9999,-9999,1.116
18082,-9999.00,8.81,4.95,3.51,0.03,-0.02,-0.10,-9999.00,5.47,-9999.00,-9999.00,0.29,1.21,-9999,-9999,-9999,-9999,-9999,1.116
18083,-9999.00,4.59,3.36,4.24,0.29,-0.27,0.35,-9999.00,3.43,-9999.00,-9999.00,0.28,1.13,-9999,-9999,-9999,-9999,-9999,1.116
18084,6.95,3.72,6.92,3.75,0.34,-0.31,1.40,6.98,7.35,0.00,1.00,0.34,1.21,-9999,-9999,-9999,-9999,-9999,1.115
18085,-9999.00,4.14,1.31,4.59,-0.19,-0.29,1.11,-9999.00,1.15,-9999.00,-9999.00,0.33,1.18,-9999,-9999,-9999,-9999,-9999,1.116
18086,-9999.00,4.40,3.69,3.77,-0.59,-0.30,0.52,-9999.00,3.78,-9999.00,-9999.00,0.31,1.17,-9999,-9999,-9999,-9999,-9999,1.116
18087,-9999.00,9.08,1.35,4.75,-0.48,-0.21,-0.21,-9999.00,1.28,-9999.00,-9999.00,0.31,1.14,-9999,-9999,-9999,-9999,-9999,1.115
18088,-9999.00,9.56,3.04,7.06,-0.16,-0.30,-0.47,-9999.00,3.09,-9999.00,-9999.00,0.33,1.12,-9999,-9999,-9999,-9999,-9999,1.116
18089,-9999.00,9.26,1.61,5.00,-0.09,-0.30,-0.64,-9999.00,1.48,-9999.00,-9999.00,0.36,1.14,-9999,-9999,-9999,-9999,-9999,1.116
18090,-9999.00,9.52,3.51,5.11,0.08,-0.15,-0.70,-9999.00,3.74,-9999.00,-9999.00,0.39,1.14,-9999,-9999,-9999,-9999,-9999,1.116
18091,-9999.00,6.49,4.02,3.59,0.23,-0.22,-0.67,-9999.00,4.24,-9999.00,-9999.00,0.50,1.19,-9999,-9999,-9999,-9999,-9999,1.115
18092,-9999.00,5.98,3.97,2.99,-0.22,-0.16,-0.62,-9999.00,4.25,-9999.00,-9999.00,0.49,1.25,-9999,-9999,-9999,-9999,-9999,1.115
18093,-9999.00,5.18,2.91,4.82,-0.65,-0.03,-0.73,-9999.00,3.19,-9999.00,-9999.00,0.50,1.27,-9999,-9999,-9999,-9999,-9999,1.116
18094,-9999.00,8.11,4.48,5.31,-0.38,-0.08,-1.02,-9999.00,4.86,-9999.00,-9999.00,0.51,1.26,-9999,-9999,-9999,-9999,-9999,1.116
18095,-9999.00,5.40,4.14,3.66,0.05,0.03,-0.95,-9999.00,4.62,-9999.00,-9999.00,0.49,1.27,-9999,-9999,-9999,-9999,-9999,1.116
18096,5.90,8.57,5.61,2.88,0.35,0.05,0.32,6.16,6.26,0.04,1.05,0.53,1.22,-9999,-9999,-9999,-9999,-9999,1.116
18097,-9999.00,4.55,2.15,2.30,0.35,0.02,0.24,-9999.00,2.40,-9999.00,-9999.00,0.55,1.23,-9999,-9999,-9999,-9999,-9999,1.116
18098,-9999.00,5.14,4.25,4.65,0.02,0.09,0.08,-9999.00,4.77,-9999.00,-9999.00,0.57,1.20,-9999,-9999,-9999,-9999,-9999,1.116
18099,-9999.00,8.34,2.41,4.25,-0.43,0.05,0.94,-9999.00,2.70,-9999.00,-9999.00,0.57,1.24,-9999,-9999,-9999,-9999,-9999,1.115
18100,-9999.00,5.18,4.45,4.78,-0.60,0.25,0.85,-9999.00,5.16,-9999.00,-9999.00,0.57,1.24,-9999,-9999,-9999,-9999,-9999,1.116
18101,-9999.00,3.23,1.89,3.90,-0.07,0.47,-0.16,-9999.00,2.55,-9999.00,-9999.00,0.57,1.25,-9999,-9999,-9999,-9999,-9999,1.116
18102,-9999.00,3.35,2.54,0.86,0.51,0.54,-0.34,-9999.00,3.32,-9999.00,-9999.00,0.51,1.23,-9999,-9999,-9999,-9999,-9999,1.116
18103,-9999.00,5.18,3.18,1.40,0.53,0.68,0.13,-9999.00,4.16,-9999.00,-9999.00,0.50,1.20,-9999,-9999,-9999,-9999,-9999,1.116
18104,-9999.00,7.44,3.72,1.99,0.33,0.51,0.21,-9999.00,4.57,-9999.00,-9999.00,0.62,1.23,-9999,-9999,-9999,-9999,-9999,1.116
18105,-9999.00,9.65,4.05,3.79,0.02,0.34,-0.31,-9999.00,4.73,-9999.00,-9999.00,0.45,1.21,-9999,-9999,-9999,-9999,-9999,1.115
18106,-9999.00,9.87,4.05,3.75,-0.08,0.33,-0.28,-9999.00,4.69,-9999.00,-9999.00,0.39,1.23,-9999,-9999,-9999,-9999,-9999,1.116
18107,-9999.00,9.75,4.64,3.80,0.23,0.25,0.45,-9999.00,5.24,-9999.00,-9999.00,0.37,1.22,-9999,-9999,-9999,-9999,-9999,1.115
18108,-9999.00,5.76,3.15,2.75,0.42,0.50,0.03,-9999.00,3.89,-9999.00,-9999.00,0.37,1.23,-9999,-9999,-9999,-9999,-9999,1.115
18109,-9999.00,8.00,4.70,5.12,0.31,0.49,-0.92,-9999.00,5.53,-9999.00,-9999.00,0.38,1.28,-9999,-9999,-9999,-9999,-9999,1.116
18110,-9999.00,5.04,3.32,3.52,0.02,0.25,-0.81,-9999.00,3.80,-9999.00,-9999.00,0.40,1.34,-9999,-9999,-9999,-9999,-9999,1.116
18111,10.00,8.63,6.11,5.54,-0.18,0.20,-0.56,10.32,6.70,0.37,1.67,0.39,1.27,-9999,-9999,-9999,-9999,-9999,1.116
18112,-9999.00,6.18,4.37,3.27,-0.19,-0.01,-0.16,-9999.00,4.64,-9999.00,-9999.00,0.40,1.14,-9999,-9999,-9999,-9999,-9999,1.116
18113,9.27,8.54,6.40,5.02,-0.17,-0.04,0.23,9.30,6.78,0.28,1.48,0.42,1.16,-9999,-9999,-9999,-9999,-9999,1.116
18114,7.80,4.33,5.24,2.20,-0.03,0.09,0.26,7.95,5.67,0.29,1.50,0.43,1.18,-9999,-9999,-9999,-9999,-9999,1.116
18115,-9999.00,3.09,3.27,3.43,-0.05,0.16,0.18,-9999.00,3.63,-9999.00,-9999.00,0.39,1.14,-9999,-9999,-9999,-9999,-9999,1.116
18116,-9999.00,3.09,3.27,3.43,-0.32,0.24,-0.16,-9999.00,3.73,-9999.00,-9999.00,0.30,1.15,-9999,-9999,-9999,-9999,-9999,1.115
18117,9.03,5.60,5.21,5.20,-0.30,-0.00,-0.07,9.08,5.53,0.38,1.70,0.29,1.19,-9999,-9999,-9999,-9999,-9999,1.116
18118,-9999.00,3.59,1.53,3.56,-0.17,-0.06,1.00,-9999.00,1.57,-9999.00,-9999.00,0.31,1.23,-9999,-9999,-9999,-9999,-9999,1.116
18119,-9999.00,5.87,3.26,3.05,-0.19,0.07,0.92,-9999.00,3.54,-9999.00,-9999.00,0.35,1.23,-9999,-9999,-9999,-9999,-9999,1.116
18120,-9999.00,3.29,2.09,2.72,-0.04,-0.08,0.06,-9999.00,2.14,-9999.00,-9999.00,0.34,1.23,-9999,-9999,-9999,-9999,-9999,1.116
18121,6.05,6.90,5.19,2.40,0.24,-0.04,-0.14,6.07,5.47,0.11,1.17,0.34,1.24,-9999,-9999,-9999,-9999,-9999,1.117
18122,-9999.00,4.09,4.19,2.53,0.39,0.10,-0.24,-9999.00,4.53,-9999.00,-9999.00,0.31,1.23,-9999,-9999,-9999,-9999,-9999,1.116
18123,7.37,7.45,5.18,3.55,0.06,0.13,0.03,7.58,5.60,0.25,1.42,0.30,1.22,-9999,-9999,-9999,-9999,-9999,1.117
18124,10.52,6.16,6.76,2.81,-0.22,0.18,0.43,10.86,7.32,0.32,1.56,0.31,1.25,-9999,-9999,-9999,-9999,-9999,1.117
18125,10.14,10.47,8.58,4.17,-0.04,0.07,0.13,10.40,9.13,0.12,1.18,0.31,1.32,-9999,-9999,-9999,-9999,-9999,1.117
18126,-9999.00,-1.58,2.16,2.61,0.35,0.15,-0.30,-9999.00,2.43,-9999.00,-9999.00,0.32,1.39,-9999,-9999,-9999,-9999,-9999,1.115
18127,-9999.00,3.67,3.75,6.15,0.56,0.32,-0.83,-9999.00,4.28,-9999.00,-9999.00,0.23,1.47,-9999,-9999,-9999,-9999,-9999,1.116
18128,-9999.00,7.25,2.29,3.01,0.82,0.37,-0.33,-9999.00,2.78,-9999.00,-9999.00,0.20,1.53,-9999,-9999,-9999,-9999,-9999,1.116
18129,-9999.00,6.14,4.38,4.65,0.83,0.36,0.87,-9999.00,4.97,-9999.00,-9999.00,0.16,1.60,-9999,-9999,-9999,-9999,-9999,1.116
18130,-9999.00,6.65,3.77,5.09,0.42,0.20,1.00,-9999.00,4.19,-9999.00,-9999.00,0.01,1.55,-9999,-9999,-9999,-9999,-9999,1.116
18131,-9999.00,7.44,3.19,5.55,0.32,0.22,0.69,-9999.00,3.59,-9999.00,-9999.00,-0.00,1.61,-9999,-9999,-9999,-9999,-9999,1.116
18132,8.69,6.35,5.86,3.53,0.72,0.17,0.21,8.98,6.36,0.28,1.47,-0.02,1.66,-9999,-9999,-9999,-9999,-9999,1.116
18133,-9999.00,10.21,4.76,3.07,0.66,-0.13,-0.42,-9999.00,4.91,-9999.00,-9999.00,-0.04,1.73,-9999,-9999,-9999,-9999,-9999,1.116
18134,9.27,7.09,5.00,2.78,0.41,-0.06,-0.20,9.36,5.23,0.43,1.81,-0.04,1.80,-9999,-9999,-9999,-9999,-9999,1.115
18135,8.21,9.40,6.42,2.95,0.25,0.15,0.40,8.51,6.96,0.16,1.25,-0.04,1.86,-9999,-9999,-9999,-9999,-9999,1.116
18136,-9999.00,6.43,4.02,1.31,0.19,0.10,0.61,-9999.00,4.37,-9999.00,-9999.00,-0.03,1.90,-9999,-9999,-9999,-9999,-9999,1.115
18137,6.40,7.48,5.12,2.74,-0.05,-0.07,0.36,6.45,5.39,0.15,1.23,0.14,1.84,-9999,-9999,-9999,-9999,-9999,1.116
18138,-9999.00,5.55,3.63,2.24,-0.34,0.09,-0.19,-9999.00,3.96,-9999.00,-9999.00,0.14,1.84,-9999,-9999,-9999,-9999,-9999,1.116
18139,6.41,9.92,5.19,3.52,-0.31,0.45,-0.43,6.99,5.96,0.14,1.22,0.14,1.84,-9999,-9999,-9999,-9999,-9999,1.116
18140,8.11,11.23,7.69,3.53,-0.25,0.38,-0.32,8.66,8.53,0.03,1.05,0.14,1.84,-9999,-9999,-9999,-9999,-9999,1.116
18141,6.78,8.90,6.22,2.11,-0.31,0.24,0.06,7.20,6.84,0.06,1.09,0.16,1.86,-9999,-9999,-9999,-9999,-9999,1.116
18142,-9999.00,6.55,4.85,0.73,-0.12,0.37,0.95,-9999.00,5.53,-9999.00,-9999.00,0.16,1.96,-9999,-9999,-9999,-9999,-9999,1.116
18143,-9999.00,6.53,4.85,0.81,0.11,0.36,0.91,-9999.00,5.49,-9999.00,-9999.00,0.08,2.02,-9999,-9999,-9999,-9999,-9999,1.116
18144,-9999.00,6.50,4.84,0.90,-0.03,0.31,-0.06,-9999.00,5.43,-9999.00,-9999.00,0.07,2.04,-9999,-9999,-9999,-9999,-9999,1.116
18145,8.54,9.39,8.31,6.86,0.06,0.33,-0.04,9.08,9.11,0.02,1.03,0.06,2.12,-9999,-9999,-9999,-9999,-9999,1.116
18146,7.47,6.99,5.43,2.81,0.04,0.22,0.40,7.89,5.97,0.25,1.41,0.05,2.15,-9999,-9999,-9999,-9999,-9999,1.116
18147,-9999.00,5.97,4.43,2.64,-0.38,0.04,0.25,-9999.00,4.73,-9999.00,-9999.00,0.13,2.22,-9999,-9999,-9999,-9999,-9999,1.116
18148,-9999.00,5.65,3.61,2.45,-0.25,-0.13,-0.06,-9999.00,3.70,-9999.00,-9999.00,0.13,2.22,-9999,-9999,-9999,-9999,-9999,1.116
18149,7.04,8.91,5.24,2.82,0.34,-0.06,-0.17,7.19,5.48,0.24,1.40,0.10,2.18,-9999,-9999,-9999,-9999,-9999,1.116
18150,7.17,10.63,5.94,2.52,0.60,0.08,-0.58,7.46,6.35,0.17,1.26,0.07,2.14,-9999,-9999,-9999,-9999,-9999,1.116
18151,-9999.00,9.77,4.60,4.14,0.57,-0.02,-1.12,-9999.00,4.83,-9999.00,-9999.00,0.07,2.09,-9999,-9999,-9999,-9999,-9999,1.116
18152,-9999.00,9.28,3.10,6.02,0.30,-0.12,-0.70,-9999.00,3.14,-9999.00,-9999.00,0.06,2.04,-9999,-9999,-9999,-9999,-9999,1.116
18153,7.93,4.36,6.88,2.66,-0.10,-0.31,0.02,7.88,6.88,0.12,1.18,0.06,1.95,-9999,-9999,-9999,-9999,-9999,1.116
18154,6.55,4.71,6.54,2.34,-0.65,-0.34,0.00,6.43,6.51,0.00,1.00,0.06,1.93,-9999,-9999,-9999,-9999,-9999,1.116
18155,9.03,5.06,6.19,2.02,-0.46,-0.22,0.07,9.07,6.25,0.30,1.51,0.01,1.93,-9999,-9999,-9999,-9999,-9999,1.116
18156,-9999.00,6.17,4.86,1.75,0.28,-0.32,0.01,-9999.00,4.76,-9999.00,-9999.00,-0.01,1.92,-9999,-9999,-9999,-9999,-9999,1.116
18157,-9999.00,5.90,4.10,1.47,0.17,-0.22,-0.19,-9999.00,4.07,-9999.00,-9999.00,-0.02,1.89,-9999,-9999,-9999,-9999,-9999,1.116
18158,-9999.00,2.52,7.53,3.13,-0.37,-0.05,-0.16,-9999.00,7.77,-9999.00,-9999.00,-0.02,1.75,-9999,-9999,-9999,-9999,-9999,1.116
18159,-9999.00,7.54,4.65,2.35,-0.31,-0.03,0.12,-9999.00,4.83,-9999.00,-9999.00,0.00,1.71,-9999,-9999,-9999,-9999,-9999,1.116
18160,-9999.00,7.52,4.58,1.92,-0.17,-0.02,0.21,-9999.00,4.74,-9999.00,-9999.00,0.31,1.56,-9999,-9999,-9999,-9999,-9999,1.116
18161,-9999.00,6.74,3.05,3.82,-0.07,-0.06,-0.02,-9999.00,3.12,-9999.00,-9999.00,0.89,1.65,-9999,-9999,-9999,-9999,-9999,1.116
18162,-9999.00,6.34,2.91,2.50,-0.03,0.21,-0.35,-9999.00,3.25,-9999.00,-9999.00,0.92,1.64,-9999,-9999,-9999,-9999,-9999,1.116
18163,-9999.00,7.02,4.29,4.07,-0.17,0.30,-0.31,-9999.00,4.77,-9999.00,-9999.00,0.94,1.68,-9999,-9999,-9999,-9999,-9999,1.116
18164,5.76,7.07,5.61,3.19,-0.03,0.16,0.03,6.04,6.02,0.02,1.03,0.96,1.71,-9999,-9999,-9999,-9999,-9999,1.116
18165,-9999.00,6.79,4.99,4.40,-0.06,0.37,0.38,-9999.00,5.55,-9999.00,-9999.00,0.96,1.66,-9999,-9999,-9999,-9999,-9999,1.116
18166,6.13,5.90,5.21,3.50,-0.26,0.40,0.45,6.64,5.79,0.14,1.22,0.94,1.60,-9999,-9999,-9999,-9999,-9999,1.116
18167,5.96,2.66,5.61,1.54,-0.19,0.23,-0.44,6.31,6.01,0.05,1.08,0.93,1.57,-9999,-9999,-9999,-9999,-9999,1.116
18168,-9999.00,-0.31,4.26,3.05,0.14,0.33,-0.32,-9999.00,4.69,-9999.00,-9999.00,0.57,1.56,-9999,-9999,-9999,-9999,-9999,1.116
18169,-9999.00,7.85,3.33,3.82,0.53,0.59,0.12,-9999.00,4.01,-9999.00,-9999.00,0.32,1.51,-9999,-9999,-9999,-9999,-9999,1.116
18170,-9999.00,7.88,4.78,2.65,0.56,0.69,0.15,-9999.00,5.63,-9999.00,-9999.00,0.32,1.47,-9999,-9999,-9999,-9999,-9999,1.115
18171,7.41,10.04,7.54,3.51,0.74,0.50,0.39,8.00,8.32,-0.01,0.98,0.31,1.49,-9999,-9999,-9999,-9999,-9999,1.116
18172,7.54,8.29,5.22,3.03,1.08,0.49,0.69,8.11,5.93,0.30,1.52,0.29,1.50,-9999,-9999,-9999,-9999,-9999,1.116
18173,9.82,2.73,8.35,4.70,0.77,0.65,0.02,10.56,9.36,0.13,1.20,0.27,1.49,-9999,-9999,-9999,-9999,-9999,1.115
18174,-9999.00,9.51,3.25,3.96,0.66,0.42,-0.71,-9999.00,3.82,-9999.00,-9999.00,0.27,1.50,-9999,-9999,-9999,-9999,-9999,1.116
18175,7.97,2.78,7.12,5.43,0.83,0.10,-0.34,8.15,7.52,0.09,1.13,0.25,1.39,-9999,-9999,-9999,-9999,-9999,1.116
18176,-9999.00,9.25,3.67,3.12,0.55,0.14,0.77,-9999.00,3.94,-9999.00,-9999.00,0.25,1.30,-9999,-9999,-9999,-9999,-9999,1.116
18177,9.90,7.71,5.77,3.59,-0.03,0.21,0.58,10.21,6.20,0.42,1.78,0.25,1.33,-9999,-9999,-9999,-9999,-9999,1.115
18178,9.88,8.89,6.13,2.19,-0.25,0.20,-0.18,10.19,6.57,0.36,1.65,0.29,1.41,-9999,-9999,-9999,-9999,-9999,1.116
18179,10.24,9.47,7.56,2.85,0.06,0.19,-0.56,10.53,8.09,0.23,1.37,0.26,1.45,-9999,-9999,-9999,-9999,-9999,1.115
18180,7.40,7.50,7.29,4.40,0.13,0.07,-0.04,7.53,7.70,0.01,1.02,0.27,1.40,-9999,-9999,-9999,-9999,-9999,1.116
18181,6.58,6.13,5.31,3.19,0.15,-0.17,0.03,6.48,5.39,0.16,1.25,0.28,1.38,-9999,-9999,-9999,-9999,-9999,1.115
18182,7.55,7.28,8.55,3.86,0.46,-0.10,-0.10,7.48,8.81,-0.09,0.88,0.28,1.38,-9999,-9999,-9999,-9999,-9999,1.115
18183,9.63,6.60,6.18,5.21,0.40,0.19,0.30,9.83,6.63,0.33,1.58,0.28,1.38,-9999,-9999,-9999,-9999,-9999,1.116
18184,-9999.00,5.10,3.19,5.56,0.15,0.24,-0.24,-9999.00,3.58,-9999.00,-9999.00,0.33,1.41,-9999,-9999,-9999,-9999,-9999,1.116
18185,-9999.00,4.24,3.44,3.83,0.09,0.06,-0.42,-9999.00,3.64,-9999.00,-9999.00,0.33,1.36,-9999,-9999,-9999,-9999,-9999,1.116
18186,-9999.00,7.97,2.85,2.32,0.12,-0.04,0.25,-9999.00,2.93,-9999.00,-9999.00,0.41,1.27,-9999,-9999,-9999,-9999,-9999,1.116
18187,-9999.00,9.27,3.54,3.17,0.31,0.00,0.77,-9999.00,3.69,-9999.00,-9999.00,0.40,1.21,-9999,-9999,-9999,-9999,-9999,1.115
18188,-9999.00,6.10,2.90,1.91,0.06,0.05,0.73,-9999.00,3.07,-9999.00,-9999.00,0.42,1.19,-9999,-9999,-9999,-9999,-9999,1.116
18189,6.52,5.96,6.29,4.58,-0.11,0.19,-0.31,6.70,6.77,0.03,1.04,0.40,1.25,-9999,-9999,-9999,-9999,-9999,1.116
18190,-9999.00,-0.62,3.31,3.37,-0.14,0.28,-0.74,-9999.00,3.74,-9999.00,-9999.00,0.37,1.24,-9999,-9999,-9999,-9999,-9999,1.116
18191,8.01,3.55,7.48,3.87,-0.44,0.26,-0.39,8.25,8.09,0.06,1.08,0.24,1.34,-9999,-9999,-9999,-9999,-9999,1.116
18192,-9999.00,9.28,3.82,3.98,-0.21,0.35,-0.14,-9999.00,4.34,-9999.00,-9999.00,0.24,1.32,-9999,-9999,-9999,-9999,-9999,1.116
