NASA Data Processing/CAMP2Ex/OPTICAL/CAMP2Ex-LARGE-OPTICAL_P3B_20191003_R0.ict
100,1001
Luke Ziemba
NASA Langley
In-situ optical aerosol measurements from the NASA P3B
CAMP2Ex
1,1
2019,10,03,2020,05,5
1.0
Time_Mid,Secs after midnight,Time of acquisition
19
1,1,1,1,1,1,1,1,1,1,1,1,1,1,1,1,1,1,1
-9999,-9999,-9999,-9999,-9999,-9999,-9999,-9999,-9999,-9999,-9999,-9999,-9999,-9999,-9999,-9999,-9999,-9999,-9999
Sc550_total_amb, Mm-1, AerOpt_Scattering_InSitu_Green_RHa_Bulk_STP, scattering coefficient of ambient  particles at 550nm
Sc450_total, Mm-1, AerOpt_Scattering_InSitu_Blue_RHd_Bulk_STP, Dry Scattering at 450nm (Total Aerosols)
Sc550_total, Mm-1, AerOpt_Scattering_InSitu_Green_RHd_Bulk_STP, Dry Scattering at 550nm (Total Aerosols)
Sc700_total, Mm-1, AerOpt_Scattering_InSitu_Red_RHd_Bulk_STP, Dry Scattering at 700nm (Total Aerosols)
Abs470_total, Mm-1, AerOpt_Absorption_InSitu_Blue_RHd_Bulk_STP, Dry absorption at 470nm (Total Aerosols)
Abs532_total, Mm-1, AerOpt_Absorption_InSitu_Green_RHd_Bulk_STP, Dry absorption at 532nm (Total Aerosols)
Abs660_total, Mm-1, AerOpt_Absorption_InSitu_Red_RHd_Bulk_STP, Dry absorption at 660nm (Total Aerosols)
Ext532_total_amb, Mm-1, AerOpt_Extinction_InSitu_Green_RHa_Bulk_STP, extinction coefficient of aerosols at 532nm for AMBIENT relative humidity
Ext532_total_dry, Mm-1, AerOpt_Extinction_InSitu_Green_RHd_Bulk_STP, extinction coefficient of aerosols at 532nm for DRY relative humidity
gamma550, unitless, AerOpt_Gamma_InSitu_Green_None_Bulk_STP, derived optical hygroscopic growth factor for particles at 550nm
fRH550_RH20to80, unitless, AerOpt_fRHScat_InSitu_Green_RHsp_Bulk_STP, derived optical hygroscopic growth parameter for particles at 550nm
AEscatAMB_450to700nm,unitless, AerOpt_AngstromExponentScat_InSitu_BluetoRed_RHa_Bulk_STP, derived ambient Angstrom Exponent for scattering coefficient over wavelength range from 450nm to 700nm
AEscatDRY_450to700nm,unitless, AerOpt_AngstromExponentScatInSitu_BluetoRed_RHd_Bulk_STP, derived dry Angstrom Exponent for scattering coefficient over wavelength range from 450nm to 700nm
AEabsDRY_470to660nm,unitless, AerOpt_AngstromExponentAbs_InSitu_BluetoRed_RHd_Bulk_STP, derived dry Angstrom Exponent for absorption coefficient over wavelength range from 450nm to 700nm
SSA_dry_450nm,unitless, AerOpt_SSA_InSitu_Blue_RHd_Bulk_STP, single_scattering_albedo_at_450nm_as_derived_from_dry_scattering_and_absorption
SSA_dry_550nm,unitless, AerOpt_SSA_InSitu_Green_RHd_Bulk_STP, single_scattering_albedo_at_550nm_as_derived_from_dry_scattering_and_absorption
SSA_dry_700nm,unitless, AerOpt_SSA_InSitu_Red_RHd_Bulk_STP, single_scattering_albedo_at_700nm_as_derived_from_dry_scattering_and_absorption
SSA_amb_550nm,unitless, AerOpt_SSA_InSitu_Green_RHa_Bulk_STP, single_scattering_albedo_at_550nm_as_derived_from_ambient_scattering_and_absorption
stdPT,unitless, None, Conversion factor to convert between ambient and standard pressure and temperature conditions
0
67
******************************************************************************************************************
Langley Aerosol data from the 2019 CAMP2Ex field campaign
 
PI_CONTACT_INFO: luke.ziemba@nasa.gov
PLATFORM: NASA P3B aircraft
LOCATION: Latitude, Longitude, and Altitude included in MetNav files
[...]
UNCERTAINTY: estimated uncertainties for directly measured properties
	- For dry scattering, accuracy estimated at 30% for all wavelengths; precision estimated at 4.5 Mm-1 for 450nm wavelength and 3 Mm-1 for 550nm and 700nm wavelengths
	- For dry absorption, accuracy estimated at 15% for all wavelengths; precision is a function of pressure and is estimated to vary from 0.5 Mm-1 near the surface to 2 at high altitude
	- For derived parameters, please contact the PI for a more detailed discussion of uncertainty
ULOD_FLAG: -7777
ULOD_VALUE: N/A
LLOD_FLAG: -8888
LLOD_VALUE: N/A
DM_CONTACT_INFO: Michael Shook (michael.shook@nasa.gov)
PROJECT_INFO: CAMP2Ex 2019
STIPULATIONS_ON_USE: This is FINAL data. Users are strongly encouraged to consult the PI and/or DM prior to use.
OTHER_COMMENTS: N/A
REVISION: R0
R0: STP and ambient parameter calculations now use data from their respective publicly available files, data is time synced to DLH
RD: Correction factor applied to raw scattering data, which also affects the absorption data via the Virkkula correction
RC: Higher threshholds required for calculating intensive parameters; absorption smoothing algorithm applied
RB: Time sync to LARGE CNgt3nm applied
RA: None
******************************************************************************************************************
Time_Mid,Sc550_total_amb,Sc450_total,Sc550_total,Sc700_total,Abs470_total,Abs532_total,Abs660_total,Ext532_total_amb,Ext532_total_dry,gamma550,fRH550_RH20to80,AEscatAMB_450to700nm,AEscatDRY_450to700nm,AEabsDRY_470to660nm,SSA_dry_450nm,SSA_dry_550nm,SSA_dry_700nm,SSA_amb_550nm,stdPT
[from data line 11163]
93707,114.51,151.58,98.12,55.77,7.61,6.26,6.23,128.41,111.63,0.13,1.21,2.07,2.38,1.03,0.953,0.944,0.918,0.951,1.134
93708,108.58,143.28,93.52,50.11,8.06,6.40,5.98,122.22,106.82,0.13,1.20,2.08,2.38,1.02,0.953,0.944,0.918,0.952,1.134
93709,113.53,153.19,96.27,52.35,8.23,6.50,6.00,127.64,109.84,0.14,1.22,2.08,2.37,1.07,0.954,0.946,0.920,0.954,1.134
93710,111.17,149.66,95.31,52.13,8.21,6.62,5.97,125.25,108.90,0.14,1.21,2.08,2.37,1.05,0.955,0.948,0.922,0.955,1.134
93711,107.65,146.00,94.26,51.87,7.85,6.67,5.49,121.58,107.79,0.12,1.18,2.08,2.38,1.00,0.956,0.949,0.923,0.956,1.134
93712,107.53,136.13,89.41,46.90,7.24,6.24,4.97,121.08,102.18,0.17,1.27,2.08,2.37,0.89,0.958,0.950,0.923,0.957,1.134
93713,100.30,148.97,90.41,53.04,6.50,5.56,4.28,112.72,102.57,0.10,1.15,2.09,2.38,0.85,0.959,0.950,0.923,0.957,1.134
93714,101.93,135.28,86.63,43.57,5.61,5.07,4.05,113.95,97.99,0.16,1.24,2.08,2.38,0.84,0.960,0.951,0.925,0.957,1.134
93715,101.05,138.08,86.16,48.38,4.59,4.62,2.93,112.54,97.04,0.15,1.24,2.08,2.38,0.90,0.960,0.952,0.926,0.958,1.135
93716,98.98,131.86,86.91,44.81,3.82,3.89,2.18,109.56,97.07,0.12,1.19,2.07,2.38,0.94,0.961,0.953,0.929,0.959,1.134
93717,99.59,131.95,84.83,46.31,3.61,3.28,2.35,109.61,94.22,0.15,1.23,2.07,2.38,0.98,0.962,0.954,0.932,0.959,1.134
93718,95.88,132.12,85.72,46.41,3.36,2.90,1.99,105.28,94.81,0.10,1.15,2.07,2.37,1.11,0.962,0.954,0.934,0.960,1.134
93719,91.83,132.32,86.62,46.52,3.09,2.43,1.58,100.54,95.40,0.05,1.07,2.07,2.38,1.22,0.962,0.955,0.936,0.961,1.133
93720,91.02,117.16,80.45,43.04,2.99,1.96,1.50,99.20,88.39,0.12,1.18,2.06,2.38,1.17,0.962,0.955,0.937,0.961,1.134
93721,89.29,111.95,80.59,42.78,2.83,2.12,2.09,97.52,88.73,0.10,1.15,2.06,2.38,1.07,0.963,0.954,0.935,0.960,1.134
93722,92.31,120.73,82.14,41.19,2.91,2.50,2.76,101.10,90.77,0.11,1.17,2.05,2.38,0.99,0.962,0.953,0.932,0.959,1.134
93723,92.27,120.63,82.11,41.00,3.42,2.76,2.77,101.33,90.99,0.11,1.17,2.06,2.39,0.88,0.961,0.951,0.927,0.958,1.134
93724,89.33,111.94,78.13,39.72,3.87,3.03,2.78,98.48,87.00,0.12,1.18,2.07,2.39,0.81,0.959,0.949,0.923,0.956,1.134
93725,87.00,111.85,78.08,39.68,3.90,3.49,3.15,96.47,87.42,0.09,1.14,2.08,2.39,0.78,0.958,0.946,0.919,0.953,1.133
93726,89.71,117.72,74.54,40.10,3.64,3.69,3.10,99.61,83.84,0.16,1.25,2.07,2.39,0.99,0.957,0.945,0.923,0.952,1.133
93727,84.37,117.90,74.50,40.02,3.38,3.57,3.00,93.84,83.76,0.12,1.18,2.08,2.40,1.14,0.957,0.946,0.927,0.953,1.133
93728,86.57,114.80,71.83,36.50,3.24,3.48,2.57,96.15,80.86,0.18,1.28,2.08,2.40,1.16,0.957,0.946,0.927,0.953,1.134
93729,86.73,115.14,73.67,40.73,3.63,3.48,2.22,96.29,82.85,0.15,1.24,2.08,2.41,1.10,0.958,0.946,0.927,0.954,1.134
93730,90.08,117.95,77.27,43.23,3.96,3.46,2.32,99.87,86.74,0.15,1.23,2.08,2.41,1.07,0.959,0.947,0.928,0.954,1.134
93731,91.46,120.77,80.89,45.74,3.89,3.64,2.48,101.54,90.87,0.11,1.16,2.08,2.41,1.02,0.958,0.948,0.925,0.955,1.133
93732,88.09,119.95,77.34,39.68,3.83,3.99,2.83,98.29,87.42,0.12,1.19,2.08,2.42,0.91,0.957,0.948,0.921,0.955,1.134
93733,83.81,106.69,69.38,39.46,4.36,4.02,3.40,93.75,78.91,0.18,1.28,2.08,2.42,0.90,0.956,0.945,0.919,0.953,1.134
93734,86.64,112.20,64.47,37.91,5.23,4.21,3.67,96.98,73.82,0.23,1.38,2.08,2.42,0.98,0.955,0.943,0.918,0.951,1.133
93735,87.33,112.88,67.94,38.42,5.94,4.87,4.02,98.35,78.26,0.20,1.32,2.09,2.42,0.99,0.954,0.943,0.917,0.951,1.133
93736,89.23,113.56,71.47,38.96,6.95,5.88,4.94,101.43,83.14,0.15,1.23,2.08,2.43,0.86,0.954,0.943,0.914,0.952,1.133
93737,81.33,114.24,73.79,38.65,7.83,6.76,5.91,93.86,86.61,0.07,1.11,2.10,2.44,0.83,0.956,0.943,0.915,0.951,1.132
93738,82.42,113.54,73.92,37.79,8.21,7.37,6.51,95.65,87.41,0.09,1.13,2.10,2.44,0.85,0.956,0.942,0.915,0.951,1.133
93739,78.67,108.96,66.91,38.47,8.63,7.68,6.57,91.99,80.17,0.13,1.20,2.09,2.44,0.86,0.955,0.941,0.915,0.950,1.132
93740,80.74,119.83,73.24,37.73,8.73,7.78,6.62,94.30,87.16,0.08,1.12,2.09,2.44,0.84,0.955,0.940,0.913,0.949,1.133
93741,78.29,111.48,67.01,42.27,8.52,7.49,6.16,91.39,80.18,0.13,1.21,2.10,2.44,0.83,0.953,0.939,0.910,0.948,1.133
93742,76.66,121.35,63.61,38.20,8.18,6.84,5.61,88.97,75.85,0.16,1.25,2.10,2.44,0.82,0.952,0.938,0.908,0.947,1.134
93743,81.01,116.16,64.16,37.28,7.42,5.93,4.95,92.68,75.52,0.21,1.33,2.10,2.44,0.82,0.952,0.937,0.908,0.947,1.133
93744,80.32,110.82,64.71,36.35,6.55,5.33,3.93,91.29,75.45,0.19,1.30,2.09,2.43,0.85,0.951,0.938,0.908,0.947,1.134
93745,79.73,107.56,64.01,33.47,5.56,4.56,3.14,89.90,73.91,0.19,1.30,2.10,2.43,0.89,0.951,0.939,0.909,0.949,1.133
93746,78.73,109.39,61.00,35.95,4.66,3.86,2.95,88.14,69.97,0.22,1.35,2.10,2.44,0.98,0.951,0.940,0.912,0.949,1.133
93747,78.43,105.88,63.60,33.53,3.82,3.30,3.38,87.29,72.27,0.18,1.29,2.09,2.44,1.11,0.951,0.939,0.913,0.949,1.133
93748,77.79,104.41,60.03,36.19,3.35,2.97,3.56,86.27,68.08,0.22,1.36,2.09,2.44,0.99,0.950,0.937,0.909,0.947,1.134
93749,74.10,104.23,63.13,36.81,3.52,2.89,3.15,82.23,71.41,0.13,1.20,2.09,2.44,0.79,0.951,0.935,0.904,0.945,1.134
93750,79.70,107.81,66.04,36.85,3.79,2.92,2.98,88.26,74.57,0.15,1.23,2.10,2.44,0.74,0.951,0.935,0.904,0.945,1.133
93751,72.67,102.90,60.98,33.22,3.75,3.18,2.84,81.06,69.35,0.14,1.22,2.11,2.44,0.68,0.951,0.935,0.901,0.945,1.133
93752,82.01,113.81,68.99,36.09,3.85,3.56,3.23,91.46,78.41,0.14,1.21,2.11,2.44,0.69,0.950,0.936,0.900,0.946,1.133
93753,75.53,100.56,62.60,34.46,3.97,3.56,3.90,84.55,71.44,0.15,1.23,2.12,2.43,0.80,0.951,0.938,0.906,0.947,1.133
93754,71.95,110.89,67.97,41.02,3.96,3.49,3.89,80.65,77.20,0.05,1.07,2.11,2.43,0.85,0.953,0.940,0.912,0.949,1.133
93755,75.44,99.16,64.09,36.50,4.30,3.65,3.73,84.55,73.14,0.13,1.20,2.11,2.44,0.95,0.956,0.944,0.918,0.952,1.133
93756,78.22,105.03,63.14,35.62,4.51,3.83,3.47,87.67,72.28,0.17,1.27,2.11,2.43,0.98,0.957,0.947,0.922,0.955,1.133
93757,76.55,102.78,65.07,35.33,4.61,3.81,3.12,85.82,74.32,0.14,1.21,2.10,2.45,0.88,0.960,0.950,0.924,0.958,1.133
93758,77.28,100.40,67.00,35.03,4.70,3.58,2.85,86.30,76.09,0.12,1.19,2.09,2.44,0.73,0.962,0.951,0.925,0.959,1.134
93759,78.89,92.61,68.43,30.46,4.72,3.73,3.05,88.10,77.70,0.12,1.17,2.08,2.43,0.56,0.963,0.952,0.923,0.959,1.133
93760,75.31,101.09,66.96,35.56,4.52,3.88,3.12,84.41,76.24,0.10,1.14,2.07,2.43,0.72,0.962,0.953,0.924,0.960,1.133
93761,73.36,96.93,61.73,35.42,4.08,3.89,2.82,82.32,70.56,0.14,1.22,2.08,2.43,0.85,0.961,0.952,0.925,0.960,1.133
93762,72.11,104.02,64.03,35.69,3.77,3.64,3.08,80.71,72.75,0.10,1.14,2.07,2.43,0.90,0.961,0.951,0.927,0.958,1.133
93763,73.51,97.40,61.04,35.97,4.07,3.62,3.65,82.14,69.48,0.15,1.23,2.07,2.42,0.79,0.962,0.949,0.926,0.956,1.133
93764,79.02,105.25,59.76,35.55,3.96,3.46,3.36,87.85,67.87,0.22,1.36,2.07,2.42,0.68,0.962,0.949,0.923,0.956,1.133
93765,76.44,103.09,62.94,35.36,3.82,3.43,2.80,85.04,71.25,0.15,1.24,2.07,2.41,0.68,0.961,0.949,0.923,0.957,1.133
93766,76.82,103.31,60.90,35.70,3.81,3.43,2.63,85.42,69.05,0.18,1.29,2.07,2.40,0.76,0.960,0.949,0.923,0.956,1.132
93767,76.40,103.11,66.66,37.09,3.90,3.44,3.32,84.97,75.25,0.11,1.16,2.07,2.39,0.98,0.958,0.947,0.925,0.955,1.132
93768,76.74,102.53,72.39,38.44,3.61,3.16,3.30,85.04,81.11,0.05,1.07,2.06,2.38,1.13,0.956,0.946,0.925,0.954,1.133
93769,74.01,106.34,68.76,35.30,3.28,3.06,2.93,82.02,77.09,0.06,1.09,2.07,2.39,1.14,0.955,0.946,0.924,0.954,1.133
93770,80.25,109.55,69.62,35.54,3.57,3.20,3.32,88.76,78.13,0.12,1.18,2.08,2.40,1.07,0.955,0.946,0.921,0.954,1.133
93771,82.95,112.70,70.43,35.76,4.06,3.25,2.75,91.70,79.05,0.13,1.20,2.09,2.41,0.98,0.955,0.945,0.919,0.954,1.133
93772,85.77,107.80,70.76,35.32,4.07,3.28,2.03,94.73,79.39,0.15,1.23,2.09,2.41,0.89,0.957,0.946,0.920,0.955,1.132
93773,81.50,106.11,69.35,37.58,4.02,3.52,2.08,90.44,78.12,0.13,1.19,2.09,2.42,0.91,0.958,0.948,0.923,0.956,1.133
93774,84.86,99.58,67.94,34.18,4.03,3.93,2.63,94.45,77.06,0.18,1.28,2.09,2.43,0.98,0.958,0.950,0.924,0.957,1.133
93775,81.43,108.28,67.59,35.72,4.02,4.22,3.05,91.09,77.05,0.15,1.23,2.09,2.43,1.07,0.959,0.950,0.928,0.957,1.132
93776,80.61,104.13,66.72,32.41,3.87,4.37,2.97,90.35,76.29,0.15,1.24,2.08,2.44,1.08,0.960,0.950,0.929,0.957,1.132
93777,82.45,104.58,68.57,33.18,4.27,4.52,3.10,92.45,78.44,0.15,1.23,2.07,2.44,1.07,0.960,0.951,0.929,0.958,1.133
93778,84.04,103.38,64.73,38.27,5.29,4.71,3.60,94.31,74.50,0.20,1.33,2.07,2.44,1.04,0.962,0.951,0.931,0.959,1.133
93779,85.50,100.84,71.04,38.17,5.86,4.66,3.35,95.83,81.26,0.13,1.20,2.07,2.44,0.95,0.963,0.952,0.932,0.960,1.132
93780,79.39,102.48,64.61,39.48,5.92,4.70,3.38,89.36,74.37,0.15,1.24,2.07,2.44,0.88,0.963,0.954,0.930,0.961,1.132
93781,81.55,104.70,66.33,38.29,5.85,4.73,3.65,91.67,76.26,0.16,1.25,2.07,2.45,0.85,0.963,0.954,0.929,0.962,1.132
93782,76.16,102.16,60.69,40.61,5.82,4.81,4.05,85.95,70.25,0.19,1.30,2.07,2.46,0.95,0.962,0.952,0.928,0.960,1.132
93783,82.03,104.59,68.85,34.98,5.54,4.32,4.10,91.69,78.58,0.14,1.22,2.07,2.47,1.18,0.961,0.952,0.932,0.960,1.132
93784,82.56,105.71,69.14,35.03,5.28,3.89,4.03,91.82,78.50,0.15,1.22,2.07,2.48,1.12,0.960,0.950,0.929,0.958,1.131
93785,82.91,106.87,69.45,35.10,5.23,3.56,3.74,91.84,78.53,0.15,1.23,2.07,2.48,0.97,0.959,0.949,0.924,0.957,1.133
93786,78.80,106.13,69.07,34.09,4.97,3.62,3.11,87.50,78.20,0.11,1.16,2.07,2.47,0.85,0.958,0.946,0.919,0.955,1.133
93787,83.74,107.04,71.78,34.14,4.20,3.37,2.90,92.51,80.89,0.13,1.19,2.06,2.47,0.99,0.958,0.945,0.922,0.955,1.133
93788,81.02,117.97,71.95,35.71,3.49,2.91,2.55,89.22,80.63,0.10,1.14,2.07,2.47,1.15,0.957,0.945,0.924,0.955,1.133
93789,89.79,117.91,71.92,35.70,2.66,2.68,1.81,98.36,80.39,0.18,1.28,2.07,2.48,1.25,0.956,0.947,0.924,0.956,1.132
93790,88.53,121.72,73.54,39.33,2.16,2.52,1.66,96.98,82.05,0.16,1.24,2.07,2.48,1.22,0.956,0.947,0.924,0.956,1.133
93791,89.64,119.38,72.93,40.13,2.16,2.13,1.75,97.79,81.04,0.17,1.27,2.07,2.49,1.10,0.957,0.946,0.923,0.955,1.134
93792,85.03,116.97,72.27,40.90,2.71,2.34,1.95,93.05,80.53,0.14,1.21,2.07,2.49,1.02,0.957,0.945,0.921,0.954,1.133
93793,90.34,118.22,73.29,42.06,3.42,3.12,2.69,99.50,82.39,0.17,1.27,2.06,2.47,0.98,0.956,0.943,0.918,0.953,1.133
93794,91.76,118.15,73.24,42.03,3.92,3.70,2.85,101.68,82.89,0.16,1.25,2.05,2.47,1.01,0.954,0.942,0.916,0.952,1.133
93795,99.75,132.06,76.80,41.38,4.50,3.98,3.57,110.55,87.06,0.19,1.30,2.04,2.47,1.07,0.951,0.940,0.913,0.950,1.131
93796,94.15,133.29,79.40,41.74,5.10,4.48,4.08,105.07,90.34,0.14,1.21,2.04,2.48,1.09,0.949,0.938,0.909,0.948,1.132
93797,102.13,134.50,82.00,42.10,5.90,5.59,5.00,114.72,94.26,0.15,1.23,2.04,2.49,1.04,0.947,0.936,0.905,0.946,1.132
93798,102.25,130.91,81.55,41.55,6.64,6.00,5.45,115.26,94.19,0.15,1.23,2.04,2.49,1.05,0.948,0.936,0.906,0.946,1.132
93799,97.91,127.27,81.10,40.99,7.39,6.06,5.20,110.72,93.84,0.15,1.23,2.04,2.48,1.04,0.949,0.936,0.908,0.946,1.132
93800,106.34,142.56,87.27,48.99,7.84,6.05,4.71,119.70,100.55,0.15,1.23,2.03,2.48,1.06,0.950,0.935,0.910,0.946,1.132
93801,113.23,142.96,87.93,48.30,7.86,6.30,4.95,127.37,101.56,0.19,1.30,2.03,2.47,1.01,0.950,0.935,0.909,0.946,1.132
93802,107.59,143.34,88.58,47.60,7.60,6.23,4.66,121.22,102.24,0.16,1.24,2.02,2.47,0.97,0.950,0.935,0.907,0.946,1.132
93803,111.59,149.02,93.36,49.11,7.40,6.59,4.96,125.88,107.86,0.14,1.22,2.01,2.47,1.04,0.949,0.934,0.908,0.944,1.132
93804,111.26,155.47,94.11,50.42,7.74,7.13,5.26,126.01,109.20,0.11,1.17,2.01,2.46,1.09,0.948,0.932,0.908,0.943,1.132
93805,112.97,161.81,94.84,51.71,8.46,7.57,5.62,128.32,110.40,0.11,1.16,2.00,2.45,1.08,0.947,0.931,0.907,0.942,1.132
93806,121.48,161.91,94.89,51.74,9.21,7.74,5.76,137.57,110.59,0.15,1.23,2.00,2.45,1.00,0.946,0.930,0.902,0.942,1.131
93807,127.23,155.74,99.43,51.20,10.60,8.75,7.19,144.76,116.50,0.15,1.23,2.00,2.45,0.99,0.945,0.929,0.900,0.940,1.131
93808,120.07,154.13,104.85,58.15,11.44,9.80,8.58,138.18,123.42,0.08,1.12,2.01,2.45,0.94,0.944,0.927,0.896,0.939,1.131
93809,120.30,160.09,104.48,58.35,11.69,10.55,8.92,139.18,123.78,0.09,1.13,2.02,2.46,0.90,0.942,0.925,0.892,0.938,1.131
93810,114.35,165.95,104.10,58.54,12.05,10.75,8.42,133.01,123.53,0.06,1.09,2.02,2.46,0.97,0.941,0.925,0.892,0.937,1.132
93811,123.67,168.20,110.67,56.04,12.25,10.67,7.98,142.87,130.47,0.07,1.10,2.02,2.45,1.01,0.940,0.925,0.893,0.937,1.131
93812,125.47,172.18,107.44,56.52,12.50,10.40,8.39,144.54,126.67,0.13,1.20,2.02,2.45,1.07,0.940,0.925,0.895,0.937,1.131
93813,120.53,165.28,100.12,57.65,12.20,10.03,8.64,138.94,118.36,0.16,1.24,2.03,2.44,1.14,0.941,0.926,0.898,0.938,1.132
93814,126.77,183.46,105.36,67.23,11.39,9.73,8.05,145.31,123.72,0.12,1.18,2.03,2.44,1.11,0.941,0.927,0.898,0.939,1.132
93815,131.00,177.98,104.15,63.89,10.32,9.32,7.40,149.43,122.01,0.16,1.26,2.03,2.44,1.13,0.942,0.927,0.899,0.939,1.132
93816,119.71,172.56,102.98,60.59,9.44,8.65,6.71,136.72,120.07,0.12,1.19,2.03,2.45,1.14,0.941,0.926,0.898,0.938,1.133
93817,135.75,174.13,102.49,57.49,9.11,8.35,6.28,153.64,119.27,0.19,1.29,2.04,2.45,1.14,0.941,0.927,0.898,0.939,1.132
93818,127.41,175.66,101.96,54.39,9.32,8.50,6.91,144.84,118.84,0.13,1.20,2.04,2.45,1.07,0.941,0.926,0.895,0.938,1.131
93819,137.58,163.36,101.97,60.77,9.70,8.78,7.65,155.97,119.12,0.18,1.28,2.05,2.45,0.98,0.941,0.926,0.892,0.937,1.131
93820,126.19,162.57,103.63,58.05,10.16,9.00,8.23,143.97,121.09,0.12,1.18,2.05,2.44,0.92,0.941,0.924,0.891,0.937,1.131
93821,134.36,161.83,105.32,55.38,10.23,8.94,7.71,152.54,122.80,0.16,1.25,2.06,2.44,0.97,0.941,0.925,0.892,0.937,1.131
93822,124.98,176.56,111.98,57.49,9.95,8.59,7.06,142.21,129.59,0.08,1.11,2.06,2.42,0.98,0.941,0.925,0.894,0.937,1.133
93823,124.94,174.81,107.95,58.06,9.93,8.08,6.81,141.72,124.70,0.12,1.18,2.06,2.41,0.99,0.941,0.927,0.895,0.938,1.132
93824,125.12,173.10,103.98,58.68,9.84,7.69,6.73,141.56,120.09,0.14,1.21,2.06,2.42,0.96,0.942,0.928,0.895,0.939,1.133
93825,123.78,155.08,104.17,54.21,9.39,7.44,6.41,139.82,120.07,0.13,1.20,2.06,2.42,0.97,0.943,0.929,0.897,0.940,1.131
93826,125.32,154.82,104.22,54.29,9.03,7.20,5.81,141.21,119.91,0.12,1.18,2.07,2.43,1.00,0.944,0.930,0.899,0.941,1.132
93827,124.52,156.03,98.72,51.64,9.02,7.24,5.73,140.41,114.06,0.15,1.23,2.07,2.44,0.98,0.945,0.931,0.901,0.942,1.131
93828,124.16,157.64,99.69,51.48,9.10,7.24,5.76,140.06,115.13,0.15,1.23,2.07,2.44,0.96,0.946,0.932,0.902,0.944,1.131
93829,122.57,159.20,100.63,51.31,8.98,7.19,5.81,138.30,116.09,0.13,1.19,2.07,2.44,0.92,0.947,0.932,0.901,0.944,1.132
93830,121.71,159.32,100.53,51.23,8.82,7.29,6.16,137.47,116.00,0.12,1.18,2.07,2.45,0.94,0.947,0.933,0.902,0.944,1.131
93831,120.96,164.90,101.38,55.25,8.94,7.47,6.24,136.87,117.05,0.12,1.17,2.08,2.45,0.91,0.947,0.933,0.900,0.944,1.131
93832,118.53,167.54,98.04,54.09,8.80,7.67,6.46,134.43,113.61,0.14,1.21,2.08,2.45,0.97,0.947,0.933,0.902,0.944,1.132
93833,122.79,165.13,103.89,54.65,8.55,7.60,6.59,138.99,119.82,0.12,1.19,2.09,2.46,1.05,0.947,0.934,0.904,0.945,1.132
93834,122.70,158.85,102.35,53.59,8.52,7.57,6.69,138.89,118.07,0.14,1.21,2.10,2.45,1.12,0.946,0.934,0.906,0.945,1.132
93835,119.69,160.42,104.00,55.09,8.30,7.46,6.99,135.60,119.79,0.10,1.15,2.10,2.46,1.06,0.946,0.934,0.903,0.944,1.132
93836,130.41,159.62,103.04,54.75,7.88,7.11,6.52,146.68,118.38,0.17,1.26,2.09,2.46,1.03,0.946,0.934,0.903,0.945,1.132
93837,120.77,159.84,103.38,65.09,7.84,6.95,5.86,136.19,118.62,0.10,1.15,2.09,2.45,1.04,0.946,0.934,0.904,0.945,1.132
93838,123.69,156.31,103.85,57.72,7.94,6.96,5.98,139.36,119.16,0.11,1.17,2.10,2.45,1.07,0.946,0.934,0.904,0.945,1.131
93839,124.15,165.37,101.31,60.08,8.02,6.98,6.24,139.90,116.44,0.13,1.20,2.10,2.44,1.06,0.946,0.934,0.905,0.945,1.131
93840,124.32,152.53,93.94,50.72,8.11,7.09,6.28,140.24,108.56,0.18,1.29,2.11,2.44,0.98,0.947,0.935,0.905,0.946,1.131
93841,123.02,174.84,103.00,54.72,8.37,7.16,5.93,138.94,118.44,0.13,1.19,2.11,2.44,0.96,0.948,0.934,0.905,0.945,1.132
93842,121.98,163.04,100.32,48.57,8.69,7.42,6.02,138.13,115.82,0.14,1.22,2.11,2.44,1.01,0.948,0.934,0.906,0.944,1.132
93843,126.81,168.38,102.40,55.32,8.87,7.56,6.00,143.40,118.20,0.15,1.23,2.11,2.43,0.96,0.947,0.933,0.904,0.944,1.132
93844,134.15,168.34,102.31,55.11,9.16,7.54,5.79,151.21,118.07,0.18,1.28,2.10,2.43,0.99,0.948,0.934,0.906,0.945,1.131
93845,132.52,177.79,114.02,62.10,9.39,7.63,5.53,149.57,130.82,0.10,1.15,2.10,2.43,1.03,0.948,0.936,0.908,0.946,1.131
