NASA Data Processing/CAMP2Ex/OPTICAL/CAMP2Ex-LARGE-OPTICAL_P3B_20191003_R0.ict
100,1001
Luke Ziemba
NASA Langley
In-situ optical aerosol measurements from the NASA P3B
CAMP2Ex
1,1
2019,10,03,2020,05,5
1.0
Time_Mid,Secs after midnight,Time of acquisition
19
1,1,1,1,1,1,1,1,1,1,1,1,1,1,1,1,1,1,1
-9999,-9999,-9999,-9999,-9999,-9999,-9999,-9999,-9999,-9999,-9999,-9999,-9999,-9999,-9999,-9999,-9999,-9999,-9999
Sc550_total_amb, Mm-1, AerOpt_Scattering_InSitu_Green_RHa_Bulk_STP, scattering coefficient of ambient  particles at 550nm
Sc450_total, Mm-1, AerOpt_Scattering_InSitu_Blue_RHd_Bulk_STP, Dry Scattering at 450nm (Total Aerosols)
Sc550_total, Mm-1, AerOpt_Scattering_InSitu_Green_RHd_Bulk_STP, Dry Scattering at 550nm (Total Aerosols)
Sc700_total, Mm-1, AerOpt_Scattering_InSitu_Red_RHd_Bulk_STP, Dry Scattering at 700nm (Total Aerosols)
Abs470_total, Mm-1, AerOpt_Absorption_InSitu_Blue_RHd_Bulk_STP, Dry absorption at 470nm (Total Aerosols)
Abs532_total, Mm-1, AerOpt_Absorption_InSitu_Green_RHd_Bulk_STP, Dry absorption at 532nm (Total Aerosols)
Abs660_total, Mm-1, AerOpt_Absorption_InSitu_Red_RHd_Bulk_STP, Dry absorption at 660nm (Total Aerosols)
Ext532_total_amb, Mm-1, AerOpt_Extinction_InSitu_Green_RHa_Bulk_STP, extinction coefficient of aerosols at 532nm for AMBIENT relative humidity
Ext532_total_dry, Mm-1, AerOpt_Extinction_InSitu_Green_RHd_Bulk_STP, extinction coefficient of aerosols at 532nm for DRY relative humidity
gamma550, unitless, AerOpt_Gamma_InSitu_Green_None_Bulk_STP, derived optical hygroscopic growth factor for particles at 550nm
fRH550_RH20to80, unitless, AerOpt_fRHScat_InSitu_Green_RHsp_Bulk_STP, derived optical hygroscopic growth parameter for particles at 550nm
AEscatAMB_450to700nm,unitless, AerOpt_AngstromExponentScat_InSitu_BluetoRed_RHa_Bulk_STP, derived ambient Angstrom Exponent for scattering coefficient over wavelength range from 450nm to 700nm
AEscatDRY_450to700nm,unitless, AerOpt_AngstromExponentScatInSitu_BluetoRed_RHd_Bulk_STP, derived dry Angstrom Exponent for scattering coefficient over wavelength range from 450nm to 700nm
AEabsDRY_470to660nm,unitless, AerOpt_AngstromExponentAbs_InSitu_BluetoRed_RHd_Bulk_STP, derived dry Angstrom Exponent for absorption coefficient over wavelength range from 450nm to 700nm
SSA_dry_450nm,unitless, AerOpt_SSA_InSitu_Blue_RHd_Bulk_STP, single_scattering_albedo_at_450nm_as_derived_from_dry_scattering_and_absorption
SSA_dry_550nm,unitless, AerOpt_SSA_InSitu_Green_RHd_Bulk_STP, single_scattering_albedo_at_550nm_as_derived_from_dry_scattering_and_absorption
SSA_dry_700nm,unitless, AerOpt_SSA_InSitu_Red_RHd_Bulk_STP, single_scattering_albedo_at_700nm_as_derived_from_dry_scattering_and_absorption
SSA_amb_550nm,unitless, AerOpt_SSA_InSitu_Green_RHa_Bulk_STP, single_scattering_albedo_at_550nm_as_derived_from_ambient_scattering_and_absorption
stdPT,unitless, None, Conversion factor to convert between ambient and standard pressure and temperature conditions
0
67
******************************************************************************************************************
Langley Aerosol data from the 2019 CAMP2Ex field campaign
 
PI_CONTACT_INFO: luke.ziemba@nasa.gov
PLATFORM: NASA P3B aircraft
LOCATION: Latitude, Longitude, and Altitude included in MetNav files
[...]
UNCERTAINTY: estimated uncertainties for directly measured properties
	- For dry scattering, accuracy estimated at 30% for all wavelengths; precision estimated at 4.5 Mm-1 for 450nm wavelength and 3 Mm-1 for 550nm and 700nm wavelengths
	- For dry absorption, accuracy estimated at 15% for all wavelengths; precision is a function of pressure and is estimated to vary from 0.5 Mm-1 near the surface to 2 at high altitude
	- For derived parameters, please contact the PI for a more detailed discussion of uncertainty
ULOD_FLAG: -7777
ULOD_VALUE: N/A
LLOD_FLAG: -8888
LLOD_VALUE: N/A
DM_CONTACT_INFO: Michael Shook (michael.shook@nasa.gov)
PROJECT_INFO: CAMP2Ex 2019
STIPULATIONS_ON_USE: This is FINAL data. Users are strongly encouraged to consult the PI and/or DM prior to use.
OTHER_COMMENTS: N/A
REVISION: R0
R0: STP and ambient parameter calculations now use data from their respective publicly available files, data is time synced to DLH
RD: Correction factor applied to raw scattering data, which also affects the absorption data via the Virkkula correction
RC: Higher threshholds required for calculating intensive parameters; absorption smoothing algorithm applied
RB: Time sync to LARGE CNgt3nm applied
RA: None
******************************************************************************************************************
Time_Mid,Sc550_total_amb,Sc450_total,Sc550_total,Sc700_total,Abs470_total,Abs532_total,Abs660_total,Ext532_total_amb,Ext532_total_dry,gamma550,fRH550_RH20to80,AEscatAMB_450to700nm,AEscatDRY_450to700nm,AEabsDRY_470to660nm,SSA_dry_450nm,SSA_dry_550nm,SSA_dry_700nm,SSA_amb_550nm,stdPT
[from data line 8412]
90956,84.81,109.62,69.96,41.46,2.25,2.35,2.07,92.77,78.14,0.12,1.18,2.04,2.56,-9999,-9999,-9999,-9999,-9999,1.236
90957,74.17,100.25,65.78,36.25,2.87,2.64,2.36,81.69,73.95,0.07,1.11,2.05,2.56,-9999,-9999,-9999,-9999,-9999,1.235
90958,74.65,99.86,65.13,28.59,2.92,2.75,2.70,82.34,73.41,0.08,1.12,2.05,2.57,-9999,-9999,-9999,-9999,-9999,1.235
90959,72.42,96.71,53.31,26.36,1.80,1.88,1.36,79.10,59.77,0.18,1.28,2.07,2.57,-9999,-9999,-9999,-9999,-9999,1.234
90960,71.36,87.50,50.87,24.94,0.87,0.74,0.41,76.83,55.99,0.21,1.33,2.07,2.57,-9999,-9999,-9999,-9999,-9999,1.233
90961,64.92,78.18,48.42,23.51,-0.40,-0.49,0.18,68.74,52.12,0.23,1.37,2.08,2.56,-9999,-9999,-9999,-9999,-9999,1.233
90962,56.65,81.19,48.49,24.04,-1.37,-1.50,-0.59,58.90,51.18,0.13,1.19,2.07,2.57,-9999,-9999,-9999,-9999,-9999,1.233
90963,55.28,76.81,45.77,25.07,-2.14,-2.02,-1.33,56.90,47.73,0.15,1.24,2.06,2.58,-9999,-9999,-9999,-9999,-9999,1.233
90964,53.62,72.41,43.01,26.12,-2.94,-2.23,-2.16,54.90,44.53,0.18,1.29,2.06,2.59,-9999,-9999,-9999,-9999,-9999,1.232
90965,53.28,59.89,39.95,22.82,-3.26,-2.48,-2.42,54.29,40.98,0.24,1.39,2.08,2.57,-9999,-9999,-9999,-9999,-9999,1.232
90966,45.91,66.50,40.18,21.81,-4.04,-3.23,-3.02,45.71,40.44,0.11,1.16,2.11,2.57,-9999,-9999,-9999,-9999,-9999,1.231
90967,40.99,57.39,35.74,18.08,-4.41,-3.65,-3.63,40.11,35.15,0.11,1.17,2.14,2.57,-9999,-9999,-9999,-9999,-9999,1.230
90968,46.11,62.20,40.44,21.46,-3.88,-3.01,-2.86,46.22,40.87,0.11,1.16,2.14,2.58,-9999,-9999,-9999,-9999,-9999,1.230
90969,36.74,40.20,27.49,13.02,-3.04,-2.14,-1.83,37.11,27.68,0.25,1.41,2.13,2.57,-9999,-9999,-9999,-9999,-9999,1.230
90970,34.94,47.71,28.50,14.49,-2.12,-1.33,-2.06,36.03,29.57,0.18,1.28,2.12,2.57,-9999,-9999,-9999,-9999,-9999,1.230
90971,34.48,39.90,25.43,11.82,-1.36,-0.79,-2.16,36.10,26.80,0.27,1.46,2.13,2.59,-9999,-9999,-9999,-9999,-9999,1.229
90972,33.20,46.77,28.34,13.32,-0.80,-0.53,-2.15,35.02,30.24,0.14,1.22,2.13,2.61,-9999,-9999,-9999,-9999,-9999,1.229
90973,30.67,45.25,24.40,12.98,-0.72,-0.47,-1.52,32.38,26.04,0.21,1.34,2.11,2.63,-9999,-9999,-9999,-9999,-9999,1.228
90974,26.77,44.23,20.50,12.66,-1.05,-0.92,-1.46,27.76,21.37,0.24,1.40,2.10,2.62,-9999,-9999,-9999,-9999,-9999,1.228
90975,25.31,34.92,22.96,8.89,-0.80,-0.87,-1.07,26.28,24.07,0.09,1.13,2.12,2.59,-9999,-9999,-9999,-9999,-9999,1.227
90976,29.37,39.55,25.76,10.85,-0.23,-0.71,-0.65,30.83,27.25,0.12,1.18,2.13,2.56,-9999,-9999,-9999,-9999,-9999,1.227
90977,25.55,33.31,22.64,8.61,0.32,-0.31,-0.17,27.14,24.26,0.11,1.17,2.13,2.54,-9999,-9999,-9999,-9999,-9999,1.226
90978,26.06,36.76,21.43,12.25,0.42,-0.04,-0.23,27.95,23.19,0.18,1.27,2.12,2.51,-9999,-9999,-9999,-9999,-9999,1.226
90979,24.08,32.37,18.52,10.69,0.79,0.43,0.64,26.29,20.47,0.24,1.39,2.10,2.48,-9999,-9999,-9999,-9999,-9999,1.225
90980,22.43,30.80,20.27,13.04,1.32,0.77,1.40,24.87,22.69,0.09,1.13,2.10,2.49,-9999,-9999,-9999,-9999,-9999,1.225
90981,24.68,37.20,20.86,10.62,1.89,0.99,1.91,27.54,23.56,0.15,1.22,2.07,2.49,-9999,-9999,-9999,-9999,-9999,1.224
90982,22.68,31.98,19.62,10.86,2.16,1.16,1.43,25.54,22.38,0.12,1.18,2.07,2.49,-9999,-9999,-9999,-9999,-9999,1.224
90983,26.44,37.86,22.86,10.97,2.70,2.06,1.93,30.46,26.82,0.13,1.20,2.08,2.50,-9999,-9999,-9999,-9999,-9999,1.223
90984,24.75,35.77,21.24,13.31,2.66,2.29,2.49,28.88,25.31,0.13,1.20,2.08,2.51,-9999,-9999,-9999,-9999,-9999,1.223
90985,27.51,34.27,20.41,11.38,2.30,2.16,2.71,31.70,24.27,0.24,1.39,2.09,2.50,-9999,-9999,-9999,-9999,-9999,1.222
90986,26.49,37.16,22.17,13.13,2.24,1.90,2.68,30.34,25.91,0.14,1.22,2.09,2.49,-9999,-9999,-9999,-9999,-9999,1.221
90987,25.42,31.70,18.91,10.41,2.52,1.84,2.42,29.14,22.33,0.24,1.40,2.08,2.49,-9999,-9999,-9999,-9999,-9999,1.220
90988,26.73,36.51,22.13,11.54,2.49,1.70,1.86,30.39,25.69,0.15,1.24,2.06,2.49,-9999,-9999,-9999,-9999,-9999,1.220
90989,25.65,30.32,18.92,10.39,2.03,1.60,1.49,29.09,22.09,0.25,1.41,2.05,2.49,-9999,-9999,-9999,-9999,-9999,1.219
90990,25.59,35.55,21.39,12.39,1.39,1.46,1.49,28.83,24.58,0.15,1.23,2.03,2.47,-9999,-9999,-9999,-9999,-9999,1.219
90991,23.79,29.51,19.88,11.69,1.38,1.34,2.23,26.75,22.82,0.15,1.23,2.01,2.45,-9999,-9999,-9999,-9999,-9999,1.218
90992,26.49,35.90,23.62,14.42,1.24,0.92,2.16,29.19,26.43,0.09,1.14,2.01,2.45,-9999,-9999,-9999,-9999,-9999,1.218
90993,27.27,35.14,26.06,15.57,1.25,0.86,1.03,29.93,28.99,0.04,1.05,2.01,2.45,-9999,-9999,-9999,-9999,-9999,1.217
90994,26.92,37.92,29.81,16.98,1.34,1.03,0.47,29.74,33.15,-0.09,0.89,2.02,2.45,-9999,0.959,-9999.000,-9999.000,-9999.000,1.217
90995,27.10,40.19,26.85,14.47,1.30,1.06,0.36,29.93,29.98,0.01,1.01,2.03,2.43,-9999,0.962,-9999.000,-9999.000,-9999.000,1.216
90996,26.74,44.92,27.88,16.75,1.16,1.11,0.46,29.56,31.09,-0.04,0.95,2.02,2.40,-9999,0.961,0.945,-9999.000,0.953,1.216
90997,36.02,48.27,27.88,15.72,1.10,1.41,0.92,39.65,31.37,0.22,1.35,1.98,2.37,0.07,0.957,0.941,0.899,0.951,1.215
90998,34.78,51.59,27.89,14.70,1.22,1.47,1.19,38.35,31.43,0.19,1.30,1.95,2.37,0.25,0.954,0.938,0.896,0.948,1.214
90999,37.32,50.80,30.51,16.11,1.45,1.33,1.25,40.91,34.10,0.17,1.27,1.95,2.36,0.47,0.951,0.936,0.899,0.947,1.214
91000,40.06,49.84,33.15,17.51,1.44,1.64,1.05,44.13,37.23,0.16,1.25,1.94,2.36,0.61,0.953,0.936,0.907,0.946,1.213
91001,41.04,43.40,30.82,15.46,1.24,1.88,0.76,45.36,34.96,0.25,1.40,1.93,2.34,0.42,0.955,0.937,0.906,0.947,1.213
91002,39.73,61.76,35.06,18.11,1.41,2.25,1.57,44.33,39.89,0.11,1.16,1.91,2.34,0.31,0.955,0.940,0.903,0.949,1.213
91003,46.42,66.75,39.62,20.06,1.93,2.38,2.50,51.54,44.89,0.14,1.21,1.90,2.33,0.46,0.956,0.943,0.909,0.952,1.212
91004,55.90,71.70,44.17,22.01,2.37,2.80,2.57,61.96,50.17,0.20,1.32,1.89,2.32,0.55,0.957,0.944,0.913,0.952,1.211
91005,67.72,77.23,49.66,27.55,2.51,2.88,2.45,74.55,56.12,0.26,1.43,1.89,2.32,0.73,0.957,0.944,0.919,0.952,1.211
91006,68.77,76.49,52.27,26.26,2.35,2.66,2.14,75.39,58.68,0.23,1.37,1.87,2.31,0.86,0.957,0.944,0.923,0.952,1.210
91007,69.95,91.27,59.77,29.49,2.94,3.15,2.89,77.12,67.21,0.13,1.20,1.87,2.31,0.95,0.958,0.944,0.926,0.952,1.209
91008,72.95,89.55,58.96,27.58,3.89,4.32,4.22,81.49,67.52,0.17,1.27,1.86,2.30,0.82,0.958,0.943,0.924,0.951,1.209
91009,73.78,102.05,75.56,33.80,5.15,4.99,5.13,83.02,85.96,-0.02,0.98,1.85,2.29,0.74,0.958,0.943,0.921,0.951,1.208
91010,90.25,108.17,69.35,41.40,6.27,5.61,5.40,101.11,79.94,0.18,1.28,1.85,2.30,0.68,0.957,0.943,0.919,0.951,1.207
91011,89.00,105.85,77.77,45.30,6.82,6.07,5.10,100.19,89.40,0.09,1.13,1.84,2.30,0.77,0.957,0.943,0.920,0.951,1.207
91012,109.63,109.56,71.97,43.77,6.92,6.52,5.03,122.39,83.61,0.26,1.44,1.84,2.30,0.78,0.957,0.944,0.921,0.951,1.205
91013,99.80,128.39,85.23,44.63,7.14,6.58,5.41,112.05,97.86,0.10,1.14,1.83,2.30,0.67,0.957,0.943,0.917,0.951,1.204
91014,108.08,138.92,91.48,49.96,7.73,6.78,5.82,121.00,104.69,0.10,1.16,1.83,2.29,0.67,0.956,0.943,0.917,0.951,1.203
91015,103.67,149.43,97.70,55.29,8.29,7.08,6.73,116.61,111.67,0.04,1.05,1.83,2.29,0.72,0.956,0.943,0.918,0.951,1.203
91016,117.00,140.72,89.08,53.00,8.02,6.89,6.00,130.49,102.25,0.17,1.27,1.82,2.28,0.83,0.956,0.944,0.922,0.952,1.203
91017,111.35,175.22,113.42,63.42,7.36,6.38,4.60,123.99,127.72,-0.01,0.98,1.82,2.27,0.87,0.957,0.946,0.924,0.953,1.202
91018,124.53,159.28,105.78,59.07,6.78,6.14,3.65,137.57,119.29,0.10,1.16,1.81,2.26,0.84,0.958,0.947,0.925,0.954,1.201
91019,125.31,167.42,112.83,62.81,6.34,5.90,3.77,138.12,126.52,0.07,1.10,1.80,2.25,0.74,0.958,0.946,0.923,0.953,1.201
91020,128.95,157.49,105.41,56.84,6.36,5.83,4.48,141.82,118.49,0.13,1.20,1.79,2.24,0.70,0.958,0.947,0.922,0.954,1.200
91021,128.17,165.75,112.47,63.84,6.51,6.00,4.74,141.23,126.22,0.08,1.12,1.79,2.24,0.70,0.957,0.947,0.922,0.954,1.200
91022,134.35,165.66,105.98,61.89,6.70,6.30,4.87,148.03,119.57,0.15,1.24,1.79,2.24,0.77,0.957,0.948,0.923,0.954,1.199
91023,126.25,172.62,114.40,67.09,6.78,6.53,5.35,139.79,128.86,0.07,1.09,1.79,2.23,0.82,0.958,0.947,0.925,0.954,1.198
91024,132.19,171.43,118.47,68.14,7.19,6.82,5.32,146.32,133.48,0.07,1.11,1.78,2.23,0.77,0.958,0.948,0.925,0.954,1.198
91025,131.93,181.04,122.34,66.67,7.63,7.11,5.66,146.32,137.97,0.05,1.07,1.76,2.22,0.72,0.958,0.947,0.924,0.954,1.197
91026,139.92,183.90,124.75,66.40,7.84,7.11,5.98,154.79,140.55,0.08,1.11,1.75,2.22,0.74,0.958,0.947,0.923,0.953,1.197
91027,141.92,186.78,127.17,66.15,7.72,6.58,5.82,156.42,142.67,0.07,1.11,1.76,2.23,0.83,0.958,0.947,0.926,0.954,1.197
91028,142.72,180.38,117.96,63.34,7.39,6.25,5.39,157.10,132.49,0.13,1.20,1.76,2.23,0.94,0.959,0.949,0.930,0.955,1.197
91029,140.71,189.76,128.42,71.48,6.96,6.10,5.10,154.82,143.52,0.06,1.09,1.77,2.23,0.96,0.960,0.950,0.933,0.956,1.195
91030,142.83,189.71,119.98,66.41,6.86,6.07,5.24,157.04,134.43,0.12,1.18,1.77,2.22,0.87,0.962,0.952,0.933,0.957,1.195
91031,147.87,184.44,123.86,74.79,6.72,6.03,5.52,162.31,138.48,0.12,1.18,1.76,2.22,0.75,0.962,0.952,0.931,0.958,1.195
91032,148.17,189.02,135.51,74.45,6.62,6.06,5.37,162.71,150.93,0.06,1.09,1.77,2.21,0.73,0.962,0.952,0.931,0.958,1.194
91033,148.96,194.16,125.77,74.57,6.53,5.92,5.06,163.37,140.33,0.12,1.18,1.77,2.20,0.75,0.962,0.952,0.932,0.958,1.193
91034,148.79,190.18,134.34,74.48,6.42,5.93,5.18,163.16,149.52,0.07,1.11,1.77,2.20,0.67,0.963,0.953,0.932,0.958,1.193
91035,148.58,188.82,125.58,71.91,6.42,6.05,5.44,163.05,140.28,0.12,1.18,1.77,2.20,0.78,0.962,0.952,0.933,0.958,1.193
91036,150.57,192.96,125.99,72.61,6.58,6.54,6.25,165.59,141.26,0.13,1.19,1.77,2.20,0.77,0.962,0.952,0.933,0.957,1.192
91037,145.44,198.09,134.80,71.01,6.85,6.73,6.35,160.42,150.91,0.05,1.08,1.77,2.21,0.72,0.962,0.952,0.931,0.958,1.192
91038,149.20,199.82,122.20,74.10,7.47,6.91,6.37,164.56,137.60,0.14,1.21,1.76,2.20,0.63,0.963,0.953,0.930,0.958,1.191
91039,144.10,198.20,135.63,71.13,7.53,6.95,5.75,159.19,152.00,0.04,1.06,1.75,2.21,0.62,0.963,0.953,0.931,0.958,1.191
91040,139.71,189.50,123.86,73.48,7.38,7.02,5.26,154.62,139.51,0.09,1.13,1.76,2.21,0.64,0.963,0.953,0.932,0.959,1.190
91041,137.37,196.17,127.76,71.73,7.27,6.72,5.11,151.83,143.42,0.05,1.07,1.76,2.21,0.66,0.963,0.953,0.932,0.959,1.190
91042,142.51,182.06,118.49,72.00,7.16,6.74,5.45,157.37,133.54,0.13,1.20,1.77,2.21,0.70,0.963,0.953,0.933,0.958,1.190
91043,134.81,195.90,127.68,71.95,7.11,6.82,5.70,149.40,143.51,0.04,1.05,1.77,2.21,0.79,0.963,0.953,0.935,0.958,1.189
91044,142.31,185.18,125.37,69.63,7.03,6.60,5.46,157.18,140.83,0.09,1.13,1.77,2.20,0.86,0.963,0.953,0.936,0.958,1.188
91045,140.14,185.01,129.42,74.45,6.82,6.16,5.41,154.47,144.80,0.06,1.08,1.77,2.21,0.80,0.964,0.953,0.935,0.958,1.188
91046,140.98,187.09,131.88,69.97,6.95,6.27,5.47,155.54,147.56,0.05,1.07,1.77,2.20,0.82,0.964,0.953,0.936,0.958,1.188
91047,141.29,187.34,126.95,75.37,6.69,6.16,5.39,155.83,142.17,0.08,1.11,1.77,2.21,0.79,0.963,0.952,0.935,0.957,1.187
91048,144.05,179.49,124.13,74.22,6.60,5.99,5.43,158.66,139.08,0.11,1.16,1.77,2.22,0.81,0.963,0.951,0.934,0.957,1.186
91049,143.38,192.33,124.39,74.60,6.45,5.86,5.44,157.89,139.21,0.10,1.15,1.77,2.22,0.85,0.962,0.951,0.933,0.956,1.186
91050,135.84,177.93,119.53,65.44,6.33,6.05,5.35,150.09,134.27,0.09,1.14,1.77,2.23,0.92,0.961,0.951,0.934,0.956,1.186
91051,142.58,190.72,116.82,67.35,6.27,6.02,5.13,157.27,131.33,0.14,1.22,1.78,2.22,0.92,0.962,0.951,0.934,0.957,1.185
91052,135.72,183.73,119.49,64.30,6.33,5.97,5.05,149.93,134.17,0.09,1.13,1.78,2.22,0.97,0.962,0.951,0.936,0.957,1.184
91053,136.01,184.85,119.43,74.01,6.52,6.33,5.00,150.61,134.46,0.09,1.14,1.78,2.21,0.93,0.962,0.951,0.935,0.956,1.184
91054,138.02,190.97,129.11,66.96,6.97,6.74,4.73,153.14,145.19,0.05,1.07,1.78,2.20,0.91,0.961,0.951,0.934,0.956,1.184
91055,137.54,184.03,120.03,73.36,7.11,6.63,4.74,152.56,135.35,0.10,1.15,1.79,2.20,0.86,0.961,0.950,0.933,0.956,1.183
91056,136.67,178.19,115.55,67.72,7.07,6.65,5.05,151.63,130.55,0.12,1.19,1.80,2.20,0.90,0.961,0.950,0.933,0.956,1.183
91057,134.78,190.67,123.77,71.07,7.06,6.67,4.77,149.60,139.34,0.06,1.09,1.81,2.19,0.85,0.961,0.950,0.932,0.956,1.182
91058,134.57,190.91,122.61,68.64,7.42,6.70,4.62,149.41,138.08,0.07,1.10,1.80,2.20,0.79,0.961,0.950,0.932,0.956,1.182
91059,133.66,191.59,122.53,68.67,7.80,6.89,4.49,148.55,138.18,0.06,1.09,1.80,2.20,0.78,0.961,0.950,0.931,0.956,1.181
91060,136.07,189.75,114.43,67.93,8.14,7.09,4.63,151.35,129.74,0.13,1.20,1.79,2.20,0.80,0.960,0.949,0.930,0.955,1.181
91061,133.34,183.63,115.71,68.31,8.10,6.91,4.58,148.19,130.95,0.11,1.16,1.78,2.20,0.87,0.959,0.949,0.930,0.954,1.180
91062,133.04,185.13,123.58,69.80,7.84,6.48,4.99,147.46,139.01,0.05,1.08,1.79,2.21,0.98,0.959,0.949,0.932,0.955,1.180
91063,133.65,186.89,116.96,63.49,7.46,6.35,4.89,147.97,131.80,0.10,1.15,1.78,2.21,1.06,0.960,0.949,0.934,0.955,1.179
91064,133.76,186.70,123.09,71.48,7.40,6.50,5.26,148.26,138.56,0.06,1.09,1.78,2.22,1.02,0.960,0.949,0.933,0.955,1.179
91065,142.78,184.45,117.02,66.40,7.55,6.64,5.36,157.99,132.19,0.15,1.23,1.78,2.22,0.98,0.959,0.948,0.932,0.954,1.178
91066,134.39,181.73,120.40,73.55,7.62,6.89,6.05,149.34,136.07,0.08,1.12,1.78,2.22,0.91,0.960,0.948,0.931,0.954,1.178
91067,132.48,184.34,116.22,70.31,7.84,6.90,6.49,147.34,131.56,0.09,1.14,1.77,2.21,0.92,0.960,0.949,0.932,0.955,1.176
91068,133.08,179.26,122.48,76.23,7.64,6.77,6.74,147.80,138.14,0.06,1.09,1.77,2.20,0.89,0.961,0.950,0.933,0.956,1.176
91069,135.70,171.59,115.36,67.74,6.94,6.66,6.36,150.42,130.38,0.12,1.17,1.78,2.20,0.89,0.960,0.950,0.932,0.956,1.175
91070,136.35,181.16,123.38,72.77,6.87,6.76,6.12,151.22,139.13,0.07,1.10,1.79,2.20,0.86,0.960,0.950,0.932,0.956,1.174
91071,136.25,168.77,115.10,65.17,7.50,7.28,6.11,151.60,130.75,0.11,1.17,1.79,2.20,0.85,0.960,0.951,0.931,0.957,1.174
91072,131.11,174.10,119.09,65.64,7.98,7.40,6.28,146.29,135.12,0.06,1.09,1.80,2.21,0.88,0.960,0.951,0.932,0.957,1.173
91073,124.57,163.91,114.62,60.21,7.70,7.01,5.58,138.88,129.96,0.05,1.08,1.79,2.21,0.82,0.961,0.952,0.931,0.958,1.172
91074,131.56,167.10,110.10,62.32,7.31,6.70,4.90,145.93,124.81,0.11,1.17,1.79,2.21,0.83,0.962,0.952,0.933,0.959,1.171
91075,123.34,157.14,98.51,57.15,7.05,6.35,4.53,136.84,112.01,0.14,1.21,1.79,2.20,0.85,0.962,0.952,0.934,0.958,1.170
91076,124.91,161.10,109.23,60.64,6.52,6.16,4.71,138.28,123.30,0.08,1.12,1.78,2.19,0.81,0.963,0.953,0.934,0.959,1.170
91077,112.34,148.85,98.17,52.72,6.19,5.80,4.53,124.57,111.09,0.08,1.12,1.78,2.18,0.70,0.963,0.953,0.933,0.960,1.170
91078,115.05,153.72,104.19,58.30,6.16,5.21,4.23,126.79,117.03,0.06,1.09,1.78,2.20,0.59,0.964,0.954,0.932,0.960,1.169
91079,112.89,150.67,97.29,53.21,5.75,4.80,4.09,124.05,109.21,0.09,1.13,1.77,2.19,0.57,0.964,0.954,0.932,0.960,1.168
91080,110.76,152.33,98.91,59.66,4.90,4.24,3.73,121.20,110.41,0.07,1.10,1.78,2.20,0.56,0.965,0.955,0.934,0.961,1.167
91081,108.79,145.20,97.35,59.13,4.21,3.73,3.81,118.63,108.26,0.07,1.10,1.78,2.20,0.57,0.966,0.956,0.936,0.962,1.167
91082,111.82,147.81,94.86,56.76,4.17,3.69,4.34,121.79,105.56,0.10,1.15,1.78,2.22,0.75,0.966,0.957,0.939,0.963,1.166
91083,115.46,140.58,91.23,56.16,4.21,3.51,4.60,125.46,101.55,0.14,1.22,1.79,2.22,0.67,0.967,0.957,0.938,0.963,1.166
91084,111.93,143.54,95.82,57.20,3.99,3.21,4.33,121.43,106.18,0.10,1.14,1.79,2.24,0.63,0.968,0.958,0.939,0.964,1.165
91085,114.54,145.09,90.78,50.19,3.84,3.13,3.28,124.08,100.72,0.14,1.22,1.78,2.25,0.64,0.969,0.959,0.940,0.965,1.165
91086,110.34,140.16,93.65,54.64,3.81,3.38,2.60,119.85,104.06,0.10,1.15,1.77,2.26,0.73,0.969,0.960,0.943,0.966,1.164
91087,106.17,132.56,89.90,49.02,3.81,3.47,3.24,115.59,100.15,0.10,1.15,1.76,2.26,0.69,0.970,0.960,0.944,0.966,1.164
91088,110.92,138.32,87.21,48.67,3.75,3.41,3.34,120.54,97.22,0.15,1.23,1.75,2.26,0.64,0.971,0.960,0.944,0.967,1.163
91089,100.23,129.43,80.77,48.92,3.56,3.35,3.29,109.21,90.24,0.13,1.20,1.76,2.26,0.56,0.971,0.961,0.943,0.967,1.163
91090,100.01,133.77,87.79,53.94,3.59,3.51,2.83,109.19,97.93,0.08,1.12,1.75,2.26,0.52,0.972,0.962,0.943,0.968,1.162
91091,103.64,136.64,80.65,50.43,3.23,3.36,2.37,112.87,90.06,0.15,1.24,1.76,2.26,0.52,0.973,0.963,0.946,0.969,1.161
91092,102.01,129.16,80.33,54.69,2.84,2.97,2.09,110.81,89.32,0.15,1.23,1.76,2.26,0.51,0.974,0.965,0.947,0.970,1.161
