NASA Data Processing/CAMP2Ex/OPTICAL/CAMP2Ex-LARGE-OPTICAL_P3B_20191003_R0.ict
100,1001
Luke Ziemba
NASA Langley
In-situ optical aerosol measurements from the NASA P3B
CAMP2Ex
1,1
2019,10,03,2020,05,5
1.0
Time_Mid,Secs after midnight,Time of acquisition
19
1,1,1,1,1,1,1,1,1,1,1,1,1,1,1,1,1,1,1
-9999,-9999,-9999,-9999,-9999,-9999,-9999,-9999,-9999,-9999,-9999,-9999,-9999,-9999,-9999,-9999,-9999,-9999,-9999
Sc550_total_amb, Mm-1, AerOpt_Scattering_InSitu_Green_RHa_Bulk_STP, scattering coefficient of ambient  particles at 550nm
Sc450_total, Mm-1, AerOpt_Scattering_InSitu_Blue_RHd_Bulk_STP, Dry Scattering at 450nm (Total Aerosols)
Sc550_total, Mm-1, AerOpt_Scattering_InSitu_Green_RHd_Bulk_STP, Dry Scattering at 550nm (Total Aerosols)
Sc700_total, Mm-1, AerOpt_Scattering_InSitu_Red_RHd_Bulk_STP, Dry Scattering at 700nm (Total Aerosols)
Abs470_total, Mm-1, AerOpt_Absorption_InSitu_Blue_RHd_Bulk_STP, Dry absorption at 470nm (Total Aerosols)
Abs532_total, Mm-1, AerOpt_Absorption_InSitu_Green_RHd_Bulk_STP, Dry absorption at 532nm (Total Aerosols)
Abs660_total, Mm-1, AerOpt_Absorption_InSitu_Red_RHd_Bulk_STP, Dry absorption at 660nm (Total Aerosols)
Ext532_total_amb, Mm-1, AerOpt_Extinction_InSitu_Green_RHa_Bulk_STP, extinction coefficient of aerosols at 532nm for AMBIENT relative humidity
Ext532_total_dry, Mm-1, AerOpt_Extinction_InSitu_Green_RHd_Bulk_STP, extinction coefficient of aerosols at 532nm for DRY relative humidity
gamma550, unitless, AerOpt_Gamma_InSitu_Green_None_Bulk_STP, derived optical hygroscopic growth factor for particles at 550nm
fRH550_RH20to80, unitless, AerOpt_fRHScat_InSitu_Green_RHsp_Bulk_STP, derived optical hygroscopic growth parameter for particles at 550nm
AEscatAMB_450to700nm,unitless, AerOpt_AngstromExponentScat_InSitu_BluetoRed_RHa_Bulk_STP, derived ambient Angstrom Exponent for scattering coefficient over wavelength range from 450nm to 700nm
AEscatDRY_450to700nm,unitless, AerOpt_AngstromExponentScatInSitu_BluetoRed_RHd_Bulk_STP, derived dry Angstrom Exponent for scattering coefficient over wavelength range from 450nm to 700nm
AEabsDRY_470to660nm,unitless, AerOpt_AngstromExponentAbs_InSitu_BluetoRed_RHd_Bulk_STP, derived dry Angstrom Exponent for absorption coefficient over wavelength range from 450nm to 700nm
SSA_dry_450nm,unitless, AerOpt_SSA_InSitu_Blue_RHd_Bulk_STP, single_scattering_albedo_at_450nm_as_derived_from_dry_scattering_and_absorption
SSA_dry_550nm,unitless, AerOpt_SSA_InSitu_Green_RHd_Bulk_STP, single_scattering_albedo_at_550nm_as_derived_from_dry_scattering_and_absorption
SSA_dry_700nm,unitless, AerOpt_SSA_InSitu_Red_RHd_Bulk_STP, single_scattering_albedo_at_700nm_as_derived_from_dry_scattering_and_absorption
SSA_amb_550nm,unitless, AerOpt_SSA_InSitu_Green_RHa_Bulk_STP, single_scattering_albedo_at_550nm_as_derived_from_ambient_scattering_and_absorption
stdPT,unitless, None, Conversion factor to convert between ambient and standard pressure and temperature conditions
0
67
******************************************************************************************************************
Langley Aerosol data from the 2019 CAMP2Ex field campaign
 
PI_CONTACT_INFO: luke.ziemba@nasa.gov
PLATFORM: NASA P3B aircraft
LOCATION: Latitude, Longitude, and Altitude included in MetNav files
[...]
UNCERTAINTY: estimated uncertainties for directly measured properties
	- For dry scattering, accuracy estimated at 30% for all wavelengths; precision estimated at 4.5 Mm-1 for 450nm wavelength and 3 Mm-1 for 550nm and 700nm wavelengths
	- For dry absorption, accuracy estimated at 15% for all wavelengths; precision is a function of pressure and is estimated to vary from 0.5 Mm-1 near the surface to 2 at high altitude
	- For derived parameters, please contact the PI for a more detailed discussion of uncertainty
ULOD_FLAG: -7777
ULOD_VALUE: N/A
LLOD_FLAG: -8888
LLOD_VALUE: N/A
DM_CONTACT_INFO: Michael Shook (michael.shook@nasa.gov)
PROJECT_INFO: CAMP2Ex 2019
STIPULATIONS_ON_USE: This is FINAL data. Users are strongly encouraged to consult the PI and/or DM prior to use.
OTHER_COMMENTS: N/A
REVISION: R0
R0: STP and ambient parameter calculations now use data from their respective publicly available files, data is time synced to DLH
RD: Correction factor applied to raw scattering data, which also affects the absorption data via the Virkkula correction
RC: Higher threshholds required for calculating intensive parameters; absorption smoothing algorithm applied
RB: Time sync to LARGE CNgt3nm applied
RA: None
******************************************************************************************************************
Time_Mid,Sc550_total_amb,Sc450_total,Sc550_total,Sc700_total,Abs470_total,Abs532_total,Abs660_total,Ext532_total_amb,Ext532_total_dry,gamma550,fRH550_RH20to80,AEscatAMB_450to700nm,AEscatDRY_450to700nm,AEabsDRY_470to660nm,SSA_dry_450nm,SSA_dry_550nm,SSA_dry_700nm,SSA_amb_550nm,stdPT
[from data line 13781]
96325,11.73,14.29,8.51,4.45,1.08,0.71,0.08,13.26,10.01,0.22,1.36,1.79,2.93,-9999,-9999,-9999,-9999,-9999,1.279
96326,11.68,20.00,13.09,6.26,1.26,0.79,0.43,13.29,15.07,-0.08,0.90,1.80,2.92,-9999,-9999,-9999,-9999,-9999,1.280
96327,13.66,16.77,11.72,4.87,1.47,0.77,0.95,15.42,13.55,0.11,1.16,1.92,2.90,-9999,-9999,-9999,-9999,-9999,1.280
96328,11.92,19.25,12.68,5.65,1.33,0.70,1.38,13.48,14.52,-0.04,0.94,1.88,2.87,-9999,-9999,-9999,-9999,-9999,1.280
96329,13.80,20.24,11.64,5.33,0.95,0.53,0.70,15.30,13.20,0.12,1.18,1.81,2.81,-9999,-9999,-9999,-9999,-9999,1.279
96330,12.31,21.10,10.61,5.00,0.65,0.50,1.00,13.64,12.05,0.10,1.15,1.75,2.78,-9999,-9999,-9999,-9999,-9999,1.279
96331,10.71,18.08,7.50,5.69,0.51,0.58,1.16,11.99,8.74,0.24,1.40,1.67,2.75,-9999,-9999,-9999,-9999,-9999,1.279
96332,10.61,16.45,7.33,4.39,0.11,0.39,0.53,11.69,8.35,0.25,1.42,1.62,2.72,-9999,-9999,-9999,-9999,-9999,1.279
96333,8.59,14.81,7.13,3.12,0.27,0.34,0.79,9.48,8.07,0.13,1.20,1.65,2.67,-9999,-9999,-9999,-9999,-9999,1.279
96334,10.65,15.74,9.62,4.30,0.60,0.37,0.99,11.72,10.79,0.07,1.11,1.65,2.65,-9999,-9999,-9999,-9999,-9999,1.279
96335,8.58,14.54,7.09,3.12,0.31,0.37,1.00,9.51,8.06,0.13,1.20,1.67,2.62,-9999,-9999,-9999,-9999,-9999,1.279
96336,9.15,14.88,7.02,3.39,0.18,0.35,0.59,10.12,7.98,0.18,1.28,1.67,2.64,-9999,-9999,-9999,-9999,-9999,1.279
96337,10.10,15.22,6.97,3.67,0.49,0.27,0.10,11.07,7.83,0.25,1.42,1.68,2.60,-9999,-9999,-9999,-9999,-9999,1.279
96338,14.00,17.71,12.69,5.09,1.04,0.22,0.50,15.19,13.97,0.07,1.10,1.66,2.60,-9999,-9999,-9999,-9999,-9999,1.279
96339,11.47,18.89,10.03,3.54,1.32,0.24,0.31,12.51,11.12,0.09,1.13,1.70,2.57,-9999,-9999,-9999,-9999,-9999,1.279
96340,14.94,17.92,13.40,4.95,1.13,0.40,0.10,16.38,14.92,0.07,1.10,1.72,2.55,-9999,-9999,-9999,-9999,-9999,1.279
96341,11.40,13.92,10.53,4.26,0.92,0.58,0.44,12.78,11.98,0.05,1.08,1.73,2.54,-9999,-9999,-9999,-9999,-9999,1.279
96342,11.06,16.03,11.71,6.76,1.14,0.48,0.23,12.30,13.15,-0.04,0.95,1.70,2.53,-9999,-9999,-9999,-9999,-9999,1.279
96343,11.59,16.70,11.37,7.22,0.94,0.35,0.01,12.74,12.65,0.01,1.02,1.70,2.50,-9999,-9999,-9999,-9999,-9999,1.279
96344,11.80,17.35,11.03,7.69,0.92,0.18,-0.16,12.79,12.10,0.04,1.06,1.66,2.49,-9999,-9999,-9999,-9999,-9999,1.279
96345,11.25,14.37,10.06,6.14,0.46,0.01,-0.38,12.02,10.88,0.07,1.11,1.63,2.44,-9999,-9999,-9999,-9999,-9999,1.279
96346,12.24,17.91,12.98,7.60,0.29,-0.03,-0.57,13.05,13.99,-0.04,0.95,1.61,2.39,-9999,-9999,-9999,-9999,-9999,1.279
96347,9.64,14.67,10.49,7.54,0.04,0.54,-0.08,10.83,11.88,-0.06,0.93,1.64,2.41,-9999,-9999,-9999,-9999,-9999,1.279
96348,12.89,15.17,12.52,8.38,0.07,0.72,0.28,14.49,14.25,0.02,1.03,1.65,2.42,-9999,-9999,-9999,-9999,-9999,1.279
96349,11.54,14.29,7.91,4.39,0.30,0.35,0.01,12.66,8.90,0.25,1.41,1.66,2.43,-9999,-9999,-9999,-9999,-9999,1.279
96350,11.27,15.44,10.58,5.92,0.57,-0.32,-0.25,11.72,11.12,0.04,1.06,1.66,2.46,-9999,-9999,-9999,-9999,-9999,1.279
96351,10.65,14.82,8.14,2.53,-0.10,-0.45,0.32,10.94,8.37,0.18,1.28,1.66,2.47,-9999,-9999,-9999,-9999,-9999,1.279
96352,10.21,15.64,11.51,6.63,-0.38,-0.32,0.17,10.60,12.16,-0.08,0.89,1.68,2.44,-9999,-9999,-9999,-9999,-9999,1.279
96353,8.93,16.93,9.66,5.56,-0.10,-0.45,-0.60,9.09,10.02,-0.05,0.93,1.68,2.47,-9999,-9999,-9999,-9999,-9999,1.279
96354,11.08,20.25,12.26,7.67,0.21,-0.39,-0.73,11.44,12.92,-0.07,0.91,1.68,2.49,-9999,-9999,-9999,-9999,-9999,1.279
96355,9.57,15.24,9.69,5.66,-0.37,-0.33,-0.84,9.88,10.17,-0.01,0.99,1.67,2.48,-9999,-9999,-9999,-9999,-9999,1.279
96356,11.25,14.01,9.38,5.17,-0.73,-1.14,-0.64,10.85,9.03,0.12,1.19,1.68,2.47,-9999,-9999,-9999,-9999,-9999,1.279
96357,11.37,12.79,9.09,4.70,-0.83,-1.39,-0.19,10.72,8.44,0.15,1.24,1.71,2.46,-9999,-9999,-9999,-9999,-9999,1.279
96358,12.20,15.30,11.73,6.33,-0.87,-1.14,-0.98,11.86,11.56,0.03,1.04,1.70,2.50,-9999,-9999,-9999,-9999,-9999,1.279
96359,11.00,12.29,9.26,4.60,-1.10,-0.78,-1.81,10.95,9.23,0.12,1.17,1.74,2.50,-9999,-9999,-9999,-9999,-9999,1.279
96360,14.34,14.11,8.80,6.96,-1.17,-0.59,-1.33,14.73,8.93,0.33,1.58,1.84,2.52,-9999,-9999,-9999,-9999,-9999,1.279
96361,11.57,12.04,6.48,4.89,-0.98,-0.62,-0.77,11.76,6.41,0.40,1.73,1.89,2.55,-9999,-9999,-9999,-9999,-9999,1.279
96362,13.70,20.22,8.30,5.50,-0.65,-0.49,-0.41,14.22,8.53,0.34,1.61,2.02,2.59,-9999,-9999,-9999,-9999,-9999,1.279
96363,11.14,16.26,7.10,3.41,-0.22,-0.29,-0.06,11.68,7.44,0.31,1.54,2.11,2.66,-9999,-9999,-9999,-9999,-9999,1.279
96364,12.55,18.57,8.31,3.55,0.26,0.20,0.50,13.70,9.26,0.28,1.48,2.13,2.72,-9999,-9999,-9999,-9999,-9999,1.279
96365,8.19,17.56,9.23,2.89,0.83,0.99,0.82,9.80,11.06,-0.08,0.89,2.10,2.70,-9999,-9999,-9999,-9999,-9999,1.279
96366,8.92,16.94,7.41,3.38,1.02,1.10,0.74,10.70,9.20,0.13,1.19,2.08,2.71,-9999,-9999,-9999,-9999,-9999,1.279
96367,8.93,17.28,6.81,5.82,0.67,0.79,1.34,10.41,8.23,0.18,1.29,2.09,2.66,-9999,-9999,-9999,-9999,-9999,1.279
96368,10.12,16.62,6.62,2.61,0.57,0.73,1.90,11.62,7.96,0.29,1.49,2.11,2.67,-9999,-9999,-9999,-9999,-9999,1.279
96369,13.32,17.53,10.85,3.55,0.97,0.55,0.83,14.88,12.39,0.14,1.21,2.10,2.63,-9999,-9999,-9999,-9999,-9999,1.279
96370,13.36,21.18,15.09,4.49,1.40,0.32,0.54,14.69,16.76,-0.08,0.89,2.02,2.62,-9999,-9999,-9999,-9999,-9999,1.279
96371,11.84,17.23,10.87,5.48,1.16,0.45,0.61,13.19,12.28,0.06,1.08,1.96,2.58,-9999,-9999,-9999,-9999,-9999,1.279
96372,14.30,14.60,16.73,5.40,0.76,0.72,0.08,16.09,18.90,-0.11,0.86,1.95,2.59,-9999,-9999,-9999,-9999,-9999,1.279
96373,11.12,18.58,11.45,4.83,0.96,0.42,0.36,12.38,12.87,-0.02,0.97,1.96,2.62,-9999,-9999,-9999,-9999,-9999,1.279
96374,12.45,17.79,14.21,7.44,0.60,0.23,0.41,13.63,15.69,-0.09,0.88,1.96,2.66,-9999,-9999,-9999,-9999,-9999,1.278
96375,10.13,17.44,10.38,6.26,-0.01,0.44,0.69,11.36,11.75,-0.02,0.98,1.96,2.70,-9999,-9999,-9999,-9999,-9999,1.279
96376,11.88,21.25,7.71,6.35,-0.08,0.70,0.61,13.52,9.10,0.29,1.50,1.99,2.75,-9999,-9999,-9999,-9999,-9999,1.279
96377,11.04,16.96,10.59,4.20,0.16,0.62,0.36,12.53,12.16,0.03,1.04,2.00,2.78,-9999,-9999,-9999,-9999,-9999,1.279
96378,12.63,21.25,8.56,4.82,0.45,0.74,0.45,14.37,10.04,0.26,1.44,1.96,2.76,-9999,-9999,-9999,-9999,-9999,1.279
96379,11.26,17.14,11.40,4.64,0.40,1.19,0.48,13.34,13.55,-0.01,0.99,2.03,2.72,-9999,-9999,-9999,-9999,-9999,1.279
96380,13.77,15.48,8.71,6.00,0.18,1.23,1.20,16.09,10.66,0.31,1.54,2.06,2.67,-9999,-9999,-9999,-9999,-9999,1.278
96381,12.61,17.03,8.97,5.51,0.02,0.77,1.49,14.38,10.46,0.23,1.38,2.04,2.63,-9999,-9999,-9999,-9999,-9999,1.279
96382,10.94,14.50,8.81,6.07,-0.42,0.62,0.67,12.41,10.12,0.15,1.23,2.04,2.61,-9999,-9999,-9999,-9999,-9999,1.279
96383,9.29,11.38,9.29,5.05,-0.34,0.36,0.32,10.37,10.35,0.00,1.00,2.01,2.62,-9999,-9999,-9999,-9999,-9999,1.280
96384,11.11,13.07,9.99,6.60,0.14,0.00,-0.49,11.96,10.73,0.07,1.10,2.02,2.59,-9999,-9999,-9999,-9999,-9999,1.280
96385,11.43,13.12,9.99,6.25,0.44,-0.43,-0.49,11.88,10.31,0.09,1.13,2.01,2.58,-9999,-9999,-9999,-9999,-9999,1.280
96386,11.82,15.00,12.19,8.79,0.14,-0.65,-0.46,12.10,12.49,-0.02,0.97,2.04,2.57,-9999,-9999,-9999,-9999,-9999,1.281
96387,11.87,15.02,11.65,4.90,-0.61,-0.98,-1.28,11.83,11.61,0.01,1.02,2.02,2.61,-9999,-9999,-9999,-9999,-9999,1.282
96388,9.94,16.14,10.02,3.47,-0.84,-1.51,-1.20,9.23,9.38,-0.01,0.99,1.99,2.65,-9999,-9999,-9999,-9999,-9999,1.283
96389,12.08,16.15,10.09,3.59,-0.79,-1.69,-0.95,11.34,9.31,0.12,1.18,1.99,2.69,-9999,-9999,-9999,-9999,-9999,1.283
96390,9.65,18.58,10.29,3.75,-0.87,-1.36,-0.81,9.03,9.89,-0.04,0.94,1.98,2.76,-9999,-9999,-9999,-9999,-9999,1.282
96391,11.90,15.80,10.50,3.83,-0.76,-1.12,-1.06,11.67,10.39,0.08,1.12,1.92,2.82,-9999,-9999,-9999,-9999,-9999,1.284
96392,10.62,14.97,8.18,3.96,-0.88,-1.21,-1.18,10.19,7.74,0.17,1.27,1.91,2.83,-9999,-9999,-9999,-9999,-9999,1.284
96393,12.57,11.78,8.61,4.12,-0.88,-1.49,-0.65,11.99,7.94,0.24,1.40,1.90,2.83,-9999,-9999,-9999,-9999,-9999,1.285
96394,10.59,12.46,8.74,5.38,-0.82,-1.19,-0.80,10.17,8.36,0.12,1.19,1.89,2.82,-9999,-9999,-9999,-9999,-9999,1.285
96395,14.62,17.05,12.08,6.62,-0.51,-0.39,-0.26,15.29,12.81,0.12,1.18,1.88,2.83,-9999,-9999,-9999,-9999,-9999,1.286
96396,11.60,17.83,11.97,5.76,0.11,0.17,0.84,12.62,13.25,-0.02,0.97,1.89,2.82,-9999,-9999,-9999,-9999,-9999,1.287
96397,10.98,18.60,11.84,4.93,0.04,0.65,0.52,12.44,13.57,-0.05,0.94,1.86,2.81,-9999,-9999,-9999,-9999,-9999,1.287
96398,10.31,16.50,10.61,5.08,-0.04,0.96,0.10,12.03,12.53,-0.02,0.98,1.86,2.81,-9999,-9999,-9999,-9999,-9999,1.287
96399,12.62,15.49,9.42,4.29,0.27,0.64,0.17,14.18,10.91,0.18,1.28,1.83,2.85,-9999,-9999,-9999,-9999,-9999,1.288
96400,10.77,16.46,8.11,4.07,0.34,0.08,0.07,11.62,8.94,0.17,1.27,1.84,2.92,-9999,-9999,-9999,-9999,-9999,1.288
96401,14.49,16.47,7.32,3.84,0.07,-0.09,-0.99,15.42,7.92,0.42,1.78,1.90,2.95,-9999,-9999,-9999,-9999,-9999,1.288
96402,12.05,21.32,6.95,3.70,-0.51,0.14,-2.04,13.03,7.76,0.35,1.63,1.93,3.00,-9999,-9999,-9999,-9999,-9999,1.289
96403,13.24,19.10,9.16,4.21,-0.98,0.03,-1.75,14.19,10.07,0.24,1.40,1.93,2.98,-9999,-9999,-9999,-9999,-9999,1.290
96404,14.70,20.99,8.27,2.63,-1.13,-0.58,-1.34,15.11,8.49,0.37,1.67,1.92,2.93,-9999,-9999,-9999,-9999,-9999,1.290
96405,15.00,21.43,9.21,3.52,-1.20,-0.98,-0.89,15.05,9.11,0.31,1.54,1.93,2.92,-9999,-9999,-9999,-9999,-9999,1.290
96406,14.64,18.65,8.21,2.62,-1.43,-1.29,-0.92,14.34,7.70,0.37,1.67,1.95,2.90,-9999,-9999,-9999,-9999,-9999,1.291
96407,14.00,18.44,8.55,5.11,-1.80,-1.69,-2.25,13.27,7.68,0.32,1.56,1.96,2.89,-9999,-9999,-9999,-9999,-9999,1.291
96408,13.07,19.15,10.72,4.86,-2.10,-1.81,-2.71,12.15,9.92,0.14,1.21,1.97,2.89,-9999,-9999,-9999,-9999,-9999,1.292
96409,13.75,20.05,12.31,5.07,-2.27,-1.85,-2.01,12.82,11.62,0.08,1.11,1.97,2.89,-9999,-9999,-9999,-9999,-9999,1.293
96410,12.54,20.90,13.91,5.32,-1.67,-1.64,-1.24,11.74,13.59,-0.07,0.91,1.89,2.91,-9999,-9999,-9999,-9999,-9999,1.293
96411,10.68,18.23,9.80,7.08,-1.09,-1.38,-0.71,10.01,9.34,0.06,1.08,1.85,2.93,-9999,-9999,-9999,-9999,-9999,1.293
96412,9.49,16.22,11.48,6.13,-1.01,-1.35,-0.54,8.77,11.19,-0.12,0.84,1.83,2.92,-9999,-9999,-9999,-9999,-9999,1.294
96413,12.91,19.55,13.35,7.13,-1.47,-1.27,-0.52,12.52,13.30,-0.02,0.97,1.81,2.91,-9999,-9999,-9999,-9999,-9999,1.294
96414,14.51,16.32,11.02,3.80,-1.41,-0.70,-1.02,14.83,11.31,0.18,1.28,1.83,2.91,-9999,-9999,-9999,-9999,-9999,1.295
96415,13.43,18.01,10.61,3.92,-0.70,-0.44,-1.09,13.95,11.11,0.15,1.23,1.79,2.88,-9999,-9999,-9999,-9999,-9999,1.296
96416,11.19,17.70,10.28,5.18,-0.38,-0.65,0.34,11.34,10.50,0.05,1.08,1.78,2.84,-9999,-9999,-9999,-9999,-9999,1.296
96417,12.54,17.38,9.88,6.59,-0.44,-0.53,1.15,12.91,10.16,0.15,1.24,1.75,2.81,-9999,-9999,-9999,-9999,-9999,1.297
96418,11.20,15.64,9.98,6.36,0.06,0.26,0.98,12.19,11.04,0.08,1.11,1.74,2.78,-9999,-9999,-9999,-9999,-9999,1.297
96419,14.29,15.38,9.98,6.22,0.36,0.51,0.72,15.72,11.30,0.24,1.39,1.76,2.76,-9999,-9999,-9999,-9999,-9999,1.298
96420,11.50,16.53,11.91,4.61,0.32,0.16,0.32,12.40,13.04,-0.02,0.97,1.80,2.72,-9999,-9999,-9999,-9999,-9999,1.298
96421,14.40,16.96,10.34,4.68,0.65,0.35,0.11,15.69,11.53,0.22,1.35,1.82,2.69,-9999,-9999,-9999,-9999,-9999,1.299
96422,13.10,16.85,10.49,4.63,1.64,1.04,0.57,15.02,12.36,0.14,1.22,1.83,2.66,-9999,-9999,-9999,-9999,-9999,1.300
96423,13.15,16.75,10.65,4.58,2.17,1.53,1.22,15.58,13.02,0.13,1.19,1.83,2.64,-9999,-9999,-9999,-9999,-9999,1.300
96424,13.21,15.09,10.89,4.75,2.99,2.63,1.85,16.77,14.38,0.11,1.16,1.81,2.62,-9999,-9999,-9999,-9999,-9999,1.300
96425,13.25,16.11,11.18,5.08,4.34,3.90,2.68,18.08,15.96,0.10,1.15,1.79,2.60,-9999,-9999,-9999,-9999,-9999,1.302
96426,14.41,16.50,12.46,5.44,4.95,4.36,3.21,19.75,17.79,0.08,1.12,1.75,2.57,-9999,-9999,-9999,-9999,-9999,1.302
96427,12.41,16.46,12.89,5.52,4.95,4.17,3.86,17.41,18.05,-0.02,0.97,1.73,2.56,-9999,-9999,-9999,-9999,-9999,1.302
96428,10.39,16.50,12.78,5.05,4.72,4.19,4.47,15.26,17.96,-0.11,0.86,1.70,2.54,-9999,-9999,-9999,-9999,-9999,1.303
96429,11.38,15.03,11.87,4.65,4.61,4.39,4.75,16.51,17.20,-0.02,0.97,1.67,2.55,-9999,-9999,-9999,-9999,-9999,1.303
96430,8.64,14.91,11.70,6.32,4.16,3.84,2.88,13.03,16.47,-0.15,0.81,1.62,2.54,-9999,-9999,-9999,-9999,-9999,1.304
96431,10.87,11.10,13.60,5.61,3.55,3.01,1.47,14.55,17.70,-0.11,0.85,1.60,2.53,-9999,-9999,-9999,-9999,-9999,1.305
96432,8.97,14.90,9.75,5.19,2.99,2.08,0.61,11.61,12.61,-0.04,0.95,1.57,2.54,-9999,-9999,-9999,-9999,-9999,1.305
96433,23.10,18.59,7.70,5.20,2.18,1.21,0.57,25.74,9.52,0.55,2.13,1.54,2.56,-9999,-9999,-9999,-9999,-9999,1.305
96434,14.79,18.64,7.86,5.33,0.75,0.53,-0.68,16.18,8.99,0.31,1.53,1.48,2.52,-9999,-9999,-9999,-9999,-9999,1.306
96435,18.07,20.25,8.83,5.28,-0.21,-0.04,-1.83,19.06,9.48,0.36,1.66,1.50,2.45,-9999,-9999,-9999,-9999,-9999,1.307
96436,13.64,21.87,9.80,5.23,-0.95,-0.79,-2.39,13.57,9.78,0.17,1.27,1.44,2.41,-9999,-9999,-9999,-9999,-9999,1.307
96437,10.12,13.10,7.49,3.75,-1.49,-1.33,-4.17,9.33,6.74,0.16,1.25,1.39,2.42,-9999,-9999,-9999,-9999,-9999,1.308
96438,7.10,15.33,7.08,5.32,-1.71,-1.65,-4.21,5.81,5.97,0.00,1.00,1.34,2.43,-9999,-9999,-9999,-9999,-9999,1.309
96439,6.46,13.28,7.18,4.07,-1.53,-1.57,-2.21,5.20,6.17,-0.06,0.92,1.29,2.44,-9999,-9999,-9999,-9999,-9999,1.309
96440,8.94,12.01,7.59,4.24,-1.71,-1.41,-2.48,7.96,6.78,0.09,1.13,1.28,2.47,-9999,-9999,-9999,-9999,-9999,1.310
96441,8.27,10.65,8.04,4.42,-2.15,-1.51,-3.52,7.14,7.19,0.02,1.02,1.25,2.50,-9999,-9999,-9999,-9999,-9999,1.310
96442,9.56,10.25,6.99,5.00,-2.84,-2.18,-4.22,7.83,5.42,0.18,1.28,1.22,2.52,-9999,-9999,-9999,-9999,-9999,1.311
96443,7.51,9.81,5.92,5.62,-4.31,-3.66,-4.60,4.17,2.81,0.14,1.21,1.18,2.55,-9999,-9999,-9999,-9999,-9999,1.312
96444,9.64,9.63,5.31,3.07,-6.15,-5.43,-6.51,4.63,0.37,0.38,1.70,1.21,2.53,-9999,-9999,-9999,-9999,-9999,1.312
96445,-9999.00,10.15,5.61,2.58,-6.84,-6.08,-6.83,-9999.00,0.06,-9999.00,-9999.00,1.09,2.53,-9999,-9999,-9999,-9999,-9999,1.313
96446,-9999.00,10.67,5.91,2.17,-6.89,-6.06,-5.55,-9999.00,0.42,-9999.00,-9999.00,1.14,2.57,-9999,-9999,-9999,-9999,-9999,1.314
96447,-9999.00,9.01,4.85,1.91,-6.40,-5.61,-5.53,-9999.00,-0.26,-9999.00,-9999.00,1.20,2.57,-9999,-9999,-9999,-9999,-9999,1.315
96448,7.16,7.67,5.52,2.01,-6.75,-5.86,-6.73,1.48,0.23,0.20,1.32,1.21,2.54,-9999,-9999,-9999,-9999,-9999,1.315
96449,-9999.00,6.94,7.21,6.14,-7.07,-6.21,-5.82,-9999.00,1.71,-9999.00,-9999.00,1.24,2.50,-9999,-9999,-9999,-9999,-9999,1.316
96450,-9999.00,7.36,4.47,7.78,-6.83,-5.54,-4.18,-9999.00,-0.65,-9999.00,-9999.00,1.23,2.46,-9999,-9999,-9999,-9999,-9999,1.317
96451,-9999.00,7.39,4.29,4.28,-5.68,-4.68,-4.15,-9999.00,-0.00,-9999.00,-9999.00,1.10,2.42,-9999,-9999,-9999,-9999,-9999,1.318
96452,7.02,10.69,8.19,1.88,-2.86,-2.97,-3.63,4.39,5.91,-0.13,0.83,0.99,2.32,-9999,-9999,-9999,-9999,-9999,1.319
96453,-9999.00,10.59,7.33,1.58,-0.10,-0.26,-0.57,-9999.00,7.67,-9999.00,-9999.00,0.86,2.28,-9999,-9999,-9999,-9999,-9999,1.319
96454,-9999.00,7.68,4.16,0.89,1.40,1.68,0.95,-9999.00,6.14,-9999.00,-9999.00,0.76,2.21,-9999,-9999,-9999,-9999,-9999,1.320
96455,-9999.00,8.49,3.42,0.85,2.69,2.05,1.44,-9999.00,5.72,-9999.00,-9999.00,0.72,2.18,-9999,-9999,-9999,-9999,-9999,1.321
96456,-9999.00,12.04,3.00,2.19,2.80,1.76,1.50,-9999.00,4.98,-9999.00,-9999.00,0.66,2.30,-9999,-9999,-9999,-9999,-9999,1.321
96457,-9999.00,10.72,4.51,2.39,3.23,2.42,2.68,-9999.00,7.28,-9999.00,-9999.00,0.61,2.39,-9999,-9999,-9999,-9999,-9999,1.322
96458,-9999.00,10.63,2.98,2.01,3.35,3.41,2.93,-9999.00,6.62,-9999.00,-9999.00,0.81,2.51,-9999,-9999,-9999,-9999,-9999,1.323
96459,5.27,4.75,5.43,1.97,3.76,3.10,2.38,8.53,8.92,-0.03,0.96,0.81,2.55,-9999,-9999,-9999,-9999,-9999,1.323
96460,-9999.00,5.43,4.23,1.49,3.35,2.58,2.87,-9999.00,7.10,-9999.00,-9999.00,0.73,2.52,-9999,-9999,-9999,-9999,-9999,1.323
96461,-9999.00,5.44,4.25,1.54,2.67,2.04,3.14,-9999.00,6.59,-9999.00,-9999.00,0.72,2.50,-9999,-9999,-9999,-9999,-9999,1.324
96462,-9999.00,0.25,1.09,2.16,3.12,1.48,3.18,-9999.00,2.66,-9999.00,-9999.00,0.62,2.45,-9999,-9999,-9999,-9999,-9999,1.325
96463,-9999.00,0.26,1.11,1.81,3.36,1.58,2.28,-9999.00,2.77,-9999.00,-9999.00,0.58,2.42,-9999,-9999,-9999,-9999,-9999,1.325
96464,-9999.00,-1.30,0.92,0.54,3.09,2.32,2.34,-9999.00,3.31,-9999.00,-9999.00,0.57,2.43,-9999,-9999,-9999,-9999,-9999,1.326
