NASA Data Processing/CAMP2Ex/OPTICAL/CAMP2Ex-LARGE-OPTICAL_P3B_20190915_R0.ict
100,1001
Luke Ziemba
NASA Langley
In-situ optical aerosol measurements from the NASA P3B
CAMP2Ex
1,1
2019,09,15,2020,05,5
1.0
Time_Mid,Secs after midnight,Time of acquisition
19
1,1,1,1,1,1,1,1,1,1,1,1,1,1,1,1,1,1,1
-9999,-9999,-9999,-9999,-9999,-9999,-9999,-9999,-9999,-9999,-9999,-9999,-9999,-9999,-9999,-9999,-9999,-9999,-9999
Sc550_total_amb, Mm-1, AerOpt_Scattering_InSitu_Green_RHa_Bulk_STP, scattering coefficient of ambient  particles at 550nm
Sc450_total, Mm-1, AerOpt_Scattering_InSitu_Blue_RHd_Bulk_STP, Dry Scattering at 450nm (Total Aerosols)
Sc550_total, Mm-1, AerOpt_Scattering_InSitu_Green_RHd_Bulk_STP, Dry Scattering at 550nm (Total Aerosols)
Sc700_total, Mm-1, AerOpt_Scattering_InSitu_Red_RHd_Bulk_STP, Dry Scattering at 700nm (Total Aerosols)
Abs470_total, Mm-1, AerOpt_Absorption_InSitu_Blue_RHd_Bulk_STP, Dry absorption at 470nm (Total Aerosols)
Abs532_total, Mm-1, AerOpt_Absorption_InSitu_Green_RHd_Bulk_STP, Dry absorption at 532nm (Total Aerosols)
Abs660_total, Mm-1, AerOpt_Absorption_InSitu_Red_RHd_Bulk_STP, Dry absorption at 660nm (Total Aerosols)
Ext532_total_amb, Mm-1, AerOpt_Extinction_InSitu_Green_RHa_Bulk_STP, extinction coefficient of aerosols at 532nm for AMBIENT relative humidity
Ext532_total_dry, Mm-1, AerOpt_Extinction_InSitu_Green_RHd_Bulk_STP, extinction coefficient of aerosols at 532nm for DRY relative humidity
gamma550, unitless, AerOpt_Gamma_InSitu_Green_None_Bulk_STP, derived optical hygroscopic growth factor for particles at 550nm
fRH550_RH20to80, unitless, AerOpt_fRHScat_InSitu_Green_RHsp_Bulk_STP, derived optical hygroscopic growth parameter for particles at 550nm
AEscatAMB_450to700nm,unitless, AerOpt_AngstromExponentScat_InSitu_BluetoRed_RHa_Bulk_STP, derived ambient Angstrom Exponent for scattering coefficient over wavelength range from 450nm to 700nm
AEscatDRY_450to700nm,unitless, AerOpt_AngstromExponentScatInSitu_BluetoRed_RHd_Bulk_STP, derived dry Angstrom Exponent for scattering coefficient over wavelength range from 450nm to 700nm
AEabsDRY_470to660nm,unitless, AerOpt_AngstromExponentAbs_InSitu_BluetoRed_RHd_Bulk_STP, derived dry Angstrom Exponent for absorption coefficient over wavelength range from 450nm to 700nm
SSA_dry_450nm,unitless, AerOpt_SSA_InSitu_Blue_RHd_Bulk_STP, single_scattering_albedo_at_450nm_as_derived_from_dry_scattering_and_absorption
SSA_dry_550nm,unitless, AerOpt_SSA_InSitu_Green_RHd_Bulk_STP, single_scattering_albedo_at_550nm_as_derived_from_dry_scattering_and_absorption
SSA_dry_700nm,unitless, AerOpt_SSA_InSitu_Red_RHd_Bulk_STP, single_scattering_albedo_at_700nm_as_derived_from_dry_scattering_and_absorption
SSA_amb_550nm,unitless, AerOpt_SSA_InSitu_Green_RHa_Bulk_STP, single_scattering_albedo_at_550nm_as_derived_from_ambient_scattering_and_absorption
stdPT,unitless, None, Conversion factor to convert between ambient and standard pressure and temperature conditions
0
67
******************************************************************************************************************
Langley Aerosol data from the 2019 CAMP2Ex field campaign
 
PI_CONTACT_INFO: luke.ziemba@nasa.gov
PLATFORM: NASA P3B aircraft
LOCATION: Latitude, Longitude, and Altitude included in MetNav files
[...]
UNCERTAINTY: estimated uncertainties for directly measured properties
	- For dry scattering, accuracy estimated at 30% for all wavelengths; precision estimated at 4.5 Mm-1 for 450nm wavelength and 3 Mm-1 for 550nm and 700nm wavelengths
	- For dry absorption, accuracy estimated at 15% for all wavelengths; precision is a function of pressure and is estimated to vary from 0.5 Mm-1 near the surface to 2 at high altitude
	- For derived parameters, please contact the PI for a more detailed discussion of uncertainty
ULOD_FLAG: -7777
ULOD_VALUE: N/A
LLOD_FLAG: -8888
LLOD_VALUE: N/A
DM_CONTACT_INFO: Michael Shook (michael.shook@nasa.gov)
PROJECT_INFO: CAMP2Ex 2019
STIPULATIONS_ON_USE: This is FINAL data. Users are strongly encouraged to consult the PI and/or DM prior to use.
OTHER_COMMENTS: N/A
REVISION: R0
R0: STP and ambient parameter calculations now use data from their respective publicly available files, data is time synced to DLH
RD: Correction factor applied to raw scattering data, which also affects the absorption data via the Virkkula correction
RC: Higher threshholds required for calculating intensive parameters; absorption smoothing algorithm applied
RB: Time sync to LARGE CNgt3nm applied
RA: None
******************************************************************************************************************
Time_Mid,Sc550_total_amb,Sc450_total,Sc550_total,Sc700_total,Abs470_total,Abs532_total,Abs660_total,Ext532_total_amb,Ext532_total_dry,gamma550,fRH550_RH20to80,AEscatAMB_450to700nm,AEscatDRY_450to700nm,AEabsDRY_470to660nm,SSA_dry_450nm,SSA_dry_550nm,SSA_dry_700nm,SSA_amb_550nm,stdPT
[from data line 26846]
105800,-9999.00,64.70,52.53,43.75,-0.96,0.10,-1.20,-9999.00,54.69,0.52,2.06,0.58,0.89,-9999,-9999,-9999,-9999,-9999,1.717
105801,-9999.00,68.48,55.23,42.15,-0.23,-0.30,-0.52,-9999.00,57.11,0.20,1.32,0.45,0.89,-9999,-9999,-9999,-9999,-9999,1.716
105802,-9999.00,72.22,57.87,40.56,0.05,-0.50,0.05,-9999.00,59.58,0.14,1.21,0.53,0.89,-9999,-9999,-9999,-9999,-9999,1.718
105803,-9999.00,70.88,56.95,35.53,-1.03,-0.70,-0.56,-9999.00,58.34,0.13,1.19,0.56,0.89,-9999,-9999,-9999,-9999,-9999,1.719
105804,-9999.00,71.94,52.70,35.46,-1.78,-1.15,-0.15,-9999.00,53.38,0.37,1.67,0.70,0.89,-9999,-9999,-9999,-9999,-9999,1.721
105805,-9999.00,72.66,48.39,35.34,-1.24,-1.05,1.24,-9999.00,49.00,0.35,1.62,0.69,0.87,-9999,-9999,-9999,-9999,-9999,1.723
105806,-9999.00,63.06,46.98,34.36,-0.90,-0.79,1.23,-9999.00,47.77,0.40,1.75,0.57,0.89,-9999,-9999,-9999,-9999,-9999,1.724
105807,-9999.00,59.49,49.85,36.16,-0.92,-1.39,0.62,-9999.00,50.18,0.19,1.31,0.59,0.90,-9999,-9999,-9999,-9999,-9999,1.724
105808,-9999.00,50.47,44.83,38.17,-1.66,-2.46,-0.76,-9999.00,43.95,0.31,1.54,0.59,0.88,-9999,-9999,-9999,-9999,-9999,1.716
105809,-9999.00,44.62,35.16,29.72,-3.34,-3.18,-2.94,-9999.00,33.29,0.27,1.46,0.58,0.90,-9999,-9999,-9999,-9999,-9999,1.717
105810,-9999.00,44.81,29.60,33.71,-4.94,-3.24,-4.36,-9999.00,27.48,0.41,1.77,0.57,0.91,-9999,-9999,-9999,-9999,-9999,1.724
105811,78.07,37.34,39.48,28.38,-4.32,-2.78,-3.54,75.23,38.17,0.28,1.48,0.57,0.92,-9999,-9999,-9999,-9999,-9999,1.725
105812,82.37,37.83,31.20,30.04,-2.35,-3.14,-2.01,79.17,29.23,0.44,1.84,0.52,0.94,-9999,-9999,-9999,-9999,-9999,1.724
105813,-9999.00,34.35,25.53,29.17,-2.27,-3.94,-2.63,-9999.00,22.58,0.38,1.70,0.52,0.96,-9999,-9999,-9999,-9999,-9999,1.722
105814,63.83,33.80,24.26,24.87,-3.37,-3.77,-4.20,60.02,21.46,0.37,1.67,0.52,1.00,-9999,-9999,-9999,-9999,-9999,1.726
105815,42.55,33.18,22.90,20.57,-3.84,-3.46,-4.41,39.29,20.38,0.36,1.65,0.54,1.02,-9999,-9999,-9999,-9999,-9999,1.728
105816,44.65,33.13,22.80,19.68,-4.27,-3.21,-3.73,42.04,20.46,0.42,1.80,0.60,0.98,-9999,-9999,-9999,-9999,-9999,1.728
105817,28.80,25.11,26.69,16.73,-3.83,-2.65,-2.44,26.49,25.04,0.05,1.07,0.71,0.93,-9999,-9999,-9999,-9999,-9999,1.727
105818,30.55,21.10,23.64,15.75,-2.34,-2.03,-0.42,28.90,22.47,0.17,1.26,0.74,0.88,-9999,-9999,-9999,-9999,-9999,1.726
105819,28.61,17.13,20.62,14.83,-0.98,-1.01,1.22,28.00,20.34,0.14,1.21,0.71,0.83,-9999,-9999,-9999,-9999,-9999,1.725
105820,31.12,16.55,17.32,15.02,-1.07,-0.60,0.06,30.96,17.30,0.35,1.62,0.69,0.77,-9999,-9999,-9999,-9999,-9999,1.725
105821,18.69,12.73,11.77,4.70,-2.17,-0.89,-1.72,18.04,11.24,0.31,1.53,0.71,0.70,-9999,-9999,-9999,-9999,-9999,1.727
105822,21.65,12.27,8.40,9.39,-2.62,-1.29,-1.62,20.64,7.37,0.66,2.51,0.67,0.65,-9999,-9999,-9999,-9999,-9999,1.728
105823,16.40,11.51,7.01,9.00,-2.74,-2.18,-1.30,14.44,5.05,0.58,2.22,0.67,0.64,-9999,-9999,-9999,-9999,-9999,1.728
105824,11.94,10.79,5.62,8.63,-2.13,-2.33,-1.14,9.77,3.48,0.53,2.10,0.67,0.69,-9999,-9999,-9999,-9999,-9999,1.728
105825,-9999.00,7.88,3.75,5.64,0.02,-0.46,0.16,-9999.00,3.42,-9999.00,-9999.00,0.67,0.72,-9999,-9999,-9999,-9999,-9999,1.727
105826,11.82,12.55,6.25,7.05,1.45,1.43,1.31,13.41,7.89,0.44,1.83,0.67,0.77,-9999,-9999,-9999,-9999,-9999,1.727
105827,14.22,17.24,8.75,8.51,1.26,1.62,0.74,16.03,10.68,0.22,1.35,0.62,0.81,-9999,-9999,-9999,-9999,-9999,1.728
105828,-9999.00,14.91,6.20,6.58,0.53,0.19,-0.61,-9999.00,6.61,0.52,2.05,0.62,0.84,-9999,-9999,-9999,-9999,-9999,1.727
105829,-9999.00,11.77,5.64,6.98,-0.20,-0.69,-0.95,-9999.00,5.14,0.87,3.35,0.62,0.87,-9999,-9999,-9999,-9999,-9999,1.726
105830,22.20,16.71,16.80,16.20,-0.38,-0.45,-0.82,22.20,16.91,0.11,1.16,0.65,0.87,-9999,-9999,-9999,-9999,-9999,1.725
105831,8.32,18.27,29.03,24.05,-0.60,-0.07,-0.92,8.44,29.91,-0.47,0.52,0.71,0.87,-9999,-9999,-9999,-9999,-9999,1.727
105832,68.62,27.99,26.29,30.32,-0.27,0.66,0.02,70.99,27.82,0.43,1.82,0.76,0.84,-9999,-9999,-9999,-9999,-9999,1.726
105833,58.79,29.69,28.05,26.85,0.64,1.19,1.61,61.43,30.25,0.40,1.73,0.74,0.84,-9999,-9999,-9999,-9999,-9999,1.727
105834,49.80,31.31,29.67,23.60,-0.17,-0.23,0.73,50.78,30.60,0.28,1.47,0.73,0.86,-9999,-9999,-9999,-9999,-9999,1.727
105835,77.17,42.82,40.31,33.43,-1.96,-2.31,-1.33,76.53,39.71,0.30,1.51,0.66,0.88,-9999,-9999,-9999,-9999,-9999,1.723
105836,86.78,36.62,28.93,29.47,-1.72,-1.87,-0.73,86.99,28.35,0.54,2.12,0.65,0.90,-9999,-9999,-9999,-9999,-9999,1.720
105837,90.63,42.82,30.21,31.84,1.38,1.39,1.78,94.25,32.98,0.58,2.25,0.73,0.91,-9999,-9999,-9999,-9999,-9999,1.720
105838,-9999.00,45.88,32.64,28.14,4.48,3.58,3.44,-9999.00,37.69,0.44,1.83,0.71,0.91,-9999,-9999,-9999,-9999,-9999,1.719
105839,-9999.00,49.21,35.17,24.76,4.90,3.64,3.39,-9999.00,40.35,0.35,1.63,0.72,0.91,-9999,-9999,-9999,-9999,-9999,1.719
105840,-9999.00,50.19,37.19,24.95,4.61,3.85,2.70,-9999.00,42.61,0.32,1.57,0.71,0.89,-9999,-9999,-9999,-9999,-9999,1.721
105841,-9999.00,50.62,38.80,24.89,4.16,3.51,1.67,-9999.00,43.92,0.30,1.52,0.66,0.90,-9999,-9999,-9999,-9999,-9999,1.715
105842,-9999.00,48.97,42.82,25.76,1.97,1.89,0.18,-9999.00,46.43,0.19,1.30,0.63,0.90,-9999,-9999,-9999,-9999,-9999,1.726
105843,-9999.00,47.22,40.30,28.17,0.27,0.58,0.53,-9999.00,42.42,0.16,1.24,0.67,0.89,-9999,-9999,-9999,-9999,-9999,1.720
105844,-9999.00,41.38,34.32,27.74,0.80,0.72,2.15,-9999.00,36.28,0.24,1.40,0.67,0.88,-9999,-9999,-9999,-9999,-9999,1.721
105845,-9999.00,37.07,29.39,24.96,0.85,0.50,1.53,-9999.00,30.91,0.34,1.59,0.67,0.89,-9999,-9999,-9999,-9999,-9999,1.723
105846,-9999.00,32.97,24.68,22.36,-1.98,-2.13,-0.79,-9999.00,23.40,0.24,1.39,0.64,0.89,-9999,-9999,-9999,-9999,-9999,1.722
105847,-9999.00,28.15,18.01,23.30,-4.98,-4.21,-2.78,-9999.00,14.47,0.66,2.50,0.68,0.89,-9999,-9999,-9999,-9999,-9999,1.723
105848,-9999.00,28.49,17.21,19.47,-5.18,-3.97,-3.33,-9999.00,13.88,0.56,2.18,0.57,0.90,-9999,-9999,-9999,-9999,-9999,1.725
105849,-9999.00,28.78,16.35,15.65,-4.85,-3.73,-2.04,-9999.00,13.24,0.40,1.75,0.49,0.89,-9999,-9999,-9999,-9999,-9999,1.724
105850,24.37,28.66,17.23,16.98,-5.27,-3.83,-0.80,20.84,14.12,0.18,1.28,0.49,0.91,-9999,-9999,-9999,-9999,-9999,1.725
105851,26.53,28.53,18.13,18.32,-4.67,-3.51,-1.20,23.14,15.42,0.22,1.36,0.39,0.91,-9999,-9999,-9999,-9999,-9999,1.726
105852,21.15,25.39,18.54,10.39,-3.78,-2.95,-2.95,18.27,16.41,0.08,1.11,0.26,0.91,-9999,-9999,-9999,-9999,-9999,1.726
105853,25.58,24.02,18.63,16.03,-3.98,-2.92,-5.17,22.63,16.52,0.19,1.31,0.23,0.89,-9999,-9999,-9999,-9999,-9999,1.725
105854,21.61,23.21,20.81,19.17,-4.35,-3.47,-5.56,18.00,18.26,0.02,1.03,0.25,0.87,-9999,-9999,-9999,-9999,-9999,1.725
105855,19.14,20.77,21.42,20.41,-4.29,-3.87,-4.52,15.14,18.45,-0.07,0.91,0.25,0.80,-9999,-9999,-9999,-9999,-9999,1.725
105856,18.55,16.16,12.43,8.40,-4.15,-4.01,-3.77,14.42,8.93,0.23,1.38,0.29,0.70,-9999,-9999,-9999,-9999,-9999,1.725
105857,10.32,14.80,13.02,7.87,-4.11,-4.02,-2.79,6.17,9.52,-0.14,0.82,0.19,0.60,-9999,-9999,-9999,-9999,-9999,1.726
105858,14.31,10.80,13.27,6.90,-4.08,-3.77,-2.72,10.27,10.06,0.05,1.07,0.12,0.54,-9999,-9999,-9999,-9999,-9999,1.726
105859,17.51,12.49,12.18,6.68,-3.43,-3.43,-3.15,13.65,9.30,0.24,1.39,0.04,0.50,-9999,-9999,-9999,-9999,-9999,1.727
105860,15.54,12.48,12.17,6.68,-2.49,-2.51,-2.49,12.65,10.24,0.16,1.25,0.04,0.47,-9999,-9999,-9999,-9999,-9999,1.727
105861,21.13,7.23,12.45,9.81,-1.82,-1.48,-1.33,19.13,11.57,0.34,1.61,0.04,0.46,-9999,-9999,-9999,-9999,-9999,1.726
105862,9.99,4.68,5.67,13.39,-1.26,-1.34,-0.84,8.40,4.59,0.37,1.67,0.04,0.40,-9999,-9999,-9999,-9999,-9999,1.726
105863,9.32,6.47,7.09,14.29,-1.22,-1.48,-0.94,7.61,5.93,0.18,1.29,0.04,0.36,-9999,-9999,-9999,-9999,-9999,1.726
105864,10.02,8.14,8.41,15.18,-1.52,-1.04,-1.65,8.73,7.70,0.11,1.17,0.04,0.28,-9999,-9999,-9999,-9999,-9999,1.726
105865,-9999.00,15.45,3.46,7.89,-1.29,-0.59,-2.13,-9999.00,2.98,-9999.00,-9999.00,0.04,0.16,-9999,-9999,-9999,-9999,-9999,1.726
105866,-9999.00,5.23,1.69,7.02,-0.73,-0.58,-1.78,-9999.00,1.16,-9999.00,-9999.00,-0.01,0.06,-9999,-9999,-9999,-9999,-9999,1.726
105867,-9999.00,4.52,2.62,8.83,0.08,-0.70,-1.26,-9999.00,1.96,-9999.00,-9999.00,-0.04,-0.07,-9999,-9999,-9999,-9999,-9999,1.726
105868,-9999.00,4.20,3.59,10.65,-0.04,-0.69,-1.46,-9999.00,2.94,-9999.00,-9999.00,-0.18,-0.28,-9999,-9999,-9999,-9999,-9999,1.726
105869,-9999.00,11.19,3.22,9.45,-1.22,-0.84,-1.60,-9999.00,2.39,-9999.00,-9999.00,-0.21,-0.47,-9999,-9999,-9999,-9999,-9999,1.726
105870,-9999.00,-1.31,3.34,4.82,-1.54,-1.07,-1.55,-9999.00,2.26,-9999.00,-9999.00,-0.29,-0.67,-9999,-9999,-9999,-9999,-9999,1.726
105871,-9999.00,2.73,4.95,10.13,-1.32,-0.66,-0.91,-9999.00,4.25,-9999.00,-9999.00,-0.28,-0.86,-9999,-9999,-9999,-9999,-9999,1.727
105872,-9999.00,5.29,3.93,10.96,-0.96,0.24,-1.01,-9999.00,4.10,-9999.00,-9999.00,-0.06,-1.09,-9999,-9999,-9999,-9999,-9999,1.726
105873,-9999.00,5.70,3.06,4.05,-0.17,0.43,-1.42,-9999.00,3.42,-9999.00,-9999.00,0.05,-1.25,-9999,-9999,-9999,-9999,-9999,1.726
105874,-9999.00,5.29,1.88,3.15,0.11,0.05,-0.07,-9999.00,1.88,-9999.00,-9999.00,0.05,-1.39,-9999,-9999,-9999,-9999,-9999,1.726
105875,-9999.00,4.88,0.71,1.82,0.26,0.38,0.54,-9999.00,1.06,-9999.00,-9999.00,-0.07,-1.60,-9999,-9999,-9999,-9999,-9999,1.726
105876,-9999.00,4.05,2.99,0.38,0.54,0.67,-1.13,-9999.00,3.54,-9999.00,-9999.00,-0.22,-1.86,-9999,-9999,-9999,-9999,-9999,1.725
105877,-9999.00,4.33,5.03,7.76,0.89,0.70,-1.49,-9999.00,5.56,-9999.00,-9999.00,0.03,-1.88,-9999,-9999,-9999,-9999,-9999,1.726
105878,-9999.00,4.00,4.79,8.43,0.90,0.81,-0.89,-9999.00,5.41,-9999.00,-9999.00,0.00,-1.90,-9999,-9999,-9999,-9999,-9999,1.727
105879,-9999.00,3.55,4.56,9.09,-0.09,0.49,-1.63,-9999.00,4.78,-9999.00,-9999.00,0.00,-2.05,-9999,-9999,-9999,-9999,-9999,1.727
105880,-9999.00,-0.77,5.86,4.82,-0.87,-0.31,-2.08,-9999.00,5.19,-9999.00,-9999.00,0.11,-1.98,-9999,-9999,-9999,-9999,-9999,1.727
105881,-9999.00,-1.16,1.59,1.66,-0.62,-1.35,-1.20,-9999.00,-9999.00,-9999.00,-9999.00,-0.21,-9999,-9999,-9999,-9999,-9999,-9999,1.726
105882,-9999.00,-1.12,2.81,4.60,-0.67,-1.41,-0.72,-9999.00,-9999.00,-9999.00,-9999.00,-0.57,-9999,-9999,-9999,-9999,-9999,-9999,1.726
105883,-9999.00,-1.08,4.03,7.53,-1.25,-0.99,-1.66,-9999.00,-9999.00,-9999.00,-9999.00,-0.57,-9999,-9999,-9999,-9999,-9999,-9999,1.726
105884,-9999.00,-1.82,2.92,7.70,-1.54,-1.14,-1.77,-9999.00,-9999.00,-9999.00,-9999.00,-0.57,-9999,-9999,-9999,-9999,-9999,-9999,1.726
105885,-9999.00,-2.55,1.81,7.87,-1.40,-1.43,0.00,-9999.00,-9999.00,-9999.00,-9999.00,-1.37,-9999,-9999,-9999,-9999,-9999,-9999,1.726
105886,-9999.00,-3.90,1.80,6.15,-1.49,-1.40,-0.46,-9999.00,-9999.00,-9999.00,-9999.00,-1.37,-9999,-9999,-9999,-9999,-9999,-9999,1.726
105887,-9999.00,-3.76,0.39,1.26,-0.90,-1.18,-1.23,-9999.00,-9999.00,-9999.00,-9999.00,-9999,-9999,-9999,-9999,-9999,-9999,-9999,1.726
105888,-9999.00,2.77,4.24,3.16,0.21,-1.34,-0.35,-9999.00,-9999.00,-9999.00,-9999.00,-9999,-9999,-9999,-9999,-9999,-9999,-9999,1.726
105889,5.16,2.77,6.46,6.59,0.34,-1.14,-0.26,4.11,-9999.00,-0.15,0.81,-9999,-9999,-9999,-9999,-9999,-9999,-9999,1.725
105890,-9999.00,0.71,3.21,4.38,-0.10,-0.09,0.06,-9999.00,-9999.00,-9999.00,-9999.00,-9999,-9999,-9999,-9999,-9999,-9999,-9999,1.726
105891,-9999.00,-0.43,2.10,3.88,-0.17,0.12,0.84,-9999.00,-9999.00,-9999.00,-9999.00,-9999,-9999,-9999,-9999,-9999,-9999,-9999,1.726
105892,-9999.00,3.05,2.97,2.09,-0.21,-0.21,0.85,-9999.00,-9999.00,-9999.00,-9999.00,-9999,-9999,-9999,-9999,-9999,-9999,-9999,1.726
105893,-9999.00,-1.42,3.33,0.95,-0.27,-0.13,0.02,-9999.00,-9999.00,-9999.00,-9999.00,-9999,-9999,-9999,-9999,-9999,-9999,-9999,1.726
105894,-9999.00,-4.97,4.34,0.11,-0.12,0.20,-0.73,-9999.00,-9999.00,-9999.00,-9999.00,-9999,-9999,-9999,-9999,-9999,-9999,-9999,1.726
105895,-9999.00,3.10,2.56,-2.50,-0.02,0.07,0.26,-9999.00,-9999.00,-9999.00,-9999.00,-9999,-9999,-9999,-9999,-9999,-9999,-9999,1.726
105896,-9999.00,-3.76,4.22,1.37,-0.37,-0.43,0.01,-9999.00,-9999.00,-9999.00,-9999.00,-9999,-9999,-9999,-9999,-9999,-9999,-9999,1.727
105897,-9999.00,-0.85,0.15,2.09,-0.71,-0.93,-0.97,-9999.00,-9999.00,-9999.00,-9999.00,-9999,-9999,-9999,-9999,-9999,-9999,-9999,1.727
105898,-9999.00,3.67,3.17,4.21,-0.77,-1.51,-0.47,-9999.00,-9999.00,-9999.00,-9999.00,-9999,-9999,-9999,-9999,-9999,-9999,-9999,1.726
105899,-9999.00,0.41,0.68,-1.45,-1.25,-1.70,-0.37,-9999.00,-9999.00,-9999.00,-9999.00,-9999,-9999,-9999,-9999,-9999,-9999,-9999,1.727
105900,-9999.00,-1.08,-0.39,-0.20,-1.62,-1.50,-0.29,-9999.00,-9999.00,-9999.00,-9999.00,-9999,-9999,-9999,-9999,-9999,-9999,-9999,1.726
105901,-9999.00,-2.59,-1.46,1.05,-1.09,-1.20,-0.11,-9999.00,-9999.00,-9999.00,-9999.00,-9999,-9999,-9999,-9999,-9999,-9999,-9999,1.727
105902,-9999.00,0.33,0.68,1.02,-0.75,-1.13,-0.25,-9999.00,-9999.00,-9999.00,-9999.00,-9999,-9999,-9999,-9999,-9999,-9999,-9999,1.728
105903,-9999.00,-1.15,-1.53,6.28,-1.01,-0.94,-0.09,-9999.00,-9999.00,-9999.00,-9999.00,-9999,-9999,-9999,-9999,-9999,-9999,-9999,1.727
105904,-9999.00,-0.19,2.36,4.02,-0.81,-0.63,-0.42,-9999.00,-9999.00,-9999.00,-9999.00,-9999,-9999,-9999,-9999,-9999,-9999,-9999,1.727
105905,-9999.00,0.47,2.66,3.85,-0.35,-0.24,-0.34,-9999.00,-9999.00,-9999.00,-9999.00,-9999,-9999,-9999,-9999,-9999,-9999,-9999,1.726
105906,-9999.00,1.68,4.42,5.14,-0.48,0.54,-0.15,-9999.00,-9999.00,-9999.00,-9999.00,-9999,-9999,-9999,-9999,-9999,-9999,-9999,1.726
105907,-9999.00,2.85,1.26,1.90,-1.00,0.69,-0.80,-9999.00,-9999.00,-9999.00,-9999.00,-9999,-9999,-9999,-9999,-9999,-9999,-9999,1.726
105908,-9999.00,2.82,1.92,0.63,-0.75,-0.03,-1.55,-9999.00,-9999.00,-9999.00,-9999.00,-9999,-9999,-9999,-9999,-9999,-9999,-9999,1.725
105909,-9999.00,3.42,2.69,-0.36,-0.23,-0.45,-1.54,-9999.00,-9999.00,-9999.00,-9999.00,-9999,-9999,-9999,-9999,-9999,-9999,-9999,1.725
105910,-9999.00,3.56,4.32,-0.57,0.37,0.04,-0.15,-9999.00,-9999.00,-9999.00,-9999.00,-9999,-9999,-9999,-9999,-9999,-9999,-9999,1.723
105911,-9999.00,2.96,2.03,-0.50,0.39,0.06,0.29,-9999.00,-9999.00,-9999.00,-9999.00,-9999,-9999,-9999,-9999,-9999,-9999,-9999,1.723
105912,-9999.00,3.95,0.69,0.02,0.17,-0.14,-0.00,-9999.00,-9999.00,-9999.00,-9999.00,-9999,-9999,-9999,-9999,-9999,-9999,-9999,1.723
105913,-9999.00,5.20,-0.65,0.53,0.45,0.05,0.90,-9999.00,-9999.00,-9999.00,-9999.00,-9999,-9999,-9999,-9999,-9999,-9999,-9999,1.722
105914,-9999.00,-6.33,1.66,2.90,0.65,0.47,1.78,-9999.00,-9999.00,-9999.00,-9999.00,-9999,-9999,-9999,-9999,-9999,-9999,-9999,1.722
105915,-9999.00,2.32,1.62,-2.35,0.31,0.41,1.59,-9999.00,-9999.00,-9999.00,-9999.00,-9999,-9999,-9999,-9999,-9999,-9999,-9999,1.721
105916,-9999.00,3.11,1.64,-0.70,0.50,0.11,1.26,-9999.00,-9999.00,-9999.00,-9999.00,-9999,-9999,-9999,-9999,-9999,-9999,-9999,1.721
105917,-9999.00,3.98,1.66,0.95,0.62,0.21,0.78,-9999.00,-9999.00,-9999.00,-9999.00,-9999,-9999,-9999,-9999,-9999,-9999,-9999,1.721
105918,-9999.00,3.43,1.31,-0.07,0.26,0.60,-0.11,-9999.00,-9999.00,-9999.00,-9999.00,-9999,-9999,-9999,-9999,-9999,-9999,-9999,1.720
105919,-9999.00,1.44,-1.47,1.91,-0.50,0.36,-0.85,-9999.00,-9999.00,-9999.00,-9999.00,-9999,-9999,-9999,-9999,-9999,-9999,-9999,1.720
105920,-9999.00,-2.28,0.54,5.70,-0.56,0.44,-0.33,-9999.00,-9999.00,-9999.00,-9999.00,-9999,-9999,-9999,-9999,-9999,-9999,-9999,1.719
105921,-9999.00,-2.28,0.95,5.20,-0.25,0.65,0.89,-9999.00,-9999.00,-9999.00,-9999.00,-9999,-9999,-9999,-9999,-9999,-9999,-9999,1.718
105922,-9999.00,-2.28,1.35,4.71,-0.07,0.64,0.63,-9999.00,-9999.00,-9999.00,-9999.00,-9999,-9999,-9999,-9999,-9999,-9999,-9999,1.718
105923,-9999.00,-5.78,-1.05,5.67,0.43,0.24,-0.31,-9999.00,-9999.00,-9999.00,-9999.00,-9999,-9999,-9999,-9999,-9999,-9999,-9999,1.718
105924,-9999.00,-1.09,1.78,0.15,0.91,-0.05,-0.06,-9999.00,-9999.00,-9999.00,-9999.00,-9999,-9999,-9999,-9999,-9999,-9999,-9999,1.716
105925,-9999.00,-3.34,1.71,0.77,0.96,0.46,-0.18,-9999.00,-9999.00,-9999.00,-9999.00,-9999,-9999,-9999,-9999,-9999,-9999,-9999,1.716
105926,-9999.00,1.31,-1.96,8.20,0.98,0.77,0.54,-9999.00,-9999.00,-9999.00,-9999.00,-9999,-9999,-9999,-9999,-9999,-9999,-9999,1.715
105927,-9999.00,1.28,-1.84,7.50,1.24,0.27,0.79,-9999.00,-9999.00,-9999.00,-9999.00,-9999,-9999,-9999,-9999,-9999,-9999,-9999,1.714
