NASA Data Processing/CAMP2Ex/OPTICAL/CAMP2Ex-LARGE-OPTICAL_P3B_20190916_R0.ict
100,1001
Luke Ziemba
NASA Langley
In-situ optical aerosol measurements from the NASA P3B
CAMP2Ex
1,1
2019,09,16,2020,05,5
1.0
Time_Mid,Secs after midnight,Time of acquisition
19
1,1,1,1,1,1,1,1,1,1,1,1,1,1,1,1,1,1,1
-9999,-9999,-9999,-9999,-9999,-9999,-9999,-9999,-9999,-9999,-9999,-9999,-9999,-9999,-9999,-9999,-9999,-9999,-9999
Sc550_total_amb, Mm-1, AerOpt_Scattering_InSitu_Green_RHa_Bulk_STP, scattering coefficient of ambient  particles at 550nm
Sc450_total, Mm-1, AerOpt_Scattering_InSitu_Blue_RHd_Bulk_STP, Dry Scattering at 450nm (Total Aerosols)
Sc550_total, Mm-1, AerOpt_Scattering_InSitu_Green_RHd_Bulk_STP, Dry Scattering at 550nm (Total Aerosols)
Sc700_total, Mm-1, AerOpt_Scattering_InSitu_Red_RHd_Bulk_STP, Dry Scattering at 700nm (Total Aerosols)
Abs470_total, Mm-1, AerOpt_Absorption_InSitu_Blue_RHd_Bulk_STP, Dry absorption at 470nm (Total Aerosols)
Abs532_total, Mm-1, AerOpt_Absorption_InSitu_Green_RHd_Bulk_STP, Dry absorption at 532nm (Total Aerosols)
Abs660_total, Mm-1, AerOpt_Absorption_InSitu_Red_RHd_Bulk_STP, Dry absorption at 660nm (Total Aerosols)
Ext532_total_amb, Mm-1, AerOpt_Extinction_InSitu_Green_RHa_Bulk_STP, extinction coefficient of aerosols at 532nm for AMBIENT relative humidity
Ext532_total_dry, Mm-1, AerOpt_Extinction_InSitu_Green_RHd_Bulk_STP, extinction coefficient of aerosols at 532nm for DRY relative humidity
gamma550, unitless, AerOpt_Gamma_InSitu_Green_None_Bulk_STP, derived optical hygroscopic growth factor for particles at 550nm
fRH550_RH20to80, unitless, AerOpt_fRHScat_InSitu_Green_RHsp_Bulk_STP, derived optical hygroscopic growth parameter for particles at 550nm
AEscatAMB_450to700nm,unitless, AerOpt_AngstromExponentScat_InSitu_BluetoRed_RHa_Bulk_STP, derived ambient Angstrom Exponent for scattering coefficient over wavelength range from 450nm to 700nm
AEscatDRY_450to700nm,unitless, AerOpt_AngstromExponentScatInSitu_BluetoRed_RHd_Bulk_STP, derived dry Angstrom Exponent for scattering coefficient over wavelength range from 450nm to 700nm
AEabsDRY_470to660nm,unitless, AerOpt_AngstromExponentAbs_InSitu_BluetoRed_RHd_Bulk_STP, derived dry Angstrom Exponent for absorption coefficient over wavelength range from 450nm to 700nm
SSA_dry_450nm,unitless, AerOpt_SSA_InSitu_Blue_RHd_Bulk_STP, single_scattering_albedo_at_450nm_as_derived_from_dry_scattering_and_absorption
SSA_dry_550nm,unitless, AerOpt_SSA_InSitu_Green_RHd_Bulk_STP, single_scattering_albedo_at_550nm_as_derived_from_dry_scattering_and_absorption
SSA_dry_700nm,unitless, AerOpt_SSA_InSitu_Red_RHd_Bulk_STP, single_scattering_albedo_at_700nm_as_derived_from_dry_scattering_and_absorption
SSA_amb_550nm,unitless, AerOpt_SSA_InSitu_Green_RHa_Bulk_STP, single_scattering_albedo_at_550nm_as_derived_from_ambient_scattering_and_absorption
stdPT,unitless, None, Conversion factor to convert between ambient and standard pressure and temperature conditions
0
67
******************************************************************************************************************
Langley Aerosol data from the 2019 CAMP2Ex field campaign
 
PI_CONTACT_INFO: luke.ziemba@nasa.gov
PLATFORM: NASA P3B aircraft
LOCATION: Latitude, Longitude, and Altitude included in MetNav files
[...]
UNCERTAINTY: estimated uncertainties for directly measured properties
	- For dry scattering, accuracy estimated at 30% for all wavelengths; precision estimated at 4.5 Mm-1 for 450nm wavelength and 3 Mm-1 for 550nm and 700nm wavelengths
	- For dry absorption, accuracy estimated at 15% for all wavelengths; precision is a function of pressure and is estimated to vary from 0.5 Mm-1 near the surface to 2 at high altitude
	- For derived parameters, please contact the PI for a more detailed discussion of uncertainty
ULOD_FLAG: -7777
ULOD_VALUE: N/A
LLOD_FLAG: -8888
LLOD_VALUE: N/A
DM_CONTACT_INFO: Michael Shook (michael.shook@nasa.gov)
PROJECT_INFO: CAMP2Ex 2019
STIPULATIONS_ON_USE: This is FINAL data. Users are strongly encouraged to consult the PI and/or DM prior to use.
OTHER_COMMENTS: N/A
REVISION: R0
R0: STP and ambient parameter calculations now use data from their respective publicly available files, data is time synced to DLH
RD: Correction factor applied to raw scattering data, which also affects the absorption data via the Virkkula correction
RC: Higher threshholds required for calculating intensive parameters; absorption smoothing algorithm applied
RB: Time sync to LARGE CNgt3nm applied
RA: None
******************************************************************************************************************
Time_Mid,Sc550_total_amb,Sc450_total,Sc550_total,Sc700_total,Abs470_total,Abs532_total,Abs660_total,Ext532_total_amb,Ext532_total_dry,gamma550,fRH550_RH20to80,AEscatAMB_450to700nm,AEscatDRY_450to700nm,AEabsDRY_470to660nm,SSA_dry_450nm,SSA_dry_550nm,SSA_dry_700nm,SSA_amb_550nm,stdPT
[from data line 13924]
92979,109.49,144.16,104.54,56.96,2.38,2.57,1.85,117.93,113.34,0.05,1.07,1.68,1.89,-9999,0.982,0.979,-9999.000,0.979,1.126
92980,107.25,142.03,101.72,61.35,2.15,2.18,1.80,115.13,109.91,0.05,1.08,1.67,1.88,-9999,0.982,0.979,-9999.000,0.980,1.126
92981,106.76,143.26,102.16,62.90,2.40,2.11,1.94,114.54,110.28,0.04,1.06,1.67,1.87,-9999,0.982,0.980,-9999.000,0.981,1.125
92982,96.33,136.77,94.80,57.58,2.31,2.22,1.60,103.64,102.59,0.02,1.02,1.66,1.88,-9999,0.982,-9999.000,-9999.000,-9999.000,1.125
92983,105.01,144.81,104.30,62.76,2.03,2.18,1.13,112.78,112.62,0.01,1.01,1.67,1.88,-9999,0.982,-9999.000,-9999.000,-9999.000,1.125
92984,103.52,130.14,96.31,57.02,2.35,2.12,1.51,111.16,104.12,0.07,1.10,1.66,1.88,-9999,0.982,-9999.000,-9999.000,-9999.000,1.125
92985,107.89,142.75,105.16,67.81,2.75,2.19,1.68,115.82,113.63,0.02,1.03,1.67,1.89,-9999,0.983,-9999.000,-9999.000,-9999.000,1.125
92986,105.35,131.15,98.87,60.46,2.85,2.47,1.64,113.43,107.25,0.06,1.09,1.66,1.89,-9999,0.984,-9999.000,-9999.000,-9999.000,1.125
92987,109.73,140.25,104.65,65.59,2.99,2.30,1.59,117.84,113.14,0.04,1.06,1.67,1.89,-9999,0.984,-9999.000,-9999.000,-9999.000,1.125
92988,102.89,139.10,95.82,59.41,3.05,2.24,1.36,110.61,103.72,0.06,1.09,1.67,1.88,-9999,0.983,-9999.000,-9999.000,-9999.000,1.125
92989,102.21,140.67,102.88,63.70,2.97,2.70,1.77,110.34,111.61,-0.01,0.99,1.67,1.88,-9999,0.982,-9999.000,-9999.000,-9999.000,1.125
92990,98.59,139.71,94.85,60.17,3.04,2.66,1.73,106.46,103.05,0.03,1.05,1.66,1.87,-9999,0.982,-9999.000,-9999.000,-9999.000,1.125
92991,99.43,139.65,97.86,62.52,3.00,2.25,1.28,106.91,105.82,0.02,1.02,1.66,1.87,-9999,0.982,0.980,-9999.000,0.981,1.125
92992,105.87,148.59,101.26,59.46,2.86,2.06,1.83,113.44,109.16,0.04,1.06,1.65,1.87,-9999,0.981,0.980,-9999.000,0.980,1.125
92993,99.42,143.17,95.18,63.57,2.86,2.04,2.30,106.67,102.73,0.04,1.06,1.64,1.87,-9999,0.981,0.980,-9999.000,0.980,1.125
92994,101.45,135.56,97.02,60.15,2.67,2.04,2.01,108.76,104.68,0.04,1.06,1.63,1.87,-9999,0.981,0.979,-9999.000,0.980,1.125
92995,106.75,146.43,105.60,60.75,1.98,1.54,1.16,113.88,113.27,0.01,1.01,1.62,1.87,-9999,0.982,0.980,-9999.000,0.980,1.125
92996,105.46,135.76,97.91,62.10,1.52,1.31,0.90,112.30,104.91,0.07,1.10,1.61,1.87,-9999,0.982,0.980,-9999.000,0.980,1.125
92997,101.35,146.16,105.49,60.77,1.62,1.42,1.27,108.06,113.02,-0.04,0.95,1.61,1.87,-9999,0.982,0.980,-9999.000,0.980,1.125
92998,103.16,134.73,93.59,56.28,1.99,1.22,1.38,109.71,100.20,0.08,1.12,1.61,1.86,-9999,0.982,-9999.000,-9999.000,-9999.000,1.124
92999,98.29,139.70,98.03,62.71,2.07,1.14,1.48,104.50,104.85,0.00,1.00,1.61,1.87,-9999,0.982,-9999.000,-9999.000,-9999.000,1.125
93000,103.39,145.42,92.75,56.04,2.06,1.31,1.35,110.05,99.48,0.09,1.13,1.61,1.88,-9999,0.981,-9999.000,-9999.000,-9999.000,1.124
93001,99.28,139.45,98.03,62.66,2.22,1.64,1.18,106.08,105.43,0.01,1.01,1.61,1.89,-9999,0.981,-9999.000,-9999.000,-9999.000,1.124
93002,103.42,133.94,97.45,59.06,2.17,2.00,1.64,110.79,105.23,0.06,1.08,1.62,1.89,-9999,0.982,-9999.000,-9999.000,-9999.000,1.125
93003,97.13,136.73,96.70,64.27,2.34,2.11,1.65,104.33,104.60,0.00,1.01,1.62,1.90,-9999,0.982,-9999.000,-9999.000,-9999.000,1.125
93004,97.93,132.97,97.85,60.04,3.01,2.50,1.35,105.51,106.19,0.00,1.00,1.62,1.90,-9999,0.982,-9999.000,-9999.000,-9999.000,1.125
93005,97.79,136.31,96.36,63.48,3.28,2.69,1.58,105.56,104.81,0.01,1.02,1.63,1.90,-9999,0.982,-9999.000,-9999.000,-9999.000,1.124
93006,99.43,131.16,94.03,58.93,2.95,2.40,1.76,106.96,102.04,0.05,1.07,1.62,1.90,-9999,0.983,-9999.000,-9999.000,-9999.000,1.124
93007,101.83,133.16,101.73,59.00,2.38,2.34,1.45,109.40,110.12,0.00,1.00,1.62,1.90,-9999,0.983,-9999.000,-9999.000,-9999.000,1.124
93008,95.92,131.56,93.51,58.29,2.35,2.56,1.16,103.37,101.60,0.02,1.03,1.62,1.89,-9999,0.982,-9999.000,-9999.000,-9999.000,1.124
93009,102.35,146.36,102.90,58.67,2.50,2.44,1.51,109.99,111.36,-0.00,0.99,1.61,1.89,-9999,0.982,-9999.000,-9999.000,-9999.000,1.124
93010,96.45,132.37,94.78,58.50,2.33,1.93,1.83,103.30,102.28,0.01,1.02,1.61,1.89,-9999,0.983,-9999.000,-9999.000,-9999.000,1.124
93011,100.53,141.95,100.90,59.85,2.42,1.53,1.60,107.22,108.37,-0.00,1.00,1.61,1.88,-9999,0.983,-9999.000,-9999.000,-9999.000,1.125
93012,98.82,125.31,91.92,54.70,2.24,1.63,1.91,105.50,98.94,0.06,1.09,1.60,1.88,-9999,0.983,-9999.000,-9999.000,-9999.000,1.124
93013,102.97,135.04,99.27,60.07,1.57,1.51,1.98,109.69,106.56,0.03,1.05,1.60,1.87,-9999,0.983,-9999.000,-9999.000,-9999.000,1.124
93014,100.92,137.58,94.38,55.48,1.61,1.34,1.47,107.35,101.18,0.06,1.09,1.59,1.87,-9999,0.984,-9999.000,-9999.000,-9999.000,1.124
93015,99.56,138.05,94.30,54.98,2.25,1.52,1.42,106.09,101.27,0.05,1.07,1.59,1.87,-9999,0.982,-9999.000,-9999.000,-9999.000,1.125
93016,100.52,138.10,94.44,55.66,2.71,1.64,1.53,107.19,101.44,0.05,1.08,1.58,1.86,-9999,0.980,-9999.000,-9999.000,-9999.000,1.125
93017,100.09,127.44,86.89,54.41,2.53,1.81,1.58,106.90,93.63,0.12,1.18,1.58,1.87,-9999,0.979,-9999.000,-9999.000,-9999.000,1.124
93018,99.18,136.18,92.78,57.67,2.47,2.03,1.55,106.17,100.07,0.06,1.08,1.58,1.87,-9999,0.980,0.979,-9999.000,0.979,1.125
93019,97.88,132.54,93.24,57.86,2.68,2.28,1.66,105.05,100.84,0.04,1.06,1.58,1.88,-9999,0.982,0.979,-9999.000,0.980,1.124
93020,96.38,128.90,93.74,58.07,2.15,2.36,1.52,103.59,101.50,0.03,1.04,1.58,1.88,-9999,0.982,-9999.000,-9999.000,-9999.000,1.125
93021,95.02,126.21,87.12,54.96,1.98,1.95,0.96,101.77,94.12,0.08,1.11,1.59,1.89,-9999,0.982,-9999.000,-9999.000,-9999.000,1.125
93022,95.35,125.12,91.98,58.28,2.47,1.80,0.96,101.99,99.16,0.03,1.05,1.59,1.90,-9999,0.983,-9999.000,-9999.000,-9999.000,1.124
93023,100.23,125.66,90.22,54.46,2.25,1.88,1.05,107.22,97.37,0.09,1.14,1.59,1.90,-9999,0.983,-9999.000,-9999.000,-9999.000,1.124
93024,93.27,123.10,91.45,58.05,1.82,1.84,0.97,99.86,98.63,0.02,1.02,1.60,1.90,-9999,0.983,-9999.000,-9999.000,-9999.000,1.124
93025,95.11,131.83,89.70,57.67,1.62,1.93,0.83,101.90,96.85,0.05,1.07,1.60,1.90,-9999,0.983,-9999.000,-9999.000,-9999.000,1.125
93026,93.59,127.70,90.39,58.62,2.10,1.81,0.93,100.20,97.46,0.03,1.04,1.61,1.90,-9999,0.982,-9999.000,-9999.000,-9999.000,1.124
93027,95.59,119.02,90.62,55.69,2.82,1.83,1.76,102.35,97.74,0.05,1.07,1.60,1.90,-9999,0.981,-9999.000,-9999.000,-9999.000,1.125
93028,98.76,129.64,98.94,57.82,2.75,2.11,1.97,105.97,106.83,-0.00,1.00,1.60,1.89,-9999,0.981,-9999.000,-9999.000,-9999.000,1.125
93029,95.89,118.34,89.23,52.24,2.72,2.25,1.39,103.10,96.74,0.06,1.09,1.59,1.89,-9999,0.980,-9999.000,-9999.000,-9999.000,1.126
93030,98.38,135.67,96.52,59.13,2.50,2.24,1.24,105.72,104.47,0.02,1.02,1.58,1.89,-9999,0.981,0.978,-9999.000,0.979,1.125
93031,97.69,120.68,90.57,51.83,2.30,2.20,1.81,104.94,98.12,0.06,1.09,1.58,1.89,-9999,0.981,0.978,-9999.000,0.979,1.126
93032,95.63,134.27,97.83,57.87,2.41,2.01,1.95,102.57,105.58,-0.02,0.97,1.57,1.88,-9999,0.982,-9999.000,-9999.000,-9999.000,1.126
93033,94.61,120.73,87.37,51.25,2.36,1.86,1.37,101.35,94.33,0.07,1.10,1.57,1.88,-9999,0.982,-9999.000,-9999.000,-9999.000,1.127
93034,95.31,138.67,90.86,57.42,2.56,1.88,1.56,102.10,98.02,0.04,1.05,1.56,1.88,-9999,0.982,-9999.000,-9999.000,-9999.000,1.127
93035,94.34,129.86,87.46,55.16,2.40,1.99,2.15,101.20,94.55,0.06,1.09,1.56,1.88,-9999,0.982,-9999.000,-9999.000,-9999.000,1.127
93036,96.60,135.64,91.00,56.67,1.74,2.01,1.43,103.60,98.35,0.05,1.07,1.56,1.88,-9999,0.981,-9999.000,-9999.000,-9999.000,1.128
93037,95.49,135.28,88.05,55.10,1.63,1.73,0.89,102.18,94.97,0.06,1.09,1.57,1.89,-9999,0.982,-9999.000,-9999.000,-9999.000,1.129
93038,97.97,126.72,97.18,54.85,1.97,1.38,1.85,104.45,104.34,0.01,1.01,1.57,1.90,-9999,0.982,-9999.000,-9999.000,-9999.000,1.128
93039,94.97,127.62,90.60,55.18,2.74,1.60,2.64,101.54,97.63,0.04,1.06,1.57,1.90,-9999,0.982,-9999.000,-9999.000,-9999.000,1.129
93040,96.97,130.86,96.03,55.33,2.97,1.99,2.42,103.99,103.79,0.01,1.01,1.57,1.90,-9999,0.983,-9999.000,-9999.000,-9999.000,1.130
93041,92.46,129.86,92.28,56.01,2.75,2.33,2.45,99.57,100.14,0.00,1.00,1.57,1.89,-9999,0.983,-9999.000,-9999.000,-9999.000,1.130
93042,91.29,128.88,88.58,56.74,2.90,2.47,2.57,98.46,96.34,0.03,1.04,1.57,1.89,-9999,0.983,-9999.000,-9999.000,-9999.000,1.131
93043,92.16,123.88,90.63,56.84,2.67,2.04,1.94,98.97,98.13,0.01,1.02,1.56,1.89,-9999,0.983,-9999.000,-9999.000,-9999.000,1.131
93044,93.54,128.69,84.75,57.27,2.04,1.55,1.41,99.99,91.46,0.08,1.12,1.57,1.89,-9999,0.982,-9999.000,-9999.000,-9999.000,1.131
93045,90.58,131.32,87.52,52.07,1.89,1.51,1.64,96.84,94.40,0.03,1.04,1.56,1.88,-9999,0.982,-9999.000,-9999.000,-9999.000,1.132
93046,94.09,133.00,92.42,57.26,2.25,1.74,1.56,100.77,99.89,0.01,1.02,1.54,1.88,-9999,0.982,-9999.000,-9999.000,-9999.000,1.133
93047,94.98,121.92,88.34,51.47,2.46,2.21,0.97,102.15,96.07,0.06,1.08,1.54,1.88,-9999,0.983,-9999.000,-9999.000,-9999.000,1.133
93048,93.55,127.32,92.91,56.55,1.95,2.27,0.47,100.65,101.00,0.01,1.01,1.52,1.88,-9999,0.983,-9999.000,-9999.000,-9999.000,1.133
93049,96.84,128.44,91.00,56.85,1.83,1.69,0.31,103.43,98.39,0.05,1.07,1.50,1.88,-9999,0.983,-9999.000,-9999.000,-9999.000,1.134
93050,91.46,129.56,89.10,57.16,1.97,1.26,0.34,97.25,95.89,0.02,1.03,1.50,1.88,-9999,0.982,-9999.000,-9999.000,-9999.000,1.134
93051,96.98,130.39,88.52,54.24,1.57,1.39,0.82,103.08,95.37,0.07,1.11,1.49,1.87,-9999,0.982,-9999.000,-9999.000,-9999.000,1.135
93052,90.55,131.11,87.84,51.28,1.51,1.76,1.17,96.64,95.00,0.02,1.03,1.48,1.87,-9999,0.981,-9999.000,-9999.000,-9999.000,1.136
93053,93.29,126.57,83.29,52.50,1.86,2.02,0.87,99.66,90.38,0.09,1.13,1.45,1.86,-9999,0.981,-9999.000,-9999.000,-9999.000,1.136
93054,90.59,128.79,83.68,58.22,1.83,1.88,0.67,96.62,90.71,0.06,1.09,1.44,1.85,-9999,0.982,-9999.000,-9999.000,-9999.000,1.136
93055,94.27,117.17,86.49,54.38,1.52,1.58,0.93,100.09,93.39,0.07,1.09,1.42,1.85,-9999,-9999,-9999,-9999,-9999,1.137
93056,88.35,124.19,87.08,58.49,1.47,1.42,1.21,93.70,93.88,0.01,1.01,1.39,1.84,-9999,-9999,-9999,-9999,-9999,1.137
93057,91.64,119.43,86.52,54.87,1.89,1.47,1.31,97.12,93.33,0.04,1.06,1.39,1.84,-9999,-9999,-9999,-9999,-9999,1.138
93058,87.48,127.50,88.98,59.35,2.00,1.67,1.68,92.93,96.13,-0.01,0.98,1.38,1.84,-9999,-9999,-9999,-9999,-9999,1.138
93059,89.61,120.32,82.71,56.66,2.06,1.67,1.95,95.13,89.48,0.05,1.08,1.38,1.84,-9999,-9999,-9999,-9999,-9999,1.138
93060,85.30,112.90,76.29,53.87,2.32,1.30,1.15,90.24,82.26,0.07,1.10,1.36,1.84,-9999,-9999,-9999,-9999,-9999,1.138
93061,86.12,113.04,70.09,50.74,2.44,1.33,1.04,91.09,75.71,0.13,1.19,1.36,1.83,-9999,-9999,-9999,-9999,-9999,1.138
93062,89.29,113.55,79.18,50.86,2.68,1.65,2.11,94.68,85.68,0.07,1.10,1.35,1.83,-9999,-9999,-9999,-9999,-9999,1.139
93063,88.97,100.68,72.37,42.33,2.75,1.84,2.13,94.60,78.65,0.09,1.14,1.35,1.82,-9999,-9999,-9999,-9999,-9999,1.137
93064,102.90,108.56,79.69,45.60,2.49,1.80,1.52,109.05,86.39,0.11,1.17,1.34,1.82,-9999,-9999,-9999,-9999,-9999,1.135
93065,108.89,98.80,72.45,42.42,2.07,1.45,1.24,114.98,78.35,0.19,1.30,1.33,1.82,-9999,-9999,-9999,-9999,-9999,1.137
93066,103.33,101.51,73.00,45.34,1.18,1.04,0.76,108.71,78.49,0.17,1.26,1.31,1.82,-9999,-9999,-9999,-9999,-9999,1.138
93067,94.97,103.75,73.22,48.06,0.49,0.78,0.06,99.73,78.42,0.12,1.17,1.30,1.81,-9999,-9999,-9999,-9999,-9999,1.138
93068,88.61,103.54,73.00,47.82,0.58,0.74,0.07,93.05,78.09,0.08,1.11,1.28,1.79,-9999,-9999,-9999,-9999,-9999,1.135
93069,90.07,100.80,68.21,47.48,0.89,0.92,0.59,94.76,73.15,0.11,1.17,1.27,1.79,-9999,-9999,-9999,-9999,-9999,1.135
93070,85.86,93.11,66.95,41.76,0.79,0.93,0.39,90.38,71.79,0.10,1.15,1.26,1.79,-9999,-9999,-9999,-9999,-9999,1.137
93071,85.72,93.58,67.13,42.26,0.31,0.64,-0.07,89.96,71.71,0.10,1.15,1.25,1.79,-9999,-9999,-9999,-9999,-9999,1.136
93072,84.75,93.84,67.33,42.70,0.31,0.29,0.14,88.58,71.59,0.10,1.14,1.24,1.80,-9999,-9999,-9999,-9999,-9999,1.138
93073,82.63,98.47,71.43,43.91,0.52,0.24,0.29,86.31,75.92,0.06,1.09,1.24,1.81,-9999,-9999,-9999,-9999,-9999,1.137
93074,78.05,98.30,71.16,44.00,0.51,0.37,0.21,81.66,75.75,0.04,1.06,1.24,1.82,-9999,-9999,-9999,-9999,-9999,1.137
93075,80.55,98.57,68.10,45.17,1.12,0.76,0.87,84.61,72.89,0.07,1.11,1.25,1.83,-9999,-9999,-9999,-9999,-9999,1.138
93076,82.93,99.05,65.24,46.50,1.48,1.20,1.34,87.51,70.30,0.11,1.16,1.26,1.84,-9999,-9999,-9999,-9999,-9999,1.137
93077,83.05,96.03,67.89,41.79,1.01,1.18,1.01,87.59,73.06,0.10,1.15,1.27,1.84,-9999,-9999,-9999,-9999,-9999,1.138
93078,73.24,95.70,67.73,41.20,0.94,1.21,0.92,77.46,72.93,0.04,1.06,1.28,1.85,-9999,-9999,-9999,-9999,-9999,1.138
93079,81.21,98.55,70.89,44.17,1.34,1.13,0.72,85.73,76.26,0.07,1.10,1.29,1.85,-9999,-9999,-9999,-9999,-9999,1.139
93080,83.39,98.51,70.63,43.44,1.37,0.79,0.64,87.72,75.64,0.08,1.12,1.29,1.85,-9999,-9999,-9999,-9999,-9999,1.139
93081,82.07,103.13,76.68,49.25,0.78,0.69,0.90,86.23,81.96,0.03,1.04,1.28,1.84,-9999,-9999,-9999,-9999,-9999,1.137
93082,87.38,105.46,78.90,50.14,0.64,0.86,0.81,91.92,84.46,0.05,1.06,1.25,1.81,-9999,-9999,-9999,-9999,-9999,1.137
93083,80.01,107.92,81.22,51.08,1.42,1.28,0.89,84.65,87.26,-0.01,0.99,1.22,1.78,-9999,-9999,-9999,-9999,-9999,1.137
93084,85.86,108.06,79.89,46.82,1.79,1.35,1.16,90.74,85.84,0.04,1.05,1.20,1.75,-9999,-9999,-9999,-9999,-9999,1.139
93085,88.34,116.44,82.44,51.75,1.84,1.03,1.20,93.01,88.14,0.03,1.05,1.18,1.72,-9999,-9999,-9999,-9999,-9999,1.137
93086,89.76,116.42,80.90,55.55,1.94,1.13,1.01,94.47,86.58,0.05,1.07,1.14,1.68,-9999,-9999,-9999,-9999,-9999,1.138
93087,89.81,118.33,79.91,48.34,1.57,1.28,1.13,94.61,85.64,0.06,1.09,1.13,1.66,-9999,-9999,-9999,-9999,-9999,1.138
93088,97.09,117.97,79.67,47.99,1.30,1.38,1.80,102.12,85.42,0.12,1.18,1.09,1.62,-9999,0.985,-9999.000,-9999.000,-9999.000,1.139
93089,95.90,124.10,87.63,51.01,1.60,1.74,1.78,101.11,94.13,0.06,1.09,1.06,1.59,-9999,-9999,-9999,-9999,-9999,1.139
93090,98.32,123.74,87.65,51.30,2.55,2.27,1.57,104.13,94.60,0.08,1.12,1.06,1.56,-9999,-9999,-9999,-9999,-9999,1.140
93091,97.78,129.61,88.11,52.47,3.24,2.52,2.02,103.81,95.24,0.08,1.11,1.06,1.52,-9999,0.981,0.980,-9999.000,0.984,1.140
93092,96.54,123.37,83.79,53.67,2.76,2.34,2.28,102.35,90.40,0.10,1.16,1.05,1.48,1.40,0.974,0.973,0.972,0.978,1.141
93093,89.59,127.74,86.10,52.71,2.15,2.18,1.70,94.98,92.57,0.02,1.03,1.05,1.45,1.35,0.971,0.970,0.968,0.976,1.139
93094,97.83,131.19,83.11,53.46,2.00,2.31,1.22,103.57,89.48,0.10,1.15,1.04,1.42,1.45,0.971,0.970,0.970,0.976,1.138
93095,99.24,155.98,111.63,68.91,2.05,2.30,1.49,105.01,119.29,-0.08,0.90,1.03,1.39,1.69,0.971,0.970,0.973,0.976,1.139
93096,187.20,144.89,104.39,69.01,2.43,2.01,1.46,195.66,111.33,0.38,1.69,1.02,1.35,1.65,0.971,0.971,0.973,0.977,1.139
93097,189.65,165.23,121.70,95.86,2.61,1.87,1.23,198.03,129.21,0.29,1.49,1.02,1.32,1.49,0.972,0.973,0.973,0.977,1.138
93098,206.95,178.16,139.81,104.55,2.83,2.06,1.60,215.45,148.26,0.25,1.41,0.96,1.30,1.48,0.974,0.974,0.975,0.980,1.139
93099,233.36,204.00,159.09,116.69,2.67,1.95,1.74,242.26,168.25,0.25,1.41,0.92,1.27,1.55,0.976,0.976,0.977,0.983,1.138
93100,216.78,206.66,159.34,119.71,1.70,1.42,1.07,224.26,167.94,0.19,1.31,0.87,1.23,1.71,0.977,0.977,0.980,0.984,1.139
93101,258.57,216.58,161.00,127.73,1.68,1.62,0.95,267.08,169.64,0.25,1.42,0.83,1.19,-9999,0.978,0.979,-9999.000,0.986,1.136
93102,267.15,205.69,158.79,117.11,4.38,3.90,2.89,277.93,169.39,0.26,1.44,0.80,1.16,-9999,0.979,0.981,-9999.000,0.987,1.136
93103,278.73,205.11,159.23,124.05,8.58,6.90,5.42,292.57,172.68,0.26,1.44,0.77,1.13,-9999,0.981,0.983,-9999.000,0.989,1.135
93104,302.50,204.84,159.12,123.84,10.63,8.30,6.55,318.12,173.83,0.27,1.45,0.73,1.10,-9999,0.983,0.984,-9999.000,0.990,1.134
93105,-9999.00,196.58,157.18,126.44,10.47,8.61,6.19,-9999.00,171.99,0.27,1.46,0.71,1.07,-9999,0.983,0.984,-9999.000,0.990,1.133
93106,-9999.00,188.09,155.06,128.90,10.63,8.83,5.57,-9999.00,169.85,0.27,1.45,0.66,1.05,-9999,0.983,0.984,-9999.000,0.991,1.131
93107,-9999.00,189.27,158.69,128.65,10.53,8.52,5.29,-9999.00,173.11,0.24,1.40,0.65,1.02,-9999,0.983,0.985,-9999.000,0.991,1.133
93108,-9999.00,189.95,158.15,126.19,9.65,7.98,5.24,-9999.00,171.84,0.27,1.45,0.61,0.99,-9999,0.983,0.986,-9999.000,0.992,1.132
