NASA Data Processing/CAMP2Ex/OPTICAL/CAMP2Ex-LARGE-OPTICAL_P3B_20190829_R0.ict
100,1001
Luke Ziemba
NASA Langley
In-situ optical aerosol measurements from the NASA P3B
CAMP2Ex
1,1
2019,08,29,2020,05,5
1.0
Time_Mid,Secs after midnight,Time of acquisition
19
1,1,1,1,1,1,1,1,1,1,1,1,1,1,1,1,1,1,1
-9999,-9999,-9999,-9999,-9999,-9999,-9999,-9999,-9999,-9999,-9999,-9999,-9999,-9999,-9999,-9999,-9999,-9999,-9999
Sc550_total_amb, Mm-1, AerOpt_Scattering_InSitu_Green_RHa_Bulk_STP, scattering coefficient of ambient  particles at 550nm
Sc450_total, Mm-1, AerOpt_Scattering_InSitu_Blue_RHd_Bulk_STP, Dry Scattering at 450nm (Total Aerosols)
Sc550_total, Mm-1, AerOpt_Scattering_InSitu_Green_RHd_Bulk_STP, Dry Scattering at 550nm (Total Aerosols)
Sc700_total, Mm-1, AerOpt_Scattering_InSitu_Red_RHd_Bulk_STP, Dry Scattering at 700nm (Total Aerosols)
Abs470_total, Mm-1, AerOpt_Absorption_InSitu_Blue_RHd_Bulk_STP, Dry absorption at 470nm (Total Aerosols)
Abs532_total, Mm-1, AerOpt_Absorption_InSitu_Green_RHd_Bulk_STP, Dry absorption at 532nm (Total Aerosols)
Abs660_total, Mm-1, AerOpt_Absorption_InSitu_Red_RHd_Bulk_STP, Dry absorption at 660nm (Total Aerosols)
Ext532_total_amb, Mm-1, AerOpt_Extinction_InSitu_Green_RHa_Bulk_STP, extinction coefficient of aerosols at 532nm for AMBIENT relative humidity
Ext532_total_dry, Mm-1, AerOpt_Extinction_InSitu_Green_RHd_Bulk_STP, extinction coefficient of aerosols at 532nm for DRY relative humidity
gamma550, unitless, AerOpt_Gamma_InSitu_Green_None_Bulk_STP, derived optical hygroscopic growth factor for particles at 550nm
fRH550_RH20to80, unitless, AerOpt_fRHScat_InSitu_Green_RHsp_Bulk_STP, derived optical hygroscopic growth parameter for particles at 550nm
AEscatAMB_450to700nm,unitless, AerOpt_AngstromExponentScat_InSitu_BluetoRed_RHa_Bulk_STP, derived ambient Angstrom Exponent for scattering coefficient over wavelength range from 450nm to 700nm
AEscatDRY_450to700nm,unitless, AerOpt_AngstromExponentScatInSitu_BluetoRed_RHd_Bulk_STP, derived dry Angstrom Exponent for scattering coefficient over wavelength range from 450nm to 700nm
AEabsDRY_470to660nm,unitless, AerOpt_AngstromExponentAbs_InSitu_BluetoRed_RHd_Bulk_STP, derived dry Angstrom Exponent for absorption coefficient over wavelength range from 450nm to 700nm
SSA_dry_450nm,unitless, AerOpt_SSA_InSitu_Blue_RHd_Bulk_STP, single_scattering_albedo_at_450nm_as_derived_from_dry_scattering_and_absorption
SSA_dry_550nm,unitless, AerOpt_SSA_InSitu_Green_RHd_Bulk_STP, single_scattering_albedo_at_550nm_as_derived_from_dry_scattering_and_absorption
SSA_dry_700nm,unitless, AerOpt_SSA_InSitu_Red_RHd_Bulk_STP, single_scattering_albedo_at_700nm_as_derived_from_dry_scattering_and_absorption
SSA_amb_550nm,unitless, AerOpt_SSA_InSitu_Green_RHa_Bulk_STP, single_scattering_albedo_at_550nm_as_derived_from_ambient_scattering_and_absorption
stdPT,unitless, None, Conversion factor to convert between ambient and standard pressure and temperature conditions
0
67
******************************************************************************************************************
Langley Aerosol data from the 2019 CAMP2Ex field campaign
 
PI_CONTACT_INFO: luke.ziemba@nasa.gov
PLATFORM: NASA P3B aircraft
LOCATION: Latitude, Longitude, and Altitude included in MetNav files
[...]
UNCERTAINTY: estimated uncertainties for directly measured properties
	- For dry scattering, accuracy estimated at 30% for all wavelengths; precision estimated at 4.5 Mm-1 for 450nm wavelength and 3 Mm-1 for 550nm and 700nm wavelengths
	- For dry absorption, accuracy estimated at 15% for all wavelengths; precision is a function of pressure and is estimated to vary from 0.5 Mm-1 near the surface to 2 at high altitude
	- For derived parameters, please contact the PI for a more detailed discussion of uncertainty
ULOD_FLAG: -7777
ULOD_VALUE: N/A
LLOD_FLAG: -8888
LLOD_VALUE: N/A
DM_CONTACT_INFO: Michael Shook (michael.shook@nasa.gov)
PROJECT_INFO: CAMP2Ex 2019
STIPULATIONS_ON_USE: This is FINAL data. Users are strongly encouraged to consult the PI and/or DM prior to use.
OTHER_COMMENTS: N/A
REVISION: R0
R0: STP and ambient parameter calculations now use data from their respective publicly available files, data is time synced to DLH
RD: Correction factor applied to raw scattering data, which also affects the absorption data via the Virkkula correction
RC: Higher threshholds required for calculating intensive parameters; absorption smoothing algorithm applied
RB: Time sync to LARGE CNgt3nm applied
RA: None
******************************************************************************************************************
Time_Mid,Sc550_total_amb,Sc450_total,Sc550_total,Sc700_total,Abs470_total,Abs532_total,Abs660_total,Ext532_total_amb,Ext532_total_dry,gamma550,fRH550_RH20to80,AEscatAMB_450to700nm,AEscatDRY_450to700nm,AEabsDRY_470to660nm,SSA_dry_450nm,SSA_dry_550nm,SSA_dry_700nm,SSA_amb_550nm,stdPT
[from data line 15208]
96003,-9999.00,40.67,32.42,16.28,1.52,0.88,0.88,-9999.00,35.42,0.04,1.06,-9999,2.04,-9999,-9999,-9999,-9999,-9999,1.114
96004,-9999.00,39.81,31.13,19.70,1.26,0.88,1.08,-9999.00,34.07,0.01,1.01,-9999,2.06,-9999,-9999,-9999,-9999,-9999,1.113
96005,-9999.00,39.81,31.33,19.88,1.60,1.42,0.91,-9999.00,34.85,-0.02,0.98,-9999,2.06,-9999,-9999,-9999,-9999,-9999,1.114
96006,-9999.00,46.15,31.15,20.71,2.13,1.49,0.56,-9999.00,34.72,0.09,1.14,-9999,2.06,-9999,-9999,-9999,-9999,-9999,1.114
96007,-9999.00,52.74,30.37,18.41,2.18,1.42,0.65,-9999.00,33.84,0.03,1.04,-9999,2.07,-9999,-9999,-9999,-9999,-9999,1.114
96008,-9999.00,51.80,30.40,17.47,2.03,1.49,0.87,-9999.00,33.98,0.06,1.09,-9999,2.08,-9999,-9999,-9999,-9999,-9999,1.115
96009,-9999.00,45.05,32.30,12.61,1.95,1.42,1.09,-9999.00,35.94,0.04,1.06,-9999,2.06,-9999,-9999,-9999,-9999,-9999,1.113
96010,-9999.00,41.24,25.76,12.44,2.28,1.44,0.92,-9999.00,28.97,0.19,1.30,-9999,2.04,-9999,-9999,-9999,-9999,-9999,1.114
96011,-9999.00,43.04,28.82,16.37,2.15,1.63,0.74,-9999.00,32.43,0.13,1.20,-9999,2.00,-9999,-9999,-9999,-9999,-9999,1.115
96012,-9999.00,43.89,31.38,18.65,1.86,1.85,1.10,-9999.00,35.41,0.02,1.03,-9999,2.00,-9999,-9999,-9999,-9999,-9999,1.114
96013,-9999.00,48.12,29.99,18.83,2.02,1.52,1.22,-9999.00,33.58,0.12,1.18,-9999,1.99,-9999,-9999,-9999,-9999,-9999,1.114
96014,-9999.00,48.94,27.06,22.18,1.89,1.02,0.90,-9999.00,29.97,0.17,1.26,-9999,1.99,-9999,-9999,-9999,-9999,-9999,1.115
96015,-9999.00,49.53,28.50,21.82,1.90,1.30,1.18,-9999.00,31.76,0.15,1.24,-9999,1.99,-9999,-9999,-9999,-9999,-9999,1.114
96016,-9999.00,45.17,29.07,24.64,1.63,1.60,1.48,-9999.00,32.69,0.12,1.19,-9999,2.00,-9999,-9999,-9999,-9999,-9999,1.113
96017,-9999.00,40.18,32.82,20.11,1.16,1.50,0.97,-9999.00,36.64,0.03,1.04,-9999,2.00,-9999,-9999,-9999,-9999,-9999,1.114
96018,-9999.00,39.92,32.99,20.89,1.37,1.58,1.11,-9999.00,36.85,-0.02,0.98,-9999,1.98,-9999,-9999,-9999,-9999,-9999,1.114
96019,-9999.00,45.45,27.20,19.20,1.21,1.53,1.87,-9999.00,30.63,0.18,1.28,-9999,1.98,-9999,-9999,-9999,-9999,-9999,1.114
96020,-9999.00,45.48,27.27,19.20,1.09,1.29,1.76,-9999.00,30.50,0.13,1.20,-9999,1.99,-9999,-9999,-9999,-9999,-9999,1.114
96021,-9999.00,43.10,29.86,17.06,1.23,1.26,1.19,-9999.00,33.29,0.11,1.17,-9999,2.00,-9999,-9999,-9999,-9999,-9999,1.114
96022,-9999.00,42.75,29.90,17.17,1.17,1.38,1.16,-9999.00,33.46,0.08,1.12,-9999,2.01,-9999,0.957,-9999.000,-9999.000,-9999,1.114
96023,-9999.00,50.74,26.08,16.51,1.20,1.34,1.23,-9999.00,29.29,0.30,1.52,-9999,2.00,-9999,-9999,-9999,-9999,-9999,1.114
96024,-9999.00,44.86,29.83,19.76,1.22,1.08,0.69,-9999.00,33.04,0.14,1.21,-9999,2.00,-9999,-9999,-9999,-9999,-9999,1.114
96025,-9999.00,43.92,30.74,19.49,1.35,1.04,0.75,-9999.00,34.02,0.12,1.17,-9999,2.00,-9999,-9999,-9999,-9999,-9999,1.114
96026,-9999.00,43.27,30.21,22.57,1.35,1.22,1.49,-9999.00,33.65,0.09,1.13,-9999,2.01,-9999,-9999,-9999,-9999,-9999,1.114
96027,-9999.00,44.73,28.00,19.10,1.16,0.94,1.21,-9999.00,31.03,0.06,1.08,-9999,2.02,-9999,-9999,-9999,-9999,-9999,1.113
96028,-9999.00,37.86,24.24,12.51,1.56,0.77,0.89,-9999.00,26.81,0.26,1.42,-9999,2.02,-9999,-9999,-9999,-9999,-9999,1.113
96029,-9999.00,44.14,27.64,15.64,1.60,1.21,1.02,-9999.00,30.88,0.08,1.12,-9999,2.02,-9999,-9999,-9999,-9999,-9999,1.114
96030,-9999.00,39.20,28.78,13.37,1.14,1.39,1.00,-9999.00,32.25,0.25,1.41,-9999,2.03,-9999,-9999,-9999,-9999,-9999,1.114
96031,-9999.00,46.55,30.84,19.93,1.41,1.41,0.90,-9999.00,34.44,0.12,1.18,-9999,2.05,-9999,-9999,-9999,-9999,-9999,1.114
96032,-9999.00,46.53,30.87,20.32,2.20,1.65,1.36,-9999.00,34.72,0.14,1.21,-9999,2.09,-9999,-9999,-9999,-9999,-9999,1.115
96033,-9999.00,39.37,31.59,21.06,2.40,1.84,2.24,-9999.00,35.74,0.06,1.09,-9999,2.11,-9999,-9999,-9999,-9999,-9999,1.114
96034,-9999.00,42.93,30.00,16.75,2.17,1.74,1.89,-9999.00,33.98,0.18,1.29,-9999,2.13,-9999,-9999,-9999,-9999,-9999,1.114
96035,-9999.00,41.23,24.28,17.48,2.19,1.57,1.13,-9999.00,27.66,0.24,1.40,-9999,2.15,-9999,-9999,-9999,-9999,-9999,1.114
96036,-9999.00,41.48,24.18,18.16,2.27,1.78,1.03,-9999.00,27.75,0.33,1.58,-9999,2.17,-9999,-9999,-9999,-9999,-9999,1.114
96037,-9999.00,43.06,28.27,15.57,2.19,1.97,0.94,-9999.00,32.35,-0.03,0.95,-9999,2.18,-9999,0.956,-9999.000,-9999.000,-9999,1.114
96038,-9999.00,40.59,28.54,17.95,2.41,1.84,1.07,-9999.00,32.51,0.09,1.13,-9999,2.18,-9999,-9999,-9999,-9999,-9999,1.114
96039,-9999.00,45.97,28.09,13.54,2.67,1.79,1.31,-9999.00,31.94,0.01,1.01,-9999,2.17,-9999,-9999,-9999,-9999,-9999,1.114
96040,-9999.00,46.55,27.55,14.08,2.25,1.72,1.50,-9999.00,31.29,0.21,1.34,-9999,2.16,-9999,0.957,-9999.000,-9999.000,-9999,1.113
96041,-9999.00,52.76,29.49,14.28,1.65,1.59,1.40,-9999.00,33.28,0.18,1.28,-9999,2.17,-9999,-9999,-9999,-9999,-9999,1.115
96042,-9999.00,44.83,26.91,14.29,1.54,1.59,0.98,-9999.00,30.53,0.21,1.35,-9999,2.20,-9999,-9999,-9999,-9999,-9999,1.114
96043,-9999.00,47.58,33.17,21.11,1.93,1.59,1.11,-9999.00,37.26,0.00,1.00,-9999,2.20,-9999,-9999,-9999,-9999,-9999,1.114
96044,-9999.00,45.45,31.42,17.44,2.56,1.72,1.47,-9999.00,35.51,0.06,1.09,-9999,2.17,-9999,-9999,-9999,-9999,-9999,1.114
96045,-9999.00,51.44,36.89,20.75,2.39,1.76,1.58,-9999.00,41.40,-0.10,0.87,-9999,2.16,-9999,-9999,-9999,-9999,-9999,1.113
96046,-9999.00,44.76,30.64,15.31,1.91,1.55,1.63,-9999.00,34.50,0.11,1.16,-9999,2.13,-9999,0.958,-9999.000,-9999.000,-9999,1.114
96047,-9999.00,49.73,30.64,15.55,2.05,1.50,1.68,-9999.00,34.45,0.16,1.25,-9999,2.14,-9999,0.958,-9999.000,-9999.000,-9999,1.114
96048,-9999.00,44.56,26.19,17.29,2.21,1.69,2.04,-9999.00,29.86,0.22,1.36,-9999,2.14,-9999,-9999,-9999,-9999,-9999,1.113
96049,-9999.00,46.04,30.76,17.82,2.18,1.77,2.02,-9999.00,34.88,0.17,1.27,-9999,2.17,-9999,0.958,-9999.000,-9999.000,-9999,1.114
96050,-9999.00,46.38,28.22,14.72,1.90,1.61,1.38,-9999.00,32.01,0.10,1.15,-9999,2.16,-9999,0.958,-9999.000,-9999.000,-9999,1.114
96051,-9999.00,49.34,30.38,16.64,1.72,1.50,0.87,-9999.00,34.20,0.15,1.23,-9999,2.15,-9999,-9999,-9999,-9999,-9999,1.114
96052,-9999.00,43.16,27.80,13.97,1.82,1.61,0.81,-9999.00,31.51,0.18,1.29,-9999,2.17,-9999,-9999,-9999,-9999,-9999,1.114
96053,-9999.00,49.34,33.64,19.89,1.22,1.63,1.33,-9999.00,37.81,-0.06,0.92,-9999,2.17,-9999,-9999,-9999,-9999,-9999,1.113
96054,-9999.00,44.79,28.52,18.26,1.17,1.76,1.94,-9999.00,32.45,0.16,1.25,-9999,2.19,-9999,-9999,-9999,-9999,-9999,1.114
96055,-9999.00,50.55,33.87,23.88,1.71,1.88,1.68,-9999.00,38.29,-0.16,0.80,-9999,2.17,-9999,0.959,-9999.000,-9999.000,-9999,1.114
96056,-9999.00,43.14,25.30,16.02,1.45,1.68,1.38,-9999.00,28.84,0.20,1.32,-9999,2.14,-9999,-9999,-9999,-9999,-9999,1.114
96057,-9999.00,50.41,29.58,17.98,1.16,1.41,1.34,-9999.00,33.12,0.02,1.02,-9999,2.12,-9999,-9999,-9999,-9999,-9999,1.114
96058,-9999.00,40.39,25.21,18.50,1.39,1.45,0.98,-9999.00,28.46,0.24,1.40,-9999,2.12,-9999,-9999,-9999,-9999,-9999,1.114
96059,-9999.00,51.52,34.09,24.05,1.72,1.72,0.80,-9999.00,38.26,-0.07,0.91,-9999,2.13,-9999,-9999,-9999,-9999,-9999,1.114
96060,-9999.00,45.82,30.80,20.10,1.68,1.80,1.20,-9999.00,34.81,0.08,1.12,-9999,2.13,-9999,-9999,-9999,-9999,-9999,1.114
96061,-9999.00,53.88,33.91,24.42,1.42,1.67,1.82,-9999.00,38.03,-0.07,0.91,-9999,2.14,-9999,-9999,-9999,-9999,-9999,1.114
96062,-9999.00,45.08,31.49,17.00,1.65,1.66,1.70,-9999.00,35.44,0.06,1.09,-9999,2.12,-9999,-9999,-9999,-9999,-9999,1.114
96063,-9999.00,47.52,31.15,20.54,1.84,1.52,1.19,-9999.00,34.92,0.03,1.04,-9999,2.11,-9999,-9999,-9999,-9999,-9999,1.114
96064,-9999.00,44.48,29.45,17.07,1.69,1.38,1.51,-9999.00,32.91,0.12,1.18,-9999,2.11,-9999,-9999,-9999,-9999,-9999,1.114
96065,-9999.00,46.21,28.48,18.96,1.85,1.42,1.52,-9999.00,31.91,0.14,1.21,-9999,2.13,-9999,-9999,-9999,-9999,-9999,1.114
96066,-9999.00,43.57,29.74,21.29,2.16,1.41,1.28,-9999.00,33.26,0.09,1.14,-9999,2.12,-9999,-9999,-9999,-9999,-9999,1.114
96067,-9999.00,44.23,31.05,15.92,2.04,1.26,1.54,-9999.00,34.52,0.07,1.11,-9999,2.10,-9999,-9999,-9999,-9999,-9999,1.114
96068,-9999.00,47.68,30.88,15.42,1.77,1.19,1.79,-9999.00,34.29,0.08,1.12,-9999,2.08,-9999,-9999,-9999,-9999,-9999,1.114
96069,-9999.00,49.56,30.92,16.44,1.93,1.26,1.96,-9999.00,34.43,0.01,1.02,-9999,2.07,-9999,-9999,-9999,-9999,-9999,1.114
96070,-9999.00,46.05,33.53,19.95,2.24,1.39,1.60,-9999.00,37.38,0.01,1.01,-9999,2.10,-9999,-9999,-9999,-9999,-9999,1.114
96071,-9999.00,42.51,33.50,20.27,2.15,1.49,1.40,-9999.00,37.48,-0.08,0.89,-9999,2.12,-9999,-9999,-9999,-9999,-9999,1.114
96072,-9999.00,41.59,29.52,15.24,1.98,1.64,1.60,-9999.00,33.35,0.15,1.23,-9999,2.12,-9999,-9999,-9999,-9999,-9999,1.113
96073,-9999.00,50.45,32.27,15.47,1.97,1.93,1.46,-9999.00,36.57,0.02,1.03,-9999,2.12,-9999,0.958,-9999.000,-9999.000,-9999,1.113
96074,-9999.00,42.97,30.30,16.80,2.13,2.11,1.57,-9999.00,34.62,0.16,1.24,-9999,2.14,-9999,0.958,-9999.000,-9999.000,-9999,1.114
96075,-9999.00,42.91,30.27,16.59,2.38,2.15,1.28,-9999.00,34.60,-0.01,0.99,-9999,2.17,-9999,-9999,-9999,-9999,-9999,1.114
96076,-9999.00,47.30,29.68,17.65,2.37,2.34,0.99,-9999.00,34.16,0.02,1.03,-9999,2.19,-9999,0.957,-9999.000,-9999.000,-9999,1.114
96077,-9999.00,40.41,27.77,17.36,2.30,2.37,1.26,-9999.00,32.12,0.07,1.10,-9999,2.20,-9999,0.955,-9999.000,-9999.000,-9999,1.114
96078,-9999.00,45.74,29.84,16.26,1.96,2.26,1.15,-9999.00,34.25,0.07,1.11,-9999,2.21,-9999,0.955,-9999.000,-9999.000,-9999,1.114
96079,-9999.00,41.14,30.98,15.30,1.49,2.26,1.06,-9999.00,35.49,0.11,1.17,-9999,2.23,-9999,0.956,-9999.000,-9999.000,-9999,1.114
96080,-9999.00,46.55,30.97,13.98,1.60,2.00,1.09,-9999.00,35.26,0.12,1.17,-9999,2.26,-9999,0.958,-9999.000,-9999.000,-9999,1.114
96081,-9999.00,48.58,28.79,18.45,1.97,1.73,1.08,-9999.00,32.64,0.15,1.22,-9999,2.26,-9999,0.957,-9999.000,-9999.000,-9999,1.114
96082,-9999.00,48.15,27.87,21.26,1.97,1.69,1.10,-9999.00,31.65,0.31,1.53,-9999,2.30,-9999,0.956,-9999.000,-9999.000,-9999,1.114
96083,-9999.00,48.12,27.80,20.84,1.63,1.68,0.99,-9999.00,31.57,0.17,1.27,-9999,2.28,-9999,0.957,-9999.000,-9999.000,-9999,1.114
96084,-9999.00,49.05,27.98,21.15,1.43,1.82,0.90,-9999.00,31.91,0.10,1.15,-9999,2.28,-9999,0.957,-9999.000,-9999.000,-9999,1.114
96085,-9999.00,50.87,29.97,13.93,1.46,1.76,1.09,-9999.00,33.97,0.12,1.18,-9999,2.26,-9999,0.958,-9999.000,-9999.000,-9999,1.114
96086,-9999.00,52.04,30.29,18.68,1.60,1.54,1.16,-9999.00,34.10,0.05,1.07,-9999,2.27,-9999,-9999,-9999,-9999,-9999,1.114
96087,-9999.00,50.81,30.37,18.52,2.24,1.46,1.23,-9999.00,34.16,0.14,1.22,-9999,2.30,-9999,-9999,-9999,-9999,-9999,1.114
96088,-9999.00,41.25,29.04,15.38,2.75,1.38,1.28,-9999.00,32.67,0.10,1.15,-9999,2.30,-9999,-9999,-9999,-9999,-9999,1.114
96089,-9999.00,41.25,28.92,14.72,2.64,1.36,1.14,-9999.00,32.54,0.17,1.26,-9999,2.28,-9999,-9999,-9999,-9999,-9999,1.114
96090,-9999.00,47.17,33.34,14.91,2.26,1.51,1.27,-9999.00,37.50,0.02,1.03,-9999,2.28,-9999,-9999,-9999,-9999,-9999,1.114
96091,-9999.00,46.92,32.55,15.43,1.99,1.70,1.43,-9999.00,36.88,0.10,1.15,-9999,2.29,-9999,-9999,-9999,-9999,-9999,1.115
96092,-9999.00,39.42,28.91,16.61,2.05,1.61,1.16,-9999.00,32.86,0.12,1.18,-9999,2.28,-9999,-9999,-9999,-9999,-9999,1.114
96093,-9999.00,48.40,27.82,14.89,2.01,1.32,0.84,-9999.00,31.39,0.27,1.46,-9999,2.28,-9999,-9999,-9999,-9999,-9999,1.114
96094,-9999.00,47.25,30.71,15.77,2.15,1.29,1.22,-9999.00,34.48,0.10,1.15,-9999,2.26,-9999,0.960,-9999.000,-9999.000,-9999,1.114
96095,-9999.00,54.26,27.27,14.70,2.12,1.41,1.86,-9999.00,30.90,0.18,1.28,-9999,2.24,-9999,-9999,-9999,-9999,-9999,1.114
96096,-9999.00,47.66,32.56,19.45,1.63,1.44,1.74,-9999.00,36.63,0.02,1.03,-9999,2.20,-9999,-9999,-9999,-9999,-9999,1.114
96097,-9999.00,53.68,27.70,15.90,1.51,1.52,1.83,-9999.00,31.45,0.19,1.31,-9999,2.19,-9999,-9999,-9999,-9999,-9999,1.114
96098,-9999.00,47.43,32.75,21.17,1.31,1.62,1.95,-9999.00,36.97,0.06,1.08,-9999,2.19,-9999,-9999,-9999,-9999,-9999,1.114
96099,-9999.00,50.30,31.55,16.30,0.86,1.39,1.28,-9999.00,35.42,0.15,1.24,-9999,2.20,-9999,0.958,-9999.000,-9999.000,-9999,1.114
96100,-9999.00,43.57,29.78,20.10,1.03,0.84,0.99,-9999.00,32.93,0.16,1.26,-9999,2.22,-9999,0.957,-9999.000,-9999.000,-9999,1.113
96101,-9999.00,46.09,31.85,15.74,1.56,0.74,1.75,-9999.00,35.05,0.10,1.15,-9999,2.18,-9999,0.958,-9999.000,-9999.000,-9999,1.114
96102,-9999.00,49.61,29.37,16.57,1.48,0.94,2.55,-9999.00,32.55,0.11,1.17,-9999,2.16,-9999,-9999,-9999,-9999,-9999,1.114
96103,-9999.00,53.01,32.64,18.62,1.12,1.12,2.30,-9999.00,36.22,0.18,1.29,-9999,2.17,-9999,-9999,-9999,-9999,-9999,1.114
96104,-9999.00,57.20,33.60,22.92,1.63,1.44,1.61,-9999.00,37.59,0.01,1.01,-9999,2.18,-9999,-9999,-9999,-9999,-9999,1.114
96105,-9999.00,51.62,29.75,19.94,2.16,1.53,1.31,-9999.00,33.53,0.17,1.26,-9999,2.18,-9999,-9999,-9999,-9999,-9999,1.114
96106,-9999.00,58.76,33.00,21.41,2.08,1.45,0.62,-9999.00,36.96,-0.03,0.97,-9999,2.19,-9999,-9999,-9999,-9999,-9999,1.114
96107,-9999.00,47.86,29.02,18.62,2.07,1.51,0.13,-9999.00,32.74,0.10,1.15,-9999,2.20,-9999,-9999,-9999,-9999,-9999,1.114
96108,-9999.00,47.28,30.57,20.51,2.32,1.64,0.66,-9999.00,34.59,0.07,1.10,-9999,2.19,-9999,-9999,-9999,-9999,-9999,1.114
96109,-9999.00,46.66,32.13,22.40,2.52,1.81,1.27,-9999.00,36.45,0.10,1.15,-9999,2.16,-9999,-9999,-9999,-9999,-9999,1.114
96110,-9999.00,39.18,26.37,19.56,2.14,2.03,1.38,-9999.00,30.47,0.23,1.38,-9999,2.15,-9999,-9999,-9999,-9999,-9999,1.114
96111,-9999.00,40.62,30.08,19.80,2.22,2.24,1.24,-9999.00,34.63,0.16,1.24,-9999,2.12,-9999,-9999,-9999,-9999,-9999,1.114
96112,-9999.00,38.81,24.05,19.19,2.54,2.03,0.40,-9999.00,27.95,0.30,1.51,-9999,2.13,-9999,0.959,-9999.000,-9999.000,-9999,1.114
96113,-9999.00,38.61,28.00,16.56,1.76,1.66,-0.20,-9999.00,31.77,0.27,1.45,-9999,2.11,-9999,-9999,-9999,-9999,-9999,1.113
96114,-9999.00,39.22,27.34,14.45,1.20,1.63,0.81,-9999.00,31.03,0.21,1.34,-9999,2.14,-9999,-9999,-9999,-9999,-9999,1.114
96115,-9999.00,39.83,26.64,12.36,1.40,1.56,1.95,-9999.00,30.18,0.30,1.51,-9999,2.12,-9999,-9999,-9999,-9999,-9999,1.114
96116,-9999.00,42.46,27.53,21.33,1.75,1.54,2.22,-9999.00,31.15,0.19,1.30,-9999,2.15,-9999,0.959,-9999.000,-9999.000,-9999,1.114
96117,-9999.00,46.72,31.40,20.73,2.08,1.93,2.07,-9999.00,35.68,0.12,1.18,-9999,2.14,-9999,-9999,-9999,-9999,-9999,1.113
96118,-9999.00,43.47,30.62,14.87,1.95,2.23,1.66,-9999.00,35.13,0.15,1.23,-9999,2.14,-9999,-9999,-9999,-9999,-9999,1.114
96119,-9999.00,48.53,30.27,15.27,1.79,2.06,1.23,-9999.00,34.53,0.11,1.17,-9999,2.11,-9999,-9999,-9999,-9999,-9999,1.114
96120,-9999.00,46.22,33.14,16.68,1.63,1.65,1.09,-9999.00,37.19,0.08,1.11,-9999,2.11,-9999,0.958,-9999.000,-9999.000,-9999,1.114
96121,-9999.00,47.65,32.38,12.41,1.47,1.50,1.71,-9999.00,36.20,0.10,1.14,-9999,2.11,-9999,-9999,-9999,-9999,-9999,1.114
96122,-9999.00,46.90,30.36,13.54,2.02,1.68,2.34,-9999.00,34.19,0.14,1.22,-9999,2.09,-9999,-9999,-9999,-9999,-9999,1.114
96123,-9999.00,49.64,27.57,22.21,2.37,1.79,1.72,-9999.00,31.29,0.19,1.31,-9999,2.08,-9999,0.957,-9999.000,-9999.000,-9999,1.114
96124,-9999.00,49.64,27.62,22.92,2.18,1.72,1.07,-9999.00,31.27,0.24,1.40,-9999,2.06,-9999,-9999,-9999,-9999,-9999,1.114
96125,-9999.00,48.70,29.09,18.96,1.98,1.61,1.16,-9999.00,32.75,0.14,1.22,-9999,2.06,-9999,-9999,-9999,-9999,-9999,1.114
96126,-9999.00,50.52,33.32,20.80,1.98,1.40,1.21,-9999.00,37.08,0.02,1.03,-9999,2.08,-9999,-9999,-9999,-9999,-9999,1.114
96127,-9999.00,49.62,30.79,17.02,2.17,1.09,1.32,-9999.00,34.10,0.14,1.22,-9999,2.10,-9999,-9999,-9999,-9999,-9999,1.114
96128,-9999.00,49.67,38.12,18.87,1.84,0.89,1.22,-9999.00,41.78,-0.11,0.86,-9999,2.12,-9999,-9999,-9999,-9999,-9999,1.114
96129,-9999.00,49.32,29.97,16.28,1.32,1.04,1.20,-9999.00,33.26,0.16,1.24,-9999,2.14,-9999,-9999,-9999,-9999,-9999,1.114
96130,-9999.00,46.72,34.88,18.30,1.43,1.52,1.21,-9999.00,39.05,-0.06,0.92,-9999,2.14,-9999,-9999,-9999,-9999,-9999,1.114
96131,-9999.00,47.11,28.76,14.98,1.41,1.81,0.85,-9999.00,32.79,0.16,1.26,-9999,2.16,-9999,-9999,-9999,-9999,-9999,1.114
96132,-9999.00,47.68,34.78,18.19,1.19,1.65,0.78,-9999.00,39.15,0.03,1.04,-9999,2.20,-9999,-9999,-9999,-9999,-9999,1.113
96133,-9999.00,46.21,29.98,15.99,1.35,1.67,0.91,-9999.00,34.00,0.14,1.21,-9999,2.20,-9999,-9999,-9999,-9999,-9999,1.114
