NASA Data Processing/CAMP2Ex/OPTICAL/CAMP2Ex-LARGE-OPTICAL_P3B_20190829_R0.ict
100,1001
Luke Ziemba
NASA Langley
In-situ optical aerosol measurements from the NASA P3B
CAMP2Ex
1,1
2019,08,29,2020,05,5
1.0
Time_Mid,Secs after midnight,Time of acquisition
19
1,1,1,1,1,1,1,1,1,1,1,1,1,1,1,1,1,1,1
-9999,-9999,-9999,-9999,-9999,-9999,-9999,-9999,-9999,-9999,-9999,-9999,-9999,-9999,-9999,-9999,-9999,-9999,-9999
Sc550_total_amb, Mm-1, AerOpt_Scattering_InSitu_Green_RHa_Bulk_STP, scattering coefficient of ambient  particles at 550nm
Sc450_total, Mm-1, AerOpt_Scattering_InSitu_Blue_RHd_Bulk_STP, Dry Scattering at 450nm (Total Aerosols)
Sc550_total, Mm-1, AerOpt_Scattering_InSitu_Green_RHd_Bulk_STP, Dry Scattering at 550nm (Total Aerosols)
Sc700_total, Mm-1, AerOpt_Scattering_InSitu_Red_RHd_Bulk_STP, Dry Scattering at 700nm (Total Aerosols)
Abs470_total, Mm-1, AerOpt_Absorption_InSitu_Blue_RHd_Bulk_STP, Dry absorption at 470nm (Total Aerosols)
Abs532_total, Mm-1, AerOpt_Absorption_InSitu_Green_RHd_Bulk_STP, Dry absorption at 532nm (Total Aerosols)
Abs660_total, Mm-1, AerOpt_Absorption_InSitu_Red_RHd_Bulk_STP, Dry absorption at 660nm (Total Aerosols)
Ext532_total_amb, Mm-1, AerOpt_Extinction_InSitu_Green_RHa_Bulk_STP, extinction coefficient of aerosols at 532nm for AMBIENT relative humidity
Ext532_total_dry, Mm-1, AerOpt_Extinction_InSitu_Green_RHd_Bulk_STP, extinction coefficient of aerosols at 532nm for DRY relative humidity
gamma550, unitless, AerOpt_Gamma_InSitu_Green_None_Bulk_STP, derived optical hygroscopic growth factor for particles at 550nm
fRH550_RH20to80, unitless, AerOpt_fRHScat_InSitu_Green_RHsp_Bulk_STP, derived optical hygroscopic growth parameter for particles at 550nm
AEscatAMB_450to700nm,unitless, AerOpt_AngstromExponentScat_InSitu_BluetoRed_RHa_Bulk_STP, derived ambient Angstrom Exponent for scattering coefficient over wavelength range from 450nm to 700nm
AEscatDRY_450to700nm,unitless, AerOpt_AngstromExponentScatInSitu_BluetoRed_RHd_Bulk_STP, derived dry Angstrom Exponent for scattering coefficient over wavelength range from 450nm to 700nm
AEabsDRY_470to660nm,unitless, AerOpt_AngstromExponentAbs_InSitu_BluetoRed_RHd_Bulk_STP, derived dry Angstrom Exponent for absorption coefficient over wavelength range from 450nm to 700nm
SSA_dry_450nm,unitless, AerOpt_SSA_InSitu_Blue_RHd_Bulk_STP, single_scattering_albedo_at_450nm_as_derived_from_dry_scattering_and_absorption
SSA_dry_550nm,unitless, AerOpt_SSA_InSitu_Green_RHd_Bulk_STP, single_scattering_albedo_at_550nm_as_derived_from_dry_scattering_and_absorption
SSA_dry_700nm,unitless, AerOpt_SSA_InSitu_Red_RHd_Bulk_STP, single_scattering_albedo_at_700nm_as_derived_from_dry_scattering_and_absorption
SSA_amb_550nm,unitless, AerOpt_SSA_InSitu_Green_RHa_Bulk_STP, single_scattering_albedo_at_550nm_as_derived_from_ambient_scattering_and_absorption
stdPT,unitless, None, Conversion factor to convert between ambient and standard pressure and temperature conditions
0
67
******************************************************************************************************************
Langley Aerosol data from the 2019 CAMP2Ex field campaign
 
PI_CONTACT_INFO: luke.ziemba@nasa.gov
PLATFORM: NASA P3B aircraft
LOCATION: Latitude, Longitude, and Altitude included in MetNav files
[...]
UNCERTAINTY: estimated uncertainties for directly measured properties
	- For dry scattering, accuracy estimated at 30% for all wavelengths; precision estimated at 4.5 Mm-1 for 450nm wavelength and 3 Mm-1 for 550nm and 700nm wavelengths
	- For dry absorption, accuracy estimated at 15% for all wavelengths; precision is a function of pressure and is estimated to vary from 0.5 Mm-1 near the surface to 2 at high altitude
	- For derived parameters, please contact the PI for a more detailed discussion of uncertainty
ULOD_FLAG: -7777
ULOD_VALUE: N/A
LLOD_FLAG: -8888
LLOD_VALUE: N/A
DM_CONTACT_INFO: Michael Shook (michael.shook@nasa.gov)
PROJECT_INFO: CAMP2Ex 2019
STIPULATIONS_ON_USE: This is FINAL data. Users are strongly encouraged to consult the PI and/or DM prior to use.
OTHER_COMMENTS: N/A
REVISION: R0
R0: STP and ambient parameter calculations now use data from their respective publicly available files, data is time synced to DLH
RD: Correction factor applied to raw scattering data, which also affects the absorption data via the Virkkula correction
RC: Higher threshholds required for calculating intensive parameters; absorption smoothing algorithm applied
RB: Time sync to LARGE CNgt3nm applied
RA: None
******************************************************************************************************************
Time_Mid,Sc550_total_amb,Sc450_total,Sc550_total,Sc700_total,Abs470_total,Abs532_total,Abs660_total,Ext532_total_amb,Ext532_total_dry,gamma550,fRH550_RH20to80,AEscatAMB_450to700nm,AEscatDRY_450to700nm,AEabsDRY_470to660nm,SSA_dry_450nm,SSA_dry_550nm,SSA_dry_700nm,SSA_amb_550nm,stdPT
[from data line 17439]
98234,-9999.00,16.06,13.15,7.00,2.57,1.81,1.91,-9999.00,15.99,0.02,1.02,-9999,2.07,-9999,-9999,-9999,-9999,-9999,1.155
98235,-9999.00,16.12,13.39,7.69,1.97,1.69,1.39,-9999.00,16.16,-0.07,0.90,-9999,2.14,-9999,-9999,-9999,-9999,-9999,1.155
98236,-9999.00,15.84,10.94,4.97,1.58,1.54,0.63,-9999.00,13.36,0.15,1.23,-9999,2.16,-9999,-9999,-9999,-9999,-9999,1.153
98237,-9999.00,19.30,9.98,6.83,1.52,1.14,0.97,-9999.00,11.92,0.10,1.15,-9999,2.17,-9999,-9999,-9999,-9999,-9999,1.155
98238,-9999.00,14.29,6.74,4.06,0.92,0.86,1.66,-9999.00,8.16,0.39,1.72,-9999,2.19,-9999,-9999,-9999,-9999,-9999,1.155
98239,-9999.00,19.15,9.42,5.71,0.28,0.58,1.71,-9999.00,10.81,0.17,1.27,-9999,2.13,-9999,-9999,-9999,-9999,-9999,1.155
98240,-9999.00,14.51,8.43,4.74,-0.07,0.23,1.15,-9999.00,9.41,0.24,1.39,-9999,2.10,-9999,-9999,-9999,-9999,-9999,1.154
98241,-9999.00,15.08,9.95,4.01,-0.95,-0.00,-0.24,-9999.00,10.80,0.09,1.14,-9999,2.03,-9999,-9999,-9999,-9999,-9999,1.155
98242,-9999.00,9.65,8.99,3.35,-1.63,-0.38,-1.83,-9999.00,9.39,0.10,1.15,-9999,2.05,-9999,-9999,-9999,-9999,-9999,1.156
98243,-9999.00,9.05,7.08,3.18,-1.92,-1.02,-2.38,-9999.00,6.66,0.01,1.02,-9999,2.08,-9999,-9999,-9999,-9999,-9999,1.157
98244,-9999.00,15.10,8.72,7.47,-2.44,-1.80,-1.99,-9999.00,7.69,0.07,1.10,-9999,2.11,-9999,-9999,-9999,-9999,-9999,1.156
98245,-9999.00,16.68,9.12,5.17,-2.54,-1.99,-1.47,-9999.00,7.90,-0.17,0.79,-9999,2.08,-9999,-9999,-9999,-9999,-9999,1.158
98246,-9999.00,17.95,9.66,5.34,-2.44,-1.54,-1.76,-9999.00,8.92,0.31,1.54,-9999,2.04,-9999,-9999,-9999,-9999,-9999,1.158
98247,-9999.00,13.08,8.54,3.28,-2.36,-1.50,-2.59,-9999.00,7.76,0.36,1.64,-9999,2.07,-9999,-9999,-9999,-9999,-9999,1.158
98248,-9999.00,18.28,9.06,5.80,-2.22,-1.79,-2.66,-9999.00,8.05,0.27,1.45,-9999,2.11,-9999,-9999,-9999,-9999,-9999,1.158
98249,-9999.00,14.10,7.85,5.21,-1.68,-1.83,-2.01,-9999.00,6.69,0.32,1.56,-9999,2.15,-9999,-9999,-9999,-9999,-9999,1.157
98250,-9999.00,11.89,8.67,4.75,-0.69,-1.54,-1.23,-9999.00,7.88,0.24,1.39,-9999,2.19,-9999,-9999,-9999,-9999,-9999,1.159
98251,-9999.00,11.17,8.66,4.69,-0.41,-0.89,-0.25,-9999.00,8.55,0.23,1.37,-9999,2.22,-9999,-9999,-9999,-9999,-9999,1.159
98252,-9999.00,11.04,8.84,3.82,-0.40,-0.20,0.23,-9999.00,9.47,0.26,1.44,-9999,2.26,-9999,-9999,-9999,-9999,-9999,1.159
98253,-9999.00,16.04,6.86,4.70,0.55,0.40,0.60,-9999.00,7.90,0.46,1.89,-9999,2.18,-9999,-9999,-9999,-9999,-9999,1.159
98254,-9999.00,16.08,6.40,9.70,1.46,0.95,0.93,-9999.00,7.93,0.40,1.73,-9999,2.12,-9999,-9999,-9999,-9999,-9999,1.158
98255,-9999.00,16.13,6.36,8.98,1.78,1.48,0.81,-9999.00,8.41,0.53,2.10,-9999,2.07,-9999,-9999,-9999,-9999,-9999,1.158
98256,-9999.00,12.18,10.03,9.46,2.22,2.04,1.17,-9999.00,12.99,0.12,1.17,-9999,2.10,-9999,-9999,-9999,-9999,-9999,1.156
98257,-9999.00,16.47,7.40,8.40,2.74,2.44,1.77,-9999.00,10.55,0.40,1.74,-9999,2.12,-9999,-9999,-9999,-9999,-9999,1.155
98258,-9999.00,12.94,10.58,7.09,2.91,2.65,1.96,-9999.00,14.30,0.05,1.07,-9999,2.19,-9999,-9999,-9999,-9999,-9999,1.155
98259,-9999.00,11.86,7.05,7.44,3.10,2.82,1.84,-9999.00,10.58,0.45,1.86,-9999,2.22,-9999,-9999,-9999,-9999,-9999,1.155
98260,-9999.00,12.70,9.49,4.95,3.97,2.90,1.79,-9999.00,13.36,0.12,1.19,-9999,2.29,-9999,0.881,-9999.000,-9999.000,-9999,1.155
98261,-9999.00,12.91,9.50,5.63,4.72,3.17,2.77,-9999.00,13.62,0.13,1.20,-9999,2.28,-9999,0.866,-9999.000,-9999.000,-9999,1.154
98262,-9999.00,22.06,10.97,6.05,4.32,3.60,3.23,-9999.00,15.65,0.18,1.29,-9999,2.30,0.31,0.856,-9999.000,0.725,-9999,1.155
98263,-9999.00,19.18,10.91,5.92,3.84,3.42,2.72,-9999.00,15.41,0.27,1.46,-9999,2.32,0.36,0.851,0.810,0.719,-9999,1.155
98264,-9999.00,18.80,10.82,5.10,3.72,2.91,2.72,-9999.00,14.79,0.27,1.45,-9999,2.33,0.57,0.844,0.788,0.722,-9999,1.155
98265,-9999.00,16.55,11.96,3.43,3.33,2.90,3.01,-9999.00,16.04,0.21,1.34,-9999,2.35,0.71,0.835,0.770,0.716,-9999,1.154
98266,-9999.00,15.27,7.31,5.64,3.70,3.41,2.72,-9999.00,11.47,0.57,2.19,-9999,2.31,0.82,0.827,0.764,0.715,-9999,1.154
98267,-9999.00,20.88,6.58,3.66,4.32,3.94,2.76,-9999.00,11.20,0.74,2.81,-9999,2.30,0.76,0.825,0.762,0.710,-9999,1.157
98268,-9999.00,14.38,10.59,10.75,3.82,3.75,4.15,-9999.00,15.43,0.43,1.81,-9999,2.24,0.76,0.818,0.754,0.705,-9999,1.155
98269,-9999.00,14.15,10.24,9.15,3.05,3.31,4.83,-9999.00,14.59,0.43,1.82,-9999,2.21,0.92,0.809,0.748,0.706,-9999,1.156
98270,-9999.00,13.97,9.93,7.61,3.19,3.39,3.77,-9999.00,14.28,0.55,2.16,-9999,2.23,0.73,0.809,0.746,0.691,-9999,1.157
98271,-9999.00,20.28,6.50,4.52,3.92,3.42,3.34,-9999.00,10.52,0.79,3.01,-9999,2.25,0.67,0.805,0.749,0.680,-9999,1.155
98272,-9999.00,20.28,6.71,4.50,4.09,3.34,3.98,-9999.00,10.67,0.88,3.37,-9999,2.30,0.95,0.800,0.750,0.689,-9999,1.156
98273,-9999.00,22.27,9.07,2.76,4.16,3.39,4.36,-9999.00,13.28,0.71,2.68,-9999,2.37,1.08,0.804,0.751,0.698,-9999,1.155
98274,-9999.00,19.38,12.34,4.15,4.38,3.29,3.96,-9999.00,16.76,0.55,2.14,-9999,2.45,0.86,0.814,0.758,0.688,-9999,1.155
98275,-9999.00,18.87,9.63,3.31,3.68,3.01,3.61,-9999.00,13.52,0.71,2.68,-9999,2.55,0.56,0.821,0.767,0.666,-9999,1.154
98276,-9999.00,16.25,13.07,6.18,3.26,3.12,3.60,-9999.00,17.41,0.46,1.88,-9999,2.60,0.38,0.824,0.767,0.652,-9999,1.159
98277,-9999.00,18.85,10.72,3.86,3.85,3.53,2.96,-9999.00,15.27,0.46,1.89,-9999,2.64,0.33,0.826,0.771,0.646,-9999,1.161
98278,-9999.00,17.43,10.71,3.41,4.00,3.61,2.33,-9999.00,15.32,0.45,1.87,-9999,2.65,0.45,0.826,0.772,0.655,-9999,1.161
98279,-9999.00,16.67,9.20,3.98,3.73,3.41,2.44,-9999.00,13.46,0.57,2.22,-9999,2.65,0.22,0.836,0.774,0.654,-9999,1.161
98280,-9999.00,15.99,7.69,4.79,3.72,3.31,2.19,-9999.00,11.71,0.72,2.71,-9999,2.67,-0.19,0.848,0.779,0.641,-9999,1.161
98281,-9999.00,13.63,5.94,7.94,3.55,3.46,1.86,-9999.00,9.95,0.83,3.14,-9999,2.65,-0.01,0.850,0.782,0.659,-9999,1.160
98282,-9999.00,12.35,8.20,6.17,3.27,3.46,1.75,-9999.00,12.41,0.69,2.60,-9999,2.69,0.40,0.845,0.788,0.679,-9999,1.161
98283,-9999.00,7.12,5.64,6.98,3.30,3.27,1.41,-9999.00,9.41,0.86,3.29,-9999,2.65,0.49,0.844,0.792,0.687,-9999,1.161
98284,-9999.00,11.74,7.57,5.60,3.50,2.86,1.35,-9999.00,11.11,0.58,2.24,-9999,2.73,0.48,0.846,0.793,0.683,-9999,1.161
98285,-9999.00,11.84,8.89,6.51,3.05,2.05,1.72,-9999.00,11.75,0.59,2.27,-9999,2.78,0.55,0.846,0.801,0.682,-9999,1.161
98286,-9999.00,13.58,11.46,6.58,2.44,1.99,2.12,-9999.00,14.52,0.34,1.60,-9999,2.81,0.42,0.855,0.812,0.685,-9999,1.161
98287,-9999.00,14.41,13.59,6.23,2.68,2.58,2.78,-9999.00,17.39,0.27,1.46,-9999,2.78,0.33,0.866,0.822,0.702,-9999,1.161
98288,-9999.00,18.52,12.90,4.07,2.74,2.51,3.21,-9999.00,16.51,0.20,1.32,-9999,2.70,0.64,0.867,0.825,0.730,-9999,1.162
98289,-9999.00,19.83,10.66,3.12,2.14,2.28,2.90,-9999.00,13.79,0.46,1.90,-9999,2.61,0.90,0.863,0.825,0.749,-9999,1.162
98290,-9999.00,22.64,13.60,3.87,1.60,2.13,2.28,-9999.00,16.80,0.18,1.29,-9999,2.56,0.77,0.871,0.832,-9999.000,-9999,1.162
98291,-9999.00,21.07,11.73,3.75,1.39,2.02,2.44,-9999.00,14.66,0.30,1.51,-9999,2.49,0.60,0.882,0.842,-9999.000,-9999,1.161
98292,-9999.00,21.09,11.91,5.10,1.67,2.10,3.34,-9999.00,14.93,0.45,1.85,-9999,2.40,-9999,0.883,0.841,-9999.000,-9999,1.162
98293,-9999.00,18.09,11.25,4.08,2.10,2.20,3.58,-9999.00,14.28,0.42,1.80,-9999,2.26,-9999,0.881,0.842,-9999.000,-9999,1.161
98294,-9999.00,17.96,11.52,5.64,2.42,2.47,2.74,-9999.00,14.79,0.44,1.83,-9999,2.15,-9999,0.882,0.850,-9999.000,-9999,1.161
98295,-9999.00,21.87,13.11,4.75,2.61,2.32,2.06,-9999.00,16.31,0.42,1.79,-9999,2.07,0.67,0.882,0.859,-9999.000,-9999,1.162
98296,-9999.00,22.43,15.16,6.50,2.55,1.83,1.77,-9999.00,17.99,0.33,1.57,-9999,2.06,0.49,0.889,0.876,0.808,-9999,1.162
98297,-9999.00,25.43,13.97,6.19,2.29,1.94,1.19,-9999.00,16.80,0.38,1.69,-9999,2.04,-9999,0.895,-9999.000,-9999.000,-9999,1.162
98298,-9999.00,25.31,14.05,8.00,2.12,2.17,1.22,-9999.00,17.11,0.28,1.47,-9999,2.04,-9999,0.895,0.883,-9999.000,-9999,1.162
98299,-9999.00,25.78,14.67,8.27,2.54,2.21,1.79,-9999.00,17.79,0.45,1.86,-9999,2.06,-9999,0.898,0.884,-9999.000,-9999,1.162
98300,-9999.00,26.21,15.27,8.54,2.98,2.26,1.49,-9999.00,18.49,0.20,1.33,-9999,2.07,-9999,0.904,0.888,-9999.000,-9999,1.161
98301,-9999.00,23.09,13.67,8.36,2.60,2.11,0.97,-9999.00,16.64,0.43,1.82,-9999,2.05,-9999,0.906,-9999.000,-9999.000,-9999,1.161
98302,-9999.00,23.07,13.58,7.85,2.01,1.98,1.20,-9999.00,16.43,0.34,1.60,-9999,2.07,-9999,0.910,-9999.000,-9999.000,-9999,1.162
98303,-9999.00,24.72,19.47,11.30,2.11,2.10,1.69,-9999.00,22.86,0.17,1.26,-9999,2.05,0.37,0.912,-9999.000,-9999.000,-9999,1.162
98304,-9999.00,26.12,20.74,11.47,2.35,2.21,1.97,-9999.00,24.32,0.05,1.07,-9999,2.02,0.33,0.913,-9999.000,-9999.000,-9999,1.163
98305,-9999.00,28.43,20.23,11.50,2.30,2.24,1.60,-9999.00,23.76,0.27,1.46,-9999,2.00,-9999,0.915,0.896,-9999.000,-9999,1.161
98306,-9999.00,28.79,20.32,12.57,2.30,2.09,1.76,-9999.00,23.67,0.28,1.48,-9999,1.95,-9999,0.916,0.902,-9999.000,-9999,1.163
98307,-9999.00,27.21,20.10,18.44,2.40,1.72,2.41,-9999.00,23.03,0.31,1.54,-9999,1.91,-9999,0.918,-9999.000,-9999.000,-9999,1.160
98308,-9999.00,21.98,20.16,18.59,2.56,1.56,1.85,-9999.00,22.90,0.24,1.39,-9999,1.88,-9999,0.919,-9999.000,-9999.000,-9999,1.160
98309,-9999.00,23.70,23.33,17.57,2.58,1.70,1.35,-9999.00,26.40,0.14,1.22,-9999,1.87,-9999,0.922,-9999.000,-9999.000,-9999,1.161
98310,-9999.00,23.28,20.23,14.77,2.74,2.00,1.52,-9999.00,23.40,0.18,1.28,-9999,1.86,-9999,0.920,-9999.000,-9999.000,-9999,1.161
98311,-9999.00,33.41,21.99,13.53,3.23,2.11,1.56,-9999.00,25.37,0.13,1.19,-9999,1.85,-9999,0.917,-9999.000,-9999.000,-9999,1.161
98312,-9999.00,27.73,20.59,15.21,3.01,1.83,1.57,-9999.00,23.61,0.28,1.48,-9999,1.87,-9999,0.921,-9999.000,-9999.000,-9999,1.161
98313,-9999.00,28.65,21.16,12.68,2.32,1.64,1.40,-9999.00,24.05,0.27,1.46,-9999,1.84,-9999,0.926,-9999.000,-9999.000,-9999,1.161
98314,-9999.00,25.72,21.07,13.10,2.31,1.68,1.65,-9999.00,24.00,0.32,1.57,-9999,1.83,-9999,0.930,-9999.000,-9999.000,-9999,1.161
98315,-9999.00,32.01,19.99,11.85,2.51,1.85,1.35,-9999.00,23.03,0.36,1.65,-9999,1.79,-9999,0.932,-9999.000,-9999.000,-9999,1.161
98316,-9999.00,31.86,21.39,16.61,2.45,2.25,0.52,-9999.00,24.91,0.30,1.51,-9999,1.79,-9999,0.932,-9999.000,-9999.000,-9999,1.161
98317,-9999.00,32.97,22.65,12.50,2.18,2.39,1.15,-9999.00,26.38,0.27,1.46,-9999,1.79,-9999,0.933,-9999.000,-9999.000,-9999,1.161
98318,-9999.00,35.18,21.38,16.63,2.16,2.24,1.69,-9999.00,24.89,0.37,1.67,-9999,1.80,-9999,0.937,-9999.000,-9999.000,-9999,1.161
98319,-9999.00,31.62,22.87,14.31,2.32,2.04,1.32,-9999.00,26.29,0.30,1.52,-9999,1.83,-9999,0.939,-9999.000,-9999.000,-9999,1.161
98320,-9999.00,37.99,29.96,13.80,1.90,1.81,1.25,-9999.00,33.61,0.04,1.06,-9999,1.85,-9999,0.937,-9999.000,-9999.000,-9999,1.161
98321,-9999.00,36.21,29.01,16.36,1.71,1.88,1.13,-9999.00,32.68,0.07,1.10,-9999,1.87,-9999,0.935,-9999.000,-9999.000,-9999,1.161
98322,-9999.00,36.10,28.56,16.60,2.25,2.10,1.12,-9999.00,32.46,0.15,1.22,-9999,1.90,-9999,0.938,-9999.000,-9999.000,-9999,1.160
98323,-9999.00,35.99,28.13,16.84,2.42,2.16,1.31,-9999.00,32.06,0.17,1.26,-9999,1.92,-9999,0.943,-9999.000,-9999.000,-9999,1.161
98324,-9999.00,40.25,26.75,16.02,2.32,1.96,1.68,-9999.00,30.41,0.19,1.30,-9999,1.96,-9999,0.945,-9999.000,-9999.000,-9999,1.160
98325,-9999.00,41.01,29.33,16.92,2.25,1.69,2.20,-9999.00,32.93,0.11,1.16,-9999,1.99,-9999,0.944,-9999.000,-9999.000,-9999,1.161
98326,-9999.00,45.31,31.59,16.42,2.37,1.84,1.92,-9999.00,35.51,0.11,1.17,-9999,2.02,-9999,0.945,-9999.000,-9999.000,-9999,1.161
98327,-9999.00,49.58,33.80,15.93,2.58,1.94,1.52,-9999.00,37.99,0.11,1.16,-9999,2.02,-9999,0.947,-9999.000,-9999.000,-9999,1.161
98328,-9999.00,44.54,23.54,18.92,2.35,1.77,1.88,-9999.00,26.90,0.37,1.68,-9999,2.04,-9999,0.949,-9999.000,-9999.000,-9999,1.162
98329,-9999.00,45.27,25.50,19.89,1.99,1.81,2.48,-9999.00,29.06,0.32,1.56,-9999,2.04,-9999,0.952,-9999.000,-9999.000,-9999,1.162
98330,-9999.00,42.77,26.12,22.28,1.86,1.87,2.89,-9999.00,29.80,0.33,1.58,-9999,2.03,-9999,0.952,-9999.000,-9999.000,-9999,1.162
98331,-9999.00,51.47,33.45,21.10,2.20,1.72,2.50,-9999.00,37.51,0.07,1.10,-9999,2.03,-9999,0.954,-9999.000,-9999.000,-9999,1.162
98332,-9999.00,47.18,32.15,18.54,2.48,1.70,1.71,-9999.00,36.08,0.21,1.34,-9999,2.06,-9999,0.959,-9999.000,-9999.000,-9999,1.162
98333,-9999.00,54.83,36.21,20.28,2.04,1.70,1.53,-9999.00,40.45,0.04,1.06,-9999,2.07,-9999,-9999,-9999,-9999,-9999,1.161
98334,-9999.00,49.76,32.42,16.52,1.87,1.65,1.31,-9999.00,36.36,0.18,1.28,-9999,2.10,-9999,0.959,-9999.000,-9999.000,-9999,1.159
98335,-9999.00,48.81,31.74,16.30,2.18,1.67,1.23,-9999.00,35.67,0.13,1.20,-9999,2.10,-9999,0.960,-9999.000,-9999.000,-9999,1.161
98336,-9999.00,47.78,31.00,16.06,2.29,1.82,1.98,-9999.00,35.05,0.18,1.29,-9999,2.10,-9999,-9999,-9999,-9999,-9999,1.163
98337,-9999.00,50.79,32.43,16.62,2.18,2.00,2.13,-9999.00,36.80,0.10,1.15,-9999,2.09,-9999,-9999,-9999,-9999,-9999,1.162
98338,-9999.00,51.22,34.75,23.66,2.36,1.93,0.96,-9999.00,39.25,0.13,1.20,-9999,2.09,-9999,-9999,-9999,-9999,-9999,1.164
98339,-9999.00,53.67,40.13,22.61,2.54,1.67,0.05,-9999.00,44.82,0.07,1.10,-9999,2.09,-9999,-9999,-9999,-9999,-9999,1.163
98340,-9999.00,53.52,36.28,22.71,1.84,1.63,0.76,-9999.00,40.64,0.17,1.26,-9999,2.11,-9999,-9999,-9999,-9999,-9999,1.164
98341,-9999.00,53.52,36.00,20.65,1.55,1.60,1.47,-9999.00,40.32,0.14,1.22,-9999,2.12,-9999,-9999,-9999,-9999,-9999,1.163
98342,-9999.00,54.64,32.70,21.49,2.11,1.64,1.04,-9999.00,36.86,0.27,1.45,-9999,2.12,-9999,-9999,-9999,-9999,-9999,1.162
98343,-9999.00,54.26,32.77,21.93,1.96,1.62,1.06,-9999.00,36.93,0.27,1.46,-9999,2.11,-9999,-9999,-9999,-9999,-9999,1.162
98344,-9999.00,53.84,34.76,23.70,1.21,1.12,1.62,-9999.00,38.52,0.22,1.35,-9999,2.10,-9999,-9999,-9999,-9999,-9999,1.162
98345,-9999.00,53.38,36.77,25.48,0.99,0.52,1.11,-9999.00,40.07,0.10,1.15,-9999,2.10,-9999,-9999,-9999,-9999,-9999,1.163
98346,-9999.00,62.04,35.32,23.70,1.20,0.39,0.17,-9999.00,38.37,0.16,1.26,-9999,2.11,-9999,-9999,-9999,-9999,-9999,1.163
98347,-9999.00,55.83,39.48,19.44,1.04,0.73,0.74,-9999.00,43.17,0.08,1.12,-9999,2.11,-9999,-9999,-9999,-9999,-9999,1.163
98348,-9999.00,55.54,34.26,18.97,1.00,0.86,1.42,-9999.00,37.71,0.19,1.31,-9999,2.10,-9999,-9999,-9999,-9999,-9999,1.163
98349,-9999.00,55.66,33.89,16.61,1.18,0.53,0.47,-9999.00,37.00,0.18,1.29,-9999,2.09,-9999,-9999,-9999,-9999,-9999,1.164
98350,-9999.00,55.61,34.24,23.18,0.57,0.51,-0.18,-9999.00,37.39,0.21,1.34,-9999,2.08,-9999,-9999,-9999,-9999,-9999,1.164
98351,-9999.00,58.40,37.06,22.52,-0.01,0.63,0.01,-9999.00,40.58,0.12,1.18,-9999,2.08,-9999,-9999,-9999,-9999,-9999,1.164
98352,-9999.00,56.04,36.88,26.12,0.17,0.51,0.27,-9999.00,40.27,0.15,1.23,-9999,2.07,-9999,-9999,-9999,-9999,-9999,1.164
98353,-9999.00,57.15,36.53,25.47,0.59,0.62,0.14,-9999.00,40.03,0.08,1.12,-9999,2.07,-9999,-9999,-9999,-9999,-9999,1.164
98354,-9999.00,58.18,36.14,24.79,0.43,0.72,-0.10,-9999.00,39.73,0.12,1.18,-9999,2.07,-9999,-9999,-9999,-9999,-9999,1.164
98355,-9999.00,60.11,38.79,20.72,-0.50,0.29,0.30,-9999.00,42.22,0.04,1.06,-9999,2.09,-9999,-9999,-9999,-9999,-9999,1.164
98356,-9999.00,60.19,38.80,21.53,-1.04,-0.32,-0.19,-9999.00,41.64,0.06,1.09,-9999,2.12,-9999,-9999,-9999,-9999,-9999,1.164
98357,-9999.00,58.90,34.96,21.51,-1.14,-0.51,-1.16,-9999.00,37.32,0.16,1.24,-9999,2.13,-9999,-9999,-9999,-9999,-9999,1.165
98358,-9999.00,59.16,36.11,21.58,-1.46,-0.30,-1.03,-9999.00,38.77,0.11,1.17,-9999,2.15,-9999,-9999,-9999,-9999,-9999,1.164
98359,-9999.00,47.12,32.97,24.28,-1.71,-0.64,-0.78,-9999.00,35.04,0.12,1.19,-9999,2.16,-9999,-9999,-9999,-9999,-9999,1.164
98360,-9999.00,52.32,33.89,20.61,-1.71,-1.28,-0.78,-9999.00,35.41,0.22,1.36,-9999,2.19,-9999,-9999,-9999,-9999,-9999,1.164
98361,-9999.00,46.76,29.25,20.97,-1.56,-1.47,-1.08,-9999.00,30.22,0.29,1.50,-9999,2.19,-9999,-9999,-9999,-9999,-9999,1.163
98362,-9999.00,47.92,32.86,21.74,-2.07,-1.85,-1.71,-9999.00,33.73,0.21,1.34,-9999,2.19,-9999,-9999,-9999,-9999,-9999,1.164
98363,-9999.00,52.87,32.74,22.37,-2.74,-2.15,-2.29,-9999.00,33.33,0.18,1.28,-9999,2.19,-9999,-9999,-9999,-9999,-9999,1.163
98364,-9999.00,60.38,35.91,25.60,-2.46,-2.09,-2.54,-9999.00,36.81,0.11,1.17,-9999,2.18,-9999,-9999,-9999,-9999,-9999,1.164
