NASA Data Processing/CAMP2Ex/OPTICAL/CAMP2Ex-LARGE-OPTICAL_P3B_20190829_R0.ict
100,1001
Luke Ziemba
NASA Langley
In-situ optical aerosol measurements from the NASA P3B
CAMP2Ex
1,1
2019,08,29,2020,05,5
1.0
Time_Mid,Secs after midnight,Time of acquisition
19
1,1,1,1,1,1,1,1,1,1,1,1,1,1,1,1,1,1,1
-9999,-9999,-9999,-9999,-9999,-9999,-9999,-9999,-9999,-9999,-9999,-9999,-9999,-9999,-9999,-9999,-9999,-9999,-9999
Sc550_total_amb, Mm-1, AerOpt_Scattering_InSitu_Green_RHa_Bulk_STP, scattering coefficient of ambient  particles at 550nm
Sc450_total, Mm-1, AerOpt_Scattering_InSitu_Blue_RHd_Bulk_STP, Dry Scattering at 450nm (Total Aerosols)
Sc550_total, Mm-1, AerOpt_Scattering_InSitu_Green_RHd_Bulk_STP, Dry Scattering at 550nm (Total Aerosols)
Sc700_total, Mm-1, AerOpt_Scattering_InSitu_Red_RHd_Bulk_STP, Dry Scattering at 700nm (Total Aerosols)
Abs470_total, Mm-1, AerOpt_Absorption_InSitu_Blue_RHd_Bulk_STP, Dry absorption at 470nm (Total Aerosols)
Abs532_total, Mm-1, AerOpt_Absorption_InSitu_Green_RHd_Bulk_STP, Dry absorption at 532nm (Total Aerosols)
Abs660_total, Mm-1, AerOpt_Absorption_InSitu_Red_RHd_Bulk_STP, Dry absorption at 660nm (Total Aerosols)
Ext532_total_amb, Mm-1, AerOpt_Extinction_InSitu_Green_RHa_Bulk_STP, extinction coefficient of aerosols at 532nm for AMBIENT relative humidity
Ext532_total_dry, Mm-1, AerOpt_Extinction_InSitu_Green_RHd_Bulk_STP, extinction coefficient of aerosols at 532nm for DRY relative humidity
gamma550, unitless, AerOpt_Gamma_InSitu_Green_None_Bulk_STP, derived optical hygroscopic growth factor for particles at 550nm
fRH550_RH20to80, unitless, AerOpt_fRHScat_InSitu_Green_RHsp_Bulk_STP, derived optical hygroscopic growth parameter for particles at 550nm
AEscatAMB_450to700nm,unitless, AerOpt_AngstromExponentScat_InSitu_BluetoRed_RHa_Bulk_STP, derived ambient Angstrom Exponent for scattering coefficient over wavelength range from 450nm to 700nm
AEscatDRY_450to700nm,unitless, AerOpt_AngstromExponentScatInSitu_BluetoRed_RHd_Bulk_STP, derived dry Angstrom Exponent for scattering coefficient over wavelength range from 450nm to 700nm
AEabsDRY_470to660nm,unitless, AerOpt_AngstromExponentAbs_InSitu_BluetoRed_RHd_Bulk_STP, derived dry Angstrom Exponent for absorption coefficient over wavelength range from 450nm to 700nm
SSA_dry_450nm,unitless, AerOpt_SSA_InSitu_Blue_RHd_Bulk_STP, single_scattering_albedo_at_450nm_as_derived_from_dry_scattering_and_absorption
SSA_dry_550nm,unitless, AerOpt_SSA_InSitu_Green_RHd_Bulk_STP, single_scattering_albedo_at_550nm_as_derived_from_dry_scattering_and_absorption
SSA_dry_700nm,unitless, AerOpt_SSA_InSitu_Red_RHd_Bulk_STP, single_scattering_albedo_at_700nm_as_derived_from_dry_scattering_and_absorption
SSA_amb_550nm,unitless, AerOpt_SSA_InSitu_Green_RHa_Bulk_STP, single_scattering_albedo_at_550nm_as_derived_from_ambient_scattering_and_absorption
stdPT,unitless, None, Conversion factor to convert between ambient and standard pressure and temperature conditions
0
67
******************************************************************************************************************
Langley Aerosol data from the 2019 CAMP2Ex field campaign
 
PI_CONTACT_INFO: luke.ziemba@nasa.gov
PLATFORM: NASA P3B aircraft
LOCATION: Latitude, Longitude, and Altitude included in MetNav files
[...]
UNCERTAINTY: estimated uncertainties for directly measured properties
	- For dry scattering, accuracy estimated at 30% for all wavelengths; precision estimated at 4.5 Mm-1 for 450nm wavelength and 3 Mm-1 for 550nm and 700nm wavelengths
	- For dry absorption, accuracy estimated at 15% for all wavelengths; precision is a function of pressure and is estimated to vary from 0.5 Mm-1 near the surface to 2 at high altitude
	- For derived parameters, please contact the PI for a more detailed discussion of uncertainty
ULOD_FLAG: -7777
ULOD_VALUE: N/A
LLOD_FLAG: -8888
LLOD_VALUE: N/A
DM_CONTACT_INFO: Michael Shook (michael.shook@nasa.gov)
PROJECT_INFO: CAMP2Ex 2019
STIPULATIONS_ON_USE: This is FINAL data. Users are strongly encouraged to consult the PI and/or DM prior to use.
OTHER_COMMENTS: N/A
REVISION: R0
R0: STP and ambient parameter calculations now use data from their respective publicly available files, data is time synced to DLH
RD: Correction factor applied to raw scattering data, which also affects the absorption data via the Virkkula correction
RC: Higher threshholds required for calculating intensive parameters; absorption smoothing algorithm applied
RB: Time sync to LARGE CNgt3nm applied
RA: None
******************************************************************************************************************
Time_Mid,Sc550_total_amb,Sc450_total,Sc550_total,Sc700_total,Abs470_total,Abs532_total,Abs660_total,Ext532_total_amb,Ext532_total_dry,gamma550,fRH550_RH20to80,AEscatAMB_450to700nm,AEscatDRY_450to700nm,AEabsDRY_470to660nm,SSA_dry_450nm,SSA_dry_550nm,SSA_dry_700nm,SSA_amb_550nm,stdPT
[from data line 26152]
106947,-9999.00,0.86,3.60,2.19,0.74,1.00,0.51,-9999.00,-9999.00,-9999.00,-9999.00,-9999,-9999,-9999,-9999,-9999,-9999,-9999,1.208
106948,-9999.00,0.82,3.82,1.72,1.41,1.33,0.79,-9999.00,-9999.00,-9999.00,-9999.00,-9999,-9999,-9999,-9999,-9999,-9999,-9999,1.208
106949,-9999.00,3.66,2.54,0.45,2.10,1.58,1.49,-9999.00,-9999.00,-9999.00,-9999.00,-9999,-9999,-9999,-9999,-9999,-9999,-9999,1.207
106950,-9999.00,0.96,0.95,-2.08,2.00,2.13,1.83,-9999.00,3.12,-9999.00,-9999.00,-9999,-9999,-9999,-9999,-9999,-9999,-9999,1.206
106951,-9999.00,-0.59,3.35,-0.13,2.10,2.42,1.87,-9999.00,5.90,-9999.00,-9999.00,-9999,-9999,-9999,-9999,-9999,-9999,-9999,1.206
106952,-9999.00,-3.14,1.08,-0.33,2.84,2.31,1.61,-9999.00,3.44,-9999.00,-9999.00,-9999,-9999,-9999,-9999,-9999,-9999,-9999,1.206
106953,-9999.00,-3.20,1.36,-0.39,3.26,2.54,1.91,-9999.00,3.98,-9999.00,-9999.00,-9999,-9999,-9999,-9999,-9999,-9999,-9999,1.206
106954,-9999.00,-1.74,2.30,1.41,3.20,2.56,2.61,-9999.00,5.01,-9999.00,-9999.00,-9999,-9999,-9999,-9999,-9999,-9999,-9999,1.205
106955,-9999.00,-0.29,3.24,3.21,3.06,1.82,2.02,-9999.00,5.29,-9999.00,-9999.00,-9999,-9999,-9999,-9999,-9999,-9999,-9999,1.205
106956,-9999.00,2.72,4.77,10.16,2.97,1.45,1.40,-9999.00,6.55,-9999.00,-9999.00,-9999,-9999,-9999,-9999,-9999,-9999,-9999,1.204
106957,-9999.00,2.65,1.99,5.66,2.45,1.65,1.49,-9999.00,3.75,-9999.00,-9999.00,-9999,-9999,-9999,-9999,-9999,-9999,-9999,1.204
106958,-9999.00,6.08,1.64,-0.39,1.72,1.65,1.14,-9999.00,3.35,-9999.00,-9999.00,-9999,-9999,-9999,-9999,-9999,-9999,-9999,1.203
106959,-9999.00,10.71,3.98,1.32,1.83,1.07,1.02,-9999.00,5.14,-9999.00,-9999.00,-9999,-9999,-9999,-9999,-9999,-9999,-9999,1.202
106960,-9999.00,11.53,4.30,1.72,1.96,0.76,1.20,-9999.00,5.07,-9999.00,-9999.00,-9999,-9999,-9999,-9999,-9999,-9999,-9999,1.202
106961,-9999.00,5.87,4.51,1.43,1.57,1.16,1.23,-9999.00,5.61,-9999.00,-9999.00,-9999,-9999,-9999,-9999,-9999,-9999,-9999,1.202
106962,-9999.00,0.73,2.16,0.30,1.47,1.15,1.39,-9999.00,3.25,-9999.00,-9999.00,-9999,-9999,-9999,-9999,-9999,-9999,-9999,1.202
106963,-9999.00,4.49,3.36,0.89,1.38,1.04,1.33,-9999.00,4.33,-9999.00,-9999.00,-9999,-9999,-9999,-9999,-9999,-9999,-9999,1.201
106964,-9999.00,2.97,2.13,-0.27,0.99,1.48,1.87,-9999.00,3.57,-9999.00,-9999.00,-9999,-9999,-9999,0.593,-9999.000,-9999.000,-9999,1.201
106965,-9999.00,5.24,2.35,1.68,0.85,1.33,2.68,-9999.00,3.65,-9999.00,-9999.00,-9999,-9999,0.14,0.595,-9999.000,-9999.000,-9999,1.200
106966,-9999.00,3.79,2.63,-0.19,1.01,0.77,2.91,-9999.00,3.38,-9999.00,-9999.00,-9999,-9999,0.21,0.606,-9999.000,-9999.000,-9999,1.200
106967,-9999.00,2.06,1.08,-0.76,1.37,0.84,2.37,-9999.00,1.92,-9999.00,-9999.00,-9999,-9999,-9999,0.612,-9999.000,-9999.000,-9999,1.200
106968,-9999.00,9.01,5.00,-0.39,1.33,1.21,1.54,-9999.00,6.25,-9999.00,-9999.00,-9999,1.55,-9999,0.636,-9999.000,-9999.000,-9999,1.199
106969,-9999.00,7.32,4.27,-0.90,1.00,1.50,1.30,-9999.00,5.84,-9999.00,-9999.00,-9999,1.58,-9999,0.672,-9999.000,-9999.000,-9999,1.199
106970,-9999.00,7.56,4.94,1.89,1.13,1.49,1.71,-9999.00,6.52,-9999.00,-9999.00,-9999,1.60,-9999,0.666,-9999.000,-9999.000,-9999,1.198
106971,-9999.00,-0.91,1.87,0.92,1.20,1.49,1.46,-9999.00,3.39,-9999.00,-9999.00,-9999,1.57,-9999,0.674,-9999.000,-9999.000,-9999,1.198
106972,-9999.00,-0.96,2.79,3.26,1.33,1.69,0.93,-9999.00,4.54,-9999.00,-9999.00,-9999,-9999,-9999,-9999,-9999,-9999,-9999,1.197
106973,-9999.00,1.80,5.11,3.84,1.77,1.65,0.65,-9999.00,6.91,-9999.00,-9999.00,-9999,-9999,-9999,0.700,-9999.000,-9999.000,-9999,1.197
106974,-9999.00,5.03,5.19,3.30,1.72,1.66,0.37,-9999.00,7.03,-9999.00,-9999.00,-9999,-9999,-9999,0.717,-9999.000,-9999.000,-9999,1.197
106975,-9999.00,3.91,6.23,0.84,1.62,1.94,0.49,-9999.00,8.37,-9999.00,-9999.00,-9999,-9999,-9999,-9999,-9999,-9999,-9999,1.196
106976,-9999.00,-2.18,4.82,4.08,2.04,2.42,1.75,-9999.00,7.33,-9999.00,-9999.00,-9999,-9999,-9999,-9999,-9999,-9999,-9999,1.195
106977,-9999.00,0.91,7.17,3.69,2.79,2.70,2.47,-9999.00,10.01,0.07,1.10,-9999,-9999,-9999,-9999,-9999,-9999,-9999,1.195
106978,-9999.00,5.35,4.93,1.81,3.54,2.21,2.38,-9999.00,7.25,-9999.00,-9999.00,-9999,1.79,-9999,-9999,-9999,-9999,-9999,1.194
106979,-9999.00,8.23,6.73,4.24,3.83,1.93,2.37,-9999.00,8.78,-9999.00,-9999.00,-9999,1.61,-9999,-9999,-9999,-9999,-9999,1.193
106980,-9999.00,8.35,5.39,3.72,3.89,2.22,2.50,-9999.00,7.70,-9999.00,-9999.00,-9999,1.42,-9999,-9999,-9999,-9999,-9999,1.192
106981,-9999.00,8.00,5.38,3.42,3.80,1.96,2.52,-9999.00,7.43,0.00,1.00,-9999,1.26,-9999,-9999,-9999,-9999,-9999,1.192
106982,-9999.00,7.89,4.97,2.76,3.18,1.39,2.59,-9999.00,6.45,-9999.00,-9999.00,-9999,1.13,-9999,-9999,-9999,-9999,-9999,1.191
106983,-9999.00,2.52,2.23,1.02,2.83,1.21,2.06,-9999.00,3.50,-9999.00,-9999.00,-9999,1.18,-9999,-9999,-9999,-9999,-9999,1.191
106984,-9999.00,5.07,4.20,2.79,2.89,1.40,1.28,-9999.00,5.72,-9999.00,-9999.00,-9999,1.12,-9999,-9999,-9999,-9999,-9999,1.190
106985,-9999.00,0.85,2.90,2.29,2.31,1.20,0.47,-9999.00,4.18,-9999.00,-9999.00,-9999,1.01,-9999,-9999,-9999,-9999,-9999,1.190
106986,-9999.00,0.52,5.80,4.43,1.26,0.61,-0.34,-9999.00,6.48,-9999.00,-9999.00,-9999,0.88,-9999,-9999,-9999,-9999,-9999,1.189
106987,-9999.00,5.65,3.93,-0.09,0.16,0.56,-0.28,-9999.00,4.53,-9999.00,-9999.00,-9999,0.80,-9999,-9999,-9999,-9999,-9999,1.189
106988,-9999.00,13.56,3.90,-0.14,-0.55,0.65,-0.14,-9999.00,4.56,-9999.00,-9999.00,-9999,0.76,-9999,-9999,-9999,-9999,-9999,1.189
106989,-9999.00,13.56,3.56,-0.53,-0.50,0.46,-0.13,-9999.00,4.02,-9999.00,-9999.00,-9999,0.68,-9999,-9999,-9999,-9999,-9999,1.188
106990,-9999.00,6.29,3.25,2.03,-0.66,0.44,-0.50,-9999.00,3.68,-9999.00,-9999.00,-9999,0.50,-9999,-9999,-9999,-9999,-9999,1.187
106991,-9999.00,-1.06,2.72,4.40,-0.74,0.40,-1.40,-9999.00,3.14,-9999.00,-9999.00,-9999,0.48,-9999,-9999,-9999,-9999,-9999,1.187
106992,-9999.00,2.43,2.26,7.00,-0.81,0.05,-1.41,-9999.00,2.37,-9999.00,-9999.00,-9999,0.64,-9999,-9999,-9999,-9999,-9999,1.186
106993,-9999.00,0.81,0.77,1.63,-1.17,-0.65,-1.29,-9999.00,0.16,-9999.00,-9999.00,-9999,0.83,-9999,-9999,-9999,-9999,-9999,1.185
106994,-9999.00,-2.87,-1.24,2.47,-1.50,-1.20,-1.54,-9999.00,-2.48,-9999.00,-9999.00,-9999,0.86,-9999,-9999,-9999,-9999,-9999,1.185
106995,-9999.00,-2.85,-2.26,2.23,-1.65,-1.23,-1.19,-9999.00,-3.57,-9999.00,-9999.00,-9999,0.92,-9999,-9999,-9999,-9999,-9999,1.184
106996,-9999.00,1.58,-0.01,4.43,-1.29,-1.36,-1.47,-9999.00,-1.37,-9999.00,-9999.00,-9999,0.90,-9999,-9999,-9999,-9999,-9999,1.184
106997,-9999.00,4.50,0.94,4.21,-0.91,-1.65,-1.58,-9999.00,-0.69,-9999.00,-9999.00,-9999,0.86,-9999,-9999,-9999,-9999,-9999,1.184
106998,-9999.00,11.46,3.22,3.50,-1.59,-1.56,-1.19,-9999.00,1.75,-9999.00,-9999.00,-9999,0.75,-9999,-9999,-9999,-9999,-9999,1.184
106999,-9999.00,7.62,3.51,0.71,-2.27,-1.64,-0.83,-9999.00,1.97,-9999.00,-9999.00,-9999,0.77,-9999,-9999,-9999,-9999,-9999,1.182
107000,-9999.00,4.28,3.26,1.19,-2.29,-1.67,-0.15,-9999.00,1.68,-9999.00,-9999.00,-9999,0.74,-9999,-9999,-9999,-9999,-9999,1.182
107001,-9999.00,-2.39,5.18,-0.00,-1.75,-1.20,0.44,-9999.00,4.14,-9999.00,-9999.00,-9999,0.80,-9999,-9999,-9999,-9999,-9999,1.182
107002,-9999.00,-0.46,4.00,3.86,-1.55,-0.70,0.62,-9999.00,3.46,-9999.00,-9999.00,-9999,0.85,-9999,-9999,-9999,-9999,-9999,1.181
107003,-9999.00,-2.44,5.31,3.76,-1.53,-0.27,0.34,-9999.00,5.24,-9999.00,-9999.00,-9999,0.80,-9999,-9999,-9999,-9999,-9999,1.181
107004,-9999.00,4.22,9.01,8.59,-1.22,0.15,-0.08,-9999.00,9.42,-9999.00,-9999.00,-9999,0.52,-9999,-9999,-9999,-9999,-9999,1.180
107005,-9999.00,2.01,4.83,8.11,-1.10,0.33,0.06,-9999.00,5.21,-9999.00,-9999.00,-9999,0.11,-9999,-9999,-9999,-9999,-9999,1.179
107006,-9999.00,8.30,3.52,5.42,-0.72,0.29,0.50,-9999.00,3.83,-9999.00,-9999.00,-9999,-0.02,-9999,-9999,-9999,-9999,-9999,1.180
107007,-9999.00,8.29,2.75,5.09,0.29,0.02,0.44,-9999.00,2.79,-9999.00,-9999.00,-9999,0.06,-9999,-9999,-9999,-9999,-9999,1.179
107008,-9999.00,8.06,5.66,1.05,1.17,0.10,0.50,-9999.00,5.78,-9999.00,-9999.00,-9999,0.09,-9999,-9999,-9999,-9999,-9999,1.179
107009,-9999.00,5.59,5.05,0.62,2.11,0.58,-0.11,-9999.00,5.61,-9999.00,-9999.00,-9999,0.04,-9999,-9999,-9999,-9999,-9999,1.178
107010,-9999.00,5.80,5.94,0.07,2.28,1.19,-0.09,-9999.00,7.16,-9999.00,-9999.00,-9999,0.28,-9999,-9999,-9999,-9999,-9999,1.177
107011,-9999.00,2.96,3.32,1.04,2.16,1.59,-0.19,-9999.00,4.95,-9999.00,-9999.00,-9999,0.42,-9999,-9999,-9999,-9999,-9999,1.176
107012,-9999.00,7.11,5.72,4.04,2.64,1.73,0.30,-9999.00,7.55,0.06,1.08,-9999,0.53,-9999,-9999,-9999,-9999,-9999,1.176
107013,-9999.00,3.80,4.23,4.49,2.82,1.66,1.50,-9999.00,5.97,-9999.00,-9999.00,-9999,0.66,-9999,-9999,-9999,-9999,-9999,1.175
107014,-9999.00,7.79,6.29,3.85,2.67,1.48,2.43,-9999.00,7.87,-0.14,0.83,-9999,0.69,-9999,-9999,-9999,-9999,-9999,1.176
107015,-9999.00,5.88,4.36,4.62,2.64,1.67,2.49,-9999.00,6.08,-9999.00,-9999.00,-9999,0.67,-9999,-9999,-9999,-9999,-9999,1.175
107016,-9999.00,5.45,2.45,3.16,2.73,2.44,2.79,-9999.00,4.92,-9999.00,-9999.00,-9999,0.67,-9999,-9999,-9999,-9999,-9999,1.175
107017,-9999.00,6.67,6.71,6.47,2.55,2.97,3.02,-9999.00,9.83,-9999.00,-9999.00,-9999,0.70,-9999,-9999,-9999,-9999,-9999,1.174
107018,-9999.00,5.78,4.76,2.13,1.90,2.86,3.42,-9999.00,7.78,-9999.00,-9999.00,-9999,0.90,-9999,-9999,-9999,-9999,-9999,1.174
107019,-9999.00,4.68,3.13,5.78,1.89,2.06,2.33,-9999.00,5.33,-9999.00,-9999.00,-9999,1.12,-9999,-9999,-9999,-9999,-9999,1.173
107020,-9999.00,2.46,6.01,10.08,2.22,1.10,2.04,-9999.00,7.46,-9999.00,-9999.00,-9999,1.33,-9999,-9999,-9999,-9999,-9999,1.173
107021,-9999.00,0.81,2.95,3.39,2.15,0.78,2.10,-9999.00,3.93,-9999.00,-9999.00,-9999,1.52,-9999,-9999,-9999,-9999,-9999,1.172
107022,-9999.00,2.25,3.01,3.45,2.03,0.86,1.13,-9999.00,4.07,-9999.00,-9999.00,-9999,1.56,-9999,-9999,-9999,-9999,-9999,1.172
107023,-9999.00,-1.29,1.97,1.72,1.69,1.09,-0.04,-9999.00,3.18,-9999.00,-9999.00,-9999,1.76,-9999,-9999,-9999,-9999,-9999,1.171
107024,-9999.00,-1.33,1.97,2.11,1.02,1.02,-0.41,-9999.00,3.12,-9999.00,-9999.00,-9999,1.80,-9999,-9999,-9999,-9999,-9999,1.171
107025,-9999.00,6.65,2.19,-0.47,0.59,0.39,-0.61,-9999.00,2.72,-9999.00,-9999.00,-9999,1.75,-9999,-9999,-9999,-9999,-9999,1.171
107026,-9999.00,6.64,2.56,3.82,0.59,-0.25,-1.26,-9999.00,2.47,-9999.00,-9999.00,-9999,1.58,-9999,-9999,-9999,-9999,-9999,1.171
107027,-9999.00,10.75,4.60,6.22,0.18,-0.57,-1.32,-9999.00,4.31,-9999.00,-9999.00,-9999,1.57,-9999,-9999,-9999,-9999,-9999,1.170
107028,-9999.00,11.12,5.50,3.17,-0.93,-0.31,-0.43,-9999.00,5.52,-9999.00,-9999.00,-9999,1.63,-9999,-9999,-9999,-9999,-9999,1.169
107029,-9999.00,11.09,5.25,1.92,-1.12,0.54,-0.12,-9999.00,6.12,-9999.00,-9999.00,-9999,1.78,-9999,-9999,-9999,-9999,-9999,1.170
107030,-9999.00,4.43,3.43,-0.69,-0.80,0.62,-0.03,-9999.00,4.27,-9999.00,-9999.00,-9999,1.80,-9999,-9999,-9999,-9999,-9999,1.169
107031,-9999.00,4.63,3.34,1.19,-0.45,0.18,0.82,-9999.00,3.74,-9999.00,-9999.00,-9999,1.88,-9999,-9999,-9999,-9999,-9999,1.168
107032,-9999.00,4.40,3.64,3.43,0.31,0.31,1.99,-9999.00,4.21,-9999.00,-9999.00,-9999,1.93,-9999,-9999,-9999,-9999,-9999,1.168
107033,-9999.00,9.06,3.66,0.87,1.35,0.95,2.19,-9999.00,4.87,-9999.00,-9999.00,-9999,1.99,-9999,-9999,-9999,-9999,-9999,1.168
107034,-9999.00,9.05,3.65,1.04,1.73,1.44,1.89,-9999.00,5.38,-9999.00,-9999.00,-9999,1.97,-9999,-9999,-9999,-9999,-9999,1.167
107035,-9999.00,10.73,4.32,2.78,1.51,1.72,2.39,-9999.00,6.39,-9999.00,-9999.00,-9999,2.10,-9999,-9999,-9999,-9999,-9999,1.167
107036,-9999.00,10.75,4.66,4.30,1.82,2.09,2.49,-9999.00,7.13,-9999.00,-9999.00,-9999,2.28,-9999,-9999,-9999,-9999,-9999,1.167
107037,-9999.00,5.35,3.86,2.42,2.93,2.25,2.25,-9999.00,6.46,-9999.00,-9999.00,-9999,2.46,-9999,-9999,-9999,-9999,-9999,1.166
107038,-9999.00,10.12,4.44,-1.95,3.02,1.84,2.28,-9999.00,6.68,-9999.00,-9999.00,-9999,2.61,-9999,-9999,-9999,-9999,-9999,1.166
107039,-9999.00,5.17,2.49,-2.00,2.26,1.65,2.27,-9999.00,4.37,-9999.00,-9999.00,-9999,2.70,-9999,-9999,-9999,-9999,-9999,1.165
107040,-9999.00,5.78,4.60,2.73,1.69,1.79,1.89,-9999.00,6.80,-9999.00,-9999.00,-9999,2.75,-9999,-9999,-9999,-9999,-9999,1.165
107041,-9999.00,6.48,6.24,6.88,1.24,1.69,0.27,-9999.00,8.44,-9999.00,-9999.00,-9999,2.51,-9999,-9999,-9999,-9999,-9999,1.164
107042,-9999.00,7.39,11.43,3.96,0.48,1.07,-0.71,-9999.00,13.42,-9999.00,-9999.00,-9999,2.51,-9999,-9999,-9999,-9999,-9999,1.164
107043,-9999.00,9.29,7.03,2.34,-0.07,0.37,-0.39,-9999.00,7.96,-9999.00,-9999.00,-9999,2.53,-9999,-9999,-9999,-9999,-9999,1.164
107044,-9999.00,8.68,4.88,0.73,-0.09,0.46,-0.04,-9999.00,5.71,-9999.00,-9999.00,-9999,2.50,-9999,-9999,-9999,-9999,-9999,1.164
107045,-9999.00,5.66,3.47,2.43,-0.01,0.39,0.19,-9999.00,4.11,-9999.00,-9999.00,-9999,2.43,-9999,-9999,-9999,-9999,-9999,1.163
107046,-9999.00,7.37,5.32,2.06,-0.32,-0.22,-0.66,-9999.00,5.49,-9999.00,-9999.00,-9999,2.26,-9999,-9999,-9999,-9999,-9999,1.163
107047,-9999.00,10.78,3.51,3.51,-0.86,-0.48,-1.90,-9999.00,3.30,-9999.00,-9999.00,-9999,2.19,-9999,-9999,-9999,-9999,-9999,1.162
107048,-9999.00,7.21,4.67,4.53,-1.05,-1.00,-2.39,-9999.00,3.99,-9999.00,-9999.00,-9999,2.05,-9999,-9999,-9999,-9999,-9999,1.162
107049,-9999.00,9.88,2.20,4.61,-0.95,-1.21,-2.30,-9999.00,1.13,-9999.00,-9999.00,-9999,1.88,-9999,-9999,-9999,-9999,-9999,1.162
107050,-9999.00,6.82,4.17,1.71,-0.66,-0.95,-1.17,-9999.00,3.44,-9999.00,-9999.00,-9999,1.70,-9999,-9999,-9999,-9999,-9999,1.161
107051,-9999.00,2.07,3.06,3.57,-0.22,-0.51,-0.13,-9999.00,2.70,-9999.00,-9999.00,-9999,1.55,-9999,-9999,-9999,-9999,-9999,1.161
107052,-9999.00,9.05,3.32,0.56,0.69,0.16,0.34,-9999.00,3.62,-9999.00,-9999.00,-9999,1.45,-9999,-9999,-9999,-9999,-9999,1.160
107053,-9999.00,7.40,5.51,0.20,1.59,0.74,0.74,-9999.00,6.46,0.18,1.28,-9999,1.32,-9999,-9999,-9999,-9999,-9999,1.160
107054,-9999.00,3.14,3.62,0.40,1.92,1.10,0.61,-9999.00,4.81,-9999.00,-9999.00,-9999,1.06,-9999,-9999,-9999,-9999,-9999,1.160
107055,-9999.00,-0.34,4.44,1.09,2.06,1.40,1.13,-9999.00,5.97,-9999.00,-9999.00,-9999,1.02,-9999,-9999,-9999,-9999,-9999,1.159
107056,-9999.00,-2.62,2.72,3.82,2.64,1.71,2.37,-9999.00,4.52,-9999.00,-9999.00,-9999,1.11,-9999,-9999,-9999,-9999,-9999,1.159
107057,-9999.00,5.07,1.80,3.36,3.20,2.39,2.84,-9999.00,4.27,-9999.00,-9999.00,-9999,1.28,-9999,-9999,-9999,-9999,-9999,1.159
107058,-9999.00,5.06,2.16,3.71,3.32,2.64,2.67,-9999.00,4.91,-9999.00,-9999.00,-9999,1.34,-9999,-9999,-9999,-9999,-9999,1.158
107059,-9999.00,9.56,6.41,3.61,3.16,2.40,2.08,-9999.00,9.17,-0.13,0.84,-9999,1.27,-9999,-9999,-9999,-9999,-9999,1.157
107060,-9999.00,9.64,6.62,3.46,2.61,1.97,0.91,-9999.00,8.93,0.36,1.65,-9999,1.26,-9999,-9999,-9999,-9999,-9999,1.157
107061,-9999.00,6.88,5.24,5.94,0.98,1.24,0.28,-9999.00,6.72,0.56,2.18,-9999,1.29,-9999,-9999,-9999,-9999,-9999,1.157
107062,-9999.00,4.46,2.68,3.58,-0.61,-0.04,-0.65,-9999.00,2.75,-9999.00,-9999.00,-9999,1.31,-9999,-9999,-9999,-9999,-9999,1.156
107063,-9999.00,2.79,6.88,7.81,-1.07,-0.86,-1.62,-9999.00,6.27,0.09,1.14,-9999,1.26,-9999,-9999,-9999,-9999,-9999,1.156
107064,-9999.00,-0.18,4.11,3.27,-0.23,-0.69,-1.25,-9999.00,3.57,-9999.00,-9999.00,-9999,1.26,-9999,-9999,-9999,-9999,-9999,1.156
107065,-9999.00,6.17,6.66,6.72,-0.46,-0.54,-0.77,-9999.00,6.33,0.38,1.70,-9999,1.20,-9999,-9999,-9999,-9999,-9999,1.155
107066,-9999.00,1.30,0.57,4.41,-0.80,-0.73,-1.01,-9999.00,-0.13,-9999.00,-9999.00,-9999,1.11,-9999,-9999,-9999,-9999,-9999,1.155
107067,-9999.00,-0.81,1.75,2.62,-1.07,-0.90,-1.60,-9999.00,0.91,-9999.00,-9999.00,-9999,1.11,-9999,-9999,-9999,-9999,-9999,1.155
107068,-9999.00,-3.97,0.35,2.69,-1.51,-0.90,-1.60,-9999.00,-0.54,-9999.00,-9999.00,-9999,0.97,-9999,-9999,-9999,-9999,-9999,1.154
107069,-9999.00,-0.80,4.46,2.15,-1.32,-0.93,-0.71,-9999.00,3.71,-9999.00,-9999.00,-9999,0.88,-9999,-9999,-9999,-9999,-9999,1.154
107070,-9999.00,7.16,2.46,1.13,-0.52,-1.09,-0.55,-9999.00,1.48,-9999.00,-9999.00,-9999,0.86,-9999,-9999,-9999,-9999,-9999,1.154
107071,-9999.00,10.15,3.60,1.75,0.08,-0.71,-0.32,-9999.00,3.10,-9999.00,-9999.00,-9999,1.08,-9999,-9999,-9999,-9999,-9999,1.153
