NASA Data Processing/CAMP2Ex/OPTICAL/CAMP2Ex-LARGE-OPTICAL_P3B_20191005_R0.ict
100,1001
Luke Ziemba
NASA Langley
In-situ optical aerosol measurements from the NASA P3B
CAMP2Ex
1,1
2019,10,05,2020,05,5
1.0
Time_Mid,Secs after midnight,Time of acquisition
19
1,1,1,1,1,1,1,1,1,1,1,1,1,1,1,1,1,1,1
-9999,-9999,-9999,-9999,-9999,-9999,-9999,-9999,-9999,-9999,-9999,-9999,-9999,-9999,-9999,-9999,-9999,-9999,-9999
Sc550_total_amb, Mm-1, AerOpt_Scattering_InSitu_Green_RHa_Bulk_STP, scattering coefficient of ambient  particles at 550nm
Sc450_total, Mm-1, AerOpt_Scattering_InSitu_Blue_RHd_Bulk_STP, Dry Scattering at 450nm (Total Aerosols)
Sc550_total, Mm-1, AerOpt_Scattering_InSitu_Green_RHd_Bulk_STP, Dry Scattering at 550nm (Total Aerosols)
Sc700_total, Mm-1, AerOpt_Scattering_InSitu_Red_RHd_Bulk_STP, Dry Scattering at 700nm (Total Aerosols)
Abs470_total, Mm-1, AerOpt_Absorption_InSitu_Blue_RHd_Bulk_STP, Dry absorption at 470nm (Total Aerosols)
Abs532_total, Mm-1, AerOpt_Absorption_InSitu_Green_RHd_Bulk_STP, Dry absorption at 532nm (Total Aerosols)
Abs660_total, Mm-1, AerOpt_Absorption_InSitu_Red_RHd_Bulk_STP, Dry absorption at 660nm (Total Aerosols)
Ext532_total_amb, Mm-1, AerOpt_Extinction_InSitu_Green_RHa_Bulk_STP, extinction coefficient of aerosols at 532nm for AMBIENT relative humidity
Ext532_total_dry, Mm-1, AerOpt_Extinction_InSitu_Green_RHd_Bulk_STP, extinction coefficient of aerosols at 532nm for DRY relative humidity
gamma550, unitless, AerOpt_Gamma_InSitu_Green_None_Bulk_STP, derived optical hygroscopic growth factor for particles at 550nm
fRH550_RH20to80, unitless, AerOpt_fRHScat_InSitu_Green_RHsp_Bulk_STP, derived optical hygroscopic growth parameter for particles at 550nm
AEscatAMB_450to700nm,unitless, AerOpt_AngstromExponentScat_InSitu_BluetoRed_RHa_Bulk_STP, derived ambient Angstrom Exponent for scattering coefficient over wavelength range from 450nm to 700nm
AEscatDRY_450to700nm,unitless, AerOpt_AngstromExponentScatInSitu_BluetoRed_RHd_Bulk_STP, derived dry Angstrom Exponent for scattering coefficient over wavelength range from 450nm to 700nm
AEabsDRY_470to660nm,unitless, AerOpt_AngstromExponentAbs_InSitu_BluetoRed_RHd_Bulk_STP, derived dry Angstrom Exponent for absorption coefficient over wavelength range from 450nm to 700nm
SSA_dry_450nm,unitless, AerOpt_SSA_InSitu_Blue_RHd_Bulk_STP, single_scattering_albedo_at_450nm_as_derived_from_dry_scattering_and_absorption
SSA_dry_550nm,unitless, AerOpt_SSA_InSitu_Green_RHd_Bulk_STP, single_scattering_albedo_at_550nm_as_derived_from_dry_scattering_and_absorption
SSA_dry_700nm,unitless, AerOpt_SSA_InSitu_Red_RHd_Bulk_STP, single_scattering_albedo_at_700nm_as_derived_from_dry_scattering_and_absorption
SSA_amb_550nm,unitless, AerOpt_SSA_InSitu_Green_RHa_Bulk_STP, single_scattering_albedo_at_550nm_as_derived_from_ambient_scattering_and_absorption
stdPT,unitless, None, Conversion factor to convert between ambient and standard pressure and temperature conditions
0
67
******************************************************************************************************************
Langley Aerosol data from the 2019 CAMP2Ex field campaign
 
PI_CONTACT_INFO: luke.ziemba@nasa.gov
PLATFORM: NASA P3B aircraft
LOCATION: Latitude, Longitude, and Altitude included in MetNav files
[...]
UNCERTAINTY: estimated uncertainties for directly measured properties
	- For dry scattering, accuracy estimated at 30% for all wavelengths; precision estimated at 4.5 Mm-1 for 450nm wavelength and 3 Mm-1 for 550nm and 700nm wavelengths
	- For dry absorption, accuracy estimated at 15% for all wavelengths; precision is a function of pressure and is estimated to vary from 0.5 Mm-1 near the surface to 2 at high altitude
	- For derived parameters, please contact the PI for a more detailed discussion of uncertainty
ULOD_FLAG: -7777
ULOD_VALUE: N/A
LLOD_FLAG: -8888
LLOD_VALUE: N/A
DM_CONTACT_INFO: Michael Shook (michael.shook@nasa.gov)
PROJECT_INFO: CAMP2Ex 2019
STIPULATIONS_ON_USE: This is FINAL data. Users are strongly encouraged to consult the PI and/or DM prior to use.
OTHER_COMMENTS: N/A
REVISION: R0
R0: STP and ambient parameter calculations now use data from their respective publicly available files, data is time synced to DLH
RD: Correction factor applied to raw scattering data, which also affects the absorption data via the Virkkula correction
RC: Higher threshholds required for calculating intensive parameters; absorption smoothing algorithm applied
RB: Time sync to LARGE CNgt3nm applied
RA: None
******************************************************************************************************************
Time_Mid,Sc550_total_amb,Sc450_total,Sc550_total,Sc700_total,Abs470_total,Abs532_total,Abs660_total,Ext532_total_amb,Ext532_total_dry,gamma550,fRH550_RH20to80,AEscatAMB_450to700nm,AEscatDRY_450to700nm,AEabsDRY_470to660nm,SSA_dry_450nm,SSA_dry_550nm,SSA_dry_700nm,SSA_amb_550nm,stdPT
[from data line 14048]
19556,-9999.00,10.26,3.58,3.66,0.17,0.11,-0.01,-9999.00,4.13,-9999.00,-9999.00,-9999,2.73,-9999,-9999,-9999,-9999,-9999,1.171
19557,-9999.00,5.94,1.78,1.90,-0.06,0.14,-0.19,-9999.00,2.15,-9999.00,-9999.00,-9999,2.71,-9999,-9999,-9999,-9999,-9999,1.171
19558,-9999.00,10.02,2.84,3.16,-0.35,0.04,-0.32,-9999.00,3.22,-9999.00,-9999.00,-9999,2.74,-9999,-9999,-9999,-9999,-9999,1.168
19559,-9999.00,5.65,2.06,1.86,-0.42,-0.42,-0.15,-9999.00,1.90,-9999.00,-9999.00,-9999,2.67,-9999,-9999,-9999,-9999,-9999,1.168
19560,-9999.00,9.34,4.94,1.75,-0.31,-0.31,-0.01,-9999.00,5.25,-9999.00,-9999.00,-9999,2.58,-9999,-9999,-9999,-9999,-9999,1.167
19561,8.98,11.30,5.99,2.43,-0.23,0.02,0.14,9.34,6.74,0.19,1.31,-9999,2.64,-9999,-9999,-9999,-9999,-9999,1.168
19562,9.77,13.27,7.09,3.11,-0.58,-0.08,0.08,9.83,7.91,0.14,1.21,-9999,2.57,-9999,-9999,-9999,-9999,-9999,1.168
19563,-9999.00,9.04,3.51,1.97,-0.91,-0.32,-0.61,-9999.00,3.62,-9999.00,-9999.00,-9999,2.54,-9999,-9999,-9999,-9999,-9999,1.166
19564,-9999.00,6.41,4.20,3.45,-0.66,-0.20,-0.61,-9999.00,4.50,-9999.00,-9999.00,-9999,2.55,-9999,-9999,-9999,-9999,-9999,1.166
19565,-9999.00,4.40,2.90,2.69,-0.32,0.16,0.21,-9999.00,3.38,-9999.00,-9999.00,-9999,2.56,-9999,-9999,-9999,-9999,-9999,1.167
19566,-9999.00,7.90,3.97,2.39,-0.10,0.25,0.62,-9999.00,4.66,-9999.00,-9999.00,-9999,2.52,-9999,-9999,-9999,-9999,-9999,1.167
19567,-9999.00,8.22,4.76,2.01,0.15,0.24,0.27,-9999.00,5.51,-9999.00,-9999.00,-9999,2.47,-9999,-9999,-9999,-9999,-9999,1.167
19568,16.54,8.48,5.51,1.74,0.23,0.29,-0.56,17.84,6.43,0.48,1.95,-9999,2.49,-9999,-9999,-9999,-9999,-9999,1.166
19569,-9999.00,9.11,3.75,0.35,0.21,0.14,-1.28,-9999.00,4.32,-9999.00,-9999.00,-9999,2.54,-9999,-9999,-9999,-9999,-9999,1.169
19570,-9999.00,9.70,3.83,1.27,0.30,-0.07,-1.14,-9999.00,4.20,-9999.00,-9999.00,-9999,2.54,-9999,-9999,-9999,-9999,-9999,1.168
19571,-9999.00,10.58,3.49,3.19,0.30,-0.18,-0.28,-9999.00,3.72,-9999.00,-9999.00,-9999,2.57,-9999,-9999,-9999,-9999,-9999,1.168
19572,-9999.00,10.24,3.69,3.27,0.18,-0.07,0.44,-9999.00,4.05,-9999.00,-9999.00,-9999,2.60,-9999,-9999,-9999,-9999,-9999,1.168
19573,-9999.00,3.98,3.45,3.76,-0.01,0.12,0.06,-9999.00,3.96,-9999.00,-9999.00,-9999,2.62,-9999,-9999,-9999,-9999,-9999,1.167
19574,-9999.00,6.02,2.93,4.32,-0.40,0.23,-0.54,-9999.00,3.49,-9999.00,-9999.00,-9999,2.63,-9999,-9999,-9999,-9999,-9999,1.168
19575,-9999.00,8.52,2.50,4.92,-0.34,0.32,-0.22,-9999.00,3.10,-9999.00,-9999.00,-9999,2.62,-9999,-9999,-9999,-9999,-9999,1.167
19576,-9999.00,6.65,4.93,2.22,0.09,0.24,0.31,-9999.00,5.75,-9999.00,-9999.00,-9999,2.65,-9999,-9999,-9999,-9999,-9999,1.167
19577,-9999.00,8.41,2.87,3.80,0.02,0.12,-0.16,-9999.00,3.33,-9999.00,-9999.00,-9999,2.66,-9999,-9999,-9999,-9999,-9999,1.168
19578,9.35,6.02,5.04,2.11,-0.15,0.05,0.23,9.80,5.69,0.39,1.73,-9999,2.65,-9999,-9999,-9999,-9999,-9999,1.168
19579,8.46,6.83,6.84,2.44,-0.23,-0.10,0.17,8.69,7.53,0.13,1.20,-9999,2.45,-9999,-9999,-9999,-9999,-9999,1.168
19580,8.08,6.10,6.84,1.99,-0.14,-0.12,-0.71,8.27,7.53,0.11,1.17,-9999,2.49,-9999,-9999,-9999,-9999,-9999,1.169
19581,7.70,7.31,6.00,3.40,0.03,-0.09,-0.70,7.90,6.64,0.17,1.27,-9999,2.47,-9999,-9999,-9999,-9999,-9999,1.169
19582,7.21,7.32,6.02,3.44,-0.09,-0.35,-0.05,7.12,6.42,0.14,1.21,-9999,2.43,-9999,-9999,-9999,-9999,-9999,1.169
19583,6.43,12.75,5.19,3.06,-0.03,-0.61,-0.61,6.05,5.24,0.17,1.27,-9999,2.38,-9999,-9999,-9999,-9999,-9999,1.170
19584,-9999.00,8.85,3.77,2.14,-0.12,-0.68,-1.60,-9999.00,3.58,-9999.00,-9999.00,-9999,2.37,-9999,-9999,-9999,-9999,-9999,1.170
19585,-9999.00,6.47,3.87,1.93,-0.58,-0.60,-1.97,-9999.00,3.76,-9999.00,-9999.00,-9999,2.35,-9999,-9999,-9999,-9999,-9999,1.170
19586,-9999.00,9.94,4.72,2.19,-0.40,-0.44,-0.93,-9999.00,4.86,-9999.00,-9999.00,-9999,2.38,-9999,-9999,-9999,-9999,-9999,1.169
19587,-9999.00,10.07,4.15,2.39,-0.17,-0.32,-0.38,-9999.00,4.32,-9999.00,-9999.00,-9999,2.34,-9999,-9999,-9999,-9999,-9999,1.169
19588,-9999.00,10.20,3.58,2.60,-0.50,-0.31,-0.01,-9999.00,3.67,-9999.00,-9999.00,-9999,2.40,-9999,-9999,-9999,-9999,-9999,1.170
19589,-9999.00,5.62,2.01,1.68,-0.67,-0.32,0.22,-9999.00,1.90,-9999.00,-9999.00,-9999,2.45,-9999,-9999,-9999,-9999,-9999,1.169
19590,-9999.00,5.86,1.07,2.10,-0.47,-0.39,-0.44,-9999.00,0.78,-9999.00,-9999.00,-9999,2.55,-9999,-9999,-9999,-9999,-9999,1.169
19591,-9999.00,8.12,1.19,0.25,-0.29,-0.39,-0.89,-9999.00,0.92,-9999.00,-9999.00,-9999,2.62,-9999,-9999,-9999,-9999,-9999,1.169
19592,-9999.00,5.27,1.36,0.19,-0.25,-0.18,-0.37,-9999.00,1.31,-9999.00,-9999.00,-9999,2.65,-9999,-9999,-9999,-9999,-9999,1.169
19593,-9999.00,5.24,3.02,1.11,-0.24,0.08,0.10,-9999.00,3.38,-9999.00,-9999.00,-9999,-9999,-9999,-9999,-9999,-9999,-9999,1.169
19594,-9999.00,1.90,2.68,6.26,-0.09,0.13,0.40,-9999.00,3.05,-9999.00,-9999.00,-9999,-9999,-9999,-9999,-9999,-9999,-9999,1.169
19595,-9999.00,7.68,2.43,2.58,-0.17,-0.03,0.38,-9999.00,2.63,-9999.00,-9999.00,-9999,-9999,-9999,-9999,-9999,-9999,-9999,1.169
19596,-9999.00,3.43,0.61,2.92,-0.21,-0.05,0.50,-9999.00,0.62,-9999.00,-9999.00,-9999,-9999,-9999,-9999,-9999,-9999,-9999,1.169
19597,-9999.00,6.63,1.86,3.44,0.48,0.01,0.15,-9999.00,2.06,-9999.00,-9999.00,-9999,-9999,-9999,-9999,-9999,-9999,-9999,1.170
19598,-9999.00,2.71,0.30,1.82,0.83,-0.11,-0.78,-9999.00,0.22,-9999.00,-9999.00,-9999,-9999,-9999,-9999,-9999,-9999,-9999,1.170
19599,-9999.00,4.39,2.47,0.60,0.20,-0.15,-0.88,-9999.00,2.58,-9999.00,-9999.00,-9999,-9999,-9999,-9999,-9999,-9999,-9999,1.170
19600,-9999.00,6.76,4.11,0.36,-0.52,0.01,-0.88,-9999.00,4.52,-9999.00,-9999.00,-9999,-9999,-9999,-9999,-9999,-9999,-9999,1.170
19601,-9999.00,9.12,5.74,0.13,-0.37,-0.13,-0.59,-9999.00,6.18,-9999.00,-9999.00,-9999,-9999,-9999,-9999,-9999,-9999,-9999,1.170
19602,-9999.00,5.64,4.08,2.59,0.20,-0.48,-0.10,-9999.00,4.01,-9999.00,-9999.00,-9999,-9999,-9999,-9999,-9999,-9999,-9999,1.171
19603,6.67,8.74,6.23,0.82,0.30,-0.51,0.02,6.43,6.33,0.05,1.08,-9999,-9999,-9999,-9999,-9999,-9999,-9999,1.170
19604,-9999.00,2.20,4.89,1.52,0.06,-0.36,-0.30,-9999.00,4.98,-9999.00,-9999.00,-9999,-9999,-9999,-9999,-9999,-9999,-9999,1.170
19605,7.13,6.58,5.43,1.51,-0.17,-0.32,-0.71,7.11,5.59,0.19,1.30,-9999,-9999,-9999,-9999,-9999,-9999,-9999,1.170
19606,-9999.00,3.09,4.53,1.06,-0.50,-0.09,0.08,-9999.00,4.82,-9999.00,-9999.00,-9999,-9999,-9999,-9999,-9999,-9999,-9999,1.170
19607,5.99,8.10,6.72,1.98,-0.58,0.26,0.68,6.51,7.51,-0.08,0.90,-9999,-9999,-9999,-9999,-9999,-9999,-9999,1.169
19608,-9999.00,6.69,4.99,0.65,-0.07,0.24,0.26,-9999.00,5.62,-9999.00,-9999.00,-9999,-9999,-9999,-9999,-9999,-9999,-9999,1.170
19609,-9999.00,6.46,4.69,1.27,0.64,0.05,0.56,-9999.00,5.14,-9999.00,-9999.00,-9999,-9999,-9999,-9999,-9999,-9999,-9999,1.169
19610,-9999.00,3.81,2.82,-0.09,0.73,0.25,0.70,-9999.00,3.31,-9999.00,-9999.00,-9999,-9999,-9999,-9999,-9999,-9999,-9999,1.170
19611,-9999.00,6.75,4.54,1.22,0.43,0.60,0.39,-9999.00,5.48,-9999.00,-9999.00,-9999,-9999,-9999,-9999,-9999,-9999,-9999,1.169
19612,-9999.00,6.62,4.07,1.16,-0.35,0.46,0.07,-9999.00,4.83,-9999.00,-9999.00,-9999,-9999,-9999,-9999,-9999,-9999,-9999,1.169
19613,-9999.00,4.27,1.58,1.94,-0.65,0.25,-0.14,-9999.00,1.94,-9999.00,-9999.00,-9999,-9999,-9999,-9999,-9999,-9999,-9999,1.169
19614,-9999.00,3.97,2.48,1.58,-0.63,-0.03,-0.62,-9999.00,2.61,-9999.00,-9999.00,-9999,-9999,-9999,-9999,-9999,-9999,-9999,1.170
19615,-9999.00,4.39,3.34,1.30,-0.65,-0.32,-1.47,-9999.00,3.26,-9999.00,-9999.00,-9999,-9999,-9999,-9999,-9999,-9999,-9999,1.169
19616,-9999.00,3.30,1.90,1.27,-0.44,-0.28,-0.88,-9999.00,1.76,-9999.00,-9999.00,-9999,-9999,-9999,-9999,-9999,-9999,-9999,1.170
19617,-9999.00,5.65,2.31,0.79,-0.45,-0.30,0.07,-9999.00,2.19,-9999.00,-9999.00,-9999,-9999,-9999,-9999,-9999,-9999,-9999,1.169
19618,-9999.00,2.30,1.07,0.43,-0.85,-0.54,-0.45,-9999.00,0.62,-9999.00,-9999.00,-9999,-9999,-9999,-9999,-9999,-9999,-9999,1.169
19619,-9999.00,5.29,2.87,0.68,-1.03,-0.40,-0.80,-9999.00,2.69,-9999.00,-9999.00,-9999,-9999,-9999,-9999,-9999,-9999,-9999,1.169
19620,-9999.00,3.09,2.52,0.76,-1.05,-0.31,-0.86,-9999.00,2.42,-9999.00,-9999.00,-9999,-9999,-9999,-9999,-9999,-9999,-9999,1.169
19621,-9999.00,5.13,3.79,1.32,-0.41,-0.40,-1.02,-9999.00,3.71,-9999.00,-9999.00,-9999,-9999,-9999,-9999,-9999,-9999,-9999,1.169
19622,-9999.00,6.20,1.76,0.72,0.13,-0.21,-0.74,-9999.00,1.71,-9999.00,-9999.00,-9999,-9999,-9999,-9999,-9999,-9999,-9999,1.169
19623,-9999.00,6.00,3.90,0.99,0.47,0.07,-0.40,-9999.00,4.33,-9999.00,-9999.00,-9999,-9999,-9999,-9999,-9999,-9999,-9999,1.169
19624,-9999.00,11.17,1.96,0.15,0.29,-0.25,0.02,-9999.00,1.90,-9999.00,-9999.00,-9999,-9999,-9999,-9999,-9999,-9999,-9999,1.169
19625,5.39,5.46,5.12,2.21,-0.18,-0.63,0.32,5.13,4.98,0.03,1.04,-9999,-9999,-9999,-9999,-9999,-9999,-9999,1.168
19626,5.85,7.95,7.45,4.38,0.17,-0.27,0.32,5.96,7.92,-0.15,0.81,-9999,-9999,-9999,-9999,-9999,-9999,-9999,1.169
19627,5.57,7.74,6.46,4.40,0.70,0.36,-0.21,6.29,7.47,-0.10,0.87,-9999,-9999,-9999,-9999,-9999,-9999,-9999,1.170
19628,7.59,7.19,5.22,4.06,0.37,0.07,-0.97,8.14,5.81,0.27,1.44,-9999,-9999,-9999,-9999,-9999,-9999,-9999,1.170
19629,6.44,7.63,5.14,1.49,-0.20,-0.45,-0.65,6.41,5.19,0.16,1.26,-9999,-9999,-9999,-9999,-9999,-9999,-9999,1.170
19630,-9999.00,9.93,2.50,2.86,-0.52,-0.26,0.15,-9999.00,2.50,-9999.00,-9999.00,-9999,-9999,-9999,-9999,-9999,-9999,-9999,1.170
19631,-9999.00,6.95,1.19,2.22,-0.53,-0.01,0.56,-9999.00,1.32,-9999.00,-9999.00,-9999,2.60,-9999,-9999,-9999,-9999,-9999,1.170
19632,-9999.00,6.82,2.90,2.85,-0.58,0.13,0.58,-9999.00,3.33,-9999.00,-9999.00,-9999,2.50,-9999,-9999,-9999,-9999,-9999,1.169
19633,-9999.00,5.99,4.77,1.91,-0.39,0.49,-0.17,-9999.00,5.76,-9999.00,-9999.00,-9999,2.43,-9999,-9999,-9999,-9999,-9999,1.169
19634,5.65,8.90,6.88,3.04,-0.10,0.43,-1.17,6.46,8.04,-0.13,0.83,-9999,2.47,-9999,-9999,-9999,-9999,-9999,1.169
19635,-9999.00,5.72,3.38,2.07,-0.35,-0.07,-1.44,-9999.00,3.69,-9999.00,-9999.00,-9999,2.48,-9999,-9999,-9999,-9999,-9999,1.169
19636,-9999.00,6.27,4.52,3.01,-0.71,-0.16,0.13,-9999.00,4.89,-9999.00,-9999.00,-9999,2.48,-9999,-9999,-9999,-9999,-9999,1.168
19637,-9999.00,6.70,2.56,2.07,-0.37,0.04,1.29,-9999.00,2.90,-9999.00,-9999.00,-9999,2.48,-9999,-9999,-9999,-9999,-9999,1.169
19638,-9999.00,4.70,2.99,2.33,0.14,0.15,0.24,-9999.00,3.50,-9999.00,-9999.00,-9999,2.45,-9999,-9999,-9999,-9999,-9999,1.169
19639,-9999.00,6.03,3.25,1.14,0.46,0.06,-0.45,-9999.00,3.70,-9999.00,-9999.00,-9999,2.43,-9999,-9999,-9999,-9999,-9999,1.168
19640,-9999.00,5.51,2.48,0.90,0.53,-0.21,-0.27,-9999.00,2.58,-9999.00,-9999.00,-9999,2.34,-9999,-9999,-9999,-9999,-9999,1.168
19641,-9999.00,5.16,1.72,0.65,0.28,-0.40,-0.24,-9999.00,1.54,-9999.00,-9999.00,-9999,2.33,-9999,-9999,-9999,-9999,-9999,1.169
19642,-9999.00,6.48,4.02,2.39,-0.02,-0.44,-0.09,-9999.00,4.12,-9999.00,-9999.00,-0.28,2.31,-9999,-9999,-9999,-9999,-9999,1.168
19643,-9999.00,2.77,2.53,1.30,-0.14,-0.25,0.22,-9999.00,2.63,-9999.00,-9999.00,-0.35,2.29,-9999,-9999,-9999,-9999,-9999,1.169
19644,-9999.00,5.39,3.99,3.07,-0.03,0.07,0.51,-9999.00,4.64,-9999.00,-9999.00,-0.34,2.33,-9999,-9999,-9999,-9999,-9999,1.169
19645,-9999.00,10.04,1.40,3.61,0.13,-0.06,-0.40,-9999.00,1.54,-9999.00,-9999.00,-0.32,2.29,-9999,-9999,-9999,-9999,-9999,1.168
19646,-9999.00,10.03,1.40,3.61,-0.07,-0.57,-1.47,-9999.00,1.02,-9999.00,-9999.00,-0.21,2.24,-9999,-9999,-9999,-9999,-9999,1.168
19647,6.41,4.04,5.54,4.34,-0.32,-0.62,-0.73,6.01,5.65,0.08,1.11,-0.09,2.21,-9999,-9999,-9999,-9999,-9999,1.168
19648,-9999.00,3.07,2.31,2.05,-0.56,-0.53,0.04,-9999.00,2.06,-9999.00,-9999.00,-0.05,2.17,-9999,-9999,-9999,-9999,-9999,1.168
19649,-9999.00,10.24,4.22,1.86,-0.72,-0.47,-0.00,-9999.00,4.25,-9999.00,-9999.00,0.00,2.17,-9999,-9999,-9999,-9999,-9999,1.169
19650,-9999.00,10.24,2.15,2.08,-0.58,-0.20,0.34,-9999.00,2.21,-9999.00,-9999.00,0.06,2.17,-9999,-9999,-9999,-9999,-9999,1.168
19651,-9999.00,9.88,3.25,2.90,-0.51,0.07,0.56,-9999.00,3.72,-9999.00,-9999.00,0.06,2.17,-9999,-9999,-9999,-9999,-9999,1.168
19652,-9999.00,5.55,1.81,1.50,-0.47,0.01,0.13,-9999.00,2.04,-9999.00,-9999.00,0.08,2.18,-9999,-9999,-9999,-9999,-9999,1.168
19653,-9999.00,5.56,1.88,1.47,-0.37,-0.25,-0.42,-9999.00,1.85,-9999.00,-9999.00,0.10,2.17,-9999,-9999,-9999,-9999,-9999,1.168
19654,-9999.00,5.57,1.95,1.44,-0.14,-0.29,-0.50,-9999.00,1.90,-9999.00,-9999.00,0.10,2.23,-9999,-9999,-9999,-9999,-9999,1.168
19655,-9999.00,8.78,1.89,2.31,0.05,0.16,0.07,-9999.00,2.28,-9999.00,-9999.00,0.16,2.25,-9999,-9999,-9999,-9999,-9999,1.168
19656,-9999.00,8.55,2.90,3.71,0.04,0.43,0.53,-9999.00,3.69,-9999.00,-9999.00,0.38,2.28,-9999,-9999,-9999,-9999,-9999,1.168
19657,-9999.00,7.99,3.74,5.10,0.29,0.59,0.36,-9999.00,4.78,-9999.00,-9999.00,0.50,2.28,-9999,-9999,-9999,-9999,-9999,1.168
19658,-9999.00,7.98,3.73,5.10,0.79,0.62,-0.05,-9999.00,4.81,-9999.00,-9999.00,0.61,2.29,-9999,-9999,-9999,-9999,-9999,1.168
19659,-9999.00,9.03,3.68,3.21,0.91,0.29,-0.40,-9999.00,4.42,-9999.00,-9999.00,0.86,2.23,-9999,-9999,-9999,-9999,-9999,1.167
19660,-9999.00,6.64,4.46,2.53,0.85,-0.07,-0.40,-9999.00,4.95,-9999.00,-9999.00,0.93,2.26,-9999,-9999,-9999,-9999,-9999,1.167
19661,16.33,8.94,5.44,4.17,0.64,-0.01,0.17,17.21,6.06,0.65,2.46,0.98,2.25,-9999,-9999,-9999,-9999,-9999,1.167
19662,16.33,8.94,5.44,4.17,0.01,0.21,0.80,17.50,6.23,0.71,2.67,1.01,2.21,-9999,-9999,-9999,-9999,-9999,1.168
19663,-9999.00,6.22,9.95,4.23,-0.51,0.31,0.16,-9999.00,11.30,0.41,1.76,0.98,2.23,-9999,-9999,-9999,-9999,-9999,1.167
19664,-9999.00,11.59,7.14,3.93,-0.59,0.12,-0.32,-9999.00,7.99,0.54,2.12,0.97,2.21,-9999,-9999,-9999,-9999,-9999,1.167
19665,-9999.00,10.95,6.02,3.89,-0.50,-0.22,-0.67,-9999.00,6.40,0.69,2.61,1.02,2.15,-9999,-9999,-9999,-9999,-9999,1.167
19666,-9999.00,10.44,4.91,3.86,-0.32,-0.30,-0.75,-9999.00,5.09,-9999.00,-9999.00,1.01,2.12,-9999,-9999,-9999,-9999,-9999,1.167
19667,-9999.00,7.67,4.92,3.07,-0.52,-0.10,-0.51,-9999.00,5.29,-9999.00,-9999.00,1.01,2.14,-9999,-9999,-9999,-9999,-9999,1.167
19668,-9999.00,5.84,5.29,2.25,-0.88,-0.19,-0.55,-9999.00,5.62,0.77,2.92,1.00,2.12,-9999,-9999,-9999,-9999,-9999,1.167
19669,-9999.00,15.15,6.29,3.81,-0.93,-0.43,-0.66,-9999.00,6.47,0.51,2.02,0.98,2.11,-9999,-9999,-9999,-9999,-9999,1.167
19670,-9999.00,11.09,7.32,2.20,-0.83,-0.61,-0.95,-9999.00,7.39,0.44,1.84,0.95,2.10,-9999,-9999,-9999,-9999,-9999,1.168
19671,18.28,13.80,6.09,2.93,-0.66,-0.90,-1.69,18.16,5.75,0.62,2.37,0.93,2.09,-9999,-9999,-9999,-9999,-9999,1.166
19672,-9999.00,7.95,3.39,1.67,-0.36,-1.12,-0.82,-9999.00,2.58,-9999.00,-9999.00,0.89,2.10,-9999,-9999,-9999,-9999,-9999,1.168
19673,-9999.00,12.20,4.84,4.09,-0.10,-0.75,0.09,-9999.00,4.53,-9999.00,-9999.00,0.88,2.15,-9999,-9999,-9999,-9999,-9999,1.167
19674,-9999.00,7.20,4.34,5.58,0.02,-0.24,-0.20,-9999.00,4.49,-9999.00,-9999.00,1.34,2.19,-9999,-9999,-9999,-9999,-9999,1.168
19675,15.28,10.78,6.25,3.69,-0.18,-0.34,-0.60,15.41,6.47,0.46,1.90,1.93,2.11,-9999,-9999,-9999,-9999,-9999,1.168
19676,13.36,9.20,7.84,3.53,-0.42,-0.63,-0.76,13.14,7.93,0.27,1.46,1.93,2.07,-9999,-9999,-9999,-9999,-9999,1.168
19677,13.06,8.00,7.78,4.69,-0.19,-0.29,-0.62,13.10,8.22,0.28,1.47,1.83,2.06,-9999,-9999,-9999,-9999,-9999,1.168
19678,12.98,7.95,7.74,4.91,0.40,0.10,-0.02,13.38,8.58,0.28,1.48,1.76,2.06,-9999,-9999,-9999,-9999,-9999,1.168
19679,14.15,7.85,7.53,4.92,0.59,0.32,0.52,14.75,8.63,0.31,1.53,1.71,2.14,-9999,-9999,-9999,-9999,-9999,1.168
19680,-9999.00,6.36,4.25,3.20,0.28,0.59,0.29,-9999.00,5.30,-9999.00,-9999.00,1.71,2.17,-9999,-9999,-9999,-9999,-9999,1.168
19681,-9999.00,6.39,1.90,1.79,0.09,0.73,-0.38,-9999.00,2.84,-9999.00,-9999.00,1.66,2.20,-9999,-9999,-9999,-9999,-9999,1.168
19682,-9999.00,8.69,3.49,1.72,0.06,0.51,-0.36,-9999.00,4.39,-9999.00,-9999.00,1.66,2.23,-9999,-9999,-9999,-9999,-9999,1.168
19683,-9999.00,6.87,2.75,2.55,-0.20,0.27,0.44,-9999.00,3.34,-9999.00,-9999.00,1.62,2.19,-9999,-9999,-9999,-9999,-9999,1.168
19684,-9999.00,7.61,3.31,2.82,-0.46,0.23,0.88,-9999.00,3.93,-9999.00,-9999.00,1.62,2.17,-9999,-9999,-9999,-9999,-9999,1.168
19685,-9999.00,6.23,3.87,2.21,-0.54,0.11,0.74,-9999.00,4.42,-9999.00,-9999.00,1.62,2.09,-9999,-9999,-9999,-9999,-9999,1.168
