NASA Data Processing/CAMP2Ex/OPTICAL/CAMP2Ex-LARGE-OPTICAL_P3B_20191005_R0.ict
100,1001
Luke Ziemba
NASA Langley
In-situ optical aerosol measurements from the NASA P3B
CAMP2Ex
1,1
2019,10,05,2020,05,5
1.0
Time_Mid,Secs after midnight,Time of acquisition
19
1,1,1,1,1,1,1,1,1,1,1,1,1,1,1,1,1,1,1
-9999,-9999,-9999,-9999,-9999,-9999,-9999,-9999,-9999,-9999,-9999,-9999,-9999,-9999,-9999,-9999,-9999,-9999,-9999
Sc550_total_amb, Mm-1, AerOpt_Scattering_InSitu_Green_RHa_Bulk_STP, scattering coefficient of ambient  particles at 550nm
Sc450_total, Mm-1, AerOpt_Scattering_InSitu_Blue_RHd_Bulk_STP, Dry Scattering at 450nm (Total Aerosols)
Sc550_total, Mm-1, AerOpt_Scattering_InSitu_Green_RHd_Bulk_STP, Dry Scattering at 550nm (Total Aerosols)
Sc700_total, Mm-1, AerOpt_Scattering_InSitu_Red_RHd_Bulk_STP, Dry Scattering at 700nm (Total Aerosols)
Abs470_total, Mm-1, AerOpt_Absorption_InSitu_Blue_RHd_Bulk_STP, Dry absorption at 470nm (Total Aerosols)
Abs532_total, Mm-1, AerOpt_Absorption_InSitu_Green_RHd_Bulk_STP, Dry absorption at 532nm (Total Aerosols)
Abs660_total, Mm-1, AerOpt_Absorption_InSitu_Red_RHd_Bulk_STP, Dry absorption at 660nm (Total Aerosols)
Ext532_total_amb, Mm-1, AerOpt_Extinction_InSitu_Green_RHa_Bulk_STP, extinction coefficient of aerosols at 532nm for AMBIENT relative humidity
Ext532_total_dry, Mm-1, AerOpt_Extinction_InSitu_Green_RHd_Bulk_STP, extinction coefficient of aerosols at 532nm for DRY relative humidity
gamma550, unitless, AerOpt_Gamma_InSitu_Green_None_Bulk_STP, derived optical hygroscopic growth factor for particles at 550nm
fRH550_RH20to80, unitless, AerOpt_fRHScat_InSitu_Green_RHsp_Bulk_STP, derived optical hygroscopic growth parameter for particles at 550nm
AEscatAMB_450to700nm,unitless, AerOpt_AngstromExponentScat_InSitu_BluetoRed_RHa_Bulk_STP, derived ambient Angstrom Exponent for scattering coefficient over wavelength range from 450nm to 700nm
AEscatDRY_450to700nm,unitless, AerOpt_AngstromExponentScatInSitu_BluetoRed_RHd_Bulk_STP, derived dry Angstrom Exponent for scattering coefficient over wavelength range from 450nm to 700nm
AEabsDRY_470to660nm,unitless, AerOpt_AngstromExponentAbs_InSitu_BluetoRed_RHd_Bulk_STP, derived dry Angstrom Exponent for absorption coefficient over wavelength range from 450nm to 700nm
SSA_dry_450nm,unitless, AerOpt_SSA_InSitu_Blue_RHd_Bulk_STP, single_scattering_albedo_at_450nm_as_derived_from_dry_scattering_and_absorption
SSA_dry_550nm,unitless, AerOpt_SSA_InSitu_Green_RHd_Bulk_STP, single_scattering_albedo_at_550nm_as_derived_from_dry_scattering_and_absorption
SSA_dry_700nm,unitless, AerOpt_SSA_InSitu_Red_RHd_Bulk_STP, single_scattering_albedo_at_700nm_as_derived_from_dry_scattering_and_absorption
SSA_amb_550nm,unitless, AerOpt_SSA_InSitu_Green_RHa_Bulk_STP, single_scattering_albedo_at_550nm_as_derived_from_ambient_scattering_and_absorption
stdPT,unitless, None, Conversion factor to convert between ambient and standard pressure and temperature conditions
0
67
******************************************************************************************************************
Langley Aerosol data from the 2019 CAMP2Ex field campaign
 
PI_CONTACT_INFO: luke.ziemba@nasa.gov
PLATFORM: NASA P3B aircraft
LOCATION: Latitude, Longitude, and Altitude included in MetNav files
[...]
UNCERTAINTY: estimated uncertainties for directly measured properties
	- For dry scattering, accuracy estimated at 30% for all wavelengths; precision estimated at 4.5 Mm-1 for 450nm wavelength and 3 Mm-1 for 550nm and 700nm wavelengths
	- For dry absorption, accuracy estimated at 15% for all wavelengths; precision is a function of pressure and is estimated to vary from 0.5 Mm-1 near the surface to 2 at high altitude
	- For derived parameters, please contact the PI for a more detailed discussion of uncertainty
ULOD_FLAG: -7777
ULOD_VALUE: N/A
LLOD_FLAG: -8888
LLOD_VALUE: N/A
DM_CONTACT_INFO: Michael Shook (michael.shook@nasa.gov)
PROJECT_INFO: CAMP2Ex 2019
STIPULATIONS_ON_USE: This is FINAL data. Users are strongly encouraged to consult the PI and/or DM prior to use.
OTHER_COMMENTS: N/A
REVISION: R0
R0: STP and ambient parameter calculations now use data from their respective publicly available files, data is time synced to DLH
RD: Correction factor applied to raw scattering data, which also affects the absorption data via the Virkkula correction
RC: Higher threshholds required for calculating intensive parameters; absorption smoothing algorithm applied
RB: Time sync to LARGE CNgt3nm applied
RA: None
******************************************************************************************************************
Time_Mid,Sc550_total_amb,Sc450_total,Sc550_total,Sc700_total,Abs470_total,Abs532_total,Abs660_total,Ext532_total_amb,Ext532_total_dry,gamma550,fRH550_RH20to80,AEscatAMB_450to700nm,AEscatDRY_450to700nm,AEabsDRY_470to660nm,SSA_dry_450nm,SSA_dry_550nm,SSA_dry_700nm,SSA_amb_550nm,stdPT
5508,-9999.00,143.68,88.83,49.07,13.05,11.49,9.94,-9999.00,107.23,-9999.00,-9999.00,-9999,2.36,1.09,0.857,0.829,0.772,-9999,1.120
5509,-9999.00,134.19,85.02,44.81,10.03,9.22,8.22,-9999.00,100.89,-9999.00,-9999.00,-9999,2.37,1.08,0.865,0.836,0.782,-9999,1.117
5510,-9999.00,141.28,83.06,49.49,9.16,8.58,6.68,-9999.00,98.09,-9999.00,-9999.00,-9999,2.37,1.06,0.873,0.846,0.794,-9999,1.118
5511,-9999.00,121.80,79.59,46.13,8.90,7.82,5.70,-9999.00,93.65,-9999.00,-9999.00,-9999,2.39,1.01,0.883,0.856,0.804,-9999,1.119
5512,-9999.00,133.70,86.10,47.67,8.67,7.20,5.83,-9999.00,100.07,-9999.00,-9999.00,-9999,2.38,0.95,0.894,0.867,0.817,-9999,1.122
5513,-9999.00,121.80,79.81,46.34,8.51,7.47,6.51,-9999.00,93.63,-9999.00,-9999.00,-9999,2.39,0.93,0.903,0.876,0.831,-9999,1.123
5514,-9999.00,132.88,87.60,47.62,8.38,7.63,6.67,-9999.00,102.21,-9999.00,-9999.00,-9999,2.39,0.95,0.910,0.885,0.843,-9999,1.122
5515,-9999.00,124.52,78.62,41.16,8.57,7.53,6.52,-9999.00,92.42,-9999.00,-9999.00,-9999,2.39,0.95,0.916,0.893,0.853,-9999,1.121
5516,-9999.00,124.50,87.86,45.48,8.45,7.34,6.42,-9999.00,102.14,-9999.00,-9999.00,-9999,2.38,0.96,0.919,0.899,0.859,-9999,1.122
5517,-9999.00,134.79,81.71,45.54,8.28,7.27,6.12,-9999.00,95.44,-9999.00,-9999.00,-9999,2.38,1.02,0.923,0.905,0.867,-9999,1.122
5518,-9999.00,129.79,80.18,45.81,8.53,7.44,6.31,-9999.00,93.98,-9999.00,-9999.00,-9999,2.38,1.02,0.931,0.913,0.881,-9999,1.122
5519,-9999.00,131.46,80.74,44.93,8.36,7.32,6.85,-9999.00,94.45,-9999.00,-9999.00,-9999,2.37,0.82,0.941,0.924,0.891,-9999,1.122
5520,-9999.00,117.59,78.78,45.70,7.44,6.70,6.31,-9999.00,91.73,-9999.00,-9999.00,-9999,2.37,0.72,0.946,0.930,0.898,-9999,1.123
5521,-9999.00,127.59,84.04,44.31,6.57,6.10,5.41,-9999.00,96.79,-9999.00,-9999.00,-9999,2.36,0.86,0.947,0.931,0.904,-9999,1.123
5522,-9999.00,114.94,73.68,39.94,6.07,5.91,5.18,-9999.00,85.43,-9999.00,-9999.00,-9999,2.35,0.89,0.949,0.932,0.908,-9999,1.123
5523,-9999.00,124.90,80.09,43.95,5.11,5.37,4.65,-9999.00,91.85,-9999.00,-9999.00,-9999,2.34,0.91,0.949,0.935,0.909,-9999,1.125
5524,-9999.00,119.59,74.77,38.93,3.60,4.06,3.47,-9999.00,84.79,-9999.00,-9999.00,-9999,2.34,0.92,0.949,0.935,0.909,-9999,1.125
5525,-9999.00,117.92,84.76,44.84,2.52,2.98,2.31,-9999.00,94.50,-9999.00,-9999.00,-9999,2.34,0.76,0.950,0.934,0.905,-9999,1.126
5526,-9999.00,121.92,72.22,41.00,2.18,2.61,1.63,-9999.00,80.53,-9999.00,-9999.00,-9999,2.34,0.73,0.949,0.934,0.904,-9999,1.126
5527,-9999.00,120.14,78.60,45.30,2.30,2.38,1.38,-9999.00,87.19,-9999.00,-9999.00,-9999,2.35,0.92,0.948,0.933,0.907,-9999,1.126
5528,-9999.00,119.52,71.51,41.99,2.49,2.18,1.00,-9999.00,79.36,-9999.00,-9999.00,-9999,2.36,0.99,0.947,0.933,0.907,-9999,1.126
5529,-9999.00,124.38,78.56,45.26,2.75,2.29,0.94,-9999.00,87.10,-9999.00,-9999.00,-9999,2.37,0.85,0.946,0.931,0.901,-9999,1.127
5530,-9999.00,122.32,72.30,41.91,2.81,2.33,1.35,-9999.00,80.43,-9999.00,-9999.00,-9999,2.37,0.79,0.946,0.931,0.899,-9999,1.127
5531,-9999.00,123.03,79.10,47.47,3.10,2.14,1.09,-9999.00,87.59,-9999.00,-9999.00,-9999,2.37,1.01,0.947,0.932,0.907,-9999,1.129
5532,-9999.00,127.56,73.56,43.71,4.37,3.34,1.99,-9999.00,82.86,-9999.00,-9999.00,-9999,2.37,1.26,0.948,0.934,0.915,-9999,1.129
5533,-9999.00,130.04,80.17,43.59,6.05,5.54,4.58,-9999.00,92.16,-9999.00,-9999.00,-9999,2.35,1.26,0.948,0.936,0.917,-9999,1.129
5534,-9999.00,129.92,80.09,43.57,7.84,6.97,6.22,-9999.00,93.52,-9999.00,-9999.00,-9999,2.36,1.09,0.949,0.935,0.913,-9999,1.130
5535,-9999.00,124.64,77.82,46.56,8.91,7.36,6.83,-9999.00,91.42,-9999.00,-9999.00,-9999,2.35,0.92,0.949,0.934,0.909,-9999,1.130
5536,-9999.00,124.44,77.83,46.40,8.52,7.46,7.28,-9999.00,91.58,-9999.00,-9999.00,-9999,2.36,0.95,0.949,0.934,0.910,-9999,1.131
5537,-9999.00,131.17,78.60,50.31,8.16,7.58,7.12,-9999.00,92.54,-9999.00,-9999.00,-9999,2.36,1.03,0.949,0.934,0.912,-9999,1.131
5538,-9999.00,126.63,71.96,46.07,8.73,7.70,6.52,-9999.00,85.47,-9999.00,-9999.00,-9999,2.36,0.88,0.950,0.936,0.910,-9999,1.132
5539,-9999.00,133.89,85.55,44.87,9.52,8.05,6.26,-9999.00,100.54,-9999.00,-9999.00,-9999,2.36,0.87,0.951,0.938,0.911,-9999,1.132
5540,-9999.00,133.98,85.19,43.11,9.78,8.41,7.23,-9999.00,100.53,-9999.00,-9999.00,-9999,2.36,1.10,0.950,0.938,0.915,-9999,1.133
5541,-9999.00,129.02,83.62,44.58,9.64,8.24,7.45,-9999.00,98.75,-9999.00,-9999.00,-9999,2.36,1.18,0.949,0.937,0.916,-9999,1.134
5542,-9999.00,129.06,83.64,44.51,9.76,7.85,5.60,-9999.00,98.34,-9999.00,-9999.00,-9999,2.36,1.27,0.950,0.938,0.919,-9999,1.134
5543,-9999.00,138.39,85.67,45.37,9.47,7.35,4.49,-9999.00,100.03,-9999.00,-9999.00,-9999,2.35,1.26,0.948,0.937,0.917,-9999,1.134
5544,-9999.00,132.47,82.30,43.98,8.70,7.11,4.90,-9999.00,96.10,-9999.00,-9999.00,-9999,2.34,1.10,0.945,0.933,0.908,-9999,1.135
5545,-9999.00,133.88,80.28,45.80,8.54,7.29,4.98,-9999.00,94.09,-9999.00,-9999.00,-9999,2.33,1.07,0.943,0.930,0.903,-9999,1.136
5546,-9999.00,124.22,77.74,43.82,8.39,7.28,5.30,-9999.00,91.29,-9999.00,-9999.00,-9999,2.33,1.01,0.942,0.930,0.902,-9999,1.136
5547,-9999.00,123.69,76.60,46.53,7.78,6.99,5.77,-9999.00,89.77,-9999.00,-9999.00,-9999,2.32,0.92,0.944,0.928,0.901,-9999,1.136
5548,-9999.00,115.65,78.16,45.97,7.34,6.46,5.21,-9999.00,90.88,-9999.00,-9999.00,-9999,2.32,1.00,0.944,0.929,0.903,-9999,1.137
5549,-9999.00,124.22,75.13,42.72,6.53,5.76,4.63,-9999.00,86.89,-9999.00,-9999.00,-9999,2.31,1.08,0.943,0.929,0.904,-9999,1.137
5550,-9999.00,119.58,79.06,42.69,5.92,5.04,4.57,-9999.00,90.40,-9999.00,-9999.00,-9999,2.30,1.13,0.942,0.927,0.905,-9999,1.138
5551,-9999.00,126.16,76.02,45.71,5.85,4.71,4.75,-9999.00,86.78,-9999.00,-9999.00,-9999,2.31,1.10,0.942,0.925,0.904,-9999,1.138
5552,-9999.00,122.28,79.30,42.55,5.76,4.94,5.26,-9999.00,90.56,-9999.00,-9999.00,-9999,2.31,1.10,0.942,0.927,0.903,-9999,1.138
5553,-9999.00,128.14,81.78,45.59,5.65,5.03,4.83,-9999.00,93.31,-9999.00,-9999.00,-9999,2.32,1.22,0.941,0.929,0.906,-9999,1.139
5554,-9999.00,127.82,78.61,42.51,5.58,4.75,4.08,-9999.00,89.54,-9999.00,-9999.00,-9999,2.31,1.19,0.942,0.930,0.906,-9999,1.139
5555,-9999.00,125.50,74.88,43.07,5.83,4.55,4.06,-9999.00,85.31,-9999.00,-9999.00,-9999,2.30,1.09,0.942,0.928,0.904,-9999,1.140
5556,-9999.00,125.54,74.90,43.31,5.89,4.37,4.00,-9999.00,85.15,-9999.00,-9999.00,-9999,2.29,1.20,0.941,0.927,0.906,-9999,1.140
5557,-9999.00,129.72,83.51,47.38,5.48,4.41,4.10,-9999.00,94.47,-9999.00,-9999.00,-9999,2.28,1.26,0.940,0.927,0.907,-9999,1.140
5558,-9999.00,130.80,87.52,53.15,5.75,5.03,3.67,-9999.00,99.39,-9999.00,-9999.00,-9999,2.27,1.10,0.940,0.928,0.903,-9999,1.140
5559,-9999.00,122.11,79.53,49.00,6.32,5.37,3.05,-9999.00,91.08,-9999.00,-9999.00,-9999,2.26,1.03,0.942,0.930,0.904,-9999,1.141
5560,-9999.00,121.85,79.22,47.88,6.31,5.37,3.52,-9999.00,90.72,-9999.00,-9999.00,-9999,2.25,1.22,0.943,0.931,0.912,-9999,1.141
5561,-9999.00,126.19,81.19,48.88,6.32,5.97,4.01,-9999.00,93.41,-9999.00,-9999.00,-9999,2.25,1.13,0.944,0.933,0.911,-9999,1.142
5562,-9999.00,126.13,81.18,48.95,6.80,6.74,4.49,-9999.00,94.17,-9999.00,-9999.00,-9999,2.25,0.77,0.945,0.933,0.902,-9999,1.142
5563,-9999.00,126.45,80.56,47.09,7.55,6.94,5.04,-9999.00,93.70,-9999.00,-9999.00,-9999,2.24,0.65,0.946,0.931,0.900,-9999,1.142
5564,-9999.00,126.19,80.54,47.03,7.99,6.80,5.18,-9999.00,93.54,-9999.00,-9999.00,-9999,2.25,0.78,0.945,0.929,0.902,-9999,1.142
5565,-9999.00,129.65,81.82,48.08,8.26,7.10,5.84,-9999.00,95.20,-9999.00,-9999.00,-9999,2.25,0.90,0.943,0.930,0.903,-9999,1.143
5566,-9999.00,129.54,81.61,47.02,9.01,7.78,6.39,-9999.00,95.67,-9999.00,-9999.00,-9999,2.25,0.93,0.942,0.930,0.902,-9999,1.143
5567,-9999.00,122.03,75.76,42.51,9.46,7.85,6.26,-9999.00,89.40,-9999.00,-9999.00,-9999,2.25,0.94,0.942,0.930,0.902,-9999,1.143
5568,-9999.00,122.25,75.88,42.49,9.37,7.84,6.36,-9999.00,89.56,-9999.00,-9999.00,-9999,2.25,0.92,0.941,0.928,0.900,-9999,1.144
5569,-9999.00,116.44,77.17,44.74,9.34,7.83,6.82,-9999.00,90.90,-9999.00,-9999.00,-9999,2.24,1.12,0.939,0.925,0.902,-9999,1.145
5570,-9999.00,116.40,76.99,44.75,8.92,6.89,6.44,-9999.00,89.78,-9999.00,-9999.00,-9999,2.24,1.27,0.936,0.921,0.903,-9999,1.144
5571,-9999.00,117.80,76.63,46.86,8.20,5.91,5.49,-9999.00,88.36,-9999.00,-9999.00,-9999,2.24,1.08,0.934,0.920,0.894,-9999,1.145
5572,-9999.00,117.66,76.43,47.01,7.44,5.67,5.74,-9999.00,87.86,-9999.00,-9999.00,-9999,2.24,1.02,0.932,0.918,0.889,-9999,1.146
5573,-9999.00,112.34,75.68,41.82,6.73,5.91,6.10,-9999.00,87.31,-9999.00,-9999.00,-9999,2.24,1.00,0.931,0.916,0.886,-9999,1.145
5574,-9999.00,112.15,75.78,42.22,6.24,6.26,5.37,-9999.00,87.75,-9999.00,-9999.00,-9999,2.25,0.97,0.929,0.914,0.881,-9999,1.146
5575,-9999.00,104.36,67.97,38.54,6.06,6.15,4.87,-9999.00,79.21,-9999.00,-9999.00,-9999,2.25,1.00,0.927,0.912,0.880,-9999,1.147
5576,-9999.00,104.46,67.90,38.67,6.25,5.79,5.17,-9999.00,78.79,-9999.00,-9999.00,-9999,2.25,0.92,0.926,0.909,0.874,-9999,1.147
5577,-9999.00,105.39,66.59,38.76,6.21,5.64,5.75,-9999.00,77.23,-9999.00,-9999.00,-9999,2.26,0.88,0.924,0.906,0.869,-9999,1.147
5578,-9999.00,110.57,68.64,42.36,5.94,5.74,5.40,-9999.00,79.51,-9999.00,-9999.00,-9999,2.26,0.94,0.922,0.905,0.869,-9999,1.147
5579,-9999.00,105.92,71.10,37.86,6.56,6.38,5.32,-9999.00,82.77,-9999.00,-9999.00,-9999,2.26,0.92,0.921,0.904,0.867,-9999,1.147
5580,-9999.00,114.58,71.89,42.86,7.65,7.24,5.94,-9999.00,84.49,-9999.00,-9999.00,-9999,2.26,0.86,0.921,0.904,0.865,-9999,1.148
5581,-9999.00,106.81,67.83,37.84,8.60,8.00,5.59,-9999.00,80.88,-9999.00,-9999.00,-9999,2.26,0.89,0.921,0.906,0.866,-9999,1.149
5582,-9999.00,112.81,72.93,40.71,9.85,8.49,5.75,-9999.00,86.82,-9999.00,-9999.00,-9999,2.26,0.97,0.921,0.908,0.869,-9999,1.149
5583,-9999.00,112.23,67.65,37.48,10.88,8.54,6.75,-9999.00,81.19,-9999.00,-9999.00,-9999,2.25,0.94,0.921,0.908,0.869,-9999,1.150
5584,-9999.00,106.33,72.26,41.28,10.86,8.49,7.24,-9999.00,86.06,-9999.00,-9999.00,-9999,2.25,0.86,0.922,0.906,0.866,-9999,1.151
5585,-9999.00,111.53,69.38,39.74,10.74,8.69,7.38,-9999.00,83.22,-9999.00,-9999.00,-9999,2.26,0.97,0.922,0.906,0.870,-9999,1.151
5586,-9999.00,103.90,68.99,34.49,11.16,9.28,7.45,-9999.00,83.43,-9999.00,-9999.00,-9999,2.27,1.12,0.923,0.907,0.877,-9999,1.151
5587,-9999.00,104.06,68.94,34.04,11.50,9.82,8.24,-9999.00,83.93,-9999.00,-9999.00,-9999,2.28,1.11,0.922,0.906,0.875,-9999,1.151
5588,-9999.00,102.03,62.65,34.44,11.59,9.89,8.92,-9999.00,77.27,-9999.00,-9999.00,-9999,2.29,1.00,0.920,0.904,0.867,-9999,1.153
5589,-9999.00,97.99,68.61,37.36,11.50,9.81,8.95,-9999.00,83.64,-9999.00,-9999.00,-9999,2.29,0.97,0.919,0.902,0.863,-9999,1.154
5590,-9999.00,90.46,63.38,36.53,11.08,9.47,8.68,-9999.00,77.71,-9999.00,-9999.00,-9999,2.31,0.96,0.917,0.898,0.860,-9999,1.154
5591,-9999.00,99.26,62.69,38.15,9.97,8.82,7.74,-9999.00,76.35,-9999.00,-9999.00,-9999,2.31,0.87,0.916,0.894,0.853,-9999,1.154
5592,-9999.00,102.28,68.24,38.75,9.08,8.06,6.95,-9999.00,81.60,-9999.00,-9999.00,-9999,2.32,1.01,0.914,0.892,0.855,-9999,1.155
5593,-9999.00,102.52,68.24,38.59,9.04,7.49,6.32,-9999.00,81.04,-9999.00,-9999.00,-9999,2.33,1.17,0.911,0.891,0.858,-9999,1.156
5594,-9999.00,103.48,69.13,38.02,8.79,7.50,6.14,-9999.00,81.96,-9999.00,-9999.00,-9999,2.33,1.14,0.908,0.892,0.852,-9999,1.157
5595,-9999.00,98.82,62.32,37.90,8.30,7.28,6.43,-9999.00,74.42,-9999.00,-9999.00,-9999,2.32,1.07,0.908,0.893,0.849,-9999,1.157
5596,-9999.00,104.31,68.19,39.25,8.12,6.58,5.34,-9999.00,80.09,-9999.00,-9999.00,-9999,2.33,0.99,0.910,0.893,0.849,-9999,1.157
5597,-9999.00,104.31,68.07,39.21,7.73,6.20,3.74,-9999.00,79.61,-9999.00,-9999.00,-9999,2.33,1.02,0.912,0.894,0.854,-9999,1.157
5598,-9999.00,102.61,65.35,37.20,7.60,6.26,3.69,-9999.00,76.75,-9999.00,-9999.00,-9999,2.33,1.08,0.913,0.896,0.857,-9999,1.158
5599,-9999.00,100.93,66.63,35.37,8.22,6.44,4.91,-9999.00,78.33,-9999.00,-9999.00,-9999,2.32,1.07,0.915,0.900,0.860,-9999,1.158
5600,-9999.00,109.91,65.48,36.37,8.96,6.80,5.69,-9999.00,77.48,-9999.00,-9999.00,-9999,2.33,1.03,0.918,0.903,0.863,-9999,1.159
5601,-9999.00,108.14,65.82,36.31,9.20,7.66,6.12,-9999.00,78.74,-9999.00,-9999.00,-9999,2.33,0.98,0.920,0.904,0.864,-9999,1.160
5602,-9999.00,98.67,59.11,33.80,9.22,8.57,7.02,-9999.00,72.42,-9999.00,-9999.00,-9999,2.31,0.98,0.922,0.905,0.868,-9999,1.161
5603,-9999.00,96.51,57.64,34.18,9.60,8.71,6.76,-9999.00,71.01,-9999.00,-9999.00,-9999,2.31,0.96,0.923,0.907,0.870,-9999,1.161
5604,-9999.00,93.42,58.44,35.12,10.26,8.67,6.23,-9999.00,71.83,-9999.00,-9999.00,-9999,2.31,0.99,0.925,0.910,0.874,-9999,1.161
5605,-9999.00,103.66,61.50,32.25,10.80,9.04,7.32,-9999.00,75.56,-9999.00,-9999.00,-9999,2.32,1.06,0.929,0.912,0.882,-9999,1.162
5606,-9999.00,93.28,56.24,32.35,10.95,9.00,8.58,-9999.00,69.86,-9999.00,-9999.00,-9999,2.34,1.12,0.933,0.917,0.890,-9999,1.162
5607,-9999.00,103.85,61.28,32.85,10.02,8.11,8.68,-9999.00,74.42,-9999.00,-9999.00,-9999,2.35,1.19,0.936,0.921,0.895,-9999,1.163
5608,-9999.00,92.81,57.39,31.77,8.25,7.18,7.04,-9999.00,69.30,-9999.00,-9999.00,-9999,2.36,1.19,0.940,0.925,0.901,-9999,1.164
5609,-9999.00,90.06,63.75,33.09,7.01,6.13,5.30,-9999.00,75.15,-9999.00,-9999.00,-9999,2.37,1.12,0.943,0.929,0.905,-9999,1.165
5610,-9999.00,93.19,58.92,35.70,6.28,4.66,4.25,-9999.00,68.47,-9999.00,-9999.00,-9999,2.37,1.05,0.944,0.931,0.904,-9999,1.165
5611,-9999.00,100.30,56.34,33.44,5.33,3.48,3.10,-9999.00,64.53,-9999.00,-9999.00,-9999,2.38,1.01,0.944,0.931,0.902,-9999,1.165
5612,-9999.00,88.76,52.32,34.92,4.52,3.15,2.88,-9999.00,59.88,-9999.00,-9999.00,-9999,2.37,1.04,0.944,0.930,0.903,-9999,1.166
5613,-9999.00,97.18,57.14,35.02,3.97,2.98,3.05,-9999.00,64.97,-9999.00,-9999.00,-9999,2.38,0.97,0.947,0.931,0.906,-9999,1.166
5614,-9999.00,87.58,52.01,30.64,3.31,2.51,2.69,-9999.00,58.96,-9999.00,-9999.00,-9999,2.39,1.08,0.949,0.936,0.912,-9999,1.166
5615,-9999.00,90.96,56.52,34.21,2.47,2.08,1.93,-9999.00,63.45,-9999.00,-9999.00,-9999,2.39,1.39,0.952,0.941,0.924,-9999,1.166
5616,-9999.00,89.31,50.33,31.75,1.96,1.81,0.73,-9999.00,56.47,-9999.00,-9999.00,-9999,2.38,1.13,0.955,0.943,0.923,-9999,1.167
5617,-9999.00,88.58,55.16,34.38,1.90,1.50,0.38,-9999.00,61.39,-9999.00,-9999.00,-9999,2.38,0.61,0.960,0.946,0.919,-9999,1.169
5618,-9999.00,84.03,49.79,28.65,1.70,1.63,0.93,-9999.00,55.68,-9999.00,-9999.00,-9999,2.39,0.53,0.965,0.953,0.927,-9999,1.170
5619,-9999.00,89.97,57.16,29.18,1.21,1.91,1.18,-9999.00,63.95,-9999.00,-9999.00,-9999,2.40,-9999,0.971,0.961,-9999.000,-9999,1.170
5620,-9999.00,86.02,52.47,28.22,1.04,1.66,1.16,-9999.00,58.62,-9999.00,-9999.00,-9999,2.40,-9999,-9999,-9999,-9999,-9999,1.170
5621,-9999.00,89.98,56.89,29.50,1.06,1.22,1.18,-9999.00,62.96,-9999.00,-9999.00,-9999,2.39,-9999,-9999,-9999,-9999,-9999,1.171
5622,-9999.00,82.51,52.39,25.77,0.80,1.10,1.02,-9999.00,57.99,-9999.00,-9999.00,-9999,2.41,-9999,-9999,-9999,-9999,-9999,1.172
5623,-9999.00,81.68,52.22,28.95,0.48,1.01,0.42,-9999.00,57.72,-9999.00,-9999.00,-9999,2.41,-9999,-9999,-9999,-9999,-9999,1.171
5624,-9999.00,83.16,53.70,25.78,0.30,0.72,0.12,-9999.00,59.07,-9999.00,-9999.00,-9999,2.41,-9999,-9999,-9999,-9999,-9999,1.171
5625,-9999.00,75.53,48.41,28.24,0.52,0.47,0.32,-9999.00,53.13,-9999.00,-9999.00,-9999,2.42,-9999,-9999,-9999,-9999,-9999,1.173
5626,-9999.00,80.92,45.83,28.40,0.64,0.27,0.28,-9999.00,50.12,-9999.00,-9999.00,-9999,2.42,-9999,-9999,-9999,-9999,-9999,1.175
5627,-9999.00,78.46,46.39,31.87,0.25,0.13,0.27,-9999.00,50.55,-9999.00,-9999.00,-9999,2.40,-9999,-9999,-9999,-9999,-9999,1.175
5628,-9999.00,86.17,48.89,30.11,-0.15,0.15,0.23,-9999.00,53.26,-9999.00,-9999.00,-9999,2.42,-9999,-9999,-9999,-9999,-9999,1.176
5629,-9999.00,79.07,47.02,25.98,-0.62,-0.15,-0.35,-9999.00,50.91,-9999.00,-9999.00,-9999,2.43,-9999,-9999,-9999,-9999,-9999,1.178
5630,-9999.00,82.92,52.01,29.44,-1.48,-1.08,-1.37,-9999.00,55.42,-9999.00,-9999.00,-9999,2.44,-9999,-9999,-9999,-9999,-9999,1.178
5631,-9999.00,78.51,45.62,26.26,-2.76,-2.29,-2.60,-9999.00,47.29,-9999.00,-9999.00,-9999,2.45,-9999,-9999,-9999,-9999,-9999,1.179
5632,-9999.00,83.35,50.60,29.21,-4.00,-3.11,-2.93,-9999.00,51.89,-9999.00,-9999.00,-9999,2.45,-9999,-9999,-9999,-9999,-9999,1.180
