NASA Data Processing/CAMP2Ex/OPTICAL/CAMP2Ex-LARGE-OPTICAL_P3B_20190925_R0.ict
100,1001
Luke Ziemba
NASA Langley
In-situ optical aerosol measurements from the NASA P3B
CAMP2Ex
1,1
2019,09,25,2020,05,5
1.0
Time_Mid,Secs after midnight,Time of acquisition
19
1,1,1,1,1,1,1,1,1,1,1,1,1,1,1,1,1,1,1
-9999,-9999,-9999,-9999,-9999,-9999,-9999,-9999,-9999,-9999,-9999,-9999,-9999,-9999,-9999,-9999,-9999,-9999,-9999
Sc550_total_amb, Mm-1, AerOpt_Scattering_InSitu_Green_RHa_Bulk_STP, scattering coefficient of ambient  particles at 550nm
Sc450_total, Mm-1, AerOpt_Scattering_InSitu_Blue_RHd_Bulk_STP, Dry Scattering at 450nm (Total Aerosols)
Sc550_total, Mm-1, AerOpt_Scattering_InSitu_Green_RHd_Bulk_STP, Dry Scattering at 550nm (Total Aerosols)
Sc700_total, Mm-1, AerOpt_Scattering_InSitu_Red_RHd_Bulk_STP, Dry Scattering at 700nm (Total Aerosols)
Abs470_total, Mm-1, AerOpt_Absorption_InSitu_Blue_RHd_Bulk_STP, Dry absorption at 470nm (Total Aerosols)
Abs532_total, Mm-1, AerOpt_Absorption_InSitu_Green_RHd_Bulk_STP, Dry absorption at 532nm (Total Aerosols)
Abs660_total, Mm-1, AerOpt_Absorption_InSitu_Red_RHd_Bulk_STP, Dry absorption at 660nm (Total Aerosols)
Ext532_total_amb, Mm-1, AerOpt_Extinction_InSitu_Green_RHa_Bulk_STP, extinction coefficient of aerosols at 532nm for AMBIENT relative humidity
Ext532_total_dry, Mm-1, AerOpt_Extinction_InSitu_Green_RHd_Bulk_STP, extinction coefficient of aerosols at 532nm for DRY relative humidity
gamma550, unitless, AerOpt_Gamma_InSitu_Green_None_Bulk_STP, derived optical hygroscopic growth factor for particles at 550nm
fRH550_RH20to80, unitless, AerOpt_fRHScat_InSitu_Green_RHsp_Bulk_STP, derived optical hygroscopic growth parameter for particles at 550nm
AEscatAMB_450to700nm,unitless, AerOpt_AngstromExponentScat_InSitu_BluetoRed_RHa_Bulk_STP, derived ambient Angstrom Exponent for scattering coefficient over wavelength range from 450nm to 700nm
AEscatDRY_450to700nm,unitless, AerOpt_AngstromExponentScatInSitu_BluetoRed_RHd_Bulk_STP, derived dry Angstrom Exponent for scattering coefficient over wavelength range from 450nm to 700nm
AEabsDRY_470to660nm,unitless, AerOpt_AngstromExponentAbs_InSitu_BluetoRed_RHd_Bulk_STP, derived dry Angstrom Exponent for absorption coefficient over wavelength range from 450nm to 700nm
SSA_dry_450nm,unitless, AerOpt_SSA_InSitu_Blue_RHd_Bulk_STP, single_scattering_albedo_at_450nm_as_derived_from_dry_scattering_and_absorption
SSA_dry_550nm,unitless, AerOpt_SSA_InSitu_Green_RHd_Bulk_STP, single_scattering_albedo_at_550nm_as_derived_from_dry_scattering_and_absorption
SSA_dry_700nm,unitless, AerOpt_SSA_InSitu_Red_RHd_Bulk_STP, single_scattering_albedo_at_700nm_as_derived_from_dry_scattering_and_absorption
SSA_amb_550nm,unitless, AerOpt_SSA_InSitu_Green_RHa_Bulk_STP, single_scattering_albedo_at_550nm_as_derived_from_ambient_scattering_and_absorption
stdPT,unitless, None, Conversion factor to convert between ambient and standard pressure and temperature conditions
0
67
******************************************************************************************************************
Langley Aerosol data from the 2019 CAMP2Ex field campaign
 
PI_CONTACT_INFO: luke.ziemba@nasa.gov
PLATFORM: NASA P3B aircraft
LOCATION: Latitude, Longitude, and Altitude included in MetNav files
[...]
UNCERTAINTY: estimated uncertainties for directly measured properties
	- For dry scattering, accuracy estimated at 30% for all wavelengths; precision estimated at 4.5 Mm-1 for 450nm wavelength and 3 Mm-1 for 550nm and 700nm wavelengths
	- For dry absorption, accuracy estimated at 15% for all wavelengths; precision is a function of pressure and is estimated to vary from 0.5 Mm-1 near the surface to 2 at high altitude
	- For derived parameters, please contact the PI for a more detailed discussion of uncertainty
ULOD_FLAG: -7777
ULOD_VALUE: N/A
LLOD_FLAG: -8888
LLOD_VALUE: N/A
DM_CONTACT_INFO: Michael Shook (michael.shook@nasa.gov)
PROJECT_INFO: CAMP2Ex 2019
STIPULATIONS_ON_USE: This is FINAL data. Users are strongly encouraged to consult the PI and/or DM prior to use.
OTHER_COMMENTS: N/A
REVISION: R0
R0: STP and ambient parameter calculations now use data from their respective publicly available files, data is time synced to DLH
RD: Correction factor applied to raw scattering data, which also affects the absorption data via the Virkkula correction
RC: Higher threshholds required for calculating intensive parameters; absorption smoothing algorithm applied
RB: Time sync to LARGE CNgt3nm applied
RA: None
******************************************************************************************************************
Time_Mid,Sc550_total_amb,Sc450_total,Sc550_total,Sc700_total,Abs470_total,Abs532_total,Abs660_total,Ext532_total_amb,Ext532_total_dry,gamma550,fRH550_RH20to80,AEscatAMB_450to700nm,AEscatDRY_450to700nm,AEabsDRY_470to660nm,SSA_dry_450nm,SSA_dry_550nm,SSA_dry_700nm,SSA_amb_550nm,stdPT
[from data line 12638]
23176,-9999.00,4.28,2.70,-1.12,-1.73,-2.49,-2.97,-9999.00,-9999.00,-9999.00,-9999.00,-9999,-9999,-9999,-9999,-9999,-9999,-9999,2.050
23177,-9999.00,4.01,0.34,-1.80,-2.54,-1.56,-4.43,-9999.00,-9999.00,-9999.00,-9999.00,-9999,-9999,-9999,-9999,-9999,-9999,-9999,2.048
23178,-9999.00,-0.26,-1.53,-0.53,-3.66,-1.15,-4.17,-9999.00,-9999.00,-9999.00,-9999.00,-9999,-9999,-9999,-9999,-9999,-9999,-9999,2.047
23179,-9999.00,3.57,-0.14,2.26,-2.83,-1.17,-3.62,-9999.00,-9999.00,-9999.00,-9999.00,-9999,-9999,-9999,-9999,-9999,-9999,-9999,2.045
23180,-9999.00,-1.02,-2.62,0.64,-0.52,-0.55,-2.81,-9999.00,-9999.00,-9999.00,-9999.00,-9999,-9999,-9999,-9999,-9999,-9999,-9999,2.044
23181,-9999.00,1.11,-1.45,0.49,1.56,0.34,-1.28,-9999.00,-9999.00,-9999.00,-9999.00,-9999,-9999,-9999,-9999,-9999,-9999,-9999,2.044
23182,-9999.00,1.92,0.50,-1.00,2.25,0.80,1.01,-9999.00,-9999.00,-9999.00,-9999.00,-9999,-9999,-9999,-9999,-9999,-9999,-9999,2.043
23183,-9999.00,3.65,2.06,0.12,1.65,1.08,2.39,-9999.00,-9999.00,-9999.00,-9999.00,-9999,-9999,-9999,-9999,-9999,-9999,-9999,2.041
23184,-9999.00,-1.37,2.26,0.09,1.68,2.52,2.70,-9999.00,-9999.00,-9999.00,-9999.00,-9999,-9999,-9999,-9999,-9999,-9999,-9999,2.041
23185,-9999.00,-6.24,2.45,0.07,3.03,3.35,4.21,-9999.00,-9999.00,-9999.00,-9999.00,-9999,-9999,-9999,-9999,-9999,-9999,-9999,2.040
23186,-9999.00,0.67,-0.84,-2.04,3.84,2.53,4.63,-9999.00,-9999.00,-9999.00,-9999.00,-9999,-9999,-9999,-9999,-9999,-9999,-9999,2.039
23187,-9999.00,0.73,-0.55,-2.16,4.77,2.90,4.13,-9999.00,-9999.00,-9999.00,-9999.00,-9999,-9999,-9999,-9999,-9999,-9999,-9999,2.039
23188,-9999.00,4.09,-1.26,-2.63,4.90,3.14,4.72,-9999.00,-9999.00,-9999.00,-9999.00,-9999,-9999,-9999,-9999,-9999,-9999,-9999,2.037
23189,-9999.00,-0.72,-0.91,-2.49,2.57,2.57,4.08,-9999.00,-9999.00,-9999.00,-9999.00,-9999,-9999,-9999,-9999,-9999,-9999,-9999,2.036
23190,-9999.00,-0.66,1.45,-0.29,-0.06,1.69,2.22,-9999.00,-9999.00,-9999.00,-9999.00,-9999,-9999,-9999,-9999,-9999,-9999,-9999,2.035
23191,-9999.00,-2.43,1.37,0.03,-0.63,0.47,0.51,-9999.00,-9999.00,-9999.00,-9999.00,-9999,-9999,-9999,-9999,-9999,-9999,-9999,2.035
23192,-9999.00,0.21,2.29,1.58,-0.76,-0.27,0.43,-9999.00,-9999.00,-9999.00,-9999.00,-9999,-9999,-9999,-9999,-9999,-9999,-9999,2.034
23193,-9999.00,0.71,2.30,2.31,-0.66,-0.69,0.05,-9999.00,-9999.00,-9999.00,-9999.00,-9999,-9999,-9999,-9999,-9999,-9999,-9999,2.034
23194,-9999.00,2.45,2.96,1.46,-0.33,-0.65,-0.43,-9999.00,-9999.00,-9999.00,-9999.00,-9999,-9999,-9999,-9999,-9999,-9999,-9999,2.034
23195,-9999.00,4.86,-0.19,0.88,-0.93,-0.01,0.66,-9999.00,-9999.00,-9999.00,-9999.00,-9999,-9999,-9999,-9999,-9999,-9999,-9999,2.033
23196,-9999.00,1.94,-3.75,-0.46,-2.48,-0.17,-0.69,-9999.00,-9999.00,-9999.00,-9999.00,-9999,-9999,-9999,-9999,-9999,-9999,-9999,2.033
23197,-9999.00,0.60,-2.17,-0.52,-2.98,-0.96,-3.18,-9999.00,-9999.00,-9999.00,-9999.00,-9999,-9999,-9999,-9999,-9999,-9999,-9999,2.032
23198,-9999.00,-1.19,-2.05,-1.82,-0.64,-1.25,-2.89,-9999.00,-9999.00,-9999.00,-9999.00,-9999,-9999,-9999,-9999,-9999,-9999,-9999,2.033
23199,-9999.00,2.19,1.17,-1.09,0.80,-1.18,-1.38,-9999.00,-9999.00,-9999.00,-9999.00,-9999,-9999,-9999,-9999,-9999,-9999,-9999,2.033
23200,-9999.00,0.73,-0.43,-2.32,0.00,-1.20,-0.69,-9999.00,-9999.00,-9999.00,-9999.00,-9999,-9999,-9999,-9999,-9999,-9999,-9999,2.033
23201,-9999.00,-0.09,3.74,0.40,-0.46,-0.92,-2.11,-9999.00,-9999.00,-9999.00,-9999.00,-9999,-9999,-9999,-9999,-9999,-9999,-9999,2.034
23202,-9999.00,-2.58,1.95,-1.16,-0.90,-0.81,-2.61,-9999.00,-9999.00,-9999.00,-9999.00,-9999,-9999,-9999,-9999,-9999,-9999,-9999,2.034
23203,-9999.00,-2.07,1.88,-1.41,-1.14,-0.95,-2.96,-9999.00,-9999.00,-9999.00,-9999.00,-9999,-9999,-9999,-9999,-9999,-9999,-9999,2.034
23204,-9999.00,-1.63,-1.65,-2.07,-0.03,-1.39,-3.05,-9999.00,-9999.00,-9999.00,-9999.00,-9999,-9999,-9999,-9999,-9999,-9999,-9999,2.035
23205,-9999.00,1.52,-1.87,0.49,-0.21,-1.85,-0.35,-9999.00,-9999.00,-9999.00,-9999.00,-9999,-9999,-9999,-9999,-9999,-9999,-9999,2.035
23206,-9999.00,4.82,-1.33,-0.78,-2.34,-2.02,0.53,-9999.00,-9999.00,-9999.00,-9999.00,-9999,-9999,-9999,-9999,-9999,-9999,-9999,2.035
23207,-9999.00,5.77,-2.52,-0.03,-4.75,-2.28,-1.12,-9999.00,-9999.00,-9999.00,-9999.00,-9999,-9999,-9999,-9999,-9999,-9999,-9999,2.036
23208,-9999.00,5.78,-1.48,-0.11,-4.57,-2.59,-2.07,-9999.00,-9999.00,-9999.00,-9999.00,-9999,-9999,-9999,-9999,-9999,-9999,-9999,2.036
23209,-9999.00,1.64,0.37,-1.20,-2.59,-1.87,-1.56,-9999.00,-9999.00,-9999.00,-9999.00,-9999,-9999,-9999,-9999,-9999,-9999,-9999,2.036
23210,-9999.00,2.35,1.57,-1.32,-0.90,-1.38,0.35,-9999.00,-9999.00,-9999.00,-9999.00,-9999,-9999,-9999,-9999,-9999,-9999,-9999,2.035
23211,-9999.00,4.25,3.41,-1.56,-0.08,-1.28,0.36,-9999.00,-9999.00,-9999.00,-9999.00,-9999,-9999,-9999,-9999,-9999,-9999,-9999,2.036
23212,-9999.00,-2.30,-3.04,1.37,0.41,-1.04,0.19,-9999.00,-9999.00,-9999.00,-9999.00,-9999,-9999,-9999,-9999,-9999,-9999,-9999,2.037
23213,-9999.00,-3.34,-4.64,2.77,0.79,-0.83,0.93,-9999.00,-9999.00,-9999.00,-9999.00,-9999,-9999,-9999,-9999,-9999,-9999,-9999,2.037
23214,-9999.00,-3.34,-3.94,-0.66,1.48,-0.06,-0.07,-9999.00,-9999.00,-9999.00,-9999.00,-9999,-9999,-9999,-9999,-9999,-9999,-9999,2.037
23215,-9999.00,1.68,-0.37,-2.31,3.63,1.10,-0.15,-9999.00,-9999.00,-9999.00,-9999.00,-9999,-9999,-9999,-9999,-9999,-9999,-9999,2.037
23216,-9999.00,6.10,3.78,-3.21,4.09,1.58,0.69,-9999.00,-9999.00,-9999.00,-9999.00,-9999,-9999,-9999,-9999,-9999,-9999,-9999,2.037
23217,-9999.00,-0.54,1.08,-4.40,2.00,1.31,1.88,-9999.00,-9999.00,-9999.00,-9999.00,-9999,-9999,-9999,-9999,-9999,-9999,-9999,2.038
23218,-9999.00,2.90,1.56,0.32,0.67,0.32,2.41,-9999.00,-9999.00,-9999.00,-9999.00,-9999,-9999,-9999,-9999,-9999,-9999,-9999,2.037
23219,-9999.00,-3.05,-0.40,-1.48,0.28,-0.08,0.74,-9999.00,-9999.00,-9999.00,-9999.00,-9999,-9999,-9999,-9999,-9999,-9999,-9999,2.038
23220,-9999.00,-0.24,-0.10,0.68,-0.13,0.33,0.42,-9999.00,-9999.00,-9999.00,-9999.00,-9999,-9999,-9999,-9999,-9999,-9999,-9999,2.037
23221,-9999.00,-0.81,-0.11,0.27,-1.28,0.38,1.09,-9999.00,-9999.00,-9999.00,-9999.00,-9999,-9999,-9999,-9999,-9999,-9999,-9999,2.037
23222,-9999.00,-0.79,-0.09,1.18,-1.79,-0.12,-0.84,-9999.00,-9999.00,-9999.00,-9999.00,-9999,-9999,-9999,-9999,-9999,-9999,-9999,2.037
23223,-9999.00,4.07,1.65,-0.41,-1.25,-0.44,-1.82,-9999.00,-9999.00,-9999.00,-9999.00,-9999,-9999,-9999,-9999,-9999,-9999,-9999,2.038
23224,-9999.00,4.08,1.80,-0.44,-1.92,-0.69,-0.97,-9999.00,-9999.00,-9999.00,-9999.00,-9999,-9999,-9999,-9999,-9999,-9999,-9999,2.037
23225,-9999.00,4.09,1.95,-0.46,-1.74,-1.04,-0.76,-9999.00,-9999.00,-9999.00,-9999.00,-9999,-9999,-9999,-9999,-9999,-9999,-9999,2.037
23226,-9999.00,6.33,3.37,2.51,-0.77,-1.17,-1.66,-9999.00,-9999.00,-9999.00,-9999.00,-9999,-9999,-9999,-9999,-9999,-9999,-9999,2.037
23227,-9999.00,0.69,0.78,0.60,-0.47,-1.19,-1.89,-9999.00,-9999.00,-9999.00,-9999.00,-9999,-9999,-9999,-9999,-9999,-9999,-9999,2.038
23228,-9999.00,1.24,-0.51,1.86,-0.54,-0.89,0.13,-9999.00,-9999.00,-9999.00,-9999.00,-9999,-9999,-9999,-9999,-9999,-9999,-9999,2.037
23229,-9999.00,-0.97,-0.21,1.48,-0.57,-0.02,1.02,-9999.00,-9999.00,-9999.00,-9999.00,-9999,-9999,-9999,-9999,-9999,-9999,-9999,2.037
23230,-9999.00,-3.18,0.08,1.11,-0.45,-0.08,-0.78,-9999.00,-9999.00,-9999.00,-9999.00,-9999,-9999,-9999,-9999,-9999,-9999,-9999,2.038
23231,-9999.00,-3.21,0.06,0.57,-0.71,-0.65,-0.75,-9999.00,-9999.00,-9999.00,-9999.00,-9999,-9999,-9999,-9999,-9999,-9999,-9999,2.038
23232,-9999.00,0.11,-1.02,0.67,-0.57,-0.38,-0.04,-9999.00,-9999.00,-9999.00,-9999.00,-9999,-9999,-9999,-9999,-9999,-9999,-9999,2.038
23233,-9999.00,3.42,-2.11,0.78,-0.47,-0.03,-0.69,-9999.00,-9999.00,-9999.00,-9999.00,-9999,-9999,-9999,-9999,-9999,-9999,-9999,2.039
23234,-9999.00,2.09,1.55,0.98,-0.60,-0.32,-0.21,-9999.00,-9999.00,-9999.00,-9999.00,-9999,-9999,-9999,-9999,-9999,-9999,-9999,2.039
23235,-9999.00,-6.27,2.10,-0.19,-0.59,-0.01,0.31,-9999.00,-9999.00,-9999.00,-9999.00,-9999,-9999,-9999,-9999,-9999,-9999,-9999,2.040
23236,-9999.00,-0.65,1.46,-1.28,-0.95,1.23,-1.36,-9999.00,-9999.00,-9999.00,-9999.00,-9999,-9999,-9999,-9999,-9999,-9999,-9999,2.039
23237,-9999.00,4.96,0.82,-2.36,-1.15,1.17,-3.49,-9999.00,-9999.00,-9999.00,-9999.00,-9999,-9999,-9999,-9999,-9999,-9999,-9999,2.039
23238,-9999.00,4.92,0.71,-1.56,-1.38,-0.38,-2.81,-9999.00,-9999.00,-9999.00,-9999.00,-9999,-9999,-9999,-9999,-9999,-9999,-9999,2.040
23239,-9999.00,0.76,-1.49,-0.41,-1.01,-0.83,-0.88,-9999.00,-9999.00,-9999.00,-9999.00,-9999,-9999,-9999,-9999,-9999,-9999,-9999,2.040
23240,-9999.00,-3.41,-3.69,0.73,0.02,-0.09,-0.94,-9999.00,-9999.00,-9999.00,-9999.00,-9999,-9999,-9999,-9999,-9999,-9999,-9999,2.041
23241,-9999.00,-3.08,-4.81,0.95,0.34,0.43,-1.00,-9999.00,-9999.00,-9999.00,-9999.00,-9999,-9999,-9999,-9999,-9999,-9999,-9999,2.038
23242,-9999.00,-0.73,-3.87,1.12,0.79,0.72,0.05,-9999.00,-9999.00,-9999.00,-9999.00,-9999,-9999,-9999,-9999,-9999,-9999,-9999,2.041
23243,-9999.00,1.62,-2.93,1.28,0.96,1.08,0.40,-9999.00,-9999.00,-9999.00,-9999.00,-9999,-9999,-9999,-9999,-9999,-9999,-9999,2.039
23244,-9999.00,1.62,-2.96,-2.39,0.88,1.19,0.31,-9999.00,-9999.00,-9999.00,-9999.00,-9999,-9999,-9999,-9999,-9999,-9999,-9999,2.039
23245,-9999.00,0.63,-1.88,-1.35,0.91,0.64,2.14,-9999.00,-9999.00,-9999.00,-9999.00,-9999,-9999,-9999,-9999,-9999,-9999,-9999,2.039
23246,-9999.00,-0.36,-0.79,-0.31,0.71,-0.02,3.33,-9999.00,-9999.00,-9999.00,-9999.00,-9999,-9999,-9999,-9999,-9999,-9999,-9999,2.039
23247,-9999.00,-2.11,-0.51,0.03,0.55,-0.16,1.32,-9999.00,-9999.00,-9999.00,-9999.00,-9999,-9999,-9999,-9999,-9999,-9999,-9999,2.038
23248,-9999.00,-3.86,-0.23,0.37,0.72,0.02,-0.17,-9999.00,-9999.00,-9999.00,-9999.00,-9999,-9999,-9999,-9999,-9999,-9999,-9999.000,2.039
23249,-9999.00,2.14,0.51,0.42,0.77,0.52,0.93,-9999.00,-9999.00,-9999.00,-9999.00,-9999,-9999,-9999,-9999,-9999,-9999,-9999.000,2.038
23250,-9999.00,8.14,1.25,0.48,-0.04,0.09,2.19,-9999.00,-9999.00,-9999.00,-9999.00,-9999,-9999,0.64,-9999,-9999,-9999,0.753,2.038
23251,-9999.00,6.03,1.21,2.06,-0.64,-0.71,2.02,-9999.00,-9999.00,-9999.00,-9999.00,-9999,-9999,0.40,-9999,-9999,-9999,0.753,2.037
23252,-9999.00,-0.44,-2.79,2.22,-0.52,-0.14,1.31,-9999.00,-9999.00,-9999.00,-9999.00,-0.45,-9999,0.30,0.424,-9999.000,-9999.000,0.778,2.038
23253,-9999.00,-3.46,-1.53,0.91,-0.39,0.66,0.32,-9999.00,-9999.00,-9999.00,-9999.00,-0.02,-9999,-9999,0.488,-9999.000,-9999.000,0.821,2.037
23254,-9999.00,-3.50,2.56,0.87,0.24,0.66,-1.43,-9999.00,-9999.00,-9999.00,-9999.00,-0.22,0.40,-9999,0.542,-9999.000,-9999.000,0.849,2.037
23255,-9999.00,7.20,2.56,1.42,1.16,1.01,-1.30,-9999.00,-9999.00,-9999.00,-9999.00,-0.25,0.27,-9999,0.516,-9999.000,-9999.000,0.833,2.038
23256,-9999.00,3.97,1.84,2.72,1.85,1.89,0.64,-9999.00,3.87,-9999.00,-9999.00,-0.13,0.40,1.65,0.491,0.460,0.610,0.822,2.037
23257,-9999.00,7.12,-1.43,0.98,3.19,3.56,2.84,-9999.00,2.03,-9999.00,-9999.00,-0.04,0.53,0.80,0.533,0.501,0.567,0.825,2.036
23258,-9999.00,-4.05,2.33,2.76,5.08,5.13,4.55,-9999.00,7.60,-9999.00,-9999.00,-0.04,0.59,0.77,0.621,0.602,0.645,0.852,2.037
23259,-9999.00,-0.84,2.71,5.21,7.62,6.15,4.31,-9999.00,9.01,-9999.00,-9999.00,0.13,0.65,1.31,0.643,0.628,0.700,0.877,2.036
23260,-9999.00,-4.40,1.41,3.70,9.64,7.38,4.90,-9999.00,8.84,-9999.00,-9999.00,0.07,0.55,0.97,0.514,0.512,0.561,0.794,2.036
23261,-9999.00,0.63,2.92,3.59,10.51,7.97,7.07,-9999.00,11.00,-9999.00,-9999.00,0.09,0.52,0.78,0.430,0.434,0.464,0.725,2.035
23262,-9999.00,-2.10,0.97,2.13,10.60,7.64,8.40,-9999.00,8.65,-9999.00,-9999.00,0.00,0.53,0.70,0.464,0.467,0.490,0.761,2.035
23263,-9999.00,3.72,3.04,2.09,9.33,7.26,8.62,-9999.00,10.41,-9999.00,-9999.00,0.05,0.57,0.69,0.539,0.539,0.560,0.797,2.036
23264,-9999.00,6.64,4.61,2.22,7.47,6.58,6.13,-9999.00,11.36,-9999.00,-9999.00,0.05,0.59,0.74,0.572,0.573,0.595,0.796,2.036
23265,7.45,9.55,6.16,2.41,6.47,5.83,3.71,13.44,12.20,0.32,1.57,0.08,0.58,0.89,0.575,0.586,0.611,0.793,2.036
23266,9.02,11.10,7.18,4.64,6.72,5.42,2.45,14.64,12.83,0.40,1.73,0.10,0.52,0.98,0.590,0.604,0.638,0.795,2.036
23267,9.29,15.08,6.30,7.97,7.51,5.96,2.53,15.46,12.43,0.68,2.57,0.11,0.49,0.91,0.616,0.630,0.661,0.803,2.038
23268,11.20,14.24,10.12,7.15,5.21,5.29,3.48,16.73,15.68,0.15,1.23,0.15,0.49,0.73,0.677,0.689,0.705,0.838,2.037
23269,19.63,19.48,13.60,17.10,0.55,1.55,0.88,21.60,15.49,0.59,2.27,0.15,0.50,0.60,0.744,0.753,0.760,0.867,2.037
23270,16.33,14.25,11.28,16.07,0.67,0.77,-1.57,17.45,12.33,0.70,2.63,0.09,0.51,0.87,0.749,0.762,0.779,0.873,2.040
23271,27.26,23.30,22.97,17.79,14.28,11.64,7.67,39.44,35.13,0.32,1.56,0.02,0.51,1.15,0.701,0.721,0.754,0.845,2.038
23272,25.13,26.22,16.88,18.18,31.31,25.85,21.56,51.45,43.11,0.44,1.83,-0.03,0.53,1.05,0.672,0.697,0.719,0.826,2.037
23273,-9999.00,26.38,20.89,18.85,32.87,27.89,25.64,-9999.00,49.21,0.32,1.56,0.05,0.52,0.83,0.677,0.706,0.710,0.831,2.049
23274,60.08,28.60,20.03,17.74,27.16,23.36,23.23,84.90,43.86,0.71,2.66,0.05,0.54,0.77,0.701,0.723,0.726,0.837,2.043
23275,45.17,37.62,40.95,33.48,25.14,22.10,22.68,68.47,64.08,0.16,1.24,0.10,0.57,0.85,0.721,0.737,0.749,0.848,2.037
23276,47.87,38.85,30.87,31.64,24.58,21.43,21.98,70.49,53.12,0.29,1.50,0.10,0.59,0.81,0.735,0.750,0.757,0.855,2.038
23277,90.70,41.95,33.64,31.85,24.51,20.65,19.74,113.49,55.13,0.45,1.86,0.08,0.60,0.69,0.751,0.767,0.764,0.863,2.050
23278,53.40,44.90,36.28,31.96,26.20,22.40,19.74,76.90,59.52,0.47,1.91,0.06,0.59,0.59,0.771,0.784,0.779,0.871,2.039
23279,-9999.00,53.05,46.15,41.60,19.66,17.12,16.37,-9999.00,64.24,0.39,1.72,0.04,0.57,0.60,0.786,0.795,0.796,0.874,2.048
23280,56.97,51.10,46.74,39.57,0.49,0.88,3.14,59.27,48.56,0.45,1.85,0.11,0.54,0.82,0.798,0.806,0.820,0.878,2.045
23281,51.83,48.17,41.73,41.92,-14.19,-11.59,-9.33,41.18,30.94,0.32,1.55,0.09,0.50,0.96,0.816,0.828,0.845,0.893,2.046
23282,61.13,51.94,47.90,45.84,-5.79,-5.17,-5.96,56.64,43.63,0.31,1.54,0.08,0.49,0.88,0.839,0.851,0.863,0.909,2.045
23283,82.42,50.89,47.09,43.50,8.47,6.61,4.55,89.76,54.54,0.36,1.65,0.06,0.49,0.94,0.848,0.858,0.872,0.914,2.035
23284,-9999.00,50.01,46.43,41.34,9.52,7.90,7.05,-9999.00,55.19,0.37,1.67,0.06,0.49,0.94,0.832,0.848,0.859,0.909,2.040
23285,108.06,52.72,53.39,41.94,4.30,4.14,2.90,112.94,58.51,0.28,1.48,0.06,0.50,0.84,0.825,0.847,0.848,0.909,2.037
23286,87.17,50.99,48.84,38.86,2.51,2.60,0.92,90.35,52.32,0.31,1.54,0.06,0.50,0.73,0.841,0.861,0.857,0.919,2.040
23287,94.25,60.36,53.10,41.18,3.07,2.64,2.48,97.55,56.72,0.31,1.53,0.05,0.50,0.66,0.859,0.879,0.871,0.930,2.040
23288,107.29,50.38,43.64,38.20,8.87,7.66,7.68,115.66,52.07,0.39,1.71,0.03,0.50,0.90,0.858,0.884,0.879,0.932,2.040
23289,-9999.00,47.01,33.42,35.62,14.65,13.27,12.39,-9999.00,47.28,0.55,2.14,0.02,0.49,0.93,0.839,0.865,0.865,0.920,2.034
23290,100.99,44.25,33.66,32.87,13.59,12.68,11.04,114.14,46.91,0.53,2.07,-0.02,0.46,0.81,0.849,0.872,0.870,0.923,2.038
23291,83.87,41.16,33.70,29.94,5.13,5.17,4.24,89.46,39.49,0.49,1.98,-0.03,0.47,-9999,-9999,-9999,-9999,-9999,2.035
23292,82.93,37.42,42.97,30.46,-4.88,-3.79,-3.10,79.51,39.96,0.31,1.54,-0.03,0.48,-9999,-9999,-9999,-9999,-9999,2.037
23293,79.01,32.14,39.54,29.96,-9.78,-8.14,-7.34,71.28,32.11,0.36,1.66,-0.03,0.49,-9999,-9999,-9999,-9999,-9999,2.041
23294,45.60,26.72,35.86,29.33,-9.83,-7.78,-7.11,38.03,28.71,0.18,1.28,-0.04,0.48,-9999,-9999,-9999,-9999,-9999,2.038
23295,44.47,31.20,31.79,33.59,-6.69,-5.56,-5.06,39.11,26.76,0.31,1.54,-0.04,0.48,-9999,-9999,-9999,-9999,-9999,2.036
23296,49.94,27.96,27.43,30.16,-5.47,-5.07,-5.55,45.07,22.80,0.34,1.60,-0.06,0.45,-9999,-9999,-9999,-9999,-9999,2.037
23297,54.94,32.03,29.29,27.69,-6.23,-6.15,-8.07,48.96,23.60,0.39,1.71,-0.08,0.46,-9999,-9999,-9999,-9999,-9999,2.038
23298,48.27,27.40,22.95,18.82,-5.80,-7.04,-8.69,41.38,16.27,0.49,1.97,-0.09,0.47,-9999,-9999,-9999,-9999,-9999,2.034
23299,46.32,24.42,15.88,14.38,-6.05,-7.68,-7.31,38.92,8.41,0.69,2.59,-0.08,0.46,-9999,-9999,-9999,-9999,-9999,2.036
23300,35.53,20.35,15.10,14.63,-6.30,-7.40,-4.95,28.32,7.89,0.55,2.15,-0.08,0.47,-9999,-9999,-9999,-9999,-9999,2.036
