NASA Data Processing/CAMP2Ex/OPTICAL/CAMP2Ex-LARGE-OPTICAL_P3B_20190916_R0.ict
100,1001
Luke Ziemba
NASA Langley
In-situ optical aerosol measurements from the NASA P3B
CAMP2Ex
1,1
2019,09,16,2020,05,5
1.0
Time_Mid,Secs after midnight,Time of acquisition
19
1,1,1,1,1,1,1,1,1,1,1,1,1,1,1,1,1,1,1
-9999,-9999,-9999,-9999,-9999,-9999,-9999,-9999,-9999,-9999,-9999,-9999,-9999,-9999,-9999,-9999,-9999,-9999,-9999
Sc550_total_amb, Mm-1, AerOpt_Scattering_InSitu_Green_RHa_Bulk_STP, scattering coefficient of ambient  particles at 550nm
Sc450_total, Mm-1, AerOpt_Scattering_InSitu_Blue_RHd_Bulk_STP, Dry Scattering at 450nm (Total Aerosols)
Sc550_total, Mm-1, AerOpt_Scattering_InSitu_Green_RHd_Bulk_STP, Dry Scattering at 550nm (Total Aerosols)
Sc700_total, Mm-1, AerOpt_Scattering_InSitu_Red_RHd_Bulk_STP, Dry Scattering at 700nm (Total Aerosols)
Abs470_total, Mm-1, AerOpt_Absorption_InSitu_Blue_RHd_Bulk_STP, Dry absorption at 470nm (Total Aerosols)
Abs532_total, Mm-1, AerOpt_Absorption_InSitu_Green_RHd_Bulk_STP, Dry absorption at 532nm (Total Aerosols)
Abs660_total, Mm-1, AerOpt_Absorption_InSitu_Red_RHd_Bulk_STP, Dry absorption at 660nm (Total Aerosols)
Ext532_total_amb, Mm-1, AerOpt_Extinction_InSitu_Green_RHa_Bulk_STP, extinction coefficient of aerosols at 532nm for AMBIENT relative humidity
Ext532_total_dry, Mm-1, AerOpt_Extinction_InSitu_Green_RHd_Bulk_STP, extinction coefficient of aerosols at 532nm for DRY relative humidity
gamma550, unitless, AerOpt_Gamma_InSitu_Green_None_Bulk_STP, derived optical hygroscopic growth factor for particles at 550nm
fRH550_RH20to80, unitless, AerOpt_fRHScat_InSitu_Green_RHsp_Bulk_STP, derived optical hygroscopic growth parameter for particles at 550nm
AEscatAMB_450to700nm,unitless, AerOpt_AngstromExponentScat_InSitu_BluetoRed_RHa_Bulk_STP, derived ambient Angstrom Exponent for scattering coefficient over wavelength range from 450nm to 700nm
AEscatDRY_450to700nm,unitless, AerOpt_AngstromExponentScatInSitu_BluetoRed_RHd_Bulk_STP, derived dry Angstrom Exponent for scattering coefficient over wavelength range from 450nm to 700nm
AEabsDRY_470to660nm,unitless, AerOpt_AngstromExponentAbs_InSitu_BluetoRed_RHd_Bulk_STP, derived dry Angstrom Exponent for absorption coefficient over wavelength range from 450nm to 700nm
SSA_dry_450nm,unitless, AerOpt_SSA_InSitu_Blue_RHd_Bulk_STP, single_scattering_albedo_at_450nm_as_derived_from_dry_scattering_and_absorption
SSA_dry_550nm,unitless, AerOpt_SSA_InSitu_Green_RHd_Bulk_STP, single_scattering_albedo_at_550nm_as_derived_from_dry_scattering_and_absorption
SSA_dry_700nm,unitless, AerOpt_SSA_InSitu_Red_RHd_Bulk_STP, single_scattering_albedo_at_700nm_as_derived_from_dry_scattering_and_absorption
SSA_amb_550nm,unitless, AerOpt_SSA_InSitu_Green_RHa_Bulk_STP, single_scattering_albedo_at_550nm_as_derived_from_ambient_scattering_and_absorption
stdPT,unitless, None, Conversion factor to convert between ambient and standard pressure and temperature conditions
0
67
******************************************************************************************************************
Langley Aerosol data from the 2019 CAMP2Ex field campaign
 
PI_CONTACT_INFO: luke.ziemba@nasa.gov
PLATFORM: NASA P3B aircraft
LOCATION: Latitude, Longitude, and Altitude included in MetNav files
[...]
UNCERTAINTY: estimated uncertainties for directly measured properties
	- For dry scattering, accuracy estimated at 30% for all wavelengths; precision estimated at 4.5 Mm-1 for 450nm wavelength and 3 Mm-1 for 550nm and 700nm wavelengths
	- For dry absorption, accuracy estimated at 15% for all wavelengths; precision is a function of pressure and is estimated to vary from 0.5 Mm-1 near the surface to 2 at high altitude
	- For derived parameters, please contact the PI for a more detailed discussion of uncertainty
ULOD_FLAG: -7777
ULOD_VALUE: N/A
LLOD_FLAG: -8888
LLOD_VALUE: N/A
DM_CONTACT_INFO: Michael Shook (michael.shook@nasa.gov)
PROJECT_INFO: CAMP2Ex 2019
STIPULATIONS_ON_USE: This is FINAL data. Users are strongly encouraged to consult the PI and/or DM prior to use.
OTHER_COMMENTS: N/A
REVISION: R0
R0: STP and ambient parameter calculations now use data from their respective publicly available files, data is time synced to DLH
RD: Correction factor applied to raw scattering data, which also affects the absorption data via the Virkkula correction
RC: Higher threshholds required for calculating intensive parameters; absorption smoothing algorithm applied
RB: Time sync to LARGE CNgt3nm applied
RA: None
******************************************************************************************************************
Time_Mid,Sc550_total_amb,Sc450_total,Sc550_total,Sc700_total,Abs470_total,Abs532_total,Abs660_total,Ext532_total_amb,Ext532_total_dry,gamma550,fRH550_RH20to80,AEscatAMB_450to700nm,AEscatDRY_450to700nm,AEabsDRY_470to660nm,SSA_dry_450nm,SSA_dry_550nm,SSA_dry_700nm,SSA_amb_550nm,stdPT
[from data line 28928]
107983,-9999.00,2.89,0.62,0.72,-1.12,-0.95,-1.15,-9999.00,-0.30,-9999.00,-9999.00,-9999,-9999,-9999,-9999,-9999,-9999,-9999,1.219
107984,-9999.00,4.78,3.24,4.74,-1.13,-1.16,-0.78,-9999.00,2.29,-9999.00,-9999.00,-9999,-9999,-9999,-9999,-9999,-9999,-9999,1.219
107985,-9999.00,5.44,6.01,2.67,-0.83,-1.06,-1.20,-9999.00,5.34,-9999.00,-9999.00,-9999,-9999,-9999,-9999,-9999,-9999,-9999,1.218
107986,-9999.00,6.19,5.03,3.80,-0.57,-0.26,-1.01,-9999.00,5.08,-9999.00,-9999.00,-9999,-9999,-9999,-9999,-9999,-9999,-9999,1.218
107987,6.12,2.93,5.45,1.83,-0.58,0.05,-0.49,6.39,5.83,0.07,1.10,-9999,-9999,-9999,-9999,-9999,-9999,-9999,1.218
107988,10.25,7.37,5.85,3.38,-0.84,-0.29,-0.93,10.33,5.94,0.32,1.57,-9999,-9999,-9999,-9999,-9999,-9999,-9999,1.218
107989,-9999.00,3.19,4.57,1.52,-1.30,-0.59,-0.89,-9999.00,4.29,-9999.00,-9999.00,-9999,-9999,-9999,-9999,-9999,-9999,-9999,1.217
107990,-9999.00,6.51,2.75,1.74,-1.12,-0.69,-0.57,-9999.00,2.24,-9999.00,-9999.00,-9999,-9999,-9999,-9999,-9999,-9999,-9999,1.218
107991,-9999.00,6.05,2.61,1.67,-0.59,-0.56,-0.40,-9999.00,2.21,-9999.00,-9999.00,-9999,-9999,-9999,-9999,-9999,-9999,-9999,1.217
107992,-9999.00,5.58,2.47,1.60,-0.45,-0.62,-0.27,-9999.00,1.98,-9999.00,-9999.00,-9999,-9999,-9999,-9999,-9999,-9999,-9999,1.218
107993,-9999.00,5.39,0.78,0.62,-0.73,-0.64,-0.12,-9999.00,0.17,-9999.00,-9999.00,-9999,-9999,-9999,-9999,-9999,-9999,-9999,1.217
107994,9.76,5.13,6.32,1.89,-1.38,-0.62,0.05,9.50,6.00,0.25,1.41,-9999,-9999,-9999,-9999,-9999,-9999,-9999,1.217
107995,4.93,6.01,6.87,2.07,-1.68,-0.82,-0.43,4.26,6.40,-0.19,0.77,-9999,-9999,-9999,-9999,-9999,-9999,-9999,1.216
107996,6.79,6.02,7.28,2.55,-1.46,-0.95,-0.81,6.06,6.75,-0.04,0.95,-9999,-9999,-9999,-9999,-9999,-9999,-9999,1.216
107997,-9999.00,7.27,3.49,0.27,-1.30,-0.95,-0.23,-9999.00,2.75,-9999.00,-9999.00,-9999,-9999,-9999,-9999,-9999,-9999,-9999,1.215
107998,-9999.00,7.25,1.80,-0.79,-1.11,-0.87,-0.12,-9999.00,1.06,-9999.00,-9999.00,-9999,-9999,-9999,-9999,-9999,-9999,-9999,1.215
107999,-9999.00,4.26,1.98,-0.20,-1.15,-1.02,-0.43,-9999.00,1.10,-9999.00,-9999.00,-9999,-9999,-9999,-9999,-9999,-9999,-9999,1.215
108000,-9999.00,5.57,3.29,1.07,-1.46,-1.44,-0.90,-9999.00,2.09,-9999.00,-9999.00,-9999,-9999,-9999,-9999,-9999,-9999,-9999,1.214
108001,-9999.00,6.87,4.84,2.40,-1.87,-1.60,-1.99,-9999.00,3.63,-9999.00,-9999.00,-9999,-9999,-9999,-9999,-9999,-9999,-9999,1.215
108002,-9999.00,4.68,2.72,-0.49,-2.07,-1.66,-2.26,-9999.00,1.29,-9999.00,-9999.00,-9999,-9999,-9999,-9999,-9999,-9999,-9999,1.214
108003,-9999.00,9.22,3.88,1.02,-2.11,-1.52,-1.51,-9999.00,2.70,-9999.00,-9999.00,-9999,-9999,-9999,-9999,-9999,-9999,-9999,1.214
108004,-9999.00,6.92,2.22,-0.41,-1.95,-1.47,-1.06,-9999.00,0.94,-9999.00,-9999.00,-9999,-9999,-9999,-9999,-9999,-9999,-9999,1.214
108005,7.59,3.35,6.47,1.81,-1.62,-1.49,-1.15,6.35,5.54,0.10,1.15,-9999,-9999,-9999,-9999,-9999,-9999,-9999,1.214
108006,-9999.00,-1.06,3.07,0.70,-1.60,-1.59,-1.39,-9999.00,1.73,-9999.00,-9999.00,-9999,-9999,-9999,-9999,-9999,-9999,-9999,1.214
108007,-9999.00,-0.82,3.07,1.03,-1.85,-1.66,-1.86,-9999.00,1.65,-9999.00,-9999.00,-9999,-9999,-9999,-9999,-9999,-9999,-9999,1.215
108008,-9999.00,-0.58,3.02,0.75,-1.97,-1.15,-2.10,-9999.00,2.09,-9999.00,-9999.00,-9999,-9999,-9999,-9999,-9999,-9999,-9999,1.215
108009,-9999.00,3.98,2.57,1.15,-1.64,-0.23,-1.30,-9999.00,2.50,-9999.00,-9999.00,-9999,-9999,-9999,-9999,-9999,-9999,-9999,1.214
108010,-9999.00,6.78,3.39,1.90,-0.97,0.27,0.37,-9999.00,3.90,-9999.00,-9999.00,-9999,-9999,-9999,-9999,-9999,-9999,-9999,1.214
108011,-9999.00,8.43,2.80,1.36,-0.57,0.39,1.26,-9999.00,3.39,-9999.00,-9999.00,-9999,-9999,-9999,-9999,-9999,-9999,-9999,1.214
108012,-9999.00,10.12,2.28,0.86,-0.15,0.14,0.30,-9999.00,2.59,-9999.00,-9999.00,-9999,-9999,-9999,-9999,-9999,-9999,-9999,1.214
108013,-9999.00,9.08,0.99,0.18,0.21,0.42,-0.47,-9999.00,1.48,-9999.00,-9999.00,-9999,-9999,-9999,-9999,-9999,-9999,-9999,1.213
108014,-9999.00,9.05,1.25,0.52,0.24,1.19,0.32,-9999.00,2.51,-9999.00,-9999.00,-9999,-9999,-9999,-9999,-9999,-9999,-9999,1.213
108015,-9999.00,7.67,2.72,1.05,0.65,1.63,1.18,-9999.00,4.50,-9999.00,-9999.00,-9999,-9999,-9999,-9999,-9999,-9999,-9999,1.213
108016,-9999.00,6.74,4.27,1.59,1.13,1.74,1.67,-9999.00,6.27,-9999.00,-9999.00,-9999,-9999,-9999,-9999,-9999,-9999,-9999,1.215
108017,-9999.00,6.37,3.47,2.36,0.96,1.33,1.91,-9999.00,5.04,-9999.00,-9999.00,-9999,-9999,-9999,-9999,-9999,-9999,-9999,1.214
108018,-9999.00,6.17,4.60,2.28,0.95,0.41,1.15,-9999.00,5.35,-9999.00,-9999.00,-9999,-9999,-9999,-9999,-9999,-9999,-9999,1.215
108019,-9999.00,7.04,5.86,2.23,0.94,0.12,0.34,-9999.00,6.41,-9999.00,-9999.00,-9999,-9999,-9999,-9999,-9999,-9999,-9999,1.215
108020,-9999.00,1.79,3.97,0.64,0.77,0.46,0.37,-9999.00,4.70,-9999.00,-9999.00,-9999,-9999,-9999,-9999,-9999,-9999,-9999,1.214
108021,-9999.00,1.99,4.57,1.64,0.69,0.74,0.98,-9999.00,5.66,-9999.00,-9999.00,-9999,-9999,-9999,-9999,-9999,-9999,-9999,1.214
108022,-9999.00,2.68,1.90,0.81,0.35,0.10,0.75,-9999.00,2.16,-9999.00,-9999.00,-9999,-9999,-9999,-9999,-9999,-9999,-9999,1.214
108023,-9999.00,0.09,1.75,2.20,-0.39,-1.04,-0.03,-9999.00,0.86,-9999.00,-9999.00,-9999,-9999,-9999,-9999,-9999,-9999,-9999,1.214
108024,-9999.00,0.71,1.73,2.03,-0.90,-1.42,-0.04,-9999.00,0.45,-9999.00,-9999.00,-9999,-9999,-9999,-9999,-9999,-9999,-9999,1.213
108025,-9999.00,2.01,2.45,2.48,-0.89,-1.49,-0.48,-9999.00,1.17,-9999.00,-9999.00,-9999,-9999,-9999,-9999,-9999,-9999,-9999,1.213
108026,-9999.00,3.31,2.90,2.27,-0.65,-1.44,-1.14,-9999.00,1.69,-9999.00,-9999.00,-9999,-9999,-9999,-9999,-9999,-9999,-9999,1.213
108027,-9999.00,2.83,4.37,2.80,-1.19,-0.98,-0.38,-9999.00,3.68,-9999.00,-9999.00,-9999,-9999,-9999,-9999,-9999,-9999,-9999,1.213
108028,-9999.00,2.97,3.91,2.31,-1.48,-0.88,-0.73,-9999.00,3.21,-9999.00,-9999.00,-9999,-9999,-9999,-9999,-9999,-9999,-9999,1.214
108029,-9999.00,0.29,4.30,2.20,-1.18,-1.33,-1.86,-9999.00,3.14,-9999.00,-9999.00,-9999,-9999,-9999,-9999,-9999,-9999,-9999,1.214
108030,-9999.00,6.35,2.79,2.28,-1.07,-1.48,-1.88,-9999.00,1.40,-9999.00,-9999.00,-9999,-9999,-9999,-9999,-9999,-9999,-9999,1.214
108031,-9999.00,7.71,1.93,2.30,-1.24,-0.82,-1.06,-9999.00,1.15,-9999.00,-9999.00,-9999,-9999,-9999,-9999,-9999,-9999,-9999,1.214
108032,-9999.00,9.07,1.10,2.37,-0.91,-0.18,-0.94,-9999.00,0.94,-9999.00,-9999.00,-9999,-9999,-9999,-9999,-9999,-9999,-9999,1.214
108033,-9999.00,7.01,2.56,2.90,-0.43,-0.04,-1.47,-9999.00,2.55,-9999.00,-9999.00,-9999,1.57,-9999,-9999,-9999,-9999,-9999,1.213
108034,-9999.00,6.93,2.71,2.01,-0.54,0.18,-0.78,-9999.00,2.91,-9999.00,-9999.00,-9999,1.56,-9999,-9999,-9999,-9999,-9999,1.214
108035,-9999.00,6.27,4.46,1.65,-0.37,0.50,0.21,-9999.00,5.00,-9999.00,-9999.00,-9999,1.49,-9999,-9999,-9999,-9999,-9999,1.213
108036,-9999.00,7.58,3.66,1.33,-0.02,0.63,-0.49,-9999.00,4.35,-9999.00,-9999.00,-9999,1.46,-9999,-9999,-9999,-9999,-9999,1.212
108037,11.03,7.16,5.13,1.66,-0.14,0.54,-0.58,11.77,5.75,0.44,1.84,-9999,1.48,-9999,-9999,-9999,-9999,-9999,1.212
108038,5.15,5.51,5.28,0.81,-0.05,0.44,0.23,5.68,5.79,-0.01,0.98,-9999,1.44,-9999,-9999,-9999,-9999,-9999,1.212
108039,-9999.00,-1.92,1.88,0.83,0.20,0.18,0.76,-9999.00,2.10,-9999.00,-9999.00,-9999,1.53,-9999,-9999,-9999,-9999,-9999,1.211
108040,-9999.00,3.73,2.84,-0.22,0.30,-0.08,0.62,-9999.00,2.84,-9999.00,-9999.00,-9999,1.60,-9999,-9999,-9999,-9999,-9999,1.211
108041,-9999.00,0.63,4.49,2.59,-0.02,-0.24,0.14,-9999.00,4.39,-9999.00,-9999.00,-9999,1.66,-9999,-9999,-9999,-9999,-9999,1.211
108042,-9999.00,-1.88,2.67,1.95,-0.64,-0.45,0.16,-9999.00,2.32,-9999.00,-9999.00,-9999,1.70,-9999,-9999,-9999,-9999,-9999,1.212
108043,6.80,0.84,5.71,2.48,-0.73,-0.65,-0.27,6.19,5.28,0.11,1.16,-9999,1.77,-9999,-9999,-9999,-9999,-9999,1.211
108044,-9999.00,5.46,2.68,0.84,-0.81,-0.83,-1.45,-9999.00,1.95,-9999.00,-9999.00,-9999,1.82,-9999,-9999,-9999,-9999,-9999,1.211
108045,-9999.00,5.03,3.74,1.77,-0.39,-1.02,-1.13,-9999.00,2.90,-9999.00,-9999.00,0.47,1.88,-9999,-9999,-9999,-9999,-9999,1.211
108046,5.82,5.45,5.46,2.80,0.30,-0.89,-0.08,4.94,4.81,0.04,1.06,0.25,1.81,-9999,-9999,-9999,-9999,-9999,1.212
108047,8.06,6.19,8.70,4.94,-0.01,-0.34,-0.24,7.76,8.68,-0.05,0.93,0.34,1.71,-9999,-9999,-9999,-9999,-9999,1.211
108048,8.07,6.59,7.43,3.73,-0.63,0.09,-1.14,8.21,7.71,0.05,1.07,0.35,1.55,-9999,-9999,-9999,-9999,-9999,1.210
108049,7.42,6.86,6.19,2.65,-0.66,0.16,-1.14,7.58,6.51,0.11,1.16,0.28,1.65,-9999,-9999,-9999,-9999,-9999,1.209
108050,-9999.00,4.92,3.94,3.24,-0.24,0.42,-0.10,-9999.00,4.46,-9999.00,-9999.00,0.28,1.64,-9999,-9999,-9999,-9999,-9999,1.210
108051,-9999.00,4.84,3.77,3.17,0.32,0.63,-0.37,-9999.00,4.50,-9999.00,-9999.00,0.37,1.56,-9999,-9999,-9999,-9999,-9999,1.210
108052,6.60,5.28,5.95,2.59,0.48,0.41,-0.75,7.00,6.50,0.06,1.09,-0.02,1.40,-9999,-9999,-9999,-9999,-9999,1.209
108053,-9999.00,4.58,4.09,2.99,0.44,0.47,0.32,-9999.00,4.66,-9999.00,-9999.00,-0.07,1.36,-9999,-9999,-9999,-9999,-9999,1.208
108054,-9999.00,5.96,1.55,2.66,0.26,0.97,0.88,-9999.00,2.56,-9999.00,-9999.00,-0.07,1.33,-9999,-9999,-9999,-9999,-9999,1.208
108055,-9999.00,5.94,2.46,2.38,0.02,0.79,0.88,-9999.00,3.32,-9999.00,-9999.00,-0.07,1.39,-9999,-9999,-9999,-9999,-9999,1.207
108056,-9999.00,5.17,4.14,2.22,-0.00,0.15,0.86,-9999.00,4.41,-9999.00,-9999.00,-0.07,1.34,-9999,-9999,-9999,-9999,-9999,1.207
108057,10.88,9.12,5.38,3.59,0.14,-0.08,1.03,10.75,5.46,0.42,1.78,-0.06,1.36,-9999,-9999,-9999,-9999,-9999,1.207
108058,9.15,10.44,6.88,4.20,0.26,0.04,1.01,9.16,7.17,0.17,1.27,-0.06,1.44,-9999,-9999,-9999,-9999,-9999,1.207
108059,7.42,11.72,8.39,4.80,0.41,0.17,0.82,7.56,8.92,-0.08,0.90,-0.05,1.49,-9999,-9999,-9999,-9999,-9999,1.207
108060,5.57,11.77,7.69,5.08,0.38,0.20,1.26,5.74,8.21,-0.20,0.76,-0.05,1.46,-9999,-9999,-9999,-9999,-9999,1.206
108061,10.26,8.27,6.49,5.46,0.22,0.26,1.28,10.47,7.04,0.27,1.46,0.02,1.43,-9999,-9999,-9999,-9999,-9999,1.206
108062,6.73,5.79,7.27,5.36,0.40,0.05,0.97,6.71,7.66,-0.04,0.94,-0.02,1.42,-9999,-9999,-9999,-9999,-9999,1.205
108063,-9999.00,0.26,4.70,3.86,0.60,-0.28,0.18,-9999.00,4.67,-9999.00,-9999.00,0.01,1.44,-9999,-9999,-9999,-9999,-9999,1.204
108064,-9999.00,9.74,3.14,0.80,0.40,-0.07,-0.67,-9999.00,3.25,-9999.00,-9999.00,0.04,1.43,-9999,-9999,-9999,-9999,-9999,1.203
108065,-9999.00,9.04,4.36,3.25,-0.10,0.21,-0.29,-9999.00,4.84,-9999.00,-9999.00,0.05,1.40,-9999,-9999,-9999,-9999,-9999,1.203
108066,8.18,8.83,5.77,5.90,-0.33,0.36,0.09,8.48,6.52,0.21,1.34,0.02,1.45,-9999,-9999,-9999,-9999,-9999,1.202
108067,-9999.00,4.43,4.91,6.23,-0.25,0.20,-0.06,-9999.00,5.48,-9999.00,-9999.00,-0.01,1.49,-9999,-9999,-9999,-9999,-9999,1.202
108068,-9999.00,6.47,4.79,3.20,-0.28,-0.27,-0.31,-9999.00,4.90,-9999.00,-9999.00,0.03,1.52,-9999,-9999,-9999,-9999,-9999,1.201
108069,-9999.00,4.00,2.92,1.23,-0.41,-0.37,-0.70,-9999.00,2.79,-9999.00,-9999.00,0.03,1.58,-9999,-9999,-9999,-9999,-9999,1.201
108070,-9999.00,4.17,3.48,1.56,-0.12,-0.11,-0.80,-9999.00,3.63,-9999.00,-9999.00,0.02,1.62,-9999,-9999,-9999,-9999,-9999,1.200
108071,-9999.00,3.66,4.22,1.95,-0.60,0.15,-0.61,-9999.00,4.66,-9999.00,-9999.00,0.01,1.66,-9999,-9999,-9999,-9999,-9999,1.200
108072,-9999.00,5.15,4.41,3.95,-1.11,0.52,0.66,-9999.00,5.23,-9999.00,-9999.00,-0.02,1.68,-9999,-9999,-9999,-9999,-9999,1.199
108073,-9999.00,4.90,3.66,2.23,0.73,1.74,2.29,-9999.00,5.64,-9999.00,-9999.00,-0.05,1.66,-9999,-9999,-9999,-9999,-9999,1.199
108074,-9999.00,6.23,4.30,2.91,3.21,3.15,2.90,-9999.00,7.73,-9999.00,-9999.00,-0.04,1.61,-9999,-9999,-9999,-9999,-9999,1.198
108075,-9999.00,7.55,4.94,3.59,3.63,3.50,2.36,-9999.00,8.77,-9999.00,-9999.00,-0.05,1.59,-9999,-9999,-9999,-9999,-9999,1.197
108076,7.12,10.50,5.85,5.67,3.28,3.52,2.17,10.55,9.75,0.12,1.19,-0.12,1.62,-9999,-9999,-9999,-9999,-9999,1.197
108077,-9999.00,9.56,5.79,5.49,3.34,3.89,2.84,-9999.00,10.06,-9999.00,-9999.00,-0.06,1.65,-9999,-9999,-9999,-9999,-9999,1.196
108078,6.83,8.60,5.73,5.31,3.54,4.25,3.46,11.04,10.33,0.11,1.17,-0.18,1.68,-9999,-9999,-9999,-9999,-9999,1.195
108079,-9999.00,6.11,2.90,4.28,3.52,4.16,4.12,-9999.00,7.25,-9999.00,-9999.00,-0.05,1.70,-9999,-9999,-9999,-9999,-9999,1.195
108080,-9999.00,6.48,1.47,3.55,3.97,3.96,4.10,-9999.00,5.51,-9999.00,-9999.00,-0.02,1.57,-9999,-9999,-9999,-9999,-9999,1.194
108081,-9999.00,6.85,0.10,2.12,3.93,3.62,3.00,-9999.00,3.73,-9999.00,-9999.00,0.03,1.53,-9999,-9999,-9999,-9999,-9999,1.193
108082,-9999.00,7.11,0.10,2.10,1.99,2.26,1.69,-9999.00,2.37,-9999.00,-9999.00,-0.20,1.54,-9999,-9999,-9999,-9999,-9999,1.193
108083,-9999.00,6.84,3.37,2.21,0.24,0.90,0.94,-9999.00,4.50,-9999.00,-9999.00,0.41,1.59,-9999,-9999,-9999,-9999,-9999,1.193
108084,8.43,7.76,5.43,1.72,0.45,0.50,1.19,8.94,6.28,0.28,1.48,0.61,1.49,-9999,-9999,-9999,-9999,-9999,1.192
108085,6.90,8.00,7.60,1.34,0.92,-0.05,1.19,6.93,8.04,-0.06,0.92,0.69,1.53,-9999,-9999,-9999,-9999,-9999,1.192
108086,-9999.00,6.72,6.70,1.26,0.43,-0.35,0.68,-9999.00,6.79,-9999.00,-9999.00,0.69,1.56,-9999,-9999,-9999,-9999,-9999,1.191
108087,-9999.00,5.44,5.81,1.18,-0.59,-0.46,0.53,-9999.00,5.75,-9999.00,-9999.00,0.71,1.62,-9999,-9999,-9999,-9999,-9999,1.190
108088,-9999.00,4.61,3.64,2.57,-1.17,-0.39,-0.05,-9999.00,3.50,-9999.00,-9999.00,0.72,1.68,-9999,-9999,-9999,-9999,-9999,1.190
108089,-9999.00,0.26,1.80,1.52,-0.73,-0.53,-0.87,-9999.00,1.40,-9999.00,-9999.00,0.72,1.72,-9999,-9999,-9999,-9999,-9999,1.189
108090,-9999.00,4.51,3.39,1.89,-0.09,-0.71,-0.90,-9999.00,2.93,-9999.00,-9999.00,0.71,1.68,-9999,-9999,-9999,-9999,-9999,1.188
108091,-9999.00,8.19,4.63,2.15,0.26,-0.79,-0.30,-9999.00,4.18,-9999.00,-9999.00,0.74,1.69,-9999,-9999,-9999,-9999,-9999,1.188
108092,-9999.00,7.01,4.87,3.40,0.14,-0.78,0.10,-9999.00,4.42,-9999.00,-9999.00,0.55,1.68,-9999,-9999,-9999,-9999,-9999,1.187
108093,8.55,2.48,8.56,2.73,-0.37,-0.56,0.08,8.16,8.56,-0.00,1.00,0.62,1.69,-9999,-9999,-9999,-9999,-9999,1.187
108094,12.22,5.88,6.08,5.52,-0.63,0.10,0.52,12.63,6.58,0.45,1.86,0.64,1.70,-9999,-9999,-9999,-9999,-9999,1.186
108095,-9999.00,1.82,0.97,2.45,-0.32,0.19,0.36,-9999.00,1.22,-9999.00,-9999.00,0.68,1.77,-9999,-9999,-9999,-9999,-9999,1.186
108096,-9999.00,8.74,2.46,4.73,0.40,-0.26,-0.88,-9999.00,2.35,-9999.00,-9999.00,0.70,1.81,-9999,-9999,-9999,-9999,-9999,1.185
108097,-9999.00,5.24,2.19,3.75,0.78,-0.37,-0.75,-9999.00,1.94,-9999.00,-9999.00,0.74,1.80,-9999,-9999,-9999,-9999,-9999,1.185
108098,-9999.00,4.89,3.35,4.58,0.14,-0.04,0.49,-9999.00,3.48,-9999.00,-9999.00,0.77,1.77,-9999,-9999,-9999,-9999,-9999,1.184
108099,7.45,5.37,5.44,6.53,-0.39,-0.00,0.72,7.78,5.71,0.20,1.31,0.79,1.74,-9999,-9999,-9999,-9999,-9999,1.183
108100,6.99,9.36,6.64,2.41,-0.44,0.04,0.02,7.36,7.06,0.03,1.05,0.80,1.81,-9999,-9999,-9999,-9999,-9999,1.183
108101,-9999.00,6.19,4.85,1.20,-0.38,0.11,-0.60,-9999.00,5.28,-9999.00,-9999.00,0.83,1.82,-9999,-9999,-9999,-9999,-9999,1.182
108102,8.80,8.38,6.17,1.96,-0.13,0.26,-0.80,9.51,6.85,0.23,1.37,0.86,1.73,-9999,-9999,-9999,-9999,-9999,1.181
108103,9.78,8.10,5.27,2.59,-0.10,0.25,-0.76,10.56,5.88,0.39,1.71,0.84,1.59,-9999,-9999,-9999,-9999,-9999,1.181
108104,-9999.00,11.26,4.16,3.64,-0.44,0.12,0.10,-9999.00,4.58,-9999.00,-9999.00,0.83,1.56,-9999,-9999,-9999,-9999,-9999,1.181
108105,7.44,5.99,5.54,4.39,-0.64,0.53,1.11,8.36,6.48,0.19,1.29,0.84,1.57,-9999,-9999,-9999,-9999,-9999,1.180
108106,-9999.00,9.68,4.98,4.19,-0.61,0.78,1.08,-9999.00,6.13,-9999.00,-9999.00,0.83,1.49,-9999,-9999,-9999,-9999,-9999,1.180
108107,7.66,7.91,8.23,5.15,-0.29,0.48,0.56,8.55,9.29,-0.05,0.94,0.85,1.45,-9999,-9999,-9999,-9999,-9999,1.179
108108,7.22,7.19,5.25,3.64,-0.21,0.16,0.31,7.75,5.80,0.20,1.32,0.83,1.49,-9999,-9999,-9999,-9999,-9999,1.179
108109,5.19,8.30,5.88,4.96,-0.38,0.01,0.54,5.47,6.41,-0.08,0.90,0.80,1.55,-9999,-9999,-9999,-9999,-9999,1.178
108110,5.96,7.34,5.55,2.02,-0.16,0.04,0.73,6.34,6.11,0.04,1.06,0.78,1.62,-9999,-9999,-9999,-9999,-9999,1.178
108111,6.21,7.27,5.04,2.20,-0.59,-0.36,0.94,6.19,5.14,0.13,1.20,0.78,1.68,-9999,-9999,-9999,-9999,-9999,1.177
