NASA Data Processing/CAMP2Ex/OPTICAL/CAMP2Ex-LARGE-OPTICAL_P3B_20190824_R0.ict
100,1001
Luke Ziemba
NASA Langley
In-situ optical aerosol measurements from the NASA P3B
CAMP2Ex
1,1
2019,08,24,2020,05,5
1.0
Time_Mid,Secs after midnight,Time of acquisition
19
1,1,1,1,1,1,1,1,1,1,1,1,1,1,1,1,1,1,1
-9999,-9999,-9999,-9999,-9999,-9999,-9999,-9999,-9999,-9999,-9999,-9999,-9999,-9999,-9999,-9999,-9999,-9999,-9999
Sc550_total_amb, Mm-1, AerOpt_Scattering_InSitu_Green_RHa_Bulk_STP, scattering coefficient of ambient  particles at 550nm
Sc450_total, Mm-1, AerOpt_Scattering_InSitu_Blue_RHd_Bulk_STP, Dry Scattering at 450nm (Total Aerosols)
Sc550_total, Mm-1, AerOpt_Scattering_InSitu_Green_RHd_Bulk_STP, Dry Scattering at 550nm (Total Aerosols)
Sc700_total, Mm-1, AerOpt_Scattering_InSitu_Red_RHd_Bulk_STP, Dry Scattering at 700nm (Total Aerosols)
Abs470_total, Mm-1, AerOpt_Absorption_InSitu_Blue_RHd_Bulk_STP, Dry absorption at 470nm (Total Aerosols)
Abs532_total, Mm-1, AerOpt_Absorption_InSitu_Green_RHd_Bulk_STP, Dry absorption at 532nm (Total Aerosols)
Abs660_total, Mm-1, AerOpt_Absorption_InSitu_Red_RHd_Bulk_STP, Dry absorption at 660nm (Total Aerosols)
Ext532_total_amb, Mm-1, AerOpt_Extinction_InSitu_Green_RHa_Bulk_STP, extinction coefficient of aerosols at 532nm for AMBIENT relative humidity
Ext532_total_dry, Mm-1, AerOpt_Extinction_InSitu_Green_RHd_Bulk_STP, extinction coefficient of aerosols at 532nm for DRY relative humidity
gamma550, unitless, AerOpt_Gamma_InSitu_Green_None_Bulk_STP, derived optical hygroscopic growth factor for particles at 550nm
fRH550_RH20to80, unitless, AerOpt_fRHScat_InSitu_Green_RHsp_Bulk_STP, derived optical hygroscopic growth parameter for particles at 550nm
AEscatAMB_450to700nm,unitless, AerOpt_AngstromExponentScat_InSitu_BluetoRed_RHa_Bulk_STP, derived ambient Angstrom Exponent for scattering coefficient over wavelength range from 450nm to 700nm
AEscatDRY_450to700nm,unitless, AerOpt_AngstromExponentScatInSitu_BluetoRed_RHd_Bulk_STP, derived dry Angstrom Exponent for scattering coefficient over wavelength range from 450nm to 700nm
AEabsDRY_470to660nm,unitless, AerOpt_AngstromExponentAbs_InSitu_BluetoRed_RHd_Bulk_STP, derived dry Angstrom Exponent for absorption coefficient over wavelength range from 450nm to 700nm
SSA_dry_450nm,unitless, AerOpt_SSA_InSitu_Blue_RHd_Bulk_STP, single_scattering_albedo_at_450nm_as_derived_from_dry_scattering_and_absorption
SSA_dry_550nm,unitless, AerOpt_SSA_InSitu_Green_RHd_Bulk_STP, single_scattering_albedo_at_550nm_as_derived_from_dry_scattering_and_absorption
SSA_dry_700nm,unitless, AerOpt_SSA_InSitu_Red_RHd_Bulk_STP, single_scattering_albedo_at_700nm_as_derived_from_dry_scattering_and_absorption
SSA_amb_550nm,unitless, AerOpt_SSA_InSitu_Green_RHa_Bulk_STP, single_scattering_albedo_at_550nm_as_derived_from_ambient_scattering_and_absorption
stdPT,unitless, None, Conversion factor to convert between ambient and standard pressure and temperature conditions
0
67
******************************************************************************************************************
Langley Aerosol data from the 2019 CAMP2Ex field campaign
 
PI_CONTACT_INFO: luke.ziemba@nasa.gov
PLATFORM: NASA P3B aircraft
LOCATION: Latitude, Longitude, and Altitude included in MetNav files
[...]
UNCERTAINTY: estimated uncertainties for directly measured properties
	- For dry scattering, accuracy estimated at 30% for all wavelengths; precision estimated at 4.5 Mm-1 for 450nm wavelength and 3 Mm-1 for 550nm and 700nm wavelengths
	- For dry absorption, accuracy estimated at 15% for all wavelengths; precision is a function of pressure and is estimated to vary from 0.5 Mm-1 near the surface to 2 at high altitude
	- For derived parameters, please contact the PI for a more detailed discussion of uncertainty
ULOD_FLAG: -7777
ULOD_VALUE: N/A
LLOD_FLAG: -8888
LLOD_VALUE: N/A
DM_CONTACT_INFO: Michael Shook (michael.shook@nasa.gov)
PROJECT_INFO: CAMP2Ex 2019
STIPULATIONS_ON_USE: This is FINAL data. Users are strongly encouraged to consult the PI and/or DM prior to use.
OTHER_COMMENTS: N/A
REVISION: R0
R0: STP and ambient parameter calculations now use data from their respective publicly available files, data is time synced to DLH
RD: Correction factor applied to raw scattering data, which also affects the absorption data via the Virkkula correction
RC: Higher threshholds required for calculating intensive parameters; absorption smoothing algorithm applied
RB: Time sync to LARGE CNgt3nm applied
RA: None
******************************************************************************************************************
Time_Mid,Sc550_total_amb,Sc450_total,Sc550_total,Sc700_total,Abs470_total,Abs532_total,Abs660_total,Ext532_total_amb,Ext532_total_dry,gamma550,fRH550_RH20to80,AEscatAMB_450to700nm,AEscatDRY_450to700nm,AEabsDRY_470to660nm,SSA_dry_450nm,SSA_dry_550nm,SSA_dry_700nm,SSA_amb_550nm,stdPT
[from data line 18145]
98016,-9999.00,106.27,88.66,78.51,0.82,0.87,0.92,-9999.00,92.15,0.26,1.43,0.47,0.91,-9999,-9999,-9999,-9999,-9999,1.222
98017,-9999.00,122.71,107.49,89.21,0.81,0.62,0.95,-9999.00,111.38,0.11,1.17,0.52,0.93,-9999,-9999,-9999,-9999,-9999,1.221
98018,-9999.00,106.22,82.49,72.27,0.49,0.09,0.15,-9999.00,85.12,0.20,1.31,0.56,0.94,-9999,-9999,-9999,-9999,-9999,1.222
98019,-9999.00,107.03,86.77,76.16,-0.14,-0.28,-0.15,-9999.00,89.24,0.13,1.21,0.65,0.95,-9999,-9999,-9999,-9999,-9999,1.224
98020,-9999.00,94.71,80.23,64.35,-0.32,-0.24,0.04,-9999.00,82.57,0.15,1.24,0.70,0.96,-9999,-9999,-9999,-9999,-9999,1.223
98021,86.69,86.64,72.77,64.37,0.06,-0.08,-0.46,88.66,75.16,0.08,1.11,0.75,0.99,-9999,-9999,-9999,-9999,-9999,1.224
98022,92.62,72.47,51.93,43.88,0.02,-0.20,-0.48,94.73,53.53,0.30,1.51,0.79,0.99,-9999,-9999,-9999,-9999,-9999,1.225
98023,62.97,64.01,52.92,42.90,-0.85,-0.86,-0.35,63.74,53.94,0.09,1.14,0.81,1.02,-9999,-9999,-9999,-9999,-9999,1.226
98024,72.96,50.89,36.94,35.58,-1.30,-1.26,-0.88,73.56,36.99,0.37,1.66,0.81,1.04,-9999,-9999,-9999,-9999,-9999,1.226
98025,32.37,51.22,46.87,27.87,-1.25,-1.55,-1.38,31.69,46.99,-0.18,0.77,0.84,1.03,-9999,-9999,-9999,-9999,-9999,1.226
98026,44.76,40.25,33.49,21.79,-1.81,-2.15,-1.81,43.83,32.58,0.14,1.22,0.84,1.04,-9999,-9999,-9999,-9999,-9999,1.226
98027,25.84,39.51,32.40,23.59,-2.45,-2.40,-2.19,24.14,31.25,-0.11,0.86,0.84,1.05,-9999,-9999,-9999,-9999,-9999,1.225
98028,45.68,33.64,23.10,17.66,-2.35,-2.20,-2.47,44.72,21.84,0.34,1.59,0.85,1.07,-9999,-9999,-9999,-9999,-9999,1.226
98029,30.72,33.31,23.86,16.98,-2.38,-2.09,-2.71,29.48,22.76,0.12,1.18,0.86,1.09,-9999,-9999,-9999,-9999,-9999,1.225
98030,38.90,34.63,23.22,12.77,-2.90,-2.27,-2.68,37.73,21.93,0.27,1.46,0.87,1.10,-9999,-9999,-9999,-9999,-9999,1.226
98031,26.13,31.06,22.01,8.53,-2.97,-2.61,-3.10,24.27,20.37,0.09,1.13,0.90,1.14,-9999,-9999,-9999,-9999,-9999,1.226
98032,30.09,29.76,23.49,8.67,-2.49,-2.54,-3.11,28.44,22.02,0.11,1.17,0.93,1.18,-9999,-9999,-9999,-9999,-9999,1.225
98033,27.74,25.95,19.69,8.00,-2.56,-2.34,-2.41,26.23,18.31,0.16,1.24,0.91,1.25,-9999,-9999,-9999,-9999,-9999,1.225
98034,29.98,27.42,20.01,17.02,-3.14,-2.37,-2.83,28.52,18.63,0.19,1.31,0.91,1.30,-9999,-9999,-9999,-9999,-9999,1.225
98035,27.37,30.04,17.03,14.65,-2.98,-2.10,-2.94,26.11,15.80,0.25,1.41,0.90,1.36,-9999,-9999,-9999,-9999,-9999,1.226
98036,27.04,32.58,18.02,16.40,-2.47,-1.74,-2.10,26.12,17.25,0.22,1.35,0.92,1.40,-9999,-9999,-9999,-9999,-9999,1.227
98037,39.70,20.12,16.55,14.48,-2.58,-2.05,-2.14,39.02,15.44,0.47,1.91,0.97,1.49,-9999,-9999,-9999,-9999,-9999,1.227
98038,30.07,24.28,18.43,12.98,-2.96,-2.43,-2.31,28.85,17.05,0.29,1.50,1.06,1.54,-9999,-9999,-9999,-9999,-9999,1.226
98039,40.54,19.78,16.08,9.99,-2.46,-1.91,-1.48,40.39,15.13,0.56,2.19,1.14,1.61,-9999,-9999,-9999,-9999,-9999,1.226
98040,25.76,24.12,18.38,12.95,-1.33,-0.87,-0.69,26.11,18.60,0.21,1.33,1.24,1.69,-9999,-9999,-9999,-9999,-9999,1.226
98041,-9999.00,27.24,16.13,11.86,-0.55,-0.16,-0.55,-9999.00,16.98,0.29,1.50,1.26,1.73,-9999,-9999,-9999,-9999,-9999,1.224
98042,-9999.00,25.90,18.46,13.65,0.28,0.13,-0.47,-9999.00,19.81,0.19,1.30,1.30,1.76,-9999,-9999,-9999,-9999,-9999,1.225
98043,29.00,26.30,12.56,10.93,1.17,0.49,0.48,30.84,13.91,0.45,1.87,1.28,1.80,-9999,-9999,-9999,-9999,-9999,1.226
98044,18.47,26.74,16.76,12.45,1.07,0.63,1.41,20.00,18.53,0.05,1.07,1.31,1.80,-9999,-9999,-9999,-9999,-9999,1.226
98045,22.83,26.39,16.36,13.06,0.55,0.47,0.77,24.28,17.96,0.18,1.28,1.28,1.81,-9999,-9999,-9999,-9999,-9999,1.227
98046,27.95,26.04,15.95,13.69,0.90,0.65,0.48,29.78,17.70,0.29,1.50,1.32,1.80,-9999,-9999,-9999,-9999,-9999,1.227
98047,29.36,22.10,15.55,11.28,1.57,0.71,1.00,31.18,17.34,0.33,1.57,1.35,1.78,-9999,-9999,-9999,-9999,-9999,1.227
98048,24.00,26.02,17.29,9.24,1.25,0.12,-0.00,24.94,18.63,0.17,1.26,1.35,1.75,-9999,-9999,-9999,-9999,-9999,1.227
98049,25.62,22.05,15.28,10.11,0.00,-0.61,-0.86,25.82,15.77,0.25,1.42,1.32,1.73,-9999,-9999,-9999,-9999,-9999,1.227
98050,22.44,25.28,17.83,12.82,-1.11,-1.01,-1.20,22.10,18.09,0.12,1.18,1.26,1.76,-9999,-9999,-9999,-9999,-9999,1.226
98051,29.30,18.08,11.75,11.24,-2.03,-1.20,-2.24,29.04,11.38,0.53,2.09,1.27,1.76,-9999,-9999,-9999,-9999,-9999,1.227
98052,22.98,23.81,13.69,10.90,-2.87,-1.84,-2.83,21.85,12.78,0.32,1.57,1.25,1.77,-9999,-9999,-9999,-9999,-9999,1.227
98053,26.53,20.43,14.95,6.14,-2.98,-2.57,-2.93,24.75,13.40,0.36,1.64,1.24,1.80,-9999,-9999,-9999,-9999,-9999,1.227
98054,23.03,25.89,18.65,9.45,-2.79,-2.86,-2.40,20.83,17.07,0.13,1.20,1.27,1.80,-9999,-9999,-9999,-9999,-9999,1.227
98055,33.29,21.88,14.55,6.63,-3.09,-3.00,-2.03,31.24,12.58,0.49,1.97,1.32,1.78,-9999,-9999,-9999,-9999,-9999,1.226
98056,23.65,26.16,17.74,10.49,-3.49,-2.99,-2.71,21.28,16.01,0.17,1.27,1.34,1.78,-9999,-9999,-9999,-9999,-9999,1.227
98057,20.83,27.37,13.94,10.17,-3.52,-2.70,-2.55,18.67,12.24,0.24,1.40,1.32,1.78,-9999,-9999,-9999,-9999,-9999,1.226
98058,22.38,25.61,15.70,11.20,-3.09,-2.23,-1.79,20.79,14.61,0.22,1.35,1.32,1.79,-9999,-9999,-9999,-9999,-9999,1.226
98059,24.85,23.62,17.53,12.24,-2.24,-1.88,-1.15,23.73,16.90,0.19,1.30,1.30,1.82,-9999,-9999,-9999,-9999,-9999,1.226
98060,40.82,28.69,17.48,12.73,-1.37,-1.64,-0.53,40.45,17.07,0.41,1.77,1.30,1.81,-9999,-9999,-9999,-9999,-9999,1.225
98061,41.48,23.67,17.39,9.69,-0.55,-0.86,-0.40,41.87,17.73,0.41,1.75,1.27,1.81,-9999,-9999,-9999,-9999,-9999,1.225
98062,42.35,27.02,16.29,10.25,0.30,0.18,-0.19,43.78,17.57,0.43,1.81,1.24,1.83,-9999,-9999,-9999,-9999,-9999,1.225
98063,33.58,22.82,15.53,10.63,1.17,0.80,0.23,35.34,17.39,0.34,1.60,1.23,1.83,-9999,-9999,-9999,-9999,-9999,1.225
98064,40.05,23.18,14.56,9.14,1.82,1.23,0.49,42.44,16.78,0.43,1.83,1.26,1.82,-9999,-9999,-9999,-9999,-9999,1.225
98065,33.97,19.54,15.57,9.16,2.07,1.59,0.90,36.52,18.20,0.34,1.61,1.28,1.83,-9999,-9999,-9999,-9999,-9999,1.225
98066,27.37,25.04,19.88,12.26,2.08,1.73,1.32,29.88,22.95,0.14,1.21,1.29,1.85,-9999,-9999,-9999,-9999,-9999,1.226
98067,-9999.00,22.80,16.63,9.96,2.06,1.91,1.42,-9999.00,19.67,0.21,1.34,1.30,1.86,-9999,-9999,-9999,-9999,-9999,1.225
98068,-9999.00,28.14,19.65,14.52,2.10,2.13,0.99,-9999.00,23.12,0.01,1.02,1.32,1.87,-9999,-9999,-9999,-9999,-9999,1.225
98069,39.77,21.30,14.62,10.74,2.08,2.12,0.97,43.09,17.75,0.42,1.78,1.32,1.91,-9999,-9999,-9999,-9999,-9999,1.225
98070,41.23,25.26,17.37,15.14,1.78,1.82,1.54,44.28,20.38,0.36,1.65,1.33,1.94,-9999,-9999,-9999,-9999,-9999,1.225
98071,37.72,20.39,13.54,11.74,1.43,1.36,1.58,40.22,15.82,0.48,1.94,1.31,1.96,-9999,-9999,-9999,-9999,-9999,1.225
98072,26.62,28.63,15.62,13.37,1.03,0.82,1.67,28.24,17.50,0.27,1.46,1.31,1.93,-9999,-9999,-9999,-9999,-9999,1.225
98073,20.37,28.63,17.47,12.17,0.95,0.70,1.98,21.68,19.32,0.08,1.11,1.33,1.91,-9999,-9999,-9999,-9999,-9999,1.225
98074,20.38,29.06,17.30,8.93,1.13,0.89,1.72,21.88,19.32,0.08,1.12,1.33,1.92,-9999,-9999,-9999,-9999,-9999,1.226
98075,21.03,23.00,19.05,11.36,0.82,0.61,1.52,22.25,20.91,0.05,1.07,1.31,1.93,-9999,-9999,-9999,-9999,-9999,1.225
98076,26.15,27.89,20.84,13.38,0.36,0.01,1.24,26.99,22.21,0.12,1.18,1.32,1.95,-9999,-9999,-9999,-9999,-9999,1.225
98077,28.66,23.11,17.09,10.22,0.28,-0.61,0.52,28.97,17.61,0.27,1.46,1.33,1.92,-9999,-9999,-9999,-9999,-9999,1.225
98078,26.79,26.66,18.06,13.47,0.09,-1.13,-0.60,26.63,18.13,0.21,1.34,1.33,1.91,-9999,-9999,-9999,-9999,-9999,1.225
98079,25.20,22.13,14.84,8.08,-0.44,-1.35,-1.48,24.84,14.49,0.32,1.55,1.35,1.90,-9999,-9999,-9999,-9999,-9999,1.227
98080,25.49,25.88,19.82,11.07,-1.29,-1.42,-1.68,25.17,19.70,0.16,1.24,1.40,1.86,-9999,-9999,-9999,-9999,-9999,1.226
98081,23.58,25.80,16.28,9.82,-2.00,-1.34,-2.09,23.26,16.01,0.24,1.40,1.42,1.83,-9999,-9999,-9999,-9999,-9999,1.227
98082,21.12,27.27,17.34,13.79,-2.76,-1.72,-2.71,20.23,16.78,0.13,1.20,1.39,1.82,-9999,-9999,-9999,-9999,-9999,1.226
98083,17.67,26.67,14.00,10.01,-3.56,-2.82,-3.03,15.54,12.14,0.16,1.25,1.38,1.85,-9999,-9999,-9999,-9999,-9999,1.226
98084,20.56,29.92,20.21,5.51,-3.66,-3.34,-3.83,18.01,18.25,0.01,1.02,1.39,1.90,-9999,-9999,-9999,-9999,-9999,1.227
98085,19.39,28.72,20.33,5.46,-3.51,-2.92,-4.45,17.26,18.79,-0.04,0.94,1.40,1.91,-9999,-9999,-9999,-9999,-9999,1.228
98086,19.90,25.45,18.43,5.20,-3.44,-2.35,-3.14,18.39,17.31,0.05,1.08,1.38,1.92,-9999,-9999,-9999,-9999,-9999,1.227
98087,20.07,21.12,16.91,12.31,-3.10,-1.76,-1.06,19.22,16.25,0.11,1.17,1.39,1.93,-9999,-9999,-9999,-9999,-9999,1.227
98088,22.51,20.41,15.79,11.33,-2.28,-1.28,-0.51,22.28,15.50,0.22,1.36,1.42,1.91,-9999,-9999,-9999,-9999,-9999,1.226
98089,21.40,29.49,18.85,11.34,-1.24,-0.80,-0.91,21.55,19.21,0.08,1.11,1.44,1.90,-9999,-9999,-9999,-9999,-9999,1.226
98090,22.21,27.63,19.02,11.29,-0.45,-0.18,-0.62,22.96,19.96,0.09,1.13,1.48,1.83,-9999,-9999,-9999,-9999,-9999,1.226
98091,22.50,30.43,18.63,11.62,0.40,-0.05,-0.03,23.37,19.70,0.11,1.17,1.47,1.86,-9999,-9999,-9999,-9999,-9999,1.226
98092,32.21,23.35,15.00,13.46,1.29,0.32,0.03,33.87,16.21,0.46,1.90,1.44,1.87,-9999,-9999,-9999,-9999,-9999,1.226
98093,22.74,29.09,17.15,12.37,1.63,1.00,0.42,24.71,19.17,0.17,1.26,1.44,1.86,-9999,-9999,-9999,-9999,-9999,1.226
98094,26.86,23.08,14.41,13.19,1.96,1.16,1.55,29.17,16.43,0.36,1.65,1.41,1.85,-9999,-9999,-9999,-9999,-9999,1.226
98095,22.92,21.42,16.44,13.58,2.09,1.07,1.81,24.96,18.49,0.19,1.30,1.38,1.83,-9999,-9999,-9999,-9999,-9999,1.226
98096,28.89,15.51,12.29,12.74,1.71,0.98,0.97,31.14,14.00,0.51,2.02,1.37,1.81,-9999,-9999,-9999,-9999,-9999,1.227
98097,26.17,21.57,14.58,12.18,1.57,1.14,0.63,28.45,16.57,0.36,1.65,1.38,1.81,-9999,-9999,-9999,-9999,-9999,1.227
98098,27.66,20.93,11.05,3.64,1.66,1.26,1.08,30.10,12.95,0.57,2.19,1.36,1.82,-9999,-9999,-9999,-9999,-9999,1.227
98099,28.32,22.19,15.54,5.26,1.60,0.91,1.19,30.38,17.31,0.34,1.60,1.33,1.81,-9999,-9999,-9999,-9999,-9999,1.227
98100,27.66,20.92,16.74,8.73,1.15,1.01,1.00,29.74,18.67,0.27,1.46,1.28,1.74,-9999,-9999,-9999,-9999,-9999,1.226
98101,25.92,23.37,19.38,13.11,0.86,1.57,1.48,28.44,22.02,0.16,1.24,1.23,1.68,-9999,-9999,-9999,-9999,-9999,1.226
98102,26.32,20.66,16.96,10.04,1.29,1.70,1.71,29.07,19.61,0.23,1.37,1.27,1.61,-9999,-9999,-9999,-9999,-9999,1.226
98103,25.66,21.91,18.04,13.84,1.10,1.34,0.75,28.08,20.42,0.18,1.28,1.28,1.66,-9999,-9999,-9999,-9999,-9999,1.225
98104,26.46,23.27,18.70,11.27,0.47,0.73,-0.05,28.30,20.52,0.17,1.27,1.28,1.66,-9999,-9999,-9999,-9999,-9999,1.226
98105,27.57,22.92,19.88,15.87,0.33,0.27,-0.00,28.98,21.30,0.16,1.25,1.26,1.65,-9999,-9999,-9999,-9999,-9999,1.225
98106,33.10,23.40,17.20,7.73,0.33,0.31,0.34,34.78,18.51,0.32,1.56,1.26,1.65,-9999,-9999,-9999,-9999,-9999,1.225
98107,26.15,23.55,17.47,10.29,0.40,0.44,0.71,27.69,18.89,0.20,1.32,1.28,1.62,-9999,-9999,-9999,-9999,-9999,1.226
98108,22.24,22.49,17.15,11.47,0.41,0.49,0.81,23.72,18.60,0.12,1.18,1.28,1.65,-9999,-9999,-9999,-9999,-9999,1.224
98109,27.89,25.27,16.80,14.00,0.71,0.65,0.53,29.77,18.37,0.23,1.38,1.23,1.62,-9999,-9999,-9999,-9999,-9999,1.224
98110,23.49,25.30,17.12,11.83,1.02,0.64,0.26,25.16,18.71,0.15,1.24,1.20,1.64,-9999,-9999,-9999,-9999,-9999,1.225
98111,21.58,22.49,19.33,13.09,0.68,0.55,0.66,23.04,21.02,0.05,1.08,1.17,1.68,-9999,-9999,-9999,-9999,-9999,1.225
98112,22.97,26.03,19.54,8.96,0.58,0.68,1.35,24.63,21.41,0.08,1.12,1.20,1.73,-9999,-9999,-9999,-9999,-9999,1.225
98113,26.11,25.23,19.58,11.74,0.73,1.08,1.24,28.33,21.88,0.15,1.23,1.20,1.77,-9999,-9999,-9999,-9999,-9999,1.226
98114,28.08,21.17,15.74,9.89,1.07,1.32,0.83,30.66,18.05,0.29,1.49,1.21,1.75,-9999,-9999,-9999,-9999,-9999,1.226
98115,25.36,24.84,16.03,12.90,1.44,0.84,0.48,27.36,17.88,0.22,1.36,1.18,1.74,-9999,-9999,-9999,-9999,-9999,1.225
98116,29.16,20.47,13.24,10.63,1.09,0.22,0.09,30.67,14.32,0.38,1.69,1.15,1.77,-9999,-9999,-9999,-9999,-9999,1.226
98117,18.06,24.41,16.81,15.20,0.81,0.17,0.37,19.01,18.10,0.03,1.05,1.14,1.81,-9999,-9999,-9999,-9999,-9999,1.226
98118,17.27,28.55,17.93,9.43,0.99,0.35,1.06,18.34,19.52,-0.02,0.98,1.11,1.84,-9999,-9999,-9999,-9999,-9999,1.225
98119,20.67,25.97,16.08,13.91,1.09,0.64,1.28,22.18,17.86,0.11,1.17,1.09,1.86,-9999,-9999,-9999,-9999,-9999,1.225
98120,24.98,26.36,17.71,10.36,1.22,1.08,1.04,27.14,20.06,0.15,1.24,1.09,1.88,-9999,-9999,-9999,-9999,-9999,1.225
98121,23.86,26.60,17.65,11.88,1.47,1.27,0.57,26.16,20.22,0.14,1.21,1.07,1.93,-9999,-9999,-9999,-9999,-9999,1.225
98122,35.93,20.41,17.64,11.35,1.83,1.31,0.59,38.84,20.27,0.31,1.54,1.08,1.90,-9999,-9999,-9999,-9999,-9999,1.225
98123,26.39,22.95,15.52,8.15,1.67,1.31,1.15,28.87,18.01,0.24,1.40,1.12,1.88,-9999,-9999,-9999,-9999,-9999,1.225
98124,31.12,18.67,14.40,11.54,0.78,1.24,1.52,33.76,16.74,0.36,1.66,1.14,1.87,-9999,-9999,-9999,-9999,-9999,1.225
98125,21.01,31.43,17.84,14.97,0.36,1.17,1.38,23.19,20.34,0.08,1.12,1.17,1.89,-9999,-9999,-9999,-9999,-9999,1.226
98126,29.12,32.18,14.22,12.18,0.61,1.06,0.76,31.62,16.31,0.34,1.60,1.19,1.91,-9999,-9999,-9999,-9999,-9999,1.224
98127,22.52,32.67,17.09,12.57,0.50,1.09,0.28,24.71,19.43,0.13,1.20,1.15,1.94,-9999,-9999,-9999,-9999,-9999,1.225
98128,24.80,27.62,15.41,9.17,0.16,0.98,0.37,26.99,17.51,0.22,1.36,1.16,1.92,-9999,-9999,-9999,-9999,-9999,1.225
98129,21.05,32.68,18.49,12.38,0.16,0.46,0.05,22.59,20.29,0.06,1.08,1.19,1.93,-9999,-9999,-9999,-9999,-9999,1.225
98130,24.96,28.47,18.60,9.14,0.42,0.14,-0.19,26.43,20.09,0.13,1.19,1.21,1.94,-9999,-9999,-9999,-9999,-9999,1.225
98131,21.00,33.16,20.21,10.02,0.29,0.16,0.10,22.32,21.82,0.02,1.02,1.22,1.95,-9999,-9999,-9999,-9999,-9999,1.225
98132,26.26,28.46,16.39,9.75,0.10,0.25,0.00,27.97,17.81,0.23,1.37,1.23,1.96,-9999,-9999,-9999,-9999,-9999,1.225
98133,22.46,29.97,17.25,9.08,0.45,0.10,-0.32,23.70,18.59,0.13,1.20,1.18,1.99,-9999,-9999,-9999,-9999,-9999,1.226
98134,23.96,24.37,12.86,11.36,0.67,-0.07,-0.61,25.02,13.71,0.33,1.57,1.19,1.97,-9999,-9999,-9999,-9999,-9999,1.226
98135,26.44,27.38,17.57,9.55,0.48,-0.08,-0.50,27.60,18.74,0.22,1.36,1.22,1.96,-9999,-9999,-9999,-9999,-9999,1.226
98136,24.18,25.60,15.91,10.25,0.34,-0.01,-0.12,25.30,17.03,0.23,1.37,1.27,1.95,-9999,-9999,-9999,-9999,-9999,1.226
98137,21.95,28.68,19.77,13.94,0.23,-0.08,-0.43,22.92,21.04,0.06,1.08,1.29,1.89,-9999,-9999,-9999,-9999,-9999,1.226
98138,15.73,29.05,17.99,15.72,0.10,-0.35,-0.58,16.13,18.87,-0.07,0.91,1.29,1.86,-9999,-9999,-9999,-9999,-9999,1.226
98139,19.60,27.24,18.14,15.87,-0.05,-0.38,0.08,20.16,18.99,0.04,1.06,1.30,1.82,-9999,-9999,-9999,-9999,-9999,1.226
98140,14.32,24.15,21.51,9.62,0.06,-0.38,0.49,14.63,22.61,-0.20,0.76,1.35,1.84,-9999,-9999,-9999,-9999,-9999,1.226
98141,23.86,20.57,21.05,7.53,0.12,-0.26,0.05,24.75,22.23,0.06,1.09,1.37,1.87,-9999,-9999,-9999,-9999,-9999,1.227
98142,22.71,25.92,19.82,9.42,-0.11,0.33,0.08,24.16,21.46,0.07,1.09,1.37,1.86,-9999,-9999,-9999,-9999,-9999,1.227
98143,25.81,23.50,18.69,10.35,0.08,0.89,1.19,27.96,20.76,0.16,1.24,1.34,1.82,-9999,-9999,-9999,-9999,-9999,1.227
98144,23.79,24.75,18.72,10.63,0.07,0.95,1.13,25.90,20.86,0.12,1.18,1.34,1.81,-9999,-9999,-9999,-9999,-9999,1.228
98145,25.67,22.36,17.25,9.03,-0.17,0.48,0.19,27.40,18.80,0.20,1.31,1.33,1.80,-9999,-9999,-9999,-9999,-9999,1.227
98146,23.34,27.26,20.68,11.79,0.35,0.13,0.26,24.61,22.09,0.06,1.08,1.37,1.77,-9999,-9999,-9999,-9999,-9999,1.227
98147,31.16,25.99,16.74,11.40,0.55,0.41,0.68,33.09,18.15,0.29,1.49,1.37,1.75,-9999,-9999,-9999,-9999,-9999,1.227
98148,38.44,25.46,16.46,11.39,0.15,0.67,0.37,41.02,18.08,0.43,1.80,1.36,1.74,-9999,-9999,-9999,-9999,-9999,1.227
98149,35.29,25.04,16.25,11.44,-0.06,0.56,-0.39,37.61,17.70,0.44,1.83,1.34,1.74,-9999,-9999,-9999,-9999,-9999,1.228
98150,31.84,25.33,17.99,14.80,-0.12,0.08,-0.46,33.48,19.03,0.35,1.62,1.32,1.74,-9999,-9999,-9999,-9999,-9999,1.230
98151,32.77,27.99,17.67,12.11,0.12,-0.49,-0.11,33.87,18.15,0.37,1.67,1.29,1.73,-9999,-9999,-9999,-9999,-9999,1.229
98152,26.37,29.04,27.40,23.14,0.44,-0.65,-0.55,27.05,28.25,-0.02,0.97,1.29,1.73,-9999,-9999,-9999,-9999,-9999,1.230
98153,29.80,28.32,23.33,19.54,0.84,-0.12,-0.41,31.20,24.50,0.12,1.18,1.30,1.74,-9999,-9999,-9999,-9999,-9999,1.229
