NASA Data Processing/CAMP2Ex/OPTICAL/CAMP2Ex-LARGE-OPTICAL_P3B_20190830_R0.ict
100,1001
Luke Ziemba
NASA Langley
In-situ optical aerosol measurements from the NASA P3B
CAMP2Ex
1,1
2019,08,30,2020,05,5
1.0
Time_Mid,Secs after midnight,Time of acquisition
19
1,1,1,1,1,1,1,1,1,1,1,1,1,1,1,1,1,1,1
-9999,-9999,-9999,-9999,-9999,-9999,-9999,-9999,-9999,-9999,-9999,-9999,-9999,-9999,-9999,-9999,-9999,-9999,-9999
Sc550_total_amb, Mm-1, AerOpt_Scattering_InSitu_Green_RHa_Bulk_STP, scattering coefficient of ambient  particles at 550nm
Sc450_total, Mm-1, AerOpt_Scattering_InSitu_Blue_RHd_Bulk_STP, Dry Scattering at 450nm (Total Aerosols)
Sc550_total, Mm-1, AerOpt_Scattering_InSitu_Green_RHd_Bulk_STP, Dry Scattering at 550nm (Total Aerosols)
Sc700_total, Mm-1, AerOpt_Scattering_InSitu_Red_RHd_Bulk_STP, Dry Scattering at 700nm (Total Aerosols)
Abs470_total, Mm-1, AerOpt_Absorption_InSitu_Blue_RHd_Bulk_STP, Dry absorption at 470nm (Total Aerosols)
Abs532_total, Mm-1, AerOpt_Absorption_InSitu_Green_RHd_Bulk_STP, Dry absorption at 532nm (Total Aerosols)
Abs660_total, Mm-1, AerOpt_Absorption_InSitu_Red_RHd_Bulk_STP, Dry absorption at 660nm (Total Aerosols)
Ext532_total_amb, Mm-1, AerOpt_Extinction_InSitu_Green_RHa_Bulk_STP, extinction coefficient of aerosols at 532nm for AMBIENT relative humidity
Ext532_total_dry, Mm-1, AerOpt_Extinction_InSitu_Green_RHd_Bulk_STP, extinction coefficient of aerosols at 532nm for DRY relative humidity
gamma550, unitless, AerOpt_Gamma_InSitu_Green_None_Bulk_STP, derived optical hygroscopic growth factor for particles at 550nm
fRH550_RH20to80, unitless, AerOpt_fRHScat_InSitu_Green_RHsp_Bulk_STP, derived optical hygroscopic growth parameter for particles at 550nm
AEscatAMB_450to700nm,unitless, AerOpt_AngstromExponentScat_InSitu_BluetoRed_RHa_Bulk_STP, derived ambient Angstrom Exponent for scattering coefficient over wavelength range from 450nm to 700nm
AEscatDRY_450to700nm,unitless, AerOpt_AngstromExponentScatInSitu_BluetoRed_RHd_Bulk_STP, derived dry Angstrom Exponent for scattering coefficient over wavelength range from 450nm to 700nm
AEabsDRY_470to660nm,unitless, AerOpt_AngstromExponentAbs_InSitu_BluetoRed_RHd_Bulk_STP, derived dry Angstrom Exponent for absorption coefficient over wavelength range from 450nm to 700nm
SSA_dry_450nm,unitless, AerOpt_SSA_InSitu_Blue_RHd_Bulk_STP, single_scattering_albedo_at_450nm_as_derived_from_dry_scattering_and_absorption
SSA_dry_550nm,unitless, AerOpt_SSA_InSitu_Green_RHd_Bulk_STP, single_scattering_albedo_at_550nm_as_derived_from_dry_scattering_and_absorption
SSA_dry_700nm,unitless, AerOpt_SSA_InSitu_Red_RHd_Bulk_STP, single_scattering_albedo_at_700nm_as_derived_from_dry_scattering_and_absorption
SSA_amb_550nm,unitless, AerOpt_SSA_InSitu_Green_RHa_Bulk_STP, single_scattering_albedo_at_550nm_as_derived_from_ambient_scattering_and_absorption
stdPT,unitless, None, Conversion factor to convert between ambient and standard pressure and temperature conditions
0
67
******************************************************************************************************************
Langley Aerosol data from the 2019 CAMP2Ex field campaign
 
PI_CONTACT_INFO: luke.ziemba@nasa.gov
PLATFORM: NASA P3B aircraft
LOCATION: Latitude, Longitude, and Altitude included in MetNav files
[...]
UNCERTAINTY: estimated uncertainties for directly measured properties
	- For dry scattering, accuracy estimated at 30% for all wavelengths; precision estimated at 4.5 Mm-1 for 450nm wavelength and 3 Mm-1 for 550nm and 700nm wavelengths
	- For dry absorption, accuracy estimated at 15% for all wavelengths; precision is a function of pressure and is estimated to vary from 0.5 Mm-1 near the surface to 2 at high altitude
	- For derived parameters, please contact the PI for a more detailed discussion of uncertainty
ULOD_FLAG: -7777
ULOD_VALUE: N/A
LLOD_FLAG: -8888
LLOD_VALUE: N/A
DM_CONTACT_INFO: Michael Shook (michael.shook@nasa.gov)
PROJECT_INFO: CAMP2Ex 2019
STIPULATIONS_ON_USE: This is FINAL data. Users are strongly encouraged to consult the PI and/or DM prior to use.
OTHER_COMMENTS: N/A
REVISION: R0
R0: STP and ambient parameter calculations now use data from their respective publicly available files, data is time synced to DLH
RD: Correction factor applied to raw scattering data, which also affects the absorption data via the Virkkula correction
RC: Higher threshholds required for calculating intensive parameters; absorption smoothing algorithm applied
RB: Time sync to LARGE CNgt3nm applied
RA: None
******************************************************************************************************************
Time_Mid,Sc550_total_amb,Sc450_total,Sc550_total,Sc700_total,Abs470_total,Abs532_total,Abs660_total,Ext532_total_amb,Ext532_total_dry,gamma550,fRH550_RH20to80,AEscatAMB_450to700nm,AEscatDRY_450to700nm,AEabsDRY_470to660nm,SSA_dry_450nm,SSA_dry_550nm,SSA_dry_700nm,SSA_amb_550nm,stdPT
[from data line 11016]
93209,36.68,58.84,31.97,18.15,5.41,3.30,3.85,42.59,37.95,0.19,1.30,2.17,2.43,0.63,0.948,0.928,0.896,0.933,1.265
93210,41.39,60.19,37.91,21.02,3.58,2.93,3.22,47.28,44.03,0.12,1.18,2.19,2.44,0.89,0.945,0.927,0.897,0.932,1.266
93211,40.09,55.29,37.89,18.33,2.29,2.58,2.67,45.55,43.67,0.08,1.11,2.20,2.48,0.86,0.942,0.925,0.889,0.931,1.266
93212,37.94,60.59,37.77,21.28,2.84,2.39,2.24,43.05,43.34,0.01,1.01,2.21,2.49,0.55,0.943,0.925,0.880,0.931,1.265
93213,41.57,53.59,37.27,17.61,3.38,1.88,1.71,46.41,42.24,0.15,1.22,2.21,2.49,0.51,0.948,0.934,0.889,0.939,1.266
93214,40.91,59.04,36.54,20.56,2.69,1.54,1.75,45.36,41.08,0.15,1.24,2.21,2.50,-9999,0.958,-9999.000,-9999.000,-9999.000,1.266
93215,41.28,53.35,36.63,17.65,2.21,1.62,2.24,45.83,41.21,0.16,1.25,2.21,2.50,-9999,0.964,-9999.000,-9999.000,-9999.000,1.266
93216,42.07,63.17,37.78,20.43,2.02,1.87,1.52,46.95,42.69,0.14,1.22,2.22,2.51,-9999,0.963,-9999.000,-9999.000,-9999.000,1.266
93217,41.72,60.97,37.13,20.51,1.57,1.96,1.39,46.68,42.08,0.16,1.24,2.22,2.52,-9999,0.962,-9999.000,-9999.000,-9999.000,1.266
93218,40.69,63.28,38.16,23.24,1.44,1.70,1.95,45.34,42.97,0.09,1.13,2.21,2.51,-9999,0.960,-9999.000,-9999.000,-9999.000,1.266
93219,38.75,56.92,36.95,17.75,1.35,1.45,1.58,43.00,41.41,0.07,1.09,2.21,2.51,-9999,0.958,-9999.000,-9999.000,-9999.000,1.265
93220,33.89,61.74,31.57,13.47,0.99,1.24,0.77,37.58,35.42,0.10,1.14,2.19,2.51,-9999,0.961,-9999.000,-9999.000,-9999.000,1.266
93221,35.80,54.11,29.90,16.02,1.03,1.37,0.31,39.76,33.78,0.24,1.40,2.18,2.50,-9999,-9999,-9999,-9999,-9999,1.266
93222,33.87,52.38,31.82,14.91,1.25,1.56,0.97,37.92,36.09,0.08,1.12,2.18,2.49,-9999,-9999,-9999,-9999,-9999,1.266
93223,33.02,45.40,29.98,17.25,1.53,1.43,1.74,36.88,33.98,0.13,1.20,2.16,2.47,-9999,-9999,-9999,-9999,-9999,1.266
93224,33.96,63.20,31.42,19.55,1.67,1.23,1.50,37.69,35.35,0.11,1.16,2.16,2.46,-9999,-9999,-9999,-9999,-9999,1.266
93225,35.36,56.20,29.38,16.81,1.53,0.92,1.05,38.88,32.79,0.25,1.42,2.17,2.46,-9999,-9999,-9999,-9999,-9999,1.266
93226,36.18,55.93,33.07,18.98,1.06,0.85,0.48,39.67,36.71,0.12,1.19,2.18,2.47,-9999,-9999,-9999,-9999,-9999,1.266
93227,31.01,44.61,29.73,14.19,0.69,0.96,0.05,34.26,33.21,0.06,1.08,2.18,2.47,-9999,-9999,-9999,-9999,-9999,1.266
93228,31.63,46.99,33.26,16.98,1.02,0.56,-0.56,34.53,36.66,-0.07,0.91,2.19,2.48,-9999,-9999,-9999,-9999,-9999,1.266
93229,31.03,44.32,28.67,13.69,1.42,-0.01,-0.50,33.33,31.11,0.11,1.16,2.18,2.46,-9999,-9999,-9999,-9999,-9999,1.266
93230,30.94,48.61,33.38,16.66,0.81,-0.28,0.74,32.99,35.99,-0.11,0.86,2.17,2.46,-9999,-9999,-9999,-9999,-9999,1.266
93231,31.48,46.88,28.92,15.03,0.07,-0.05,0.60,33.80,31.40,0.12,1.18,2.15,2.42,-9999,-9999,-9999,-9999,-9999,1.266
93232,29.18,48.26,30.73,16.06,-0.26,0.05,-0.37,31.44,33.45,-0.07,0.90,2.13,2.41,-9999,-9999,-9999,-9999,-9999,1.266
93233,26.38,44.17,24.74,16.39,-0.56,-0.13,-0.27,28.25,26.75,0.09,1.14,2.12,2.40,-9999,-9999,-9999,-9999,-9999,1.266
93234,29.34,42.19,27.90,16.73,-0.63,-0.18,-0.06,31.38,30.12,0.07,1.10,2.13,2.41,-9999,-9999,-9999,-9999,-9999,1.266
93235,29.49,40.55,22.94,17.27,-0.25,-0.22,0.02,31.50,24.70,0.36,1.64,2.12,2.39,-9999,-9999,-9999,-9999,-9999,1.266
93236,29.71,42.64,23.49,17.59,-0.00,-0.10,0.24,31.84,25.38,0.35,1.61,2.11,2.37,-9999,-9999,-9999,-9999,-9999,1.266
93237,23.81,41.54,22.85,16.22,-0.42,0.09,0.61,25.68,24.85,0.06,1.09,2.10,2.35,-9999,-9999,-9999,-9999,-9999,1.267
93238,29.43,43.14,23.87,16.39,-0.98,0.10,0.57,31.71,25.94,0.30,1.52,2.09,2.33,-9999,-9999,-9999,-9999,-9999,1.266
93239,25.09,39.91,23.08,15.32,-0.77,0.15,-0.28,27.10,25.13,0.12,1.18,2.10,2.33,-9999,-9999,-9999,-9999,-9999,1.266
93240,30.76,46.09,31.91,13.15,-0.41,0.27,-0.55,33.26,34.70,-0.05,0.93,2.10,2.32,-9999,-9999,-9999,-9999,-9999,1.267
93241,29.06,39.30,28.35,12.03,0.16,0.61,-0.09,31.77,31.14,0.04,1.05,2.09,2.29,-9999,-9999,-9999,-9999,-9999,1.266
93242,25.72,41.09,25.66,14.20,1.10,1.11,0.23,28.66,28.69,0.00,1.00,2.09,2.29,-9999,-9999,-9999,-9999,-9999,1.266
93243,25.73,39.64,21.70,12.56,1.21,1.26,0.40,28.80,24.58,0.24,1.40,2.08,2.29,-9999,-9999,-9999,-9999,-9999,1.267
93244,27.31,38.63,26.29,15.51,1.08,1.11,0.47,30.35,29.40,0.05,1.08,2.09,2.31,-9999,-9999,-9999,-9999,-9999,1.266
93245,27.59,42.54,22.67,16.57,1.36,1.14,0.84,30.68,25.53,0.28,1.47,2.08,2.29,-9999,-9999,-9999,-9999,-9999,1.266
93246,27.64,40.53,26.39,20.75,1.64,1.37,1.06,30.97,29.79,0.06,1.09,2.07,2.27,-9999,-9999,-9999,-9999,-9999,1.267
93247,27.94,39.97,23.80,15.06,1.75,1.59,0.93,31.48,27.19,0.22,1.37,2.09,2.29,-9999,-9999,-9999,-9999,-9999,1.266
93248,28.85,39.97,27.68,15.22,2.29,1.88,1.39,32.74,31.67,0.06,1.08,2.10,2.30,-9999,-9999,-9999,-9999,-9999,1.266
93249,31.42,39.09,25.05,14.04,3.58,2.32,2.30,35.90,29.24,0.31,1.54,2.13,2.33,-9999,-9999,-9999,-9999,-9999,1.266
93250,31.31,43.36,29.00,16.04,3.59,2.34,2.32,35.79,33.49,0.11,1.16,2.11,2.30,-9999,-9999,-9999,-9999,-9999,1.266
93251,30.53,45.11,28.02,13.46,2.24,1.88,1.23,34.49,31.95,0.12,1.17,2.11,2.29,-9999,-9999,-9999,-9999,-9999,1.266
93252,29.46,43.20,29.78,16.54,1.68,1.29,0.45,32.73,33.16,-0.01,0.98,2.11,2.28,-9999,-9999,-9999,-9999,-9999,1.266
93253,30.56,41.28,28.24,14.43,1.47,0.83,0.60,33.39,31.02,0.11,1.16,2.11,2.28,-9999,-9999,-9999,-9999,-9999,1.266
93254,28.85,38.45,27.89,14.57,1.21,0.68,0.54,31.37,30.43,0.05,1.07,2.11,2.27,-9999,-9999,-9999,-9999,-9999,1.267
93255,30.53,37.01,29.57,13.69,1.49,0.79,0.47,33.25,32.29,0.05,1.07,2.10,2.26,-9999,-9999,-9999,-9999,-9999,1.267
93256,29.36,37.95,29.14,15.66,1.27,0.62,0.29,31.83,31.67,0.01,1.02,2.07,2.21,-9999,-9999,-9999,-9999,-9999,1.266
93257,30.54,37.05,29.56,12.70,-0.42,-0.25,-0.55,32.24,31.27,0.05,1.07,2.06,2.19,-9999,-9999,-9999,-9999,-9999,1.266
93258,30.54,43.51,29.94,13.39,-2.19,-1.63,-1.36,30.82,30.27,0.03,1.04,2.05,2.18,-9999,-9999,-9999,-9999,-9999,1.266
93259,27.78,43.21,25.15,12.08,-3.31,-2.85,-2.13,26.64,23.91,0.16,1.25,2.05,2.17,-9999,-9999,-9999,-9999,-9999,1.267
93260,27.84,41.43,25.99,16.72,-4.15,-3.50,-3.36,26.04,24.15,0.11,1.16,2.06,2.18,-9999,-9999,-9999,-9999,-9999,1.267
93261,28.14,42.09,24.86,17.44,-4.28,-3.59,-3.71,26.25,22.83,0.22,1.36,2.07,2.19,-9999,-9999,-9999,-9999,-9999,1.267
93262,28.90,39.30,27.86,8.78,-4.65,-3.85,-4.50,26.82,25.75,0.07,1.10,2.10,2.21,-9999,-9999,-9999,-9999,-9999,1.266
93263,29.73,44.18,28.03,11.34,-5.54,-4.53,-5.21,26.99,25.21,0.11,1.17,2.09,2.20,-9999,-9999,-9999,-9999,-9999,1.266
93264,26.21,34.52,24.41,8.32,-5.67,-5.17,-5.58,22.61,20.73,0.15,1.23,2.08,2.18,-9999,-9999,-9999,-9999,-9999,1.267
93265,24.65,31.04,23.97,17.63,-5.30,-5.07,-5.62,21.05,20.35,0.06,1.09,2.06,2.17,-9999,-9999,-9999,-9999,-9999,1.267
93266,21.94,28.78,20.15,14.83,-4.94,-4.38,-4.89,18.90,17.02,0.18,1.29,2.05,2.15,-9999,-9999,-9999,-9999,-9999,1.267
93267,31.70,38.00,32.71,18.37,-5.28,-4.25,-4.61,29.42,30.53,-0.07,0.91,2.04,2.12,-9999,-9999,-9999,-9999,-9999,1.267
93268,26.58,37.66,26.22,15.54,-5.40,-4.31,-4.71,23.95,23.61,0.03,1.04,2.02,2.11,-9999,-9999,-9999,-9999,-9999,1.267
93269,29.47,36.56,29.53,15.61,-4.84,-4.08,-3.55,27.27,27.37,-0.00,0.99,2.02,2.10,-9999,-9999,-9999,-9999,-9999,1.267
93270,24.92,31.21,25.33,14.34,-4.38,-3.51,-2.86,23.00,23.50,-0.04,0.95,2.03,2.12,-9999,-9999,-9999,-9999,-9999,1.267
93271,22.66,34.74,22.22,17.46,-2.99,-2.50,-2.29,21.62,21.21,0.05,1.07,2.01,2.12,-9999,-9999,-9999,-9999,-9999,1.267
93272,20.91,29.56,19.64,14.13,-1.78,-1.72,-1.44,20.51,19.21,0.16,1.24,2.00,2.11,-9999,-9999,-9999,-9999,-9999,1.267
93273,22.10,32.22,22.07,12.64,-2.02,-1.18,-0.96,22.30,22.33,0.00,1.00,1.97,2.08,-9999,-9999,-9999,-9999,-9999,1.267
93274,21.49,26.91,20.10,9.93,-1.66,-0.63,-0.56,22.18,20.74,0.17,1.27,1.97,2.05,-9999,-9999,-9999,-9999,-9999,1.267
93275,22.45,32.82,21.94,11.27,-0.61,-0.35,-0.40,23.46,22.94,0.06,1.09,1.95,2.02,-9999,-9999,-9999,-9999,-9999,1.267
93276,24.17,34.30,22.22,11.13,0.03,0.15,-0.36,25.77,23.72,0.23,1.37,1.93,2.00,-9999,-9999,-9999,-9999,-9999,1.267
93277,21.01,31.56,22.29,12.17,0.53,0.94,0.51,23.20,24.54,-0.16,0.80,1.92,2.00,-9999,-9999,-9999,-9999,-9999,1.267
93278,20.12,26.21,20.33,12.84,1.77,1.72,1.17,23.04,23.25,-0.03,0.96,1.89,1.96,-9999,-9999,-9999,-9999,-9999,1.267
93279,20.69,29.91,21.37,14.69,2.72,2.11,0.92,24.04,24.74,-0.09,0.88,1.84,1.91,-9999,-9999,-9999,-9999,-9999,1.267
93280,17.44,24.23,15.75,10.97,2.16,2.00,0.76,20.51,18.70,0.30,1.51,1.81,1.89,-9999,-9999,-9999,-9999,-9999,1.267
93281,14.62,28.57,13.34,14.40,1.76,1.88,0.85,17.40,16.05,0.26,1.44,1.84,1.94,-9999,-9999,-9999,-9999,-9999,1.267
93282,12.93,29.67,11.49,11.61,2.20,1.69,1.25,15.42,13.89,0.35,1.62,1.86,1.97,-9999,-9999,-9999,-9999,-9999,1.267
93283,14.46,29.92,13.87,14.30,2.22,1.25,1.47,16.62,16.00,0.12,1.19,1.88,1.99,-9999,-9999,-9999,-9999,-9999,1.267
93284,17.12,26.54,16.48,9.41,2.15,1.30,1.39,19.50,18.85,0.11,1.17,1.87,1.99,-9999,-9999,-9999,-9999,-9999,1.267
93285,18.53,30.97,18.35,8.14,2.45,1.94,1.61,21.65,21.49,0.03,1.04,1.86,1.99,-9999,-9999,-9999,-9999,-9999,1.267
93286,17.58,25.10,16.48,9.90,2.92,2.50,1.85,21.18,20.05,0.19,1.30,1.86,1.98,-9999,-9999,-9999,-9999,-9999,1.268
93287,23.04,20.72,24.42,10.23,3.22,2.86,2.48,27.32,28.84,-0.17,0.79,1.87,2.01,-9999,0.917,-9999.000,-9999.000,-9999.000,1.267
93288,20.04,19.04,20.34,11.54,3.16,3.10,3.41,24.34,24.70,-0.04,0.94,1.88,2.03,-9999,0.908,-9999.000,-9999.000,-9999.000,1.267
93289,20.97,23.98,22.31,10.62,3.11,3.16,3.61,25.37,26.85,-0.18,0.78,1.88,2.03,0.73,0.898,0.886,0.835,0.889,1.268
93290,17.53,21.84,18.01,9.18,3.37,3.14,3.33,21.72,22.29,-0.08,0.90,1.88,2.04,0.84,0.890,0.877,0.830,0.880,1.267
93291,15.25,21.43,15.32,11.91,3.55,3.33,3.02,19.49,19.61,-0.01,0.98,1.85,2.05,0.82,0.890,0.873,0.827,0.877,1.267
93292,15.92,20.30,16.10,7.56,3.30,3.42,2.76,20.28,20.51,-0.03,0.96,1.83,2.05,0.82,0.891,0.874,0.829,0.877,1.267
93293,14.97,23.65,15.35,8.85,3.33,3.00,2.71,18.85,19.29,-0.07,0.91,1.82,2.04,0.77,0.889,0.876,0.824,0.879,1.267
93294,15.45,25.54,16.53,11.82,4.00,2.75,2.64,19.11,20.32,-0.19,0.77,1.81,2.02,0.75,0.894,0.879,-9999.000,0.883,1.267
93295,13.03,24.77,11.91,8.57,4.24,2.45,2.37,16.27,15.12,0.25,1.42,1.83,2.04,-9999,0.897,0.882,-9999.000,0.886,1.267
93296,14.72,24.99,14.38,6.55,3.63,1.84,1.94,17.44,17.13,0.06,1.09,1.82,2.03,-9999,0.893,0.883,-9999.000,0.887,1.267
93297,16.80,24.75,15.82,7.83,3.20,1.60,1.34,19.39,18.38,0.16,1.25,1.83,2.04,-9999,0.884,0.881,-9999.000,0.885,1.267
93298,15.05,18.87,13.35,6.65,3.21,1.71,0.98,17.59,15.80,0.33,1.59,1.80,2.00,-9999,0.884,0.882,-9999.000,0.886,1.267
93299,17.56,23.45,16.32,10.81,2.73,1.87,1.43,20.36,19.07,0.20,1.32,1.81,2.02,-9999,0.895,0.887,-9999.000,0.891,1.267
93300,16.25,19.94,13.85,8.54,2.37,2.12,2.45,19.22,16.70,0.42,1.80,1.81,2.02,0.32,0.895,-9999.000,0.812,-9999.000,1.268
93301,20.72,21.83,19.47,10.67,2.92,2.72,2.93,24.51,23.18,0.16,1.25,1.79,1.98,0.68,0.889,-9999.000,-9999.000,-9999.000,1.267
93302,18.43,19.24,16.94,6.99,3.35,3.17,2.83,22.55,20.96,0.22,1.36,1.79,1.97,-9999,0.888,0.886,-9999.000,0.889,1.267
93303,20.98,23.49,20.29,9.25,2.99,2.85,2.76,24.96,24.22,0.08,1.12,1.81,1.98,0.54,0.891,0.876,-9999.000,0.879,1.268
93304,16.07,18.18,14.69,6.55,2.44,2.68,2.80,19.64,18.18,0.22,1.36,1.84,2.01,-9999,0.895,0.879,-9999.000,0.883,1.267
93305,14.54,22.94,12.73,7.82,2.08,2.69,2.03,18.06,16.15,0.33,1.58,1.84,2.02,-9999,0.894,-9999.000,-9999.000,-9999.000,1.267
93306,15.34,19.94,13.83,4.00,1.72,2.33,1.26,18.54,16.96,0.26,1.44,1.85,2.02,-9999,0.898,-9999.000,-9999.000,-9999.000,1.268
93307,15.51,20.60,15.17,6.17,1.45,1.93,1.33,18.33,17.98,0.06,1.08,1.86,2.05,-9999,0.907,-9999.000,-9999.000,-9999.000,1.267
93308,15.76,21.22,16.36,8.61,1.84,1.64,1.06,18.31,18.96,-0.10,0.88,1.88,2.06,-9999,0.911,-9999.000,-9999.000,-9999.000,1.267
93309,14.23,22.10,13.34,13.36,2.01,1.41,0.00,16.46,15.52,0.16,1.25,1.91,2.08,-9999,0.916,-9999.000,-9999.000,-9999.000,1.268
93310,12.54,18.83,10.78,7.84,1.21,0.82,0.11,14.09,12.24,0.38,1.70,1.95,2.11,-9999,-9999,-9999,-9999,-9999,1.267
93311,15.29,19.04,14.71,10.84,0.71,0.30,0.85,16.46,15.85,0.10,1.14,1.93,2.07,-9999,-9999,-9999,-9999,-9999,1.267
93312,13.24,17.93,11.85,8.67,0.98,0.30,0.60,14.30,12.83,0.27,1.46,1.87,1.99,-9999,-9999,-9999,-9999,-9999,1.267
93313,17.27,19.13,16.79,12.25,1.49,0.65,0.59,18.90,18.38,0.07,1.10,1.83,1.94,-9999,-9999,-9999,-9999,-9999,1.267
93314,15.85,22.49,15.77,8.86,1.71,1.27,1.57,18.01,17.92,0.01,1.02,1.81,1.93,-9999,-9999,-9999,-9999,-9999,1.268
93315,14.98,22.48,15.60,7.79,1.76,1.38,2.01,17.20,17.83,-0.10,0.87,1.82,1.95,-9999,-9999,-9999,-9999,-9999,1.267
93316,17.65,23.20,18.36,9.39,1.80,1.12,1.85,19.78,20.48,-0.10,0.88,1.83,1.96,-9999,-9999,-9999,-9999,-9999,1.267
93317,15.97,20.08,15.15,9.69,1.20,1.03,1.44,17.92,17.00,0.13,1.19,1.84,1.97,-9999,-9999,-9999,-9999,-9999,1.267
93318,18.30,23.11,18.05,9.87,0.95,0.74,1.05,20.13,19.79,0.03,1.05,1.83,1.94,-9999,-9999,-9999,-9999,-9999,1.266
93319,16.06,20.04,14.75,7.71,1.58,0.73,0.29,17.76,16.31,0.20,1.33,1.81,1.90,-9999,-9999,-9999,-9999,-9999,1.267
93320,18.73,24.76,17.89,9.72,1.29,0.69,-0.18,20.57,19.58,0.11,1.17,1.80,1.88,-9999,0.918,-9999.000,-9999.000,-9999.000,1.267
93321,15.63,18.92,13.64,7.57,0.59,0.57,0.62,17.16,14.95,0.33,1.58,1.81,1.89,-9999,-9999,-9999,-9999,-9999,1.267
93322,17.41,25.22,16.91,10.56,0.74,0.72,0.46,19.19,18.56,0.07,1.10,1.84,1.87,-9999,-9999,-9999,-9999,-9999,1.266
93323,17.00,22.93,17.35,6.79,1.16,0.38,-0.80,18.43,18.70,-0.05,0.94,1.82,1.85,-9999,-9999,-9999,-9999,-9999,1.267
93324,19.72,27.05,20.14,8.18,1.41,0.29,-0.52,21.24,21.57,-0.05,0.93,1.81,1.83,-9999,-9999,-9999,-9999,-9999,1.266
93325,14.62,24.01,13.17,7.86,1.30,0.84,0.70,16.36,14.74,0.24,1.40,1.85,1.85,-9999,-9999,-9999,-9999,-9999,1.266
93326,16.04,23.69,14.92,13.05,1.58,1.25,1.05,18.25,16.96,0.17,1.26,1.85,1.85,-9999,-9999,-9999,-9999,-9999,1.267
93327,15.58,24.72,13.93,16.14,2.47,1.93,1.50,18.46,16.62,0.25,1.41,1.87,1.91,-9999,-9999,-9999,-9999,-9999,1.266
93328,20.11,26.73,19.69,14.24,2.79,2.59,2.15,23.93,23.38,0.05,1.06,1.86,1.92,-9999,-9999,-9999,-9999,-9999,1.266
93329,18.39,21.82,17.40,9.07,2.76,2.77,2.50,22.31,21.18,0.12,1.18,1.88,1.95,-9999,-9999,-9999,-9999,-9999,1.266
93330,20.59,25.96,20.68,10.48,2.86,2.68,2.45,24.57,24.60,-0.01,0.99,1.87,1.94,-9999,-9999,-9999,-9999,-9999,1.266
93331,17.24,23.48,17.48,8.21,2.90,2.24,2.39,20.58,20.78,-0.03,0.96,1.86,1.92,-9999,-9999,-9999,-9999,-9999,1.267
93332,21.19,28.26,24.09,12.63,2.77,2.01,2.67,24.57,27.61,-0.26,0.69,1.85,1.90,-9999,-9999,-9999,-9999,-9999,1.266
93333,17.46,23.23,18.28,12.22,2.16,2.11,2.38,20.73,21.56,-0.10,0.88,1.86,1.90,-9999,-9999,-9999,-9999,-9999,1.266
93334,19.55,27.42,21.22,15.60,1.76,1.93,1.97,22.80,24.56,-0.17,0.79,1.85,1.91,-9999,-9999,-9999,-9999,-9999,1.266
93335,17.50,21.36,17.16,10.89,2.01,1.49,2.49,20.21,19.82,0.04,1.06,1.85,1.89,-9999,-9999,-9999,-9999,-9999,1.267
93336,18.24,27.39,18.17,8.41,1.56,0.66,2.18,20.20,20.07,0.01,1.01,1.86,1.91,-9999,-9999,-9999,-9999,-9999,1.266
93337,15.24,20.39,13.39,6.37,0.99,0.11,1.58,16.47,14.44,0.28,1.47,1.87,1.92,-9999,-9999,-9999,-9999,-9999,1.266
93338,17.58,26.64,16.48,12.52,1.17,0.29,1.31,19.19,17.97,0.14,1.21,1.87,1.93,-9999,-9999,-9999,-9999,-9999,1.266
93339,15.05,18.94,14.09,10.69,0.98,0.57,0.73,16.76,15.71,0.14,1.22,1.84,1.92,-9999,-9999,-9999,-9999,-9999,1.266
93340,20.86,28.41,22.67,12.42,0.07,0.64,0.06,23.09,25.03,-0.18,0.78,1.81,1.91,-9999,-9999,-9999,-9999,-9999,1.266
93341,19.42,23.27,19.38,9.62,-0.32,0.55,-0.43,21.43,21.40,0.00,1.01,1.79,1.90,-9999,-9999,-9999,-9999,-9999,1.267
93342,18.66,33.03,21.02,8.98,0.05,0.20,-0.00,20.28,22.84,-0.26,0.70,1.81,1.95,-9999,-9999,-9999,-9999,-9999,1.266
93343,18.86,30.05,15.43,12.52,0.23,-0.06,0.16,20.23,16.57,0.43,1.82,1.84,1.98,-9999,-9999,-9999,-9999,-9999,1.266
93344,20.83,31.09,19.33,13.74,-0.25,-0.12,-0.82,22.30,20.72,0.16,1.25,1.86,2.01,-9999,-9999,-9999,-9999,-9999,1.266
93345,17.66,30.18,15.75,13.00,-0.32,-0.02,-1.05,19.00,16.98,0.25,1.41,1.86,2.01,-9999,-9999,-9999,-9999,-9999,1.266
93346,19.47,32.63,18.91,15.33,0.01,-0.14,-1.03,20.83,20.28,0.06,1.09,1.86,2.01,-9999,-9999,-9999,-9999,-9999,1.266
