NASA Data Processing/CAMP2Ex/OPTICAL/CAMP2Ex-LARGE-OPTICAL_P3B_20190913_R0.ict
100,1001
Luke Ziemba
NASA Langley
In-situ optical aerosol measurements from the NASA P3B
CAMP2Ex
1,1
2019,09,13,2020,05,5
1.0
Time_Mid,Secs after midnight,Time of acquisition
19
1,1,1,1,1,1,1,1,1,1,1,1,1,1,1,1,1,1,1
-9999,-9999,-9999,-9999,-9999,-9999,-9999,-9999,-9999,-9999,-9999,-9999,-9999,-9999,-9999,-9999,-9999,-9999,-9999
Sc550_total_amb, Mm-1, AerOpt_Scattering_InSitu_Green_RHa_Bulk_STP, scattering coefficient of ambient  particles at 550nm
Sc450_total, Mm-1, AerOpt_Scattering_InSitu_Blue_RHd_Bulk_STP, Dry Scattering at 450nm (Total Aerosols)
Sc550_total, Mm-1, AerOpt_Scattering_InSitu_Green_RHd_Bulk_STP, Dry Scattering at 550nm (Total Aerosols)
Sc700_total, Mm-1, AerOpt_Scattering_InSitu_Red_RHd_Bulk_STP, Dry Scattering at 700nm (Total Aerosols)
Abs470_total, Mm-1, AerOpt_Absorption_InSitu_Blue_RHd_Bulk_STP, Dry absorption at 470nm (Total Aerosols)
Abs532_total, Mm-1, AerOpt_Absorption_InSitu_Green_RHd_Bulk_STP, Dry absorption at 532nm (Total Aerosols)
Abs660_total, Mm-1, AerOpt_Absorption_InSitu_Red_RHd_Bulk_STP, Dry absorption at 660nm (Total Aerosols)
Ext532_total_amb, Mm-1, AerOpt_Extinction_InSitu_Green_RHa_Bulk_STP, extinction coefficient of aerosols at 532nm for AMBIENT relative humidity
Ext532_total_dry, Mm-1, AerOpt_Extinction_InSitu_Green_RHd_Bulk_STP, extinction coefficient of aerosols at 532nm for DRY relative humidity
gamma550, unitless, AerOpt_Gamma_InSitu_Green_None_Bulk_STP, derived optical hygroscopic growth factor for particles at 550nm
fRH550_RH20to80, unitless, AerOpt_fRHScat_InSitu_Green_RHsp_Bulk_STP, derived optical hygroscopic growth parameter for particles at 550nm
AEscatAMB_450to700nm,unitless, AerOpt_AngstromExponentScat_InSitu_BluetoRed_RHa_Bulk_STP, derived ambient Angstrom Exponent for scattering coefficient over wavelength range from 450nm to 700nm
AEscatDRY_450to700nm,unitless, AerOpt_AngstromExponentScatInSitu_BluetoRed_RHd_Bulk_STP, derived dry Angstrom Exponent for scattering coefficient over wavelength range from 450nm to 700nm
AEabsDRY_470to660nm,unitless, AerOpt_AngstromExponentAbs_InSitu_BluetoRed_RHd_Bulk_STP, derived dry Angstrom Exponent for absorption coefficient over wavelength range from 450nm to 700nm
SSA_dry_450nm,unitless, AerOpt_SSA_InSitu_Blue_RHd_Bulk_STP, single_scattering_albedo_at_450nm_as_derived_from_dry_scattering_and_absorption
SSA_dry_550nm,unitless, AerOpt_SSA_InSitu_Green_RHd_Bulk_STP, single_scattering_albedo_at_550nm_as_derived_from_dry_scattering_and_absorption
SSA_dry_700nm,unitless, AerOpt_SSA_InSitu_Red_RHd_Bulk_STP, single_scattering_albedo_at_700nm_as_derived_from_dry_scattering_and_absorption
SSA_amb_550nm,unitless, AerOpt_SSA_InSitu_Green_RHa_Bulk_STP, single_scattering_albedo_at_550nm_as_derived_from_ambient_scattering_and_absorption
stdPT,unitless, None, Conversion factor to convert between ambient and standard pressure and temperature conditions
0
67
******************************************************************************************************************
Langley Aerosol data from the 2019 CAMP2Ex field campaign
 
PI_CONTACT_INFO: luke.ziemba@nasa.gov
PLATFORM: NASA P3B aircraft
LOCATION: Latitude, Longitude, and Altitude included in MetNav files
[...]
UNCERTAINTY: estimated uncertainties for directly measured properties
	- For dry scattering, accuracy estimated at 30% for all wavelengths; precision estimated at 4.5 Mm-1 for 450nm wavelength and 3 Mm-1 for 550nm and 700nm wavelengths
	- For dry absorption, accuracy estimated at 15% for all wavelengths; precision is a function of pressure and is estimated to vary from 0.5 Mm-1 near the surface to 2 at high altitude
	- For derived parameters, please contact the PI for a more detailed discussion of uncertainty
ULOD_FLAG: -7777
ULOD_VALUE: N/A
LLOD_FLAG: -8888
LLOD_VALUE: N/A
DM_CONTACT_INFO: Michael Shook (michael.shook@nasa.gov)
PROJECT_INFO: CAMP2Ex 2019
STIPULATIONS_ON_USE: This is FINAL data. Users are strongly encouraged to consult the PI and/or DM prior to use.
OTHER_COMMENTS: N/A
REVISION: R0
R0: STP and ambient parameter calculations now use data from their respective publicly available files, data is time synced to DLH
RD: Correction factor applied to raw scattering data, which also affects the absorption data via the Virkkula correction
RC: Higher threshholds required for calculating intensive parameters; absorption smoothing algorithm applied
RB: Time sync to LARGE CNgt3nm applied
RA: None
******************************************************************************************************************
Time_Mid,Sc550_total_amb,Sc450_total,Sc550_total,Sc700_total,Abs470_total,Abs532_total,Abs660_total,Ext532_total_amb,Ext532_total_dry,gamma550,fRH550_RH20to80,AEscatAMB_450to700nm,AEscatDRY_450to700nm,AEabsDRY_470to660nm,SSA_dry_450nm,SSA_dry_550nm,SSA_dry_700nm,SSA_amb_550nm,stdPT
[from data line 27312]
101840,52.43,71.89,45.69,29.85,4.61,3.89,3.20,59.65,53.45,0.08,1.12,1.85,2.20,-9999,0.964,0.955,-9999.000,0.957,1.177
101841,51.42,75.14,41.38,28.65,4.82,4.13,3.47,58.85,48.99,0.17,1.27,1.88,2.22,-9999,0.963,0.954,-9999.000,0.955,1.177
101842,45.62,76.09,47.52,27.51,3.83,3.31,2.34,51.85,54.80,-0.03,0.95,1.89,2.22,-9999,0.961,0.953,-9999.000,0.955,1.178
101843,46.85,66.59,44.08,27.66,2.62,1.86,0.33,51.70,49.57,0.06,1.08,1.90,2.21,-9999,0.959,0.951,-9999.000,0.953,1.179
101844,41.80,66.64,44.06,27.26,2.08,1.08,0.16,45.54,48.77,-0.05,0.93,1.91,2.19,-9999,0.958,0.949,-9999.000,0.951,1.178
101845,44.68,70.33,44.06,31.38,2.17,1.50,1.51,49.06,49.17,0.01,1.02,1.91,2.20,1.21,0.954,0.947,0.929,0.949,1.179
101846,43.27,65.68,39.68,29.49,2.62,1.98,1.84,48.05,44.91,0.08,1.12,1.90,2.21,1.27,0.949,0.941,0.923,0.944,1.180
101847,45.24,70.55,44.76,32.49,2.57,2.01,1.55,50.21,50.43,0.01,1.01,1.90,2.21,1.43,0.947,0.936,0.923,0.939,1.178
101848,48.46,71.19,47.49,24.64,2.31,1.95,1.13,53.58,53.31,0.02,1.02,1.90,2.22,1.44,0.945,0.935,0.922,0.937,1.179
101849,42.93,73.75,43.70,28.54,2.99,2.04,1.13,47.78,49.32,-0.01,0.98,1.89,2.23,1.16,0.943,0.930,0.910,0.933,1.178
101850,52.37,75.85,42.21,27.33,3.90,2.59,2.37,58.40,48.26,0.17,1.27,1.89,2.23,0.99,0.937,0.921,0.895,0.923,1.179
101851,50.00,75.80,43.25,23.52,4.85,3.95,3.83,57.20,50.72,0.12,1.18,1.90,2.23,1.07,0.929,0.912,0.886,0.915,1.178
101852,52.30,75.69,44.16,19.81,5.96,5.37,4.97,61.00,53.10,0.13,1.20,1.90,2.23,1.14,0.926,0.910,0.884,0.913,1.179
101853,54.01,72.75,48.97,29.63,6.67,6.05,5.16,63.46,59.05,0.06,1.09,1.90,2.24,1.23,0.926,0.910,0.887,0.914,1.178
101854,53.24,68.68,49.42,30.07,7.03,6.35,4.63,62.95,59.89,0.06,1.08,1.90,2.24,1.40,0.927,0.910,0.894,0.914,1.179
101855,50.06,82.44,54.11,33.01,7.17,6.57,5.12,59.79,65.21,-0.05,0.93,1.90,2.25,1.34,0.927,0.910,0.892,0.914,1.178
101856,51.97,84.27,53.42,28.73,7.87,6.81,6.02,62.05,64.68,-0.02,0.98,1.89,2.26,1.07,0.925,0.908,0.879,0.912,1.177
101857,54.46,83.24,52.57,31.55,8.79,7.31,6.36,65.22,64.21,0.02,1.03,1.90,2.27,0.96,0.924,0.907,0.872,0.910,1.177
101858,57.00,79.97,47.95,31.82,8.86,7.87,6.49,68.48,59.80,0.10,1.15,1.90,2.27,0.99,0.925,0.909,0.875,0.912,1.177
101859,58.37,76.49,43.26,32.08,8.60,7.79,6.07,69.85,54.64,0.16,1.25,1.90,2.28,1.04,0.929,0.913,0.883,0.916,1.177
101860,52.75,85.39,50.47,29.32,8.39,7.42,5.88,63.46,62.08,0.03,1.04,1.90,2.28,1.12,0.934,0.919,0.894,0.922,1.177
101861,52.52,85.66,50.18,29.12,8.72,7.65,6.46,63.42,61.99,0.03,1.04,1.90,2.30,1.21,0.937,0.924,0.900,0.927,1.177
101862,52.34,84.91,50.70,30.37,9.09,7.89,6.78,63.46,62.79,0.02,1.03,1.90,2.30,1.12,0.937,0.922,0.897,0.925,1.178
101863,51.76,92.13,60.25,32.27,8.53,7.28,6.36,62.24,72.57,-0.10,0.88,1.91,2.32,0.87,0.938,0.921,0.890,0.924,1.177
101864,49.31,86.52,51.35,25.58,7.81,6.45,5.28,58.82,62.11,-0.02,0.97,1.92,2.31,0.88,0.943,0.925,0.899,0.928,1.178
101865,51.73,90.21,54.93,28.97,7.07,5.95,4.14,60.88,65.45,-0.04,0.95,1.93,2.31,1.11,0.948,0.931,0.914,0.934,1.177
101866,52.94,82.93,47.91,27.02,6.33,5.53,3.97,61.78,57.42,0.06,1.09,1.93,2.31,1.07,0.954,0.938,0.923,0.941,1.177
101867,51.47,87.21,50.63,25.46,6.55,5.28,4.58,59.99,60.10,0.01,1.01,1.94,2.30,1.00,0.956,0.943,0.924,0.945,1.177
101868,52.85,81.83,49.72,28.13,7.16,5.39,5.10,61.60,59.22,0.03,1.05,1.94,2.28,1.06,0.954,0.942,0.923,0.944,1.177
101869,50.99,76.59,48.87,30.93,7.03,5.24,4.69,59.56,58.17,0.02,1.03,1.95,2.29,1.05,0.951,0.938,0.918,0.940,1.177
101870,51.33,77.89,50.85,30.45,5.71,4.24,3.51,58.97,59.35,0.01,1.01,1.97,2.29,1.23,0.946,0.932,0.915,0.935,1.178
101871,51.88,78.17,51.68,29.95,3.46,2.64,2.16,57.96,58.67,0.00,1.00,1.95,2.28,1.39,0.941,0.927,0.912,0.930,1.178
101872,46.25,77.93,51.02,26.46,1.85,1.43,1.18,50.73,56.74,-0.09,0.88,1.93,2.26,1.34,0.938,0.923,0.907,0.927,1.177
101873,46.58,82.24,46.63,26.57,1.07,0.90,0.92,50.57,51.46,-0.00,1.00,1.90,2.24,1.20,0.939,0.924,0.906,0.927,1.180
101874,47.62,69.51,45.00,25.95,-0.30,-0.12,0.57,50.70,48.67,0.05,1.08,1.90,2.23,1.10,0.945,0.930,0.913,0.933,1.178
101875,47.78,69.62,45.39,26.83,-2.37,-1.74,-0.98,49.29,47.44,0.05,1.06,1.90,2.23,1.32,0.952,0.940,0.928,0.942,1.178
101876,46.03,66.79,43.02,25.93,-4.61,-3.16,-3.33,45.97,43.42,0.08,1.11,1.90,2.22,-9999,0.962,0.952,-9999.000,0.953,1.179
101877,42.90,68.92,41.75,28.45,-6.35,-4.41,-4.95,41.35,40.77,0.03,1.04,1.91,2.21,-9999,-9999,-9999,-9999,-9999,1.180
101878,45.14,72.33,40.46,24.71,-6.52,-4.85,-5.00,43.25,38.90,0.12,1.18,1.92,2.21,-9999,-9999,-9999,-9999,-9999,1.179
101879,43.36,65.76,41.68,26.63,-5.07,-3.95,-4.13,42.25,41.15,0.05,1.07,1.91,2.21,-9999,-9999,-9999,-9999,-9999,1.180
101880,46.99,66.36,44.36,26.56,-2.13,-1.87,-2.14,48.15,46.10,0.06,1.08,1.93,2.20,-9999,-9999,-9999,-9999,-9999,1.180
101881,45.34,71.50,42.49,27.15,1.00,0.64,0.40,48.91,46.59,0.07,1.10,1.92,2.19,-9999,-9999,-9999,-9999,-9999,1.179
101882,46.78,72.12,40.78,24.74,3.14,2.54,1.75,52.35,46.63,0.10,1.15,1.93,2.19,-9999,-9999,-9999,-9999,-9999,1.179
101883,44.82,64.26,39.54,22.21,5.39,4.26,2.74,52.04,47.01,0.09,1.13,1.94,2.17,-9999,-9999,-9999,-9999,-9999,1.178
101884,42.51,62.79,39.48,25.33,6.91,5.51,4.11,50.84,48.16,0.05,1.08,1.94,2.16,-9999,-9999,-9999,-9999,-9999,1.178
101885,43.07,62.68,39.41,26.54,7.13,5.75,4.74,51.72,48.32,0.06,1.09,1.95,2.15,-9999,-9999,-9999,-9999,-9999,1.179
101886,42.39,62.60,39.36,27.77,7.06,5.66,4.35,50.94,48.17,0.07,1.11,1.95,2.15,-9999,-9999,-9999,-9999,-9999,1.178
101887,41.43,59.32,37.76,29.92,5.65,4.63,3.34,48.92,45.45,0.08,1.12,1.97,2.14,-9999,-9999,-9999,-9999,-9999,1.179
101888,40.06,59.25,37.57,28.42,3.02,2.50,1.83,45.32,43.13,0.07,1.10,1.97,2.14,-9999,-9999,-9999,-9999,-9999,1.178
101889,38.45,63.32,38.71,31.57,0.39,0.47,-0.05,41.57,42.34,-0.01,0.99,1.98,2.14,-9999,-9999,-9999,-9999,-9999,1.179
101890,40.54,62.92,39.99,27.09,-1.51,-0.96,-1.47,42.38,42.32,0.02,1.02,1.98,2.14,-9999,-9999,-9999,-9999,-9999,1.180
101891,40.67,62.44,41.15,22.72,-2.45,-1.93,-2.10,41.59,42.65,-0.01,0.98,1.98,2.15,-9999,-9999,-9999,-9999,-9999,1.180
101892,40.24,62.54,41.36,22.63,-3.39,-2.66,-2.89,40.41,42.15,-0.03,0.96,1.98,2.15,-9999,-9999,-9999,-9999,-9999,1.180
101893,42.95,64.11,43.68,22.46,-3.49,-2.72,-3.20,43.23,44.53,-0.02,0.98,1.98,2.16,-9999,-9999,-9999,-9999,-9999,1.179
101894,40.43,63.65,38.77,22.13,-2.39,-1.95,-2.04,41.29,39.99,0.05,1.07,1.96,2.16,-9999,-9999,-9999,-9999,-9999,1.179
101895,41.61,63.82,39.43,23.07,-0.84,-0.71,-0.75,43.78,41.96,0.06,1.09,1.95,2.17,-9999,0.957,0.951,-9999.000,0.952,1.181
101896,42.40,71.26,43.25,23.75,1.05,0.71,0.25,46.07,47.52,-0.02,0.97,1.95,2.16,1.22,0.946,0.938,0.919,0.940,1.179
101897,40.77,67.74,40.59,23.00,2.35,1.79,1.34,45.42,45.65,0.00,1.01,1.95,2.13,1.24,0.938,0.926,0.908,0.928,1.179
101898,39.03,64.22,37.93,22.27,3.04,2.29,1.96,44.04,43.24,0.03,1.05,1.93,2.14,1.38,0.931,0.916,0.902,0.918,1.179
101899,38.48,56.41,38.65,22.42,3.21,2.15,1.93,43.29,43.87,-0.01,0.99,1.91,2.13,1.31,0.928,0.912,0.897,0.914,1.180
101900,37.21,57.54,37.77,25.60,2.61,1.72,1.39,41.48,42.51,-0.02,0.98,1.90,2.15,1.16,0.931,0.915,0.896,0.916,1.179
101901,35.13,56.41,37.21,24.66,2.69,1.85,1.55,39.38,42.01,-0.07,0.91,1.90,2.15,1.21,0.938,0.924,0.907,0.925,1.179
101902,40.05,64.70,37.14,27.09,3.07,2.16,1.99,44.92,42.20,0.09,1.13,1.91,2.16,1.32,0.946,0.935,0.921,0.936,1.180
101903,42.02,66.30,40.89,23.29,2.46,1.93,1.24,46.81,45.99,0.03,1.04,1.92,2.17,-9999,0.954,0.946,-9999.000,0.946,1.179
101904,39.68,68.09,36.26,19.86,1.85,1.73,0.95,44.08,40.77,0.11,1.16,1.93,2.17,-9999,0.958,0.952,-9999.000,0.952,1.179
101905,43.00,63.33,37.16,23.03,2.60,2.33,1.99,48.19,42.33,0.18,1.28,1.93,2.19,-9999,0.957,0.949,-9999.000,0.950,1.180
101906,42.08,68.21,36.96,24.61,4.68,3.79,3.42,48.64,43.57,0.15,1.22,1.93,2.19,1.14,0.952,0.941,0.925,0.942,1.180
101907,44.15,66.69,43.52,24.10,6.44,5.37,4.68,52.38,52.21,0.01,1.02,1.91,2.18,1.09,0.941,0.929,0.907,0.930,1.179
101908,45.22,64.54,50.24,23.70,7.42,6.79,5.53,54.89,60.88,-0.10,0.87,1.89,2.18,1.18,0.928,0.916,0.890,0.917,1.179
101909,43.87,76.25,43.98,27.20,8.85,8.13,6.37,54.81,55.50,-0.00,1.00,1.87,2.18,1.20,0.920,0.906,0.880,0.907,1.180
101910,43.56,76.21,42.90,27.53,10.22,9.03,7.40,55.37,55.23,0.01,1.02,1.86,2.19,1.14,0.918,0.903,0.875,0.904,1.178
101911,47.32,66.60,44.44,29.04,10.91,9.45,8.21,59.77,57.30,0.04,1.06,1.86,2.17,1.01,0.919,0.904,0.872,0.905,1.178
101912,42.93,56.33,46.12,30.53,11.57,9.50,8.59,55.13,59.08,-0.05,0.94,1.86,2.17,0.91,0.919,0.905,0.868,0.906,1.179
101913,47.68,78.52,49.42,23.62,11.39,8.93,8.00,59.57,62.04,-0.02,0.97,1.85,2.17,0.94,0.918,0.905,0.868,0.906,1.178
101914,48.26,78.38,50.77,32.98,9.69,7.57,6.06,58.75,62.07,-0.04,0.95,1.84,2.18,1.05,0.918,0.905,0.871,0.906,1.178
101915,48.64,77.58,47.15,24.24,7.21,5.94,4.22,57.47,56.58,0.03,1.04,1.83,2.20,1.02,0.919,0.905,0.871,0.906,1.178
101916,51.44,77.10,51.90,31.61,5.29,4.76,3.14,59.25,60.48,-0.01,0.99,1.82,2.22,1.06,0.919,0.904,0.870,0.905,1.181
101917,54.86,78.62,56.60,29.69,4.55,4.17,2.95,62.26,64.95,-0.03,0.96,1.83,2.24,1.13,0.916,0.902,0.869,0.903,1.180
101918,54.14,84.08,60.32,37.52,4.58,3.83,3.60,61.15,68.59,-0.10,0.87,1.83,2.26,1.05,0.916,0.900,0.864,0.901,1.180
101919,63.55,90.47,61.31,38.21,5.01,3.68,3.68,70.98,69.52,0.03,1.04,1.83,2.26,1.02,0.917,0.900,0.864,0.900,1.179
101920,64.08,97.36,63.19,39.51,5.42,4.03,3.16,71.91,71.86,0.01,1.01,1.83,2.25,1.04,0.918,0.902,0.867,0.901,1.179
101921,64.46,85.92,57.10,35.69,5.90,4.93,3.80,73.23,66.21,0.07,1.11,1.82,2.25,0.98,0.920,0.904,0.867,0.903,1.178
101922,64.13,92.88,59.56,36.39,6.87,6.01,5.42,73.98,69.90,0.05,1.07,1.82,2.25,0.94,0.922,0.906,0.869,0.905,1.178
101923,64.00,99.73,61.98,37.06,8.03,7.15,6.82,75.03,73.65,0.02,1.03,1.81,2.25,0.91,0.922,0.906,0.868,0.905,1.178
101924,58.34,98.51,62.19,34.98,9.38,8.26,7.43,70.16,75.06,-0.04,0.94,1.81,2.27,0.96,0.922,0.907,0.870,0.906,1.178
101925,63.41,97.31,62.40,32.93,10.58,8.87,7.86,76.16,75.87,0.01,1.01,1.81,2.27,1.04,0.924,0.909,0.875,0.907,1.178
101926,66.25,102.33,65.77,43.04,10.88,8.89,7.85,79.18,79.48,0.00,1.01,1.81,2.26,1.09,0.928,0.913,0.884,0.911,1.178
101927,68.66,98.19,74.95,35.66,10.34,8.48,6.84,81.29,88.94,-0.05,0.93,1.80,2.27,1.16,0.931,0.918,0.891,0.916,1.179
101928,69.92,101.92,64.96,37.12,9.04,7.78,6.06,81.95,77.59,0.04,1.06,1.81,2.29,1.19,0.932,0.921,0.893,0.919,1.179
101929,71.29,100.56,74.02,32.30,8.12,7.04,6.26,82.65,86.56,-0.02,0.97,1.80,2.27,1.11,0.934,0.923,0.894,0.921,1.178
101930,72.16,108.00,66.38,34.06,7.62,6.46,5.65,83.02,77.74,0.05,1.07,1.81,2.27,1.01,0.938,0.926,0.896,0.924,1.178
101931,70.91,107.63,75.34,34.23,7.05,5.99,4.35,81.22,86.86,-0.03,0.95,1.82,2.27,1.00,0.940,0.928,0.899,0.926,1.178
101932,66.59,116.51,72.29,37.76,6.75,5.76,4.07,76.42,83.37,-0.05,0.93,1.83,2.28,1.08,0.940,0.927,0.901,0.925,1.178
101933,74.21,116.63,72.78,40.64,6.22,5.66,4.32,84.46,83.82,0.01,1.02,1.85,2.28,1.15,0.938,0.925,0.900,0.923,1.180
101934,70.55,120.70,74.84,42.52,5.50,5.28,4.23,80.25,85.68,-0.03,0.95,1.86,2.29,1.12,0.936,0.924,0.896,0.921,1.178
101935,68.53,124.84,76.94,44.42,5.22,4.73,3.72,77.60,87.40,-0.08,0.89,1.86,2.29,1.03,0.936,0.924,0.893,0.921,1.179
101936,70.94,116.15,73.84,42.15,4.80,4.51,3.68,79.97,83.83,-0.03,0.96,1.86,2.29,0.96,0.937,0.925,0.893,0.923,1.179
101937,65.49,114.34,73.33,42.37,4.35,4.29,3.44,73.98,83.06,-0.07,0.90,1.86,2.30,1.03,0.940,0.929,0.899,0.926,1.179
101938,63.66,113.58,70.98,39.02,4.60,4.07,2.73,71.86,80.30,-0.06,0.92,1.88,2.31,1.21,0.946,0.935,0.913,0.932,1.179
101939,65.04,112.97,68.71,35.76,5.47,4.43,3.21,73.75,78.15,-0.03,0.96,1.90,2.30,1.22,0.954,0.943,0.926,0.941,1.178
101940,66.04,107.75,69.50,38.19,6.28,5.20,4.17,75.61,79.73,-0.03,0.96,1.91,2.30,1.08,0.959,0.950,0.931,0.948,1.177
101941,76.42,106.97,67.89,43.53,6.67,5.73,4.72,87.19,78.52,0.06,1.09,1.91,2.29,1.21,0.959,0.951,0.934,0.949,1.178
101942,64.42,120.52,76.20,42.87,7.08,5.86,5.07,74.52,87.61,-0.09,0.89,1.91,2.31,1.39,0.957,0.949,0.934,0.947,1.179
101943,65.43,123.58,76.40,44.83,7.58,6.06,4.76,75.79,88.12,-0.09,0.89,1.90,2.32,1.28,0.955,0.947,0.929,0.945,1.179
101944,66.59,113.75,77.01,44.94,7.77,6.18,4.37,77.15,88.94,-0.08,0.89,1.90,2.33,1.14,0.954,0.946,0.924,0.944,1.179
101945,65.27,106.77,74.52,43.27,7.42,5.56,4.01,75.18,85.74,-0.08,0.89,1.90,2.33,1.19,0.953,0.944,0.923,0.942,1.179
101946,67.61,98.32,66.56,36.49,6.44,4.80,4.02,76.94,76.40,0.01,1.01,1.90,2.32,1.40,0.952,0.945,0.928,0.942,1.179
101947,69.32,105.53,69.13,35.13,4.87,4.19,4.02,78.19,78.55,0.00,1.00,1.91,2.31,1.33,0.954,0.946,0.928,0.943,1.179
101948,64.09,105.43,69.36,37.05,3.12,3.19,2.83,71.61,77.79,-0.07,0.91,1.90,2.29,1.18,0.954,0.945,0.926,0.942,1.179
101949,66.26,110.89,73.67,43.16,1.38,1.61,0.96,72.38,80.84,-0.08,0.90,1.90,2.29,1.32,0.954,0.944,0.929,0.941,1.179
101950,69.23,110.59,72.80,44.91,-0.29,-0.25,-0.95,73.71,78.04,-0.04,0.94,1.91,2.28,1.18,0.954,0.945,0.926,0.942,1.180
101951,74.97,103.81,69.13,41.06,-1.25,-1.43,-1.89,78.63,72.91,0.08,1.12,1.91,2.28,0.97,0.956,0.948,0.924,0.946,1.180
101952,66.69,96.99,65.43,37.20,-0.94,-1.20,-1.42,70.02,69.17,0.02,1.03,1.92,2.28,1.09,0.959,0.952,0.931,0.950,1.180
101953,68.72,106.14,69.92,35.78,0.04,-0.19,-0.08,73.20,75.05,-0.01,0.98,1.92,2.28,1.25,0.961,0.955,0.939,0.954,1.179
101954,69.10,98.85,74.97,42.65,1.05,0.81,1.43,74.62,81.51,-0.05,0.93,1.92,2.27,1.31,0.963,0.957,0.942,0.956,1.178
101955,70.62,97.34,67.73,35.57,2.60,2.13,2.23,77.56,75.02,0.02,1.03,1.93,2.24,1.34,0.964,0.959,0.946,0.958,1.178
101956,67.94,102.01,67.23,35.66,4.66,3.64,2.60,76.23,76.02,0.01,1.01,1.94,2.24,-9999,0.967,0.961,-9999.000,0.961,1.178
101957,67.80,110.42,65.46,37.07,6.06,4.45,2.93,76.92,74.90,0.02,1.03,1.95,2.24,-9999,0.970,0.965,-9999.000,0.964,1.178
101958,61.98,110.45,65.36,36.24,7.15,5.36,4.24,71.61,75.69,-0.03,0.96,1.95,2.23,-9999,0.974,-9999.000,-9999.000,-9999.000,1.179
101959,63.09,111.67,62.90,33.58,8.74,7.11,6.04,74.49,74.79,0.00,1.00,1.94,2.21,-9999,-9999,-9999,-9999,-9999,1.178
101960,61.84,102.68,61.40,33.93,9.81,8.36,6.52,74.40,74.42,0.00,1.01,1.95,2.22,-9999,-9999,-9999,-9999,-9999,1.178
101961,59.94,106.97,68.66,40.40,8.97,7.73,6.66,71.72,81.69,-0.10,0.87,1.95,2.24,-9999,-9999,-9999,-9999,-9999,1.179
101962,55.79,90.63,62.83,33.70,6.72,5.59,5.70,65.16,73.32,-0.08,0.89,1.95,2.25,-9999,-9999,-9999,-9999,-9999,1.179
101963,55.01,88.36,57.08,35.38,4.46,3.69,3.23,62.47,65.24,-0.03,0.96,1.94,2.25,-9999,-9999,-9999,-9999,-9999,1.179
101964,55.28,88.02,55.32,33.11,2.45,2.20,1.40,61.25,61.88,-0.00,1.00,1.93,2.25,-9999,-9999,-9999,-9999,-9999,1.179
101965,55.10,87.71,53.59,30.86,0.57,0.67,0.59,59.51,58.48,0.03,1.04,1.92,2.27,-9999,-9999,-9999,-9999,-9999,1.180
101966,55.12,82.58,51.31,30.37,-0.52,-0.12,0.32,58.71,55.21,0.07,1.10,1.92,2.28,-9999,0.972,-9999.000,-9999.000,-9999.000,1.179
101967,50.19,82.53,51.08,28.91,-1.32,-0.78,-0.73,52.79,54.31,-0.02,0.98,1.91,2.28,1.28,0.966,0.959,-9999.000,0.959,1.180
101968,47.89,76.56,42.76,30.54,-2.72,-2.11,-2.13,48.99,44.03,0.10,1.15,1.90,2.28,1.29,0.961,0.954,0.939,0.954,1.179
101969,44.65,76.46,42.91,32.60,-4.19,-3.52,-2.87,44.11,42.79,0.04,1.06,1.89,2.27,1.22,0.955,0.946,0.929,0.946,1.179
101970,50.04,72.24,43.15,32.34,-4.92,-4.03,-3.99,49.31,42.60,0.16,1.25,1.89,2.29,1.07,0.949,0.936,0.916,0.936,1.180
101971,49.83,79.40,48.97,29.99,-4.53,-3.29,-4.07,49.80,49.69,0.02,1.03,1.89,2.30,0.97,0.946,0.931,0.907,0.930,1.180
101972,50.11,74.95,49.46,31.55,-3.18,-2.18,-2.75,51.20,51.35,0.01,1.02,1.89,2.29,0.93,0.947,0.931,0.907,0.931,1.180
101973,52.73,75.68,49.60,32.59,-1.88,-1.48,-1.93,54.69,52.18,0.06,1.09,1.88,2.29,1.01,0.948,0.933,0.911,0.933,1.180
101974,57.65,79.85,49.72,38.83,-1.38,-1.29,-1.82,60.14,52.44,0.16,1.24,1.88,2.27,1.08,0.947,0.934,0.913,0.934,1.179
101975,61.45,87.22,59.75,29.37,-0.85,-0.88,-1.49,64.62,63.62,0.03,1.05,1.88,2.26,1.16,0.947,0.936,0.916,0.935,1.180
101976,56.18,88.55,51.42,27.03,1.53,0.93,0.36,60.78,56.40,0.09,1.14,1.87,2.25,1.14,0.949,0.938,0.919,0.938,1.180
101977,53.81,86.20,50.74,27.09,4.94,3.67,3.36,60.98,58.40,0.06,1.09,1.87,2.26,0.84,0.950,0.938,0.912,0.938,1.182
