NASA Data Processing/CAMP2Ex/OPTICAL/CAMP2Ex-LARGE-OPTICAL_P3B_20191005_R0.ict
100,1001
Luke Ziemba
NASA Langley
In-situ optical aerosol measurements from the NASA P3B
CAMP2Ex
1,1
2019,10,05,2020,05,5
1.0
Time_Mid,Secs after midnight,Time of acquisition
19
1,1,1,1,1,1,1,1,1,1,1,1,1,1,1,1,1,1,1
-9999,-9999,-9999,-9999,-9999,-9999,-9999,-9999,-9999,-9999,-9999,-9999,-9999,-9999,-9999,-9999,-9999,-9999,-9999
Sc550_total_amb, Mm-1, AerOpt_Scattering_InSitu_Green_RHa_Bulk_STP, scattering coefficient of ambient  particles at 550nm
Sc450_total, Mm-1, AerOpt_Scattering_InSitu_Blue_RHd_Bulk_STP, Dry Scattering at 450nm (Total Aerosols)
Sc550_total, Mm-1, AerOpt_Scattering_InSitu_Green_RHd_Bulk_STP, Dry Scattering at 550nm (Total Aerosols)
Sc700_total, Mm-1, AerOpt_Scattering_InSitu_Red_RHd_Bulk_STP, Dry Scattering at 700nm (Total Aerosols)
Abs470_total, Mm-1, AerOpt_Absorption_InSitu_Blue_RHd_Bulk_STP, Dry absorption at 470nm (Total Aerosols)
Abs532_total, Mm-1, AerOpt_Absorption_InSitu_Green_RHd_Bulk_STP, Dry absorption at 532nm (Total Aerosols)
Abs660_total, Mm-1, AerOpt_Absorption_InSitu_Red_RHd_Bulk_STP, Dry absorption at 660nm (Total Aerosols)
Ext532_total_amb, Mm-1, AerOpt_Extinction_InSitu_Green_RHa_Bulk_STP, extinction coefficient of aerosols at 532nm for AMBIENT relative humidity
Ext532_total_dry, Mm-1, AerOpt_Extinction_InSitu_Green_RHd_Bulk_STP, extinction coefficient of aerosols at 532nm for DRY relative humidity
gamma550, unitless, AerOpt_Gamma_InSitu_Green_None_Bulk_STP, derived optical hygroscopic growth factor for particles at 550nm
fRH550_RH20to80, unitless, AerOpt_fRHScat_InSitu_Green_RHsp_Bulk_STP, derived optical hygroscopic growth parameter for particles at 550nm
AEscatAMB_450to700nm,unitless, AerOpt_AngstromExponentScat_InSitu_BluetoRed_RHa_Bulk_STP, derived ambient Angstrom Exponent for scattering coefficient over wavelength range from 450nm to 700nm
AEscatDRY_450to700nm,unitless, AerOpt_AngstromExponentScatInSitu_BluetoRed_RHd_Bulk_STP, derived dry Angstrom Exponent for scattering coefficient over wavelength range from 450nm to 700nm
AEabsDRY_470to660nm,unitless, AerOpt_AngstromExponentAbs_InSitu_BluetoRed_RHd_Bulk_STP, derived dry Angstrom Exponent for absorption coefficient over wavelength range from 450nm to 700nm
SSA_dry_450nm,unitless, AerOpt_SSA_InSitu_Blue_RHd_Bulk_STP, single_scattering_albedo_at_450nm_as_derived_from_dry_scattering_and_absorption
SSA_dry_550nm,unitless, AerOpt_SSA_InSitu_Green_RHd_Bulk_STP, single_scattering_albedo_at_550nm_as_derived_from_dry_scattering_and_absorption
SSA_dry_700nm,unitless, AerOpt_SSA_InSitu_Red_RHd_Bulk_STP, single_scattering_albedo_at_700nm_as_derived_from_dry_scattering_and_absorption
SSA_amb_550nm,unitless, AerOpt_SSA_InSitu_Green_RHa_Bulk_STP, single_scattering_albedo_at_550nm_as_derived_from_ambient_scattering_and_absorption
stdPT,unitless, None, Conversion factor to convert between ambient and standard pressure and temperature conditions
0
67
******************************************************************************************************************
Langley Aerosol data from the 2019 CAMP2Ex field campaign
 
PI_CONTACT_INFO: luke.ziemba@nasa.gov
PLATFORM: NASA P3B aircraft
LOCATION: Latitude, Longitude, and Altitude included in MetNav files
[...]
UNCERTAINTY: estimated uncertainties for directly measured properties
	- For dry scattering, accuracy estimated at 30% for all wavelengths; precision estimated at 4.5 Mm-1 for 450nm wavelength and 3 Mm-1 for 550nm and 700nm wavelengths
	- For dry absorption, accuracy estimated at 15% for all wavelengths; precision is a function of pressure and is estimated to vary from 0.5 Mm-1 near the surface to 2 at high altitude
	- For derived parameters, please contact the PI for a more detailed discussion of uncertainty
ULOD_FLAG: -7777
ULOD_VALUE: N/A
LLOD_FLAG: -8888
LLOD_VALUE: N/A
DM_CONTACT_INFO: Michael Shook (michael.shook@nasa.gov)
PROJECT_INFO: CAMP2Ex 2019
STIPULATIONS_ON_USE: This is FINAL data. Users are strongly encouraged to consult the PI and/or DM prior to use.
OTHER_COMMENTS: N/A
REVISION: R0
R0: STP and ambient parameter calculations now use data from their respective publicly available files, data is time synced to DLH
RD: Correction factor applied to raw scattering data, which also affects the absorption data via the Virkkula correction
RC: Higher threshholds required for calculating intensive parameters; absorption smoothing algorithm applied
RB: Time sync to LARGE CNgt3nm applied
RA: None
******************************************************************************************************************
Time_Mid,Sc550_total_amb,Sc450_total,Sc550_total,Sc700_total,Abs470_total,Abs532_total,Abs660_total,Ext532_total_amb,Ext532_total_dry,gamma550,fRH550_RH20to80,AEscatAMB_450to700nm,AEscatDRY_450to700nm,AEabsDRY_470to660nm,SSA_dry_450nm,SSA_dry_550nm,SSA_dry_700nm,SSA_amb_550nm,stdPT
[from data line 12287]
17795,-9999.00,11.93,1.81,3.97,-0.60,0.09,0.35,-9999.00,2.04,-9999.00,-9999.00,0.65,1.82,-9999,-9999,-9999,-9999,-9999,1.119
17796,-9999.00,14.48,3.66,2.15,-0.24,-0.12,0.74,-9999.00,3.82,-9999.00,-9999.00,0.65,1.79,-9999,-9999,-9999,-9999,-9999,1.120
17797,8.31,8.95,5.82,4.53,-0.42,-0.25,0.73,8.08,6.03,0.21,1.35,0.67,1.77,-9999,-9999,-9999,-9999,-9999,1.119
17798,12.67,8.92,5.81,4.62,-0.49,-0.20,0.48,12.52,6.06,0.48,1.95,0.69,1.75,-9999,-9999,-9999,-9999,-9999,1.119
17799,13.57,7.82,5.69,4.09,-0.53,-0.23,0.13,13.43,5.91,0.53,2.09,0.72,1.68,-9999,-9999,-9999,-9999,-9999,1.119
17800,13.87,7.37,5.92,3.70,-0.96,-0.25,0.06,13.74,6.15,0.52,2.07,0.62,1.66,-9999,-9999,-9999,-9999,-9999,1.120
17801,9.17,4.26,9.59,4.50,-0.89,-0.11,-0.37,9.11,10.30,-0.03,0.96,0.60,1.65,-9999,-9999,-9999,-9999,-9999,1.118
17802,8.79,6.91,5.26,3.71,-0.15,-0.12,-1.26,8.71,5.59,0.29,1.50,0.61,1.58,-9999,-9999,-9999,-9999,-9999,1.118
17803,-9999.00,6.58,5.00,2.56,0.01,-0.32,-0.79,-9999.00,5.09,-9999.00,-9999.00,0.61,1.54,-9999,-9999,-9999,-9999,-9999,1.118
17804,-9999.00,5.91,4.28,1.55,-0.06,-0.38,0.04,-9999.00,4.25,-9999.00,-9999.00,0.59,1.63,-9999,-9999,-9999,-9999,-9999,1.118
17805,-9999.00,5.60,3.82,1.85,-0.06,-0.28,-0.26,-9999.00,3.86,-9999.00,-9999.00,0.59,1.73,-9999,-9999,-9999,-9999,-9999,1.118
17806,-9999.00,5.28,3.34,2.21,-0.26,-0.14,-0.85,-9999.00,3.49,-9999.00,-9999.00,0.59,1.83,-9999,-9999,-9999,-9999,-9999,1.119
17807,7.60,9.39,5.67,5.69,-0.33,-0.06,-0.55,7.64,6.16,0.20,1.33,0.59,1.88,-9999,-9999,-9999,-9999,-9999,1.119
17808,-9999.00,5.00,3.61,4.27,-0.12,0.18,0.06,-9999.00,4.16,-9999.00,-9999.00,0.55,1.93,-9999,-9999,-9999,-9999,-9999,1.119
17809,7.46,11.94,5.79,3.50,0.18,0.34,-0.02,7.94,6.75,0.18,1.28,0.57,1.98,-9999,-9999,-9999,-9999,-9999,1.119
17810,-9999.00,8.03,4.15,2.16,0.14,0.37,0.18,-9999.00,4.92,-9999.00,-9999.00,0.53,1.95,-9999,-9999,-9999,-9999,-9999,1.119
17811,-9999.00,6.42,3.32,2.74,-0.57,0.27,0.75,-9999.00,3.90,-9999.00,-9999.00,0.54,1.93,-9999,-9999,-9999,-9999,-9999,1.118
17812,-9999.00,4.89,2.43,3.40,-0.66,0.03,0.38,-9999.00,2.66,-9999.00,-9999.00,0.55,1.86,-9999,-9999,-9999,-9999,-9999,1.119
17813,-9999.00,8.09,4.29,4.44,-0.34,0.05,-0.05,-9999.00,4.69,-9999.00,-9999.00,0.55,1.88,-9999,-9999,-9999,-9999,-9999,1.119
17814,-9999.00,4.31,2.50,2.90,-0.05,0.46,0.37,-9999.00,3.17,-9999.00,-9999.00,0.52,1.96,-9999,-9999,-9999,-9999,-9999,1.118
17815,-9999.00,11.84,4.37,5.54,0.25,0.61,1.35,-9999.00,5.35,-9999.00,-9999.00,0.50,1.97,-9999,-9999,-9999,-9999,-9999,1.118
17816,-9999.00,9.94,4.46,6.09,0.23,0.24,1.38,-9999.00,5.09,-9999.00,-9999.00,0.45,1.96,-9999,-9999,-9999,-9999,-9999,1.118
17817,-9999.00,8.13,4.56,6.66,0.01,-0.12,0.20,-9999.00,4.87,-9999.00,-9999.00,0.41,1.98,-9999,-9999,-9999,-9999,-9999,1.118
17818,-9999.00,4.73,3.82,1.86,-0.18,-0.20,-0.12,-9999.00,3.97,-9999.00,-9999.00,0.52,1.92,-9999,-9999,-9999,-9999,-9999,1.118
17819,5.18,9.30,5.20,0.99,0.12,-0.18,0.17,5.30,5.52,-0.00,1.00,0.50,1.95,-9999,-9999,-9999,-9999,-9999,1.118
17820,-9999.00,7.03,3.84,1.02,0.45,-0.08,0.13,-9999.00,4.15,-9999.00,-9999.00,0.49,1.93,-9999,-9999,-9999,-9999,-9999,1.118
17821,-9999.00,4.76,2.49,1.06,0.18,-0.14,0.27,-9999.00,2.61,-9999.00,-9999.00,0.50,1.90,-9999,-9999,-9999,-9999,-9999,1.119
17822,-9999.00,1.89,2.67,0.86,-0.14,-0.26,0.04,-9999.00,2.68,-9999.00,-9999.00,0.50,1.81,-9999,-9999,-9999,-9999,-9999,1.118
17823,-9999.00,6.89,2.48,2.44,-0.25,-0.18,-0.45,-9999.00,2.55,-9999.00,-9999.00,0.49,1.79,-9999,-9999,-9999,-9999,-9999,1.118
17824,-9999.00,11.01,3.45,0.88,-0.50,-0.00,-0.74,-9999.00,3.82,-9999.00,-9999.00,0.49,1.80,-9999,-9999,-9999,-9999,-9999,1.118
17825,-9999.00,7.52,3.99,3.41,-0.74,0.22,-0.77,-9999.00,4.64,-9999.00,-9999.00,0.47,1.75,-9999,-9999,-9999,-9999,-9999,1.118
17826,-9999.00,5.93,3.63,2.13,-0.43,0.40,-0.06,-9999.00,4.42,-9999.00,-9999.00,0.44,1.69,-9999,-9999,-9999,-9999,-9999,1.118
17827,7.98,10.31,6.88,3.35,-0.03,0.33,0.12,8.80,7.96,0.11,1.17,0.52,1.65,-9999,-9999,-9999,-9999,-9999,1.117
17828,7.03,6.58,5.72,2.72,-0.32,-0.01,-0.08,7.45,6.33,0.15,1.23,0.47,1.59,-9999,-9999,-9999,-9999,-9999,1.117
17829,-9999.00,9.45,4.52,1.66,-0.41,-0.06,0.30,-9999.00,4.96,-9999.00,-9999.00,0.41,1.56,-9999,-9999,-9999,-9999,-9999,1.118
17830,-9999.00,4.54,3.61,2.15,-0.22,0.42,0.55,-9999.00,4.45,-9999.00,-9999.00,0.41,1.57,-9999,-9999,-9999,-9999,-9999,1.117
17831,-9999.00,5.99,3.40,3.75,-0.26,0.50,0.44,-9999.00,4.26,-9999.00,-9999.00,0.44,1.59,-9999,-9999,-9999,-9999,-9999,1.118
17832,-9999.00,5.58,4.17,4.25,-0.09,0.05,-0.05,-9999.00,4.64,-9999.00,-9999.00,0.47,1.64,-9999,-9999,-9999,-9999,-9999,1.117
17833,5.84,5.91,5.76,5.49,0.21,-0.80,-0.00,5.22,5.51,0.01,1.01,0.51,1.70,-9999,-9999,-9999,-9999,-9999,1.117
17834,-9999.00,11.10,4.59,3.37,0.27,-0.86,0.03,-9999.00,4.19,-9999.00,-9999.00,0.51,1.66,-9999,-9999,-9999,-9999,-9999,1.117
17835,-9999.00,8.31,3.01,3.52,0.06,-0.86,-0.26,-9999.00,2.48,-9999.00,-9999.00,0.51,1.56,-9999,-9999,-9999,-9999,-9999,1.117
17836,-9999.00,7.35,3.16,3.73,-0.12,-0.72,0.38,-9999.00,2.78,-9999.00,-9999.00,0.48,1.47,-9999,-9999,-9999,-9999,-9999,1.117
17837,-9999.00,3.64,3.58,5.41,-0.07,-0.36,1.00,-9999.00,3.60,-9999.00,-9999.00,0.48,1.43,-9999,-9999,-9999,-9999,-9999,1.117
17838,-9999.00,2.13,1.28,3.47,-0.10,-0.26,0.28,-9999.00,1.15,-9999.00,-9999.00,0.48,1.40,-9999,-9999,-9999,-9999,-9999,1.117
17839,-9999.00,1.34,-0.37,1.86,-0.27,-0.59,-0.88,-9999.00,-0.99,-9999.00,-9999.00,0.44,1.39,-9999,-9999,-9999,-9999,-9999,1.117
17840,-9999.00,4.19,1.29,2.29,-0.40,-0.72,-1.02,-9999.00,0.71,-9999.00,-9999.00,0.37,1.27,-9999,-9999,-9999,-9999,-9999,1.117
17841,-9999.00,4.05,1.10,2.64,-0.41,-0.42,-0.26,-9999.00,0.79,-9999.00,-9999.00,0.39,1.30,-9999,-9999,-9999,-9999,-9999,1.117
17842,-9999.00,7.51,3.41,5.18,-0.35,0.34,-0.15,-9999.00,4.10,-9999.00,-9999.00,0.39,1.27,-9999,-9999,-9999,-9999,-9999,1.116
17843,-9999.00,3.81,1.93,5.42,-0.30,0.40,-0.40,-9999.00,2.52,-9999.00,-9999.00,0.40,1.23,-9999,-9999,-9999,-9999,-9999,1.117
17844,-9999.00,8.87,3.77,6.09,-0.26,0.31,-0.46,-9999.00,4.46,-9999.00,-9999.00,0.41,1.22,-9999,-9999,-9999,-9999,-9999,1.116
17845,-9999.00,6.37,1.78,3.47,-0.28,0.29,-0.91,-9999.00,2.25,-9999.00,-9999.00,0.40,1.18,-9999,-9999,-9999,-9999,-9999,1.117
17846,10.42,8.01,6.75,3.10,-0.46,0.27,-1.10,10.89,7.72,0.33,1.57,0.41,1.18,-9999,-9999,-9999,-9999,-9999,1.116
17847,8.37,6.14,5.16,1.96,-0.61,0.36,-0.32,8.89,6.05,0.37,1.66,0.41,1.19,-9999,-9999,-9999,-9999,-9999,1.117
17848,6.82,8.53,7.98,4.08,-0.20,0.60,0.81,7.57,9.41,-0.12,0.84,0.45,1.20,-9999,-9999,-9999,-9999,-9999,1.116
17849,-9999.00,5.93,2.45,4.31,0.50,0.53,1.07,-9999.00,3.25,-9999.00,-9999.00,0.33,1.31,-9999,-9999,-9999,-9999,-9999,1.116
17850,-9999.00,6.73,0.40,4.08,0.53,0.29,0.84,-9999.00,0.73,-9999.00,-9999.00,0.36,1.31,-9999,-9999,-9999,-9999,-9999,1.117
17851,-9999.00,5.55,1.58,4.04,0.30,0.18,0.73,-9999.00,1.94,-9999.00,-9999.00,0.35,1.34,-9999,-9999,-9999,-9999,-9999,1.117
17852,-9999.00,4.53,2.71,2.74,0.29,0.03,1.09,-9999.00,3.05,-9999.00,-9999.00,0.33,1.34,-9999,-9999,-9999,-9999,-9999,1.116
17853,-9999.00,2.79,3.49,2.83,0.32,0.07,1.56,-9999.00,3.98,-9999.00,-9999.00,0.32,1.43,-9999,-9999,-9999,-9999,-9999,1.116
17854,-9999.00,7.49,2.48,3.55,0.32,0.34,1.25,-9999.00,3.10,-9999.00,-9999.00,0.31,1.49,-9999,-9999,-9999,-9999,-9999,1.116
17855,-9999.00,5.79,4.36,3.53,0.53,0.36,0.56,-9999.00,5.21,-9999.00,-9999.00,0.30,1.58,-9999,-9999,-9999,-9999,-9999,1.116
17856,-9999.00,7.53,2.29,1.71,0.76,0.16,0.45,-9999.00,2.71,-9999.00,-9999.00,0.28,1.56,-9999,-9999,-9999,-9999,-9999,1.116
17857,-9999.00,6.18,4.56,3.78,0.27,-0.11,0.22,-9999.00,4.96,-9999.00,-9999.00,0.27,1.54,-9999,-9999,-9999,-9999,-9999,1.115
17858,6.03,7.91,8.13,4.04,-0.42,-0.21,-0.43,6.01,8.81,-0.24,0.71,0.05,1.54,-9999,-9999,-9999,-9999,-9999,1.116
17859,-9999.00,6.46,4.63,3.03,-0.38,-0.12,-0.36,-9999.00,4.98,-9999.00,-9999.00,0.12,1.60,-9999,-9999,-9999,-9999,-9999,1.116
17860,-9999.00,9.25,4.03,3.89,-0.03,0.06,0.19,-9999.00,4.48,-9999.00,-9999.00,-9999,1.67,-9999,-9999,-9999,-9999,-9999,1.116
17861,-9999.00,5.88,2.49,2.52,0.07,0.16,0.46,-9999.00,2.88,-9999.00,-9999.00,-9999,1.71,-9999,-9999,-9999,-9999,-9999,1.116
17862,-9999.00,5.89,3.45,3.27,-0.40,-0.12,0.28,-9999.00,3.66,-9999.00,-9999.00,-9999,1.72,-9999,-9999,-9999,-9999,-9999,1.115
17863,-9999.00,6.05,4.43,4.02,-0.67,-0.62,0.05,-9999.00,4.22,-9999.00,-9999.00,-9999,1.69,-9999,-9999,-9999,-9999,-9999,1.115
17864,5.28,11.71,5.43,3.47,-0.42,-0.62,0.09,4.87,5.32,-0.02,0.97,-9999,1.68,-9999,-9999,-9999,-9999,-9999,1.115
17865,-9999.00,11.56,4.63,3.63,-0.26,-0.33,-0.12,-9999.00,4.73,-9999.00,-9999.00,0.56,1.65,-9999,-9999,-9999,-9999,-9999,1.115
17866,-9999.00,11.41,3.82,3.82,-0.36,-0.19,-0.69,-9999.00,3.95,-9999.00,-9999.00,0.55,1.63,-9999,-9999,-9999,-9999,-9999,1.115
17867,-9999.00,4.32,0.84,2.12,-0.30,-0.19,-0.52,-9999.00,0.72,-9999.00,-9999.00,0.53,1.65,-9999,-9999,-9999,-9999,-9999,1.115
17868,-9999.00,6.85,2.20,3.02,-0.30,-0.16,-0.18,-9999.00,2.21,-9999.00,-9999.00,0.53,1.62,-9999,-9999,-9999,-9999,-9999,1.115
17869,-9999.00,5.09,4.08,1.98,-0.47,-0.21,-0.59,-9999.00,4.18,-9999.00,-9999.00,0.53,1.58,-9999,-9999,-9999,-9999,-9999,1.115
17870,5.36,8.54,5.04,1.58,-0.33,-0.14,-1.03,5.43,5.26,0.05,1.07,0.55,1.53,-9999,-9999,-9999,-9999,-9999,1.115
17871,-9999.00,5.22,3.10,3.43,0.13,0.11,-1.08,-9999.00,3.42,-9999.00,-9999.00,0.59,1.53,-9999,-9999,-9999,-9999,-9999,1.115
17872,-9999.00,6.76,1.39,5.13,0.33,0.29,-0.56,-9999.00,1.77,-9999.00,-9999.00,0.61,1.45,-9999,-9999,-9999,-9999,-9999,1.115
17873,-9999.00,3.59,2.92,3.33,0.12,0.37,-0.16,-9999.00,3.48,-9999.00,-9999.00,0.59,1.49,-9999,-9999,-9999,-9999,-9999,1.115
17874,7.93,6.38,8.82,3.62,-0.04,0.40,-0.43,8.59,9.85,-0.08,0.89,0.53,1.55,-9999,-9999,-9999,-9999,-9999,1.115
17875,7.72,8.40,6.03,2.74,0.14,0.25,0.12,8.22,6.73,0.20,1.32,0.51,1.60,-9999,-9999,-9999,-9999,-9999,1.115
17876,7.70,8.15,6.02,2.58,-0.13,0.22,1.18,8.15,6.68,0.21,1.33,0.48,1.62,-9999,-9999,-9999,-9999,-9999,1.115
17877,8.29,7.89,6.01,2.42,-0.34,0.24,1.15,8.77,6.68,0.28,1.48,0.49,1.60,-9999,-9999,-9999,-9999,-9999,1.115
17878,-9999.00,5.42,4.51,3.19,-0.04,0.27,0.46,-9999.00,5.10,-9999.00,-9999.00,0.49,1.66,-9999,-9999,-9999,-9999,-9999,1.116
17879,7.21,4.24,6.08,2.32,-0.04,0.31,-0.02,7.76,6.83,0.15,1.24,0.53,1.71,-9999,-9999,-9999,-9999,-9999,1.115
17880,-9999.00,6.04,2.93,5.69,0.04,0.36,0.18,-9999.00,3.50,-9999.00,-9999.00,0.49,1.74,-9999,-9999,-9999,-9999,-9999,1.115
17881,6.31,4.19,6.59,3.76,0.08,0.45,0.46,6.93,7.50,-0.04,0.95,0.45,1.73,-9999,-9999,-9999,-9999,-9999,1.115
17882,-9999.00,5.80,3.70,3.47,-0.08,0.34,0.27,-9999.00,4.27,-9999.00,-9999.00,0.41,1.71,-9999,-9999,-9999,-9999,-9999,1.115
17883,-9999.00,1.98,1.58,2.67,-0.21,-0.03,0.15,-9999.00,1.64,-9999.00,-9999.00,0.41,1.69,-9999,-9999,-9999,-9999,-9999,1.115
17884,-9999.00,2.04,4.47,4.12,0.06,-0.07,-0.46,-9999.00,4.64,-9999.00,-9999.00,0.41,1.69,-9999,-9999,-9999,-9999,-9999,1.115
17885,-9999.00,2.22,4.06,3.00,0.99,0.20,-0.93,-9999.00,4.47,-9999.00,-9999.00,0.10,1.60,-9999,-9999,-9999,-9999,-9999,1.115
17886,7.87,5.79,5.53,3.81,1.08,0.46,-0.54,8.49,6.27,0.27,1.45,0.10,1.60,-9999,-9999,-9999,-9999,-9999,1.115
17887,-9999.00,4.52,3.54,3.55,0.36,0.59,0.38,-9999.00,4.31,-9999.00,-9999.00,0.12,1.66,-9999,-9999,-9999,-9999,-9999,1.115
17888,-9999.00,6.41,3.32,2.20,0.33,0.47,1.00,-9999.00,3.94,-9999.00,-9999.00,0.12,1.73,-9999,-9999,-9999,-9999,-9999,1.114
17889,-9999.00,7.58,3.22,1.40,0.29,0.21,0.69,-9999.00,3.58,-9999.00,-9999.00,0.12,1.78,-9999,-9999,-9999,-9999,-9999,1.114
17890,-9999.00,5.37,2.75,0.12,-0.00,0.00,0.11,-9999.00,2.90,-9999.00,-9999.00,0.08,1.76,-9999,-9999,-9999,-9999,-9999,1.114
17891,-9999.00,7.87,4.44,2.42,0.41,-0.00,-0.07,-9999.00,4.67,-9999.00,-9999.00,0.06,1.71,-9999,-9999,-9999,-9999,-9999,1.114
17892,-9999.00,5.87,2.82,3.50,0.97,0.35,0.13,-9999.00,3.32,-9999.00,-9999.00,0.04,1.64,-9999,-9999,-9999,-9999,-9999,1.114
17893,-9999.00,9.31,5.88,2.42,0.71,0.48,1.00,-9999.00,6.68,-9999.00,-9999.00,0.03,1.64,-9999,-9999,-9999,-9999,-9999,1.115
17894,-9999.00,8.95,4.52,3.29,0.03,0.28,1.38,-9999.00,5.05,-9999.00,-9999.00,0.01,1.59,-9999,-9999,-9999,-9999,-9999,1.114
17895,5.48,11.88,6.23,2.21,-0.07,-0.11,0.72,5.51,6.50,-0.10,0.88,0.04,1.57,-9999,-9999,-9999,-9999,-9999,1.115
17896,-9999.00,7.10,3.65,1.98,0.19,-0.33,-0.50,-9999.00,3.55,-9999.00,-9999.00,-0.21,1.64,-9999,-9999,-9999,-9999,-9999,1.115
17897,6.18,8.05,5.80,3.05,-0.11,-0.23,-1.55,6.10,5.97,0.05,1.07,-0.20,1.66,-9999,-9999,-9999,-9999,-9999,1.114
17898,-9999.00,4.75,3.86,3.05,-0.29,-0.27,-1.48,-9999.00,3.86,-9999.00,-9999.00,-0.16,1.73,-9999,-9999,-9999,-9999,-9999,1.114
17899,7.31,8.70,7.49,4.11,0.03,-0.27,-0.79,7.19,7.74,-0.02,0.98,-0.12,1.77,-9999,-9999,-9999,-9999,-9999,1.115
17900,8.63,5.34,6.98,5.69,-0.32,-0.13,-0.49,8.68,7.36,0.16,1.25,-0.09,1.86,-9999,-9999,-9999,-9999,-9999,1.114
17901,5.71,8.95,6.76,1.93,-0.71,-0.22,-0.27,5.62,7.05,-0.13,0.84,-0.06,1.91,-9999,-9999,-9999,-9999,-9999,1.115
17902,-9999.00,7.74,4.57,1.95,-0.32,-0.27,-0.26,-9999.00,4.64,-9999.00,-9999.00,-0.05,1.91,-9999,-9999,-9999,-9999,-9999,1.115
17903,-9999.00,7.73,4.79,2.72,-0.10,-0.15,-0.78,-9999.00,5.00,-9999.00,-9999.00,-0.07,1.91,-9999,-9999,-9999,-9999,-9999,1.115
17904,-9999.00,5.25,3.05,2.18,0.02,0.01,-0.91,-9999.00,3.28,-9999.00,-9999.00,-0.06,1.86,-9999,-9999,-9999,-9999,-9999,1.115
17905,-9999.00,5.86,4.20,4.21,0.14,-0.08,0.23,-9999.00,4.40,-9999.00,-9999.00,-0.04,1.78,-9999,-9999,-9999,-9999,-9999,1.115
17906,-9999.00,4.02,2.76,2.71,0.18,-0.07,1.33,-9999.00,2.87,-9999.00,-9999.00,-0.04,1.71,-9999,-9999,-9999,-9999,-9999,1.115
17907,-9999.00,5.93,4.45,4.32,0.27,0.31,1.10,-9999.00,5.06,-9999.00,-9999.00,-0.01,1.62,-9999,-9999,-9999,-9999,-9999,1.116
17908,-9999.00,6.15,3.14,1.57,0.25,0.46,0.51,-9999.00,3.81,-9999.00,-9999.00,-0.03,1.68,-9999,-9999,-9999,-9999,-9999,1.116
17909,-9999.00,3.76,3.05,4.56,0.14,0.20,0.40,-9999.00,3.45,-9999.00,-9999.00,-0.04,1.68,-9999,-9999,-9999,-9999,-9999,1.115
17910,-9999.00,5.90,2.63,3.62,0.05,-0.09,0.10,-9999.00,2.71,-9999.00,-9999.00,-0.07,1.72,-9999,-9999,-9999,-9999,-9999,1.115
17911,-9999.00,8.95,4.32,4.48,0.10,-0.11,-0.23,-9999.00,4.49,-9999.00,-9999.00,-0.06,1.68,-9999,-9999,-9999,-9999,-9999,1.114
17912,-9999.00,7.23,3.44,4.40,0.09,-0.07,0.14,-9999.00,3.59,-9999.00,-9999.00,-0.04,1.65,-9999,-9999,-9999,-9999,-9999,1.115
17913,7.73,9.37,5.28,2.05,-0.26,-0.06,0.41,7.82,5.52,0.29,1.50,-0.03,1.57,-9999,-9999,-9999,-9999,-9999,1.116
17914,9.73,9.25,8.01,4.32,-0.29,0.23,-0.03,10.14,8.69,0.15,1.22,-0.04,1.58,-9999,-9999,-9999,-9999,-9999,1.116
17915,8.13,7.36,5.63,2.91,-0.18,0.30,-0.12,8.58,6.25,0.29,1.49,-0.04,1.60,-9999,-9999,-9999,-9999,-9999,1.115
17916,-9999.00,6.83,4.73,2.83,-0.35,-0.06,0.67,-9999.00,4.95,-9999.00,-9999.00,-9999,1.72,-9999,-9999,-9999,-9999,-9999,1.116
17917,6.81,6.54,5.05,4.43,-0.10,-0.17,1.04,6.74,5.18,0.24,1.39,-9999,1.70,-9999,-9999,-9999,-9999,-9999,1.116
17918,8.41,6.70,5.12,4.37,0.29,0.14,0.66,8.68,5.58,0.41,1.76,-9999,1.71,-9999,-9999,-9999,-9999,-9999,1.116
17919,8.67,6.86,5.19,4.30,0.22,0.38,0.77,9.17,5.88,0.42,1.80,-9999,1.70,-9999,-9999,-9999,-9999,-9999,1.116
17920,-9999.00,2.94,4.83,3.11,-0.20,0.38,0.64,-9999.00,5.51,-9999.00,-9999.00,-9999,1.76,-9999,-9999,-9999,-9999,-9999,1.116
17921,-9999.00,5.46,3.78,3.18,-0.32,0.35,-0.10,-9999.00,4.36,-9999.00,-9999.00,-9999,1.81,-9999,-9999,-9999,-9999,-9999,1.116
17922,-9999.00,2.80,2.30,4.00,-0.07,0.33,0.24,-9999.00,2.77,-9999.00,-9999.00,-9999,1.79,-9999,-9999,-9999,-9999,-9999,1.116
17923,-9999.00,6.27,2.60,0.96,-0.01,-0.00,0.63,-9999.00,2.74,-9999.00,-9999.00,-9999,1.75,-9999,-9999,-9999,-9999,-9999,1.116
17924,-9999.00,5.87,4.63,0.68,0.16,-0.21,-0.37,-9999.00,4.68,-9999.00,-9999.00,-9999,1.66,-9999,-9999,-9999,-9999,-9999,1.116
17925,-9999.00,7.84,2.78,1.10,0.35,0.08,-2.17,-9999.00,3.02,-9999.00,-9999.00,-9999,1.65,-9999,-9999,-9999,-9999,-9999,1.116
17926,-9999.00,5.79,4.35,0.88,-0.00,0.10,-1.88,-9999.00,4.70,-9999.00,-9999.00,-9999,1.72,-9999,-9999,-9999,-9999,-9999,1.116
