NASA Data Processing/CAMP2Ex/OPTICAL/CAMP2Ex-LARGE-OPTICAL_P3B_20190925_R0.ict
100,1001
Luke Ziemba
NASA Langley
In-situ optical aerosol measurements from the NASA P3B
CAMP2Ex
1,1
2019,09,25,2020,05,5
1.0
Time_Mid,Secs after midnight,Time of acquisition
19
1,1,1,1,1,1,1,1,1,1,1,1,1,1,1,1,1,1,1
-9999,-9999,-9999,-9999,-9999,-9999,-9999,-9999,-9999,-9999,-9999,-9999,-9999,-9999,-9999,-9999,-9999,-9999,-9999
Sc550_total_amb, Mm-1, AerOpt_Scattering_InSitu_Green_RHa_Bulk_STP, scattering coefficient of ambient  particles at 550nm
Sc450_total, Mm-1, AerOpt_Scattering_InSitu_Blue_RHd_Bulk_STP, Dry Scattering at 450nm (Total Aerosols)
Sc550_total, Mm-1, AerOpt_Scattering_InSitu_Green_RHd_Bulk_STP, Dry Scattering at 550nm (Total Aerosols)
Sc700_total, Mm-1, AerOpt_Scattering_InSitu_Red_RHd_Bulk_STP, Dry Scattering at 700nm (Total Aerosols)
Abs470_total, Mm-1, AerOpt_Absorption_InSitu_Blue_RHd_Bulk_STP, Dry absorption at 470nm (Total Aerosols)
Abs532_total, Mm-1, AerOpt_Absorption_InSitu_Green_RHd_Bulk_STP, Dry absorption at 532nm (Total Aerosols)
Abs660_total, Mm-1, AerOpt_Absorption_InSitu_Red_RHd_Bulk_STP, Dry absorption at 660nm (Total Aerosols)
Ext532_total_amb, Mm-1, AerOpt_Extinction_InSitu_Green_RHa_Bulk_STP, extinction coefficient of aerosols at 532nm for AMBIENT relative humidity
Ext532_total_dry, Mm-1, AerOpt_Extinction_InSitu_Green_RHd_Bulk_STP, extinction coefficient of aerosols at 532nm for DRY relative humidity
gamma550, unitless, AerOpt_Gamma_InSitu_Green_None_Bulk_STP, derived optical hygroscopic growth factor for particles at 550nm
fRH550_RH20to80, unitless, AerOpt_fRHScat_InSitu_Green_RHsp_Bulk_STP, derived optical hygroscopic growth parameter for particles at 550nm
AEscatAMB_450to700nm,unitless, AerOpt_AngstromExponentScat_InSitu_BluetoRed_RHa_Bulk_STP, derived ambient Angstrom Exponent for scattering coefficient over wavelength range from 450nm to 700nm
AEscatDRY_450to700nm,unitless, AerOpt_AngstromExponentScatInSitu_BluetoRed_RHd_Bulk_STP, derived dry Angstrom Exponent for scattering coefficient over wavelength range from 450nm to 700nm
AEabsDRY_470to660nm,unitless, AerOpt_AngstromExponentAbs_InSitu_BluetoRed_RHd_Bulk_STP, derived dry Angstrom Exponent for absorption coefficient over wavelength range from 450nm to 700nm
SSA_dry_450nm,unitless, AerOpt_SSA_InSitu_Blue_RHd_Bulk_STP, single_scattering_albedo_at_450nm_as_derived_from_dry_scattering_and_absorption
SSA_dry_550nm,unitless, AerOpt_SSA_InSitu_Green_RHd_Bulk_STP, single_scattering_albedo_at_550nm_as_derived_from_dry_scattering_and_absorption
SSA_dry_700nm,unitless, AerOpt_SSA_InSitu_Red_RHd_Bulk_STP, single_scattering_albedo_at_700nm_as_derived_from_dry_scattering_and_absorption
SSA_amb_550nm,unitless, AerOpt_SSA_InSitu_Green_RHa_Bulk_STP, single_scattering_albedo_at_550nm_as_derived_from_ambient_scattering_and_absorption
stdPT,unitless, None, Conversion factor to convert between ambient and standard pressure and temperature conditions
0
67
******************************************************************************************************************
Langley Aerosol data from the 2019 CAMP2Ex field campaign
 
PI_CONTACT_INFO: luke.ziemba@nasa.gov
PLATFORM: NASA P3B aircraft
LOCATION: Latitude, Longitude, and Altitude included in MetNav files
[...]
UNCERTAINTY: estimated uncertainties for directly measured properties
	- For dry scattering, accuracy estimated at 30% for all wavelengths; precision estimated at 4.5 Mm-1 for 450nm wavelength and 3 Mm-1 for 550nm and 700nm wavelengths
	- For dry absorption, accuracy estimated at 15% for all wavelengths; precision is a function of pressure and is estimated to vary from 0.5 Mm-1 near the surface to 2 at high altitude
	- For derived parameters, please contact the PI for a more detailed discussion of uncertainty
ULOD_FLAG: -7777
ULOD_VALUE: N/A
LLOD_FLAG: -8888
LLOD_VALUE: N/A
DM_CONTACT_INFO: Michael Shook (michael.shook@nasa.gov)
PROJECT_INFO: CAMP2Ex 2019
STIPULATIONS_ON_USE: This is FINAL data. Users are strongly encouraged to consult the PI and/or DM prior to use.
OTHER_COMMENTS: N/A
REVISION: R0
R0: STP and ambient parameter calculations now use data from their respective publicly available files, data is time synced to DLH
RD: Correction factor applied to raw scattering data, which also affects the absorption data via the Virkkula correction
RC: Higher threshholds required for calculating intensive parameters; absorption smoothing algorithm applied
RB: Time sync to LARGE CNgt3nm applied
RA: None
******************************************************************************************************************
Time_Mid,Sc550_total_amb,Sc450_total,Sc550_total,Sc700_total,Abs470_total,Abs532_total,Abs660_total,Ext532_total_amb,Ext532_total_dry,gamma550,fRH550_RH20to80,AEscatAMB_450to700nm,AEscatDRY_450to700nm,AEabsDRY_470to660nm,SSA_dry_450nm,SSA_dry_550nm,SSA_dry_700nm,SSA_amb_550nm,stdPT
[from data line 17230]
27768,42.56,42.65,28.32,18.76,2.47,1.85,1.67,47.18,32.20,0.25,1.42,1.75,2.04,-9999,-9999,-9999,-9999,-9999,1.141
27769,41.54,43.99,27.26,17.28,1.90,1.54,0.46,45.76,30.77,0.25,1.42,1.76,2.06,-9999,-9999,-9999,-9999,-9999,1.141
27770,41.56,36.87,27.47,15.73,1.82,1.26,0.07,45.47,30.69,0.25,1.42,1.75,2.06,-9999,-9999,-9999,-9999,-9999,1.141
27771,41.88,41.20,29.38,16.55,1.87,1.46,1.14,45.99,32.95,0.26,1.43,1.74,2.08,-9999,0.955,-9999.000,-9999.000,-9999.000,1.141
27772,36.30,37.57,26.29,15.96,1.55,1.63,2.10,40.22,29.81,0.22,1.36,1.75,2.09,-9999,-9999,-9999,-9999,-9999,1.141
27773,39.75,43.61,29.42,15.72,1.74,1.58,1.65,43.82,33.12,0.20,1.32,1.75,2.08,-9999,-9999,-9999,-9999,-9999,1.141
27774,35.52,41.79,25.75,15.15,2.00,1.50,1.08,39.26,29.11,0.24,1.39,1.74,2.07,-9999,-9999,-9999,-9999,-9999,1.141
27775,37.64,41.23,27.07,14.53,1.84,1.59,1.68,41.62,30.65,0.25,1.41,1.75,2.07,-9999,-9999,-9999,-9999,-9999,1.141
27776,40.63,44.11,27.93,16.39,1.78,1.91,1.67,45.09,31.92,0.25,1.41,1.74,2.07,-9999,-9999,-9999,-9999,-9999,1.141
27777,40.82,43.56,28.33,20.51,1.88,2.04,0.98,45.41,32.50,0.24,1.39,1.75,2.08,-9999,0.953,-9999.000,-9999.000,-9999.000,1.141
27778,39.95,43.65,27.03,17.41,2.17,2.11,1.34,44.55,31.19,0.24,1.39,1.77,2.09,-9999,0.951,-9999.000,-9999.000,-9999.000,1.142
27779,40.95,46.62,30.02,18.47,1.87,1.90,1.77,45.37,34.17,0.19,1.30,1.78,2.12,-9999,0.950,-9999.000,-9999.000,-9999.000,1.141
27780,40.45,41.35,28.71,16.50,1.37,1.43,1.26,44.28,32.24,0.21,1.34,1.78,2.11,-9999,0.950,-9999.000,-9999.000,-9999.000,1.141
27781,41.83,43.29,32.28,17.08,1.84,1.50,0.99,45.76,36.13,0.16,1.25,1.78,2.11,-9999,0.952,-9999.000,-9999.000,-9999.000,1.141
27782,39.89,37.08,26.62,15.34,2.23,2.01,1.52,44.20,30.56,0.24,1.39,1.78,2.09,-9999,0.954,-9999.000,-9999.000,-9999.000,1.141
27783,39.26,43.18,29.53,17.32,2.19,1.96,1.64,43.50,33.65,0.17,1.26,1.80,2.10,-9999,-9999,-9999,-9999,-9999,1.141
27784,38.20,44.57,25.93,15.62,1.96,1.55,1.14,41.95,29.39,0.24,1.39,1.82,2.12,-9999,0.950,-9999.000,-9999.000,-9999.000,1.141
27785,41.08,40.18,28.85,18.10,1.54,1.35,1.24,44.81,32.35,0.22,1.35,1.84,2.12,-9999,0.946,-9999.000,-9999.000,-9999.000,1.141
27786,39.61,40.43,24.95,14.80,1.66,1.46,1.94,43.35,28.27,0.29,1.49,1.85,2.12,-9999,0.948,-9999.000,-9999.000,-9999.000,1.141
27787,41.46,40.79,25.88,15.61,1.96,1.74,2.12,45.58,29.55,0.31,1.55,1.85,2.12,-9999,0.950,-9999.000,-9999.000,-9999.000,1.141
27788,40.84,39.98,25.46,15.21,2.32,2.12,1.62,45.30,29.48,0.32,1.56,1.85,2.13,-9999,0.950,-9999.000,-9999.000,-9999.000,1.141
27789,34.79,43.55,26.67,17.48,2.60,2.38,1.35,39.17,31.05,0.18,1.29,1.85,2.12,-9999,0.949,-9999.000,-9999.000,-9999.000,1.141
27790,36.27,40.27,25.29,16.32,2.42,2.28,1.79,40.60,29.45,0.26,1.43,1.83,2.12,-9999,0.950,-9999.000,-9999.000,-9999.000,1.141
27791,38.59,45.24,26.30,18.72,2.36,1.98,2.06,42.73,30.26,0.28,1.48,1.83,2.10,-9999,0.949,-9999.000,-9999.000,-9999.000,1.142
27792,44.59,44.31,26.21,17.33,2.32,2.19,1.67,49.28,30.35,0.37,1.66,1.83,2.10,-9999,0.947,-9999.000,-9999.000,-9999.000,1.141
27793,42.86,43.42,26.13,15.98,2.12,2.45,1.40,47.74,30.53,0.35,1.62,1.84,2.11,-9999,0.948,-9999.000,-9999.000,-9999.000,1.141
27794,44.41,43.48,29.24,13.58,2.28,2.18,1.42,49.16,33.62,0.27,1.46,1.85,2.11,-9999,0.950,-9999.000,-9999.000,-9999.000,1.141
27795,43.53,37.83,30.22,18.59,2.76,2.05,1.68,48.10,34.54,0.23,1.38,1.84,2.11,-9999,0.948,-9999.000,-9999.000,-9999.000,1.141
27796,41.30,42.13,25.67,16.82,2.93,2.22,2.46,45.93,29.86,0.30,1.51,1.83,2.10,-9999,0.949,-9999.000,-9999.000,-9999.000,1.141
27797,47.69,41.14,29.20,18.39,2.77,2.12,2.77,52.57,33.58,0.30,1.51,1.82,2.09,-9999,0.950,-9999.000,-9999.000,-9999.000,1.140
27798,41.23,45.61,25.08,14.95,2.67,1.95,2.57,45.54,28.99,0.30,1.51,1.80,2.09,-9999,0.950,-9999.000,-9999.000,-9999.000,1.140
27799,48.19,47.13,27.42,16.45,2.40,1.96,2.22,52.90,31.51,0.34,1.60,1.78,2.08,-9999,0.950,-9999.000,-9999.000,-9999.000,1.141
27800,42.08,42.36,23.91,15.86,1.96,1.94,1.83,46.43,27.68,0.34,1.60,1.77,2.06,-9999,0.948,-9999.000,-9999.000,-9999.000,1.141
27801,43.75,40.60,28.04,17.50,2.05,1.84,1.89,48.13,32.06,0.26,1.44,1.78,2.08,-9999,0.948,-9999.000,-9999.000,-9999.000,1.141
27802,43.08,34.70,26.28,14.72,2.73,1.71,1.88,47.30,30.03,0.29,1.50,1.78,2.07,-9999,0.951,-9999.000,-9999.000,-9999.000,1.140
27803,39.79,46.41,29.80,15.90,2.80,1.75,2.25,43.89,33.86,0.17,1.27,1.79,2.08,-9999,0.954,-9999.000,-9999.000,-9999.000,1.141
27804,39.06,38.83,27.53,15.53,1.97,1.75,2.74,43.14,31.42,0.21,1.33,1.79,2.07,-9999,0.951,-9999.000,-9999.000,-9999.000,1.140
27805,43.51,39.25,25.40,16.02,1.44,1.47,1.73,47.58,28.81,0.33,1.57,1.81,2.07,-9999,0.946,-9999.000,-9999.000,-9999.000,1.141
27806,43.40,39.60,23.30,16.55,1.61,1.57,1.04,47.58,26.63,0.37,1.67,1.82,2.06,-9999,0.944,-9999.000,-9999.000,-9999.000,1.141
27807,40.28,38.49,25.95,14.59,1.78,1.81,1.19,44.51,29.71,0.26,1.43,1.82,2.06,-9999,0.946,-9999.000,-9999.000,-9999.000,1.141
27808,38.40,34.83,24.10,14.77,1.79,1.69,0.98,42.39,27.56,0.32,1.56,1.81,2.07,-9999,0.951,-9999.000,-9999.000,-9999.000,1.140
27809,34.84,45.41,25.07,17.44,1.89,1.66,0.90,38.59,28.56,0.26,1.44,1.81,2.07,-9999,0.953,-9999.000,-9999.000,-9999.000,1.142
27810,36.07,40.88,25.14,17.63,1.74,1.67,1.03,39.94,28.66,0.26,1.43,1.82,2.07,-9999,0.952,-9999.000,-9999.000,-9999.000,1.142
27811,39.12,45.53,25.46,20.65,1.32,1.62,1.08,43.18,29.00,0.28,1.47,1.81,2.08,-9999,-9999,-9999,-9999,-9999,1.142
27812,41.12,36.32,25.23,15.34,1.47,1.68,0.41,45.39,28.78,0.30,1.52,1.80,2.08,-9999,-9999,-9999,-9999,-9999,1.142
27813,39.64,39.25,24.94,17.77,1.70,1.68,-0.41,43.83,28.50,0.29,1.50,1.79,2.07,-9999,-9999,-9999,-9999,-9999,1.142
27814,38.10,36.26,25.59,16.23,1.49,1.67,0.08,42.18,29.16,0.25,1.42,1.77,2.05,-9999,0.952,-9999.000,-9999.000,-9999.000,1.142
27815,36.51,36.33,25.63,16.19,1.45,1.68,0.95,40.52,29.19,0.24,1.40,1.75,2.05,-9999,-9999,-9999,-9999,-9999,1.143
27816,37.65,42.96,25.00,15.40,1.94,1.77,1.56,41.83,28.58,0.27,1.45,1.74,2.05,-9999,-9999,-9999,-9999,-9999,1.143
27817,41.29,38.54,25.97,15.38,2.50,1.91,1.79,45.89,29.78,0.29,1.50,1.74,2.06,-9999,-9999,-9999,-9999,-9999,1.144
27818,39.43,45.03,27.48,16.01,2.47,1.87,1.83,43.90,31.39,0.24,1.39,1.74,2.07,-9999,-9999,-9999,-9999,-9999,1.143
27819,39.45,42.57,27.83,17.02,2.09,1.78,1.92,43.80,31.66,0.23,1.38,1.73,2.06,-9999,-9999,-9999,-9999,-9999,1.144
27820,38.34,40.02,28.17,18.02,1.81,1.60,1.89,42.42,31.85,0.21,1.34,1.73,2.08,-9999,0.952,-9999.000,-9999.000,-9999.000,1.144
27821,37.21,38.05,28.39,15.80,1.73,1.32,2.36,40.96,31.82,0.19,1.29,1.73,2.08,-9999,-9999,-9999,-9999,-9999,1.144
27822,39.60,39.69,25.82,17.88,1.79,1.41,2.67,43.60,29.12,0.29,1.50,1.73,2.09,-9999,-9999,-9999,-9999,-9999,1.145
27823,41.81,38.85,30.82,13.33,1.84,1.59,2.32,46.15,34.67,0.21,1.33,1.74,2.10,-9999,-9999,-9999,-9999,-9999,1.145
27824,39.10,42.96,26.51,14.66,1.59,1.62,1.82,43.28,30.08,0.27,1.45,1.73,2.10,-9999,-9999,-9999,-9999,-9999,1.145
27825,41.54,42.74,26.61,14.26,1.21,1.48,0.85,45.72,30.01,0.30,1.52,1.73,2.10,-9999,-9999,-9999,-9999,-9999,1.145
27826,38.70,46.36,27.46,18.25,0.86,1.19,0.22,42.39,30.61,0.22,1.36,1.73,2.09,-9999,-9999,-9999,-9999,-9999,1.145
27827,39.32,37.33,27.40,16.23,0.69,1.16,0.57,43.00,30.48,0.22,1.36,1.73,2.10,-9999,-9999,-9999,-9999,-9999,1.145
27828,39.06,38.74,22.55,18.57,1.14,1.53,1.06,43.11,25.67,0.34,1.60,1.74,2.10,-9999,-9999,-9999,-9999,-9999,1.145
27829,38.16,37.61,24.83,15.73,1.92,1.85,1.50,42.45,28.44,0.27,1.44,1.74,2.11,-9999,-9999,-9999,-9999,-9999,1.146
27830,37.47,38.10,25.33,13.94,2.16,1.76,1.54,41.64,28.91,0.23,1.38,1.75,2.13,-9999,-9999,-9999,-9999,-9999,1.146
27831,37.77,38.16,25.50,14.04,2.28,1.60,1.45,41.78,28.94,0.23,1.37,1.74,2.12,-9999,-9999,-9999,-9999,-9999,1.146
27832,38.63,42.82,27.20,16.52,2.51,1.66,1.33,42.74,30.81,0.20,1.32,1.73,2.11,-9999,-9999,-9999,-9999,-9999,1.147
27833,39.84,42.80,27.05,16.49,2.49,1.62,0.88,43.97,30.61,0.22,1.35,1.73,2.11,-9999,-9999,-9999,-9999,-9999,1.147
27834,43.92,39.09,26.77,14.36,2.34,1.66,1.22,48.33,30.35,0.28,1.48,1.73,2.09,-9999,0.951,-9999.000,-9999.000,-9999.000,1.147
27835,43.60,39.12,26.40,12.11,2.15,1.73,2.20,48.06,30.05,0.29,1.49,1.74,2.10,-9999,-9999,-9999,-9999,-9999,1.147
27836,39.21,39.80,25.47,14.68,2.02,1.59,2.53,43.23,28.93,0.26,1.43,1.73,2.12,-9999,-9999,-9999,-9999,-9999,1.147
27837,37.70,39.80,25.51,14.86,1.93,1.45,2.29,41.46,28.87,0.26,1.44,1.72,2.13,-9999,-9999,-9999,-9999,-9999,1.148
27838,40.18,43.45,30.25,14.53,1.62,1.73,1.90,44.36,34.26,0.18,1.29,1.73,2.15,-9999,-9999,-9999,-9999,-9999,1.148
27839,38.90,40.52,27.02,17.95,1.60,2.19,1.68,43.50,31.28,0.24,1.39,1.73,2.15,-9999,-9999,-9999,-9999,-9999,1.149
27840,39.15,43.20,29.51,16.11,1.67,2.25,1.29,43.84,34.01,0.18,1.28,1.73,2.14,-9999,-9999,-9999,-9999,-9999,1.148
27841,37.18,33.65,24.55,15.90,1.60,1.93,1.08,41.42,28.34,0.26,1.44,1.72,2.14,-9999,-9999,-9999,-9999,-9999,1.149
27842,35.71,38.32,25.49,16.45,1.47,1.71,1.71,39.61,29.10,0.21,1.33,1.74,2.15,-9999,0.952,-9999.000,-9999.000,-9999.000,1.149
27843,37.36,35.94,24.25,14.92,1.43,1.59,1.76,41.23,27.67,0.26,1.44,1.75,2.17,-9999,0.951,-9999.000,-9999.000,-9999.000,1.150
27844,40.24,42.39,25.04,15.82,1.80,1.79,1.16,44.48,28.72,0.30,1.51,1.76,2.19,-9999,0.951,-9999.000,-9999.000,-9999.000,1.150
27845,38.50,42.44,25.13,15.43,2.32,2.07,0.94,42.92,29.12,0.28,1.47,1.77,2.20,-9999,0.951,-9999.000,-9999.000,-9999.000,1.150
27846,37.99,42.11,28.37,19.70,2.36,1.83,1.06,42.15,32.38,0.20,1.32,1.77,2.21,-9999,-9999,-9999,-9999,-9999,1.150
27847,37.64,42.15,28.12,17.44,2.33,1.42,0.97,41.36,31.69,0.20,1.32,1.77,2.20,-9999,-9999,-9999,-9999,-9999,1.150
27848,37.39,39.80,24.31,17.16,1.96,1.26,0.83,40.93,27.45,0.30,1.52,1.77,2.21,-9999,-9999,-9999,-9999,-9999,1.150
27849,41.00,35.54,21.93,14.90,1.41,1.21,1.26,44.68,24.82,0.39,1.71,1.76,2.21,-9999,-9999,-9999,-9999,-9999,1.151
27850,38.26,43.47,23.79,15.74,1.33,1.32,1.61,41.89,26.94,0.31,1.54,1.76,2.22,-9999,-9999,-9999,-9999,-9999,1.151
27851,38.40,39.66,24.96,14.69,1.75,1.31,1.28,42.03,28.20,0.30,1.52,1.75,2.20,-9999,-9999,-9999,-9999,-9999,1.151
27852,39.35,44.70,26.39,15.42,2.04,1.26,1.58,42.96,29.65,0.27,1.46,1.75,2.19,-9999,-9999,-9999,-9999,-9999,1.151
27853,43.90,40.39,23.66,14.01,1.98,1.27,1.92,47.81,26.70,0.37,1.68,1.75,2.18,-9999,-9999,-9999,-9999,-9999,1.151
27854,38.52,38.62,23.83,14.14,1.78,1.18,1.52,41.99,26.79,0.28,1.48,1.74,2.17,-9999,-9999,-9999,-9999,-9999,1.151
27855,36.33,36.54,24.44,14.39,1.84,1.24,1.58,39.74,27.52,0.27,1.45,1.75,2.19,-9999,-9999,-9999,-9999,-9999,1.151
27856,39.02,41.88,29.03,13.78,1.88,1.39,1.84,42.75,32.63,0.21,1.33,1.75,2.19,-9999,-9999,-9999,-9999,-9999,1.152
27857,39.01,41.57,28.03,13.80,1.61,1.37,1.47,42.67,31.56,0.23,1.37,1.74,2.19,-9999,-9999,-9999,-9999,-9999,1.152
27858,39.15,40.63,26.11,13.50,1.45,1.29,0.66,42.74,29.42,0.24,1.39,1.74,2.19,-9999,-9999,-9999,-9999,-9999,1.152
27859,38.52,39.64,24.17,13.20,1.58,1.32,0.41,42.09,27.38,0.27,1.45,1.74,2.19,-9999,-9999,-9999,-9999,-9999,1.152
27860,35.87,43.34,23.59,15.88,1.74,1.52,1.62,39.48,26.94,0.22,1.36,1.73,2.17,-9999,-9999,-9999,-9999,-9999,1.151
27861,35.30,40.02,25.36,13.28,1.53,1.58,2.19,38.91,28.91,0.19,1.29,1.73,2.16,-9999,-9999,-9999,-9999,-9999,1.151
27862,38.29,38.80,26.88,16.04,1.42,1.56,1.33,42.03,30.51,0.19,1.29,1.74,2.16,-9999,-9999,-9999,-9999,-9999,1.152
27863,42.88,46.21,25.37,16.02,1.70,1.79,0.93,47.12,29.10,0.27,1.46,1.75,2.15,-9999,-9999,-9999,-9999,-9999,1.151
27864,38.96,38.16,26.87,15.34,1.65,1.80,0.63,42.99,30.72,0.20,1.31,1.75,2.15,-9999,-9999,-9999,-9999,-9999,1.151
27865,45.66,39.24,27.12,12.83,1.57,1.35,0.60,49.66,30.53,0.26,1.44,1.76,2.15,-9999,-9999,-9999,-9999,-9999,1.151
27866,44.23,41.75,26.11,15.39,1.96,1.25,1.37,48.04,29.33,0.27,1.46,1.75,2.15,-9999,-9999,-9999,-9999,-9999,1.151
27867,46.30,42.80,32.60,17.92,2.24,1.63,2.17,50.63,36.69,0.18,1.29,1.74,2.13,-9999,-9999,-9999,-9999,-9999,1.151
27868,47.61,42.76,31.53,18.05,2.07,1.63,2.41,52.01,35.56,0.21,1.34,1.73,2.14,-9999,-9999,-9999,-9999,-9999,1.151
27869,47.21,45.04,31.90,18.46,1.67,1.38,1.23,51.33,35.69,0.20,1.33,1.72,2.13,-9999,-9999,-9999,-9999,-9999,1.151
27870,42.98,41.71,26.31,13.60,1.67,1.51,0.30,46.97,29.81,0.29,1.49,1.71,2.12,-9999,-9999,-9999,-9999,-9999,1.151
27871,41.80,42.11,24.93,16.58,1.64,1.60,0.84,45.79,28.39,0.27,1.46,1.70,2.11,-9999,-9999,-9999,-9999,-9999,1.152
27872,45.88,41.09,25.07,17.21,1.49,1.30,1.28,49.85,28.27,0.32,1.55,1.70,2.09,-9999,-9999,-9999,-9999,-9999,1.151
27873,39.94,40.00,25.17,17.81,1.54,1.09,1.46,43.35,28.19,0.27,1.46,1.70,2.08,-9999,-9999,-9999,-9999,-9999,1.151
27874,39.50,34.27,20.63,13.58,1.26,1.35,1.45,43.17,23.55,0.38,1.68,1.70,2.07,-9999,-9999,-9999,-9999,-9999,1.151
27875,40.40,37.04,22.82,18.01,1.28,1.52,0.96,44.27,26.07,0.32,1.56,1.70,2.05,-9999,-9999,-9999,-9999,-9999,1.151
27876,44.13,38.32,24.96,17.65,1.59,1.29,0.51,47.96,28.13,0.32,1.55,1.71,2.04,-9999,-9999,-9999,-9999,-9999,1.151
27877,55.36,39.56,27.11,17.32,1.56,1.40,0.73,59.92,30.53,0.34,1.60,1.71,2.02,-9999,-9999,-9999,-9999,-9999,1.151
27878,45.08,35.61,26.53,17.37,1.72,1.58,1.39,49.20,30.10,0.25,1.42,1.70,2.00,-9999,-9999,-9999,-9999,-9999,1.151
27879,45.84,41.40,27.01,17.35,1.74,1.44,1.88,49.86,30.44,0.25,1.41,1.69,1.98,-9999,-9999,-9999,-9999,-9999,1.151
27880,41.92,40.11,26.54,17.10,1.64,1.47,2.27,45.72,30.00,0.24,1.39,1.71,1.99,-9999,-9999,-9999,-9999,-9999,1.152
27881,40.70,44.11,24.16,17.32,1.85,1.63,1.94,44.60,27.62,0.28,1.47,1.70,1.98,-9999,-9999,-9999,-9999,-9999,1.151
27882,37.49,39.07,26.92,17.17,2.05,1.80,1.43,41.39,30.77,0.17,1.27,1.71,1.97,-9999,-9999,-9999,-9999,-9999,1.152
27883,41.21,48.75,26.36,16.68,2.12,1.83,1.48,45.36,30.24,0.23,1.38,1.71,1.97,-9999,-9999,-9999,-9999,-9999,1.152
27884,44.57,44.99,26.82,16.61,2.09,1.76,1.45,48.85,30.68,0.26,1.44,1.70,1.98,-9999,-9999,-9999,-9999,-9999,1.153
27885,45.41,41.07,27.31,16.54,1.99,1.70,1.38,49.69,31.17,0.26,1.43,1.69,1.99,-9999,-9999,-9999,-9999,-9999,1.153
27886,44.82,35.56,26.25,17.03,1.88,1.80,0.93,49.16,30.14,0.28,1.47,1.69,2.00,-9999,-9999,-9999,-9999,-9999,1.153
27887,42.40,42.96,24.13,18.19,1.47,2.00,0.47,46.76,28.05,0.29,1.49,1.69,2.02,-9999,-9999,-9999,-9999,-9999,1.153
27888,46.48,39.30,25.24,15.68,1.37,1.89,0.52,50.97,29.13,0.31,1.53,1.68,2.04,-9999,-9999,-9999,-9999,-9999,1.153
27889,43.63,43.61,28.24,17.69,1.52,1.60,0.92,47.64,32.07,0.21,1.34,1.68,2.06,-9999,-9999,-9999,-9999,-9999,1.153
27890,51.73,39.08,24.99,15.80,1.32,1.27,1.57,55.83,28.22,0.35,1.63,1.68,2.07,-9999,-9999,-9999,-9999,-9999,1.153
27891,46.34,43.52,28.04,19.19,1.23,1.20,1.23,50.06,31.45,0.24,1.40,1.68,2.10,-9999,-9999,-9999,-9999,-9999,1.153
27892,46.37,36.84,25.66,16.75,1.26,1.47,0.52,50.35,29.16,0.29,1.50,1.68,2.11,-9999,-9999,-9999,-9999,-9999,1.153
27893,42.00,39.93,24.56,19.98,1.22,1.49,0.73,45.77,28.04,0.32,1.56,1.67,2.12,-9999,-9999,-9999,-9999,-9999,1.153
27894,42.75,36.93,26.02,17.06,1.54,1.42,1.31,46.45,29.57,0.29,1.50,1.66,2.12,-9999,-9999,-9999,-9999,-9999,1.154
27895,43.57,44.48,25.41,15.64,1.91,1.17,1.76,47.03,28.67,0.29,1.49,1.65,2.13,-9999,-9999,-9999,-9999,-9999,1.154
27896,47.99,39.39,24.25,16.85,2.01,1.08,1.98,51.58,27.35,0.34,1.60,1.65,2.13,-9999,-9999,-9999,-9999,-9999,1.154
27897,41.52,44.31,24.98,17.48,1.65,1.45,1.61,45.12,28.49,0.25,1.41,1.65,2.14,-9999,-9999,-9999,-9999,-9999,1.154
27898,41.09,39.49,23.75,16.00,1.31,1.59,0.56,44.80,27.30,0.27,1.46,1.66,2.13,-9999,-9999,-9999,-9999,-9999,1.153
27899,42.00,42.69,29.23,16.17,1.29,1.73,0.17,45.93,33.33,0.17,1.27,1.67,2.11,-9999,-9999,-9999,-9999,-9999,1.154
27900,47.53,43.49,26.57,16.12,1.17,1.74,1.04,51.77,30.45,0.27,1.45,1.67,2.11,-9999,-9999,-9999,-9999,-9999,1.154
27901,50.38,47.12,28.26,14.05,1.12,1.29,1.64,54.30,31.83,0.27,1.45,1.66,2.10,-9999,-9999,-9999,-9999,-9999,1.154
27902,50.87,44.66,26.02,12.81,1.25,1.15,1.59,54.66,29.31,0.31,1.53,1.66,2.11,-9999,-9999,-9999,-9999,-9999,1.154
27903,47.83,45.31,28.68,13.85,1.43,1.33,1.18,51.58,32.36,0.24,1.39,1.65,2.12,-9999,-9999,-9999,-9999,-9999,1.154
