NASA Data Processing/CAMP2Ex/OPTICAL/CAMP2Ex-LARGE-OPTICAL_P3B_20190929_R0.ict
100,1001
Luke Ziemba
NASA Langley
In-situ optical aerosol measurements from the NASA P3B
CAMP2Ex
1,1
2019,09,29,2020,05,5
1.0
Time_Mid,Secs after midnight,Time of acquisition
19
1,1,1,1,1,1,1,1,1,1,1,1,1,1,1,1,1,1,1
-9999,-9999,-9999,-9999,-9999,-9999,-9999,-9999,-9999,-9999,-9999,-9999,-9999,-9999,-9999,-9999,-9999,-9999,-9999
Sc550_total_amb, Mm-1, AerOpt_Scattering_InSitu_Green_RHa_Bulk_STP, scattering coefficient of ambient  particles at 550nm
Sc450_total, Mm-1, AerOpt_Scattering_InSitu_Blue_RHd_Bulk_STP, Dry Scattering at 450nm (Total Aerosols)
Sc550_total, Mm-1, AerOpt_Scattering_InSitu_Green_RHd_Bulk_STP, Dry Scattering at 550nm (Total Aerosols)
Sc700_total, Mm-1, AerOpt_Scattering_InSitu_Red_RHd_Bulk_STP, Dry Scattering at 700nm (Total Aerosols)
Abs470_total, Mm-1, AerOpt_Absorption_InSitu_Blue_RHd_Bulk_STP, Dry absorption at 470nm (Total Aerosols)
Abs532_total, Mm-1, AerOpt_Absorption_InSitu_Green_RHd_Bulk_STP, Dry absorption at 532nm (Total Aerosols)
Abs660_total, Mm-1, AerOpt_Absorption_InSitu_Red_RHd_Bulk_STP, Dry absorption at 660nm (Total Aerosols)
Ext532_total_amb, Mm-1, AerOpt_Extinction_InSitu_Green_RHa_Bulk_STP, extinction coefficient of aerosols at 532nm for AMBIENT relative humidity
Ext532_total_dry, Mm-1, AerOpt_Extinction_InSitu_Green_RHd_Bulk_STP, extinction coefficient of aerosols at 532nm for DRY relative humidity
gamma550, unitless, AerOpt_Gamma_InSitu_Green_None_Bulk_STP, derived optical hygroscopic growth factor for particles at 550nm
fRH550_RH20to80, unitless, AerOpt_fRHScat_InSitu_Green_RHsp_Bulk_STP, derived optical hygroscopic growth parameter for particles at 550nm
AEscatAMB_450to700nm,unitless, AerOpt_AngstromExponentScat_InSitu_BluetoRed_RHa_Bulk_STP, derived ambient Angstrom Exponent for scattering coefficient over wavelength range from 450nm to 700nm
AEscatDRY_450to700nm,unitless, AerOpt_AngstromExponentScatInSitu_BluetoRed_RHd_Bulk_STP, derived dry Angstrom Exponent for scattering coefficient over wavelength range from 450nm to 700nm
AEabsDRY_470to660nm,unitless, AerOpt_AngstromExponentAbs_InSitu_BluetoRed_RHd_Bulk_STP, derived dry Angstrom Exponent for absorption coefficient over wavelength range from 450nm to 700nm
SSA_dry_450nm,unitless, AerOpt_SSA_InSitu_Blue_RHd_Bulk_STP, single_scattering_albedo_at_450nm_as_derived_from_dry_scattering_and_absorption
SSA_dry_550nm,unitless, AerOpt_SSA_InSitu_Green_RHd_Bulk_STP, single_scattering_albedo_at_550nm_as_derived_from_dry_scattering_and_absorption
SSA_dry_700nm,unitless, AerOpt_SSA_InSitu_Red_RHd_Bulk_STP, single_scattering_albedo_at_700nm_as_derived_from_dry_scattering_and_absorption
SSA_amb_550nm,unitless, AerOpt_SSA_InSitu_Green_RHa_Bulk_STP, single_scattering_albedo_at_550nm_as_derived_from_ambient_scattering_and_absorption
stdPT,unitless, None, Conversion factor to convert between ambient and standard pressure and temperature conditions
0
67
******************************************************************************************************************
Langley Aerosol data from the 2019 CAMP2Ex field campaign
 
PI_CONTACT_INFO: luke.ziemba@nasa.gov
PLATFORM: NASA P3B aircraft
LOCATION: Latitude, Longitude, and Altitude included in MetNav files
[...]
UNCERTAINTY: estimated uncertainties for directly measured properties
	- For dry scattering, accuracy estimated at 30% for all wavelengths; precision estimated at 4.5 Mm-1 for 450nm wavelength and 3 Mm-1 for 550nm and 700nm wavelengths
	- For dry absorption, accuracy estimated at 15% for all wavelengths; precision is a function of pressure and is estimated to vary from 0.5 Mm-1 near the surface to 2 at high altitude
	- For derived parameters, please contact the PI for a more detailed discussion of uncertainty
ULOD_FLAG: -7777
ULOD_VALUE: N/A
LLOD_FLAG: -8888
LLOD_VALUE: N/A
DM_CONTACT_INFO: Michael Shook (michael.shook@nasa.gov)
PROJECT_INFO: CAMP2Ex 2019
STIPULATIONS_ON_USE: This is FINAL data. Users are strongly encouraged to consult the PI and/or DM prior to use.
OTHER_COMMENTS: N/A
REVISION: R0
R0: STP and ambient parameter calculations now use data from their respective publicly available files, data is time synced to DLH
RD: Correction factor applied to raw scattering data, which also affects the absorption data via the Virkkula correction
RC: Higher threshholds required for calculating intensive parameters; absorption smoothing algorithm applied
RB: Time sync to LARGE CNgt3nm applied
RA: None
******************************************************************************************************************
Time_Mid,Sc550_total_amb,Sc450_total,Sc550_total,Sc700_total,Abs470_total,Abs532_total,Abs660_total,Ext532_total_amb,Ext532_total_dry,gamma550,fRH550_RH20to80,AEscatAMB_450to700nm,AEscatDRY_450to700nm,AEabsDRY_470to660nm,SSA_dry_450nm,SSA_dry_550nm,SSA_dry_700nm,SSA_amb_550nm,stdPT
[from data line 19634]
28570,-9999.00,2.45,-1.80,-1.32,-2.32,-0.98,-1.55,-9999.00,-9999.00,-9999.00,-9999.00,-9999,-9999,-9999,-9999,-9999,-9999,-9999,1.902
28571,-9999.00,4.89,-1.52,-2.04,-1.81,-0.83,-0.03,-9999.00,-9999.00,-9999.00,-9999.00,-9999,-9999,-9999,-9999,-9999,-9999,-9999,1.901
28572,-9999.00,2.55,-0.67,-1.03,-1.83,-0.98,-0.12,-9999.00,-9999.00,-9999.00,-9999.00,-9999,-9999,-9999,-9999,-9999,-9999,-9999,1.902
28573,-9999.00,0.21,0.18,-0.02,-1.75,-1.04,-1.19,-9999.00,-9999.00,-9999.00,-9999.00,-9999,-9999,-9999,-9999,-9999,-9999,-9999,1.901
28574,-9999.00,0.22,2.12,0.11,-1.68,-1.48,-1.36,-9999.00,-9999.00,-9999.00,-9999.00,-9999,-9999,-9999,-9999,-9999,-9999,-9999,1.901
28575,-9999.00,-0.84,2.11,0.89,-1.17,-1.42,-0.77,-9999.00,-9999.00,-9999.00,-9999.00,-9999,-9999,-9999,-9999,-9999,-9999,-9999,1.901
28576,-9999.00,-4.46,1.52,-0.83,-0.15,-0.85,-0.39,-9999.00,-9999.00,-9999.00,-9999.00,-9999,-9999,-9999,-9999,-9999,-9999,-9999,1.903
28577,-9999.00,-3.69,-2.93,-1.85,-0.10,-0.72,-0.31,-9999.00,-9999.00,-9999.00,-9999.00,-9999,-9999,-9999,-9999,-9999,-9999,-9999,1.901
28578,-9999.00,-2.74,-1.69,-0.17,-0.57,-0.86,0.06,-9999.00,-9999.00,-9999.00,-9999.00,-9999,-9999,-9999,-9999,-9999,-9999,-9999,1.903
28579,-9999.00,-1.79,-0.45,1.52,-0.68,-1.10,0.48,-9999.00,-9999.00,-9999.00,-9999.00,-9999,-9999,-9999,-9999,-9999,-9999,-9999,1.901
28580,-9999.00,-2.25,-0.00,1.86,-0.59,-1.08,1.38,-9999.00,-9999.00,-9999.00,-9999.00,-9999,-9999,-9999,-9999,-9999,-9999,-9999,1.901
28581,-9999.00,5.27,1.29,2.33,0.18,-0.72,1.77,-9999.00,-9999.00,-9999.00,-9999.00,-9999,-9999,-9999,-9999,-9999,-9999,-9999,1.902
28582,-9999.00,-4.32,-1.15,-0.25,0.68,-0.37,0.76,-9999.00,-9999.00,-9999.00,-9999.00,-9999,-9999,-9999,-9999,-9999,-9999,-9999,1.903
28583,-9999.00,-1.29,0.99,0.29,0.53,-0.22,-0.28,-9999.00,-9999.00,-9999.00,-9999.00,-9999,-9999,-9999,-9999,-9999,-9999,-9999,1.902
28584,-9999.00,-4.82,0.41,-2.94,1.10,-0.03,-0.78,-9999.00,-9999.00,-9999.00,-9999.00,-9999,-9999,-9999,-9999,-9999,-9999,-9999,1.903
28585,-9999.00,-3.75,1.95,-2.03,1.38,1.00,-0.02,-9999.00,-9999.00,-9999.00,-9999.00,-9999,-9999,-9999,-9999,-9999,-9999,-9999,1.902
28586,-9999.00,-2.62,1.59,-0.27,1.53,2.47,0.84,-9999.00,-9999.00,-9999.00,-9999.00,-9999,-9999,-9999,-9999,-9999,-9999,-9999,1.902
28587,-9999.00,-1.50,1.23,1.50,2.58,3.39,1.36,-9999.00,-9999.00,-9999.00,-9999.00,-9999,-9999,-9999,-9999,-9999,-9999,-9999,1.903
28588,-9999.00,1.40,-0.95,0.11,3.35,3.37,2.29,-9999.00,-9999.00,-9999.00,-9999.00,-9999,-9999,-9999,-9999,-9999,-9999,-9999,1.902
28589,-9999.00,1.68,1.23,0.48,3.60,2.72,1.26,-9999.00,-9999.00,-9999.00,-9999.00,-9999,-9999,-9999,-9999,-9999,-9999,-9999,1.903
28590,-9999.00,-1.33,2.12,0.28,3.42,2.45,-0.09,-9999.00,-9999.00,-9999.00,-9999.00,-9999,-9999,-9999,-9999,-9999,-9999,-9999,1.904
28591,-9999.00,-0.91,2.94,-1.09,2.92,2.55,1.38,-9999.00,-9999.00,-9999.00,-9999.00,-9999,-9999,-9999,-9999,-9999,-9999,-9999,1.904
28592,-9999.00,-0.92,2.94,-1.03,3.19,3.00,3.74,-9999.00,-9999.00,-9999.00,-9999.00,-9999,-9999,-9999,-9999,-9999,-9999,-9999,1.904
28593,-9999.00,4.87,3.85,-0.64,2.97,2.88,4.15,-9999.00,-9999.00,-9999.00,-9999.00,-9999,-9999,-9999,-9999,-9999,-9999,-9999,1.904
28594,-9999.00,4.12,3.14,1.89,2.26,1.49,2.62,-9999.00,-9999.00,-9999.00,-9999.00,-9999,-9999,-9999,-9999,-9999,-9999,-9999,1.904
28595,-9999.00,-0.80,1.82,-0.04,2.26,0.85,1.45,-9999.00,-9999.00,-9999.00,-9999.00,-9999,-9999,-9999,-9999,-9999,-9999,-9999,1.904
28596,-9999.00,-5.61,-1.13,-2.14,2.12,1.18,0.87,-9999.00,-9999.00,-9999.00,-9999.00,-9999,-9999,-9999,-9999,-9999,-9999,-9999,1.905
28597,-9999.00,-3.93,0.16,-0.14,1.76,1.42,0.61,-9999.00,-9999.00,-9999.00,-9999.00,-9999,-9999,-9999,-9999,-9999,-9999,-9999,1.904
28598,-9999.00,-3.85,-0.56,-1.72,1.26,1.86,1.31,-9999.00,-9999.00,-9999.00,-9999.00,-9999,-9999,-9999,-9999,-9999,-9999,-9999,1.903
28599,-9999.00,-0.59,-1.20,-1.82,0.90,1.75,1.31,-9999.00,-9999.00,-9999.00,-9999.00,-9999,-9999,-9999,-9999,-9999,-9999,-9999,1.903
28600,-9999.00,2.66,-1.83,-1.93,1.33,1.47,0.39,-9999.00,-9999.00,-9999.00,-9999.00,-9999,-9999,-9999,-9999,-9999,-9999,-9999,1.904
28601,-9999.00,2.63,-0.95,-1.84,1.16,1.26,-0.68,-9999.00,-9999.00,-9999.00,-9999.00,-9999,-9999,-9999,-9999,-9999,-9999,-9999,1.904
28602,-9999.00,2.64,-0.65,-0.92,0.33,0.81,-1.10,-9999.00,-9999.00,-9999.00,-9999.00,-9999,-9999,-9999,-9999,-9999,-9999,-9999,1.903
28603,-9999.00,-6.60,-0.86,0.41,0.11,0.70,-0.89,-9999.00,-9999.00,-9999.00,-9999.00,-9999,-9999,-9999,-9999,-9999,-9999,-9999,1.903
28604,-9999.00,-8.19,-1.08,0.13,0.12,0.30,-0.51,-9999.00,-9999.00,-9999.00,-9999.00,-9999,-9999,-9999,-9999,-9999,-9999,-9999,1.904
28605,-9999.00,-7.37,-1.08,-0.45,-0.14,-0.64,0.13,-9999.00,-9999.00,-9999.00,-9999.00,-9999,-9999,-9999,-9999,-9999,-9999,-9999,1.904
28606,-9999.00,0.43,-1.93,0.07,-0.36,-0.93,-0.51,-9999.00,-9999.00,-9999.00,-9999.00,-9999,-9999,-9999,-9999,-9999,-9999,-9999,1.904
28607,-9999.00,-3.22,1.34,-1.27,-0.44,-1.12,-1.74,-9999.00,-9999.00,-9999.00,-9999.00,0.21,-9999,-9999,-9999,-9999,-9999,-9999,1.904
28608,-9999.00,-2.35,-1.66,1.41,-0.75,-0.86,-0.24,-9999.00,-9999.00,-9999.00,-9999.00,-0.15,-9999,-9999,-9999,-9999,-9999,-9999,1.904
28609,-9999.00,-4.87,1.80,-1.13,-0.68,-0.98,1.07,-9999.00,-9999.00,-9999.00,-9999.00,0.04,-9999,-9999,-9999,-9999,-9999,-9999,1.904
28610,-9999.00,-3.29,0.30,-1.26,0.16,-1.22,1.05,-9999.00,-0.93,-9999.00,-9999.00,0.04,0.00,-9999,0.630,-9999.000,-9999.000,-9999.000,1.904
28611,-9999.00,3.62,0.04,-0.46,0.39,-0.80,0.98,-9999.00,-0.76,-9999.00,-9999.00,0.09,0.12,0.78,0.650,0.711,0.717,0.936,1.904
28612,-9999.00,-1.36,-2.92,-0.31,-0.10,0.09,0.99,-9999.00,-2.84,-9999.00,-9999.00,0.19,0.26,0.83,0.709,0.747,0.761,0.936,1.904
28613,-9999.00,1.76,-2.23,-1.34,-0.09,0.43,0.73,-9999.00,-1.82,-9999.00,-9999.00,0.23,0.31,0.67,0.762,0.791,0.796,0.941,1.903
28614,-9999.00,-2.11,-3.13,-0.97,0.12,0.49,0.23,-9999.00,-2.68,-9999.00,-9999.00,0.31,0.38,0.40,0.858,0.873,0.866,0.962,1.903
28615,-9999.00,0.72,-2.00,-2.01,0.08,0.12,0.24,-9999.00,-1.91,-9999.00,-9999.00,0.35,0.40,-9999,-9999,-9999,-9999,-9999,1.904
28616,-9999.00,-2.22,-2.44,-0.54,-0.29,-0.28,0.62,-9999.00,-2.75,-9999.00,-9999.00,0.36,0.39,-9999,-9999,-9999,-9999,-9999,1.903
28617,-9999.00,7.24,-1.11,-2.15,-0.56,-0.63,0.22,-9999.00,-1.75,-9999.00,-9999.00,0.39,0.43,-9999,0.922,-9999.000,-9999.000,-9999.000,1.903
28618,-9999.00,6.06,-0.57,-2.16,-0.38,-0.12,0.16,-9999.00,-0.69,-9999.00,-9999.00,0.39,0.46,0.89,0.762,0.792,0.796,0.910,1.903
28619,-9999.00,5.93,-0.56,-2.44,-0.09,0.79,0.85,-9999.00,0.22,-9999.00,-9999.00,0.39,0.48,0.83,0.701,0.731,0.736,0.869,1.904
28620,-9999.00,0.96,2.43,0.40,2.14,2.04,2.42,-9999.00,4.52,-9999.00,-9999.00,0.39,0.49,0.75,0.699,0.725,0.727,0.855,1.905
28621,6.97,8.09,6.38,1.06,7.00,4.95,4.91,12.11,11.46,0.49,1.98,0.39,0.51,0.66,0.709,0.733,0.729,0.851,1.904
28622,10.93,0.82,9.72,6.31,10.95,8.92,8.09,20.14,18.84,0.47,1.91,0.36,0.51,0.56,0.726,0.747,0.739,0.859,1.905
28623,25.62,16.09,27.31,20.17,12.72,11.24,10.62,37.48,39.08,-0.16,0.80,0.36,0.50,0.47,0.756,0.772,0.764,0.870,1.904
28624,38.96,35.08,32.79,34.86,13.47,11.77,11.61,51.67,45.17,0.48,1.94,0.36,0.49,0.42,0.793,0.806,0.798,0.885,1.907
28625,73.51,73.22,73.43,73.80,9.69,8.54,8.81,83.75,83.37,0.00,1.00,0.35,0.49,0.44,0.824,0.835,0.829,0.901,1.906
28626,91.44,91.03,85.53,81.00,0.85,1.15,1.49,94.62,88.30,0.15,1.23,0.34,0.48,0.48,0.836,0.848,0.843,0.905,1.906
28627,100.55,108.67,97.67,88.34,-4.10,-3.50,-3.32,99.25,95.99,0.17,1.26,0.35,0.48,0.42,0.842,0.851,0.846,0.903,1.908
28628,88.82,102.34,87.50,87.16,8.39,6.74,5.38,97.48,95.88,0.25,1.41,0.37,0.50,0.47,0.865,0.874,0.870,0.914,1.910
28629,118.60,124.25,116.25,94.83,32.12,27.33,23.41,148.49,145.73,0.18,1.28,0.38,0.50,0.58,0.909,0.915,0.915,0.940,1.911
28630,113.10,120.50,106.29,95.67,44.82,38.64,33.73,154.07,146.82,0.24,1.39,0.38,0.50,0.47,0.947,0.948,0.949,0.962,1.909
28631,125.70,120.87,111.12,99.56,46.27,39.61,35.32,167.86,152.68,0.26,1.44,0.38,0.49,0.07,0.967,0.966,-9999.000,0.974,1.889
28632,162.73,117.21,96.31,81.11,45.53,38.76,35.46,204.77,136.76,0.41,1.76,0.38,0.49,-9999,-9999,-9999,-9999,-9999,1.888
28633,-9999.00,115.08,95.54,80.33,43.37,37.67,34.94,-9999.00,134.85,0.42,1.78,0.39,0.49,-9999,-9999,-9999,-9999,-9999,1.879
28634,-9999.00,98.46,81.46,79.94,42.57,37.81,35.02,-9999.00,120.67,0.51,2.04,0.41,0.49,-9999,-9999,-9999,-9999,-9999,1.878
28635,-9999.00,101.90,93.00,81.77,44.19,38.97,36.11,-9999.00,133.50,0.40,1.73,0.41,0.48,-9999,-9999,-9999,-9999,-9999,1.879
28636,-9999.00,92.01,78.81,72.52,42.91,37.50,35.08,-9999.00,117.64,0.53,2.08,0.41,0.49,-9999,-9999,-9999,-9999,-9999,1.891
28637,127.67,89.38,71.66,71.88,28.09,25.21,24.09,155.48,98.09,0.48,1.93,0.50,0.49,-9999,-9999,-9999,-9999,-9999,1.887
28638,115.48,92.43,92.47,81.81,2.02,3.65,4.73,120.88,97.80,0.34,1.61,0.43,0.50,-9999,-9999,-9999,-9999,-9999,1.892
28639,-9999.00,82.95,80.76,72.55,-20.44,-15.72,-12.08,-9999.00,66.62,0.30,1.52,0.45,0.52,-9999,-9999,-9999,-9999,-9999,1.887
28640,100.85,73.64,69.34,63.53,-36.55,-30.48,-25.79,71.97,40.19,0.37,1.67,0.45,0.53,-9999,-9999,-9999,-9999,-9999,1.891
28641,86.57,72.90,68.88,64.25,-46.37,-39.73,-35.56,48.27,30.53,0.34,1.59,0.48,0.56,-9999,-9999,-9999,-9999,-9999,1.893
28642,66.75,69.43,61.99,53.15,-49.44,-42.38,-39.16,25.51,20.89,0.43,1.82,0.50,0.58,-9999,-9999,-9999,-9999,-9999,1.902
28643,54.40,59.96,50.66,38.89,-46.69,-40.90,-38.55,14.43,10.81,0.46,1.90,0.43,0.59,-9999,-9999,-9999,-9999,-9999,1.902
28644,52.17,56.32,48.52,38.90,-40.23,-36.55,-34.51,16.47,12.97,0.50,1.99,0.44,0.60,-9999,-9999,-9999,-9999,-9999,1.903
28645,47.17,42.60,45.12,35.95,-35.76,-32.33,-30.81,15.64,13.75,0.29,1.49,0.35,0.60,-9999,-9999,-9999,-9999,-9999,1.903
28646,39.82,42.08,37.95,37.14,-36.01,-31.94,-30.46,8.31,6.83,0.34,1.60,0.27,0.61,-9999,-9999,-9999,-9999,-9999,1.903
28647,39.58,42.19,37.55,34.44,-36.38,-33.25,-31.08,6.56,5.15,0.36,1.64,0.20,0.63,-9999,-9999,-9999,-9999,-9999,1.905
28648,27.82,32.97,25.21,20.89,-31.35,-29.25,-27.56,-1.41,-3.48,0.66,2.50,0.13,0.62,-9999,-9999,-9999,-9999,-9999,1.905
28649,26.93,32.91,24.75,16.69,-21.48,-19.92,-19.32,6.88,5.38,0.57,2.22,0.05,0.61,-9999,-9999,-9999,-9999,-9999,1.905
28650,23.30,22.13,21.41,17.54,-13.02,-12.37,-12.53,10.82,9.49,0.55,2.15,0.05,0.63,-9999,-9999,-9999,-9999,-9999,1.904
28651,17.87,21.61,16.03,14.04,-8.61,-9.35,-9.45,8.43,7.02,0.75,2.82,0.05,0.64,-9999,-9999,-9999,-9999,-9999,1.904
28652,16.97,20.42,15.06,11.69,-6.87,-7.94,-7.35,9.06,7.43,0.80,3.01,0.05,0.65,-9999,-9999,-9999,-9999,-9999,1.903
28653,15.48,19.22,14.06,9.36,-5.95,-6.53,-5.87,8.96,7.78,0.63,2.39,0.11,0.66,-9999,-9999,-9999,-9999,-9999,1.903
28654,15.46,19.12,14.04,9.27,-4.45,-5.27,-4.77,10.24,9.04,0.63,2.41,0.14,0.71,-9999,-9999,-9999,-9999,-9999,1.904
28655,16.85,13.07,16.08,9.13,-2.78,-4.34,-4.00,12.57,12.08,0.31,1.53,0.14,0.76,-9999,-9999,-9999,-9999,-9999,1.905
28656,13.51,15.07,12.67,7.19,-2.69,-4.00,-3.51,9.56,8.93,0.42,1.80,0.20,0.79,-9999,-9999,-9999,-9999,-9999,1.905
28657,11.83,13.45,11.10,7.30,-3.81,-4.62,-2.97,7.28,6.73,0.47,1.91,0.28,0.85,-9999,-9999,-9999,-9999,-9999,1.904
28658,7.97,8.57,7.50,4.92,-3.64,-4.77,-1.87,3.25,2.88,0.53,2.08,0.31,0.88,-9999,-9999,-9999,-9999,-9999,1.904
28659,8.40,8.33,8.05,6.69,-3.08,-4.13,-1.72,4.33,4.09,0.43,1.81,0.29,0.89,-9999,-9999,-9999,-9999,-9999,1.905
28660,6.19,6.52,5.72,4.80,-2.88,-2.95,-2.18,3.28,2.87,0.68,2.55,0.28,0.89,-9999,-9999,-9999,-9999,-9999,1.904
28661,-9999.00,7.71,4.39,3.92,-2.56,-1.83,-2.18,-9999.00,2.67,-9999.00,-9999.00,0.33,1.01,-9999,-9999,-9999,-9999,-9999,1.904
28662,-9999.00,9.95,3.74,3.53,-2.02,-1.54,-2.47,-9999.00,2.28,-9999.00,-9999.00,0.43,1.15,-9999,-9999,-9999,-9999,-9999,1.903
28663,-9999.00,10.00,3.67,3.04,-1.78,-1.72,-2.54,-9999.00,2.04,-9999.00,-9999.00,0.54,1.29,-9999,-9999,-9999,-9999,-9999,1.903
28664,-9999.00,5.24,3.02,1.86,-2.36,-1.66,-1.70,-9999.00,1.42,-9999.00,-9999.00,0.55,1.33,-9999,-9999,-9999,-9999,-9999,1.902
28665,-9999.00,3.70,2.90,1.44,-3.14,-1.81,-1.28,-9999.00,1.14,-9999.00,-9999.00,0.49,1.31,-9999,-9999,-9999,-9999,-9999,1.903
28666,-9999.00,0.70,2.31,1.07,-2.79,-1.67,-2.18,-9999.00,0.68,-9999.00,-9999.00,0.58,1.42,-9999,-9999,-9999,-9999,-9999,1.903
28667,5.69,1.71,5.54,1.44,-2.94,-1.64,-3.35,4.11,3.95,0.35,1.62,0.63,1.48,-9999,-9999,-9999,-9999,-9999,1.904
28668,-9999.00,0.67,4.54,1.55,-3.87,-1.99,-3.79,-9999.00,2.56,-9999.00,-9999.00,0.63,1.50,-9999,-9999,-9999,-9999,-9999,1.904
28669,-9999.00,0.67,3.88,1.22,-4.46,-2.80,-3.83,-9999.00,1.05,-9999.00,-9999.00,0.57,1.43,-9999,-9999,-9999,-9999,-9999,1.904
28670,-9999.00,2.80,3.22,1.36,-4.55,-3.53,-3.98,-9999.00,-0.36,-9999.00,-9999.00,0.48,-9999,-9999,-9999,-9999,-9999,-9999,1.904
28671,-9999.00,-2.80,1.91,1.35,-4.27,-2.99,-3.70,-9999.00,-1.12,-9999.00,-9999.00,0.57,-9999,-9999,-9999,-9999,-9999,-9999,1.904
28672,-9999.00,2.81,3.34,4.15,-4.12,-2.33,-3.38,-9999.00,0.89,-9999.00,-9999.00,0.45,-9999,-9999,-9999,-9999,-9999,-9999,1.905
28673,-9999.00,-2.72,3.37,-0.19,-3.58,-2.48,-3.64,-9999.00,0.73,-9999.00,-9999.00,0.42,-9999,-9999,-9999,-9999,-9999,-9999,1.904
28674,-9999.00,4.43,1.02,0.08,-2.15,-2.08,-4.32,-9999.00,-1.11,-9999.00,-9999.00,0.38,-9999,-9999,-9999,-9999,-9999,-9999,1.904
28675,-9999.00,-0.54,3.89,0.22,-0.63,-1.16,-3.35,-9999.00,-9999.00,-9999.00,-9999.00,-9999,-9999,-9999,-9999,-9999,-9999,-9999,1.903
28676,-9999.00,6.32,0.86,-1.42,-0.24,-0.65,-2.18,-9999.00,-9999.00,-9999.00,-9999.00,-9999,-9999,-9999,-9999,-9999,-9999,-9999,1.904
28677,-9999.00,-0.56,2.88,-2.31,-0.03,-0.31,-1.32,-9999.00,-9999.00,-9999.00,-9999.00,-9999,-9999,-9999,-9999,-9999,-9999,-9999,1.904
28678,-9999.00,0.28,1.37,-0.99,0.72,-0.18,-0.50,-9999.00,-9999.00,-9999.00,-9999.00,-9999,-9999,-9999,-9999,-9999,-9999,-9999,1.904
28679,-9999.00,1.11,-0.16,0.33,0.82,-0.42,-0.33,-9999.00,-9999.00,-9999.00,-9999.00,-9999,-9999,-9999,-9999,-9999,-9999,-9999,1.903
28680,-9999.00,1.08,0.48,-0.06,-0.32,-1.11,-0.52,-9999.00,-9999.00,-9999.00,-9999.00,-9999,-9999,-9999,-9999,-9999,-9999,-9999,1.904
28681,-9999.00,-0.29,2.66,-0.55,-0.52,-1.00,0.16,-9999.00,-9999.00,-9999.00,-9999.00,-9999,-9999,-9999,-9999,-9999,-9999,-9999,1.902
28682,-9999.00,-0.82,2.67,-0.34,1.01,0.13,0.91,-9999.00,-9999.00,-9999.00,-9999.00,-9999,-9999,-9999,-9999,-9999,-9999,-9999,1.903
28683,-9999.00,0.05,2.52,0.37,1.49,0.63,1.56,-9999.00,-9999.00,-9999.00,-9999.00,-9999,-9999,-9999,-9999,-9999,-9999,-9999,1.904
28684,-9999.00,-2.50,0.80,0.29,1.18,0.63,1.56,-9999.00,-9999.00,-9999.00,-9999.00,-9999,-9999,-9999,-9999,-9999,-9999,-9999,1.905
28685,-9999.00,0.77,1.81,0.52,1.17,0.17,1.37,-9999.00,-9999.00,-9999.00,-9999.00,-9999,-9999,-9999,-9999,-9999,-9999,-9999,1.905
28686,-9999.00,-4.29,0.36,0.10,0.68,-0.61,-0.16,-9999.00,-9999.00,-9999.00,-9999.00,-9999,-9999,-9999,-9999,-9999,-9999,-9999,1.904
28687,-9999.00,-1.59,1.57,0.39,-0.14,-0.71,-1.40,-9999.00,-9999.00,-9999.00,-9999.00,-9999,-9999,-9999,-9999,-9999,-9999,-9999,1.905
28688,-9999.00,0.07,-0.34,0.91,-0.19,-0.13,-2.37,-9999.00,-9999.00,-9999.00,-9999.00,-9999,-9999,-9999,-9999,-9999,-9999,-9999,1.904
28689,-9999.00,3.47,1.39,-1.05,0.44,0.39,-2.34,-9999.00,-9999.00,-9999.00,-9999.00,-9999,-9999,-9999,-9999,-9999,-9999,-9999,1.904
28690,-9999.00,0.97,-2.90,-1.22,0.63,0.47,-2.42,-9999.00,-9999.00,-9999.00,-9999.00,-9999,-9999,-9999,-9999,-9999,-9999,-9999,1.905
28691,-9999.00,3.90,-1.37,-0.37,0.18,-0.20,-1.71,-9999.00,-9999.00,-9999.00,-9999.00,-9999,-9999,-9999,-9999,-9999,-9999,-9999,1.904
28692,-9999.00,2.49,-0.70,-0.12,0.01,-0.07,-0.95,-9999.00,-9999.00,-9999.00,-9999.00,-9999,-9999,-9999,-9999,-9999,-9999,-9999,1.903
28693,-9999.00,2.49,-1.03,-0.31,0.12,0.53,-0.47,-9999.00,-9999.00,-9999.00,-9999.00,-9999,-9999,-9999,-9999,-9999,-9999,-9999,1.904
28694,-9999.00,2.49,-1.37,-0.50,1.96,1.52,-0.33,-9999.00,-9999.00,-9999.00,-9999.00,-9999,-9999,-9999,-9999,-9999,-9999,-9999,1.904
