NASA Data Processing/CAMP2Ex/OPTICAL/CAMP2Ex-LARGE-OPTICAL_P3B_20190824_R0.ict
100,1001
Luke Ziemba
NASA Langley
In-situ optical aerosol measurements from the NASA P3B
CAMP2Ex
1,1
2019,08,24,2020,05,5
1.0
Time_Mid,Secs after midnight,Time of acquisition
19
1,1,1,1,1,1,1,1,1,1,1,1,1,1,1,1,1,1,1
-9999,-9999,-9999,-9999,-9999,-9999,-9999,-9999,-9999,-9999,-9999,-9999,-9999,-9999,-9999,-9999,-9999,-9999,-9999
Sc550_total_amb, Mm-1, AerOpt_Scattering_InSitu_Green_RHa_Bulk_STP, scattering coefficient of ambient  particles at 550nm
Sc450_total, Mm-1, AerOpt_Scattering_InSitu_Blue_RHd_Bulk_STP, Dry Scattering at 450nm (Total Aerosols)
Sc550_total, Mm-1, AerOpt_Scattering_InSitu_Green_RHd_Bulk_STP, Dry Scattering at 550nm (Total Aerosols)
Sc700_total, Mm-1, AerOpt_Scattering_InSitu_Red_RHd_Bulk_STP, Dry Scattering at 700nm (Total Aerosols)
Abs470_total, Mm-1, AerOpt_Absorption_InSitu_Blue_RHd_Bulk_STP, Dry absorption at 470nm (Total Aerosols)
Abs532_total, Mm-1, AerOpt_Absorption_InSitu_Green_RHd_Bulk_STP, Dry absorption at 532nm (Total Aerosols)
Abs660_total, Mm-1, AerOpt_Absorption_InSitu_Red_RHd_Bulk_STP, Dry absorption at 660nm (Total Aerosols)
Ext532_total_amb, Mm-1, AerOpt_Extinction_InSitu_Green_RHa_Bulk_STP, extinction coefficient of aerosols at 532nm for AMBIENT relative humidity
Ext532_total_dry, Mm-1, AerOpt_Extinction_InSitu_Green_RHd_Bulk_STP, extinction coefficient of aerosols at 532nm for DRY relative humidity
gamma550, unitless, AerOpt_Gamma_InSitu_Green_None_Bulk_STP, derived optical hygroscopic growth factor for particles at 550nm
fRH550_RH20to80, unitless, AerOpt_fRHScat_InSitu_Green_RHsp_Bulk_STP, derived optical hygroscopic growth parameter for particles at 550nm
AEscatAMB_450to700nm,unitless, AerOpt_AngstromExponentScat_InSitu_BluetoRed_RHa_Bulk_STP, derived ambient Angstrom Exponent for scattering coefficient over wavelength range from 450nm to 700nm
AEscatDRY_450to700nm,unitless, AerOpt_AngstromExponentScatInSitu_BluetoRed_RHd_Bulk_STP, derived dry Angstrom Exponent for scattering coefficient over wavelength range from 450nm to 700nm
AEabsDRY_470to660nm,unitless, AerOpt_AngstromExponentAbs_InSitu_BluetoRed_RHd_Bulk_STP, derived dry Angstrom Exponent for absorption coefficient over wavelength range from 450nm to 700nm
SSA_dry_450nm,unitless, AerOpt_SSA_InSitu_Blue_RHd_Bulk_STP, single_scattering_albedo_at_450nm_as_derived_from_dry_scattering_and_absorption
SSA_dry_550nm,unitless, AerOpt_SSA_InSitu_Green_RHd_Bulk_STP, single_scattering_albedo_at_550nm_as_derived_from_dry_scattering_and_absorption
SSA_dry_700nm,unitless, AerOpt_SSA_InSitu_Red_RHd_Bulk_STP, single_scattering_albedo_at_700nm_as_derived_from_dry_scattering_and_absorption
SSA_amb_550nm,unitless, AerOpt_SSA_InSitu_Green_RHa_Bulk_STP, single_scattering_albedo_at_550nm_as_derived_from_ambient_scattering_and_absorption
stdPT,unitless, None, Conversion factor to convert between ambient and standard pressure and temperature conditions
0
67
******************************************************************************************************************
Langley Aerosol data from the 2019 CAMP2Ex field campaign
 
PI_CONTACT_INFO: luke.ziemba@nasa.gov
PLATFORM: NASA P3B aircraft
LOCATION: Latitude, Longitude, and Altitude included in MetNav files
[...]
UNCERTAINTY: estimated uncertainties for directly measured properties
	- For dry scattering, accuracy estimated at 30% for all wavelengths; precision estimated at 4.5 Mm-1 for 450nm wavelength and 3 Mm-1 for 550nm and 700nm wavelengths
	- For dry absorption, accuracy estimated at 15% for all wavelengths; precision is a function of pressure and is estimated to vary from 0.5 Mm-1 near the surface to 2 at high altitude
	- For derived parameters, please contact the PI for a more detailed discussion of uncertainty
ULOD_FLAG: -7777
ULOD_VALUE: N/A
LLOD_FLAG: -8888
LLOD_VALUE: N/A
DM_CONTACT_INFO: Michael Shook (michael.shook@nasa.gov)
PROJECT_INFO: CAMP2Ex 2019
STIPULATIONS_ON_USE: This is FINAL data. Users are strongly encouraged to consult the PI and/or DM prior to use.
OTHER_COMMENTS: N/A
REVISION: R0
R0: STP and ambient parameter calculations now use data from their respective publicly available files, data is time synced to DLH
RD: Correction factor applied to raw scattering data, which also affects the absorption data via the Virkkula correction
RC: Higher threshholds required for calculating intensive parameters; absorption smoothing algorithm applied
RB: Time sync to LARGE CNgt3nm applied
RA: None
******************************************************************************************************************
Time_Mid,Sc550_total_amb,Sc450_total,Sc550_total,Sc700_total,Abs470_total,Abs532_total,Abs660_total,Ext532_total_amb,Ext532_total_dry,gamma550,fRH550_RH20to80,AEscatAMB_450to700nm,AEscatDRY_450to700nm,AEabsDRY_470to660nm,SSA_dry_450nm,SSA_dry_550nm,SSA_dry_700nm,SSA_amb_550nm,stdPT
[from data line 25796]
105667,-9999.00,30.12,23.11,14.11,2.20,1.65,1.82,-9999.00,26.39,0.29,1.49,-9999,2.23,-9999,-9999,-9999,-9999,-9999,1.216
105668,-9999.00,33.24,25.69,8.56,2.45,1.30,2.32,-9999.00,28.76,0.13,1.20,-9999,2.20,-9999,-9999,-9999,-9999,-9999,1.216
105669,-9999.00,38.61,27.43,10.21,2.28,1.60,2.89,-9999.00,30.91,-0.07,0.91,-9999,2.18,-9999,-9999,-9999,-9999,-9999,1.216
105670,-9999.00,40.60,31.10,11.85,1.95,1.92,2.30,-9999.00,35.19,-0.17,0.79,-9999,2.17,-9999,-9999,-9999,-9999,-9999,1.214
105671,-9999.00,40.65,30.23,15.38,1.91,1.84,1.15,-9999.00,34.22,-0.03,0.95,-9999,2.19,-9999,-9999,-9999,-9999,-9999,1.213
105672,-9999.00,46.10,28.97,19.18,1.75,1.45,0.68,-9999.00,32.54,-0.07,0.91,-9999,2.23,-9999,-9999,-9999,-9999,-9999,1.213
105673,-9999.00,43.49,24.17,19.64,1.37,0.96,1.81,-9999.00,26.91,0.19,1.29,-9999,2.23,-9999,-9999,-9999,-9999,-9999,1.212
105674,-9999.00,46.13,27.88,18.58,0.80,0.71,3.01,-9999.00,30.60,-0.01,0.99,-9999,2.23,-9999,-9999,-9999,-9999,-9999,1.212
105675,-9999.00,46.76,29.67,18.21,0.74,0.58,2.37,-9999.00,32.39,0.04,1.06,-9999,2.22,-9999,-9999,-9999,-9999,-9999,1.212
105676,-9999.00,47.38,31.47,17.86,0.86,0.51,1.18,-9999.00,34.22,0.04,1.05,-9999,2.21,-9999,-9999,-9999,-9999,-9999,1.211
105677,-9999.00,46.65,29.20,16.72,0.69,0.72,1.03,-9999.00,31.97,0.13,1.20,-9999,2.18,-9999,-9999,-9999,-9999,-9999,1.212
105678,-9999.00,45.88,26.94,15.59,0.98,0.73,1.41,-9999.00,29.55,0.20,1.32,-9999,2.16,-9999,-9999,-9999,-9999,-9999,1.211
105679,-9999.00,40.82,22.24,11.82,1.32,0.67,1.36,-9999.00,24.46,0.29,1.50,-9999,2.14,-9999,-9999,-9999,-9999,-9999,1.211
105680,-9999.00,40.63,32.54,14.31,1.34,0.94,1.19,-9999.00,35.78,-0.03,0.96,-9999,2.15,-9999,-9999,-9999,-9999,-9999,1.210
105681,-9999.00,35.52,27.68,14.87,1.17,1.13,1.28,-9999.00,30.82,0.10,1.15,-9999,2.20,-9999,-9999,-9999,-9999,-9999,1.211
105682,-9999.00,35.21,27.31,15.31,0.91,0.98,0.53,-9999.00,30.32,0.08,1.12,-9999,2.21,-9999,-9999,-9999,-9999,-9999,1.210
105683,-9999.00,34.89,26.92,15.73,1.13,0.67,-0.67,-9999.00,29.63,0.01,1.01,-9999,2.24,-9999,-9999,-9999,-9999,-9999,1.210
105684,-9999.00,37.65,26.18,16.12,1.27,0.99,-0.37,-9999.00,29.19,0.02,1.03,-9999,2.23,-9999,-9999,-9999,-9999,-9999,1.209
105685,-9999.00,40.34,25.49,16.52,0.97,1.61,0.67,-9999.00,29.07,0.10,1.15,-9999,2.20,-9999,-9999,-9999,-9999,-9999,1.208
105686,-9999.00,48.54,26.92,18.14,0.72,1.52,0.94,-9999.00,30.55,0.12,1.18,-9999,2.17,-9999,-9999,-9999,-9999,-9999,1.208
105687,-9999.00,49.05,26.42,18.29,0.39,1.48,0.81,-9999.00,30.02,0.14,1.21,-9999,2.16,-9999,-9999,-9999,-9999,-9999,1.208
105688,-9999.00,49.57,25.93,18.46,0.42,1.60,1.15,-9999.00,29.63,0.15,1.23,-9999,2.16,-9999,-9999,-9999,-9999,-9999,1.209
105689,-9999.00,38.27,24.40,14.28,1.08,1.49,2.03,-9999.00,27.84,0.25,1.42,-9999,2.17,-9999,-9999,-9999,-9999,-9999,1.209
105690,-9999.00,38.77,24.98,14.85,1.92,1.43,2.52,-9999.00,28.40,0.17,1.26,-9999,2.18,-9999,-9999,-9999,-9999,-9999,1.209
105691,-9999.00,39.28,25.57,15.42,2.33,1.63,2.56,-9999.00,29.22,0.15,1.24,-9999,2.18,-9999,-9999,-9999,-9999,-9999,1.208
105692,-9999.00,44.42,29.49,17.87,1.84,1.94,2.43,-9999.00,33.75,-0.05,0.93,-9999,2.15,-9999,-9999,-9999,-9999,-9999,1.208
105693,-9999.00,43.08,28.52,17.74,1.09,1.59,1.88,-9999.00,32.34,-0.03,0.96,-9999,2.15,-9999,-9999,-9999,-9999,-9999,1.209
105694,-9999.00,41.73,27.55,17.62,0.68,0.89,1.17,-9999.00,30.57,-0.05,0.94,-9999,2.15,-9999,-9999,-9999,-9999,-9999,1.209
105695,-9999.00,42.00,25.10,13.70,0.47,0.46,0.54,-9999.00,27.48,0.17,1.26,-9999,2.15,-9999,-9999,-9999,-9999,-9999,1.209
105696,-9999.00,43.34,24.85,14.31,0.52,0.43,0.10,-9999.00,27.22,0.01,1.01,-9999,2.15,-9999,-9999,-9999,-9999,-9999,1.210
105697,-9999.00,44.64,24.58,14.92,0.72,0.70,0.02,-9999.00,27.24,0.07,1.10,-9999,2.17,-9999,-9999,-9999,-9999,-9999,1.209
105698,-9999.00,38.42,21.10,11.06,0.34,0.44,-0.21,-9999.00,23.27,0.12,1.17,-9999,2.20,-9999,-9999,-9999,-9999,-9999,1.209
105699,-9999.00,33.76,21.38,11.81,-0.21,0.23,-0.93,-9999.00,23.38,0.19,1.30,-9999,2.23,-9999,-9999,-9999,-9999,-9999,1.208
105700,-9999.00,28.91,21.71,12.56,-0.15,0.47,-1.38,-9999.00,24.01,0.12,1.18,-9999,2.26,-9999,-9999,-9999,-9999,-9999,1.208
105701,-9999.00,34.97,19.82,15.85,0.22,0.57,-0.73,-9999.00,22.06,0.31,1.54,-9999,2.26,-9999,-9999,-9999,-9999,-9999,1.208
105702,-9999.00,35.36,19.86,15.75,0.73,0.72,0.20,-9999.00,22.23,0.18,1.28,-9999,2.23,-9999,-9999,-9999,-9999,-9999,1.208
105703,-9999.00,35.75,19.91,15.66,1.35,1.06,0.60,-9999.00,22.60,0.28,1.47,-9999,2.25,-9999,-9999,-9999,-9999,-9999,1.207
105704,-9999.00,38.12,24.61,15.02,1.69,1.27,1.10,-9999.00,27.88,0.02,1.02,-9999,2.23,-9999,-9999,-9999,-9999,-9999,1.207
105705,-9999.00,36.81,23.60,14.19,1.35,0.99,1.11,-9999.00,26.50,0.11,1.16,-9999,2.25,-9999,-9999,-9999,-9999,-9999,1.207
105706,-9999.00,29.65,20.94,11.58,0.74,0.39,0.34,-9999.00,23.04,0.20,1.31,-9999,2.25,-9999,-9999,-9999,-9999,-9999,1.208
105707,-9999.00,30.08,22.06,15.69,0.50,0.07,-0.16,-9999.00,23.94,0.26,1.44,-9999,2.25,-9999,-9999,-9999,-9999,-9999,1.207
105708,-9999.00,25.47,18.14,9.52,0.55,-0.08,0.25,-9999.00,19.53,0.25,1.41,-9999,2.24,-9999,-9999,-9999,-9999,-9999,1.207
105709,-9999.00,34.08,24.31,11.42,0.40,-0.43,0.66,-9999.00,25.86,-0.08,0.90,-9999,2.24,-9999,-9999,-9999,-9999,-9999,1.207
105710,-9999.00,35.26,20.63,8.55,-0.08,-0.61,0.09,-9999.00,21.68,-0.13,0.83,-9999,2.25,-9999,-9999,-9999,-9999,-9999,1.207
105711,-9999.00,33.26,20.81,11.60,-0.51,-0.56,-0.38,-9999.00,21.90,-0.19,0.77,-9999,2.24,-9999,-9999,-9999,-9999,-9999,1.207
105712,-9999.00,28.60,16.93,8.48,-0.66,-0.65,-0.27,-9999.00,17.60,-0.06,0.92,-9999,2.25,-9999,-9999,-9999,-9999,-9999,1.207
105713,-9999.00,31.39,16.07,9.08,-0.67,-0.43,-0.38,-9999.00,16.88,0.11,1.17,-9999,2.27,-9999,-9999,-9999,-9999,-9999,1.208
105714,-9999.00,24.39,15.62,5.57,-0.39,0.06,-0.36,-9999.00,16.88,0.14,1.21,-9999,2.28,-9999,-9999,-9999,-9999,-9999,1.208
105715,-9999.00,25.57,13.82,5.31,-0.24,0.16,0.00,-9999.00,15.04,0.51,2.03,-9999,2.30,-9999,-9999,-9999,-9999,-9999,1.208
105716,-9999.00,24.56,16.72,11.84,-0.33,0.21,0.43,-9999.00,18.23,0.27,1.46,-9999,2.32,-9999,-9999,-9999,-9999,-9999,1.207
105717,-9999.00,24.73,16.59,13.04,-0.43,0.40,0.14,-9999.00,18.29,0.39,1.72,-9999,2.34,-9999,-9999,-9999,-9999,-9999,1.208
105718,-9999.00,29.12,17.73,8.83,-0.45,0.43,-0.11,-9999.00,19.54,0.08,1.12,-9999,2.36,-9999,-9999,-9999,-9999,-9999,1.208
105719,-9999.00,29.17,16.94,13.01,0.11,0.46,0.40,-9999.00,18.71,0.43,1.81,-9999,2.38,-9999,-9999,-9999,-9999,-9999,1.208
105720,-9999.00,28.53,18.15,7.48,0.76,0.56,0.43,-9999.00,20.11,-0.08,0.89,-9999,2.39,-9999,-9999,-9999,-9999,-9999,1.208
105721,-9999.00,31.30,17.60,12.65,0.69,0.58,0.24,-9999.00,19.54,0.40,1.75,-9999,2.41,-9999,-9999,-9999,-9999,-9999,1.208
105722,-9999.00,29.34,19.91,12.13,0.24,0.11,0.33,-9999.00,21.55,0.13,1.19,-9999,2.42,-9999,-9999,-9999,-9999,-9999,1.209
105723,-9999.00,28.08,20.64,12.48,-0.18,-0.43,0.10,-9999.00,21.83,0.08,1.12,-9999,2.45,-9999,-9999,-9999,-9999,-9999,1.209
105724,-9999.00,30.46,19.91,12.96,-0.04,-0.24,-0.14,-9999.00,21.24,0.05,1.07,-9999,2.42,-9999,-9999,-9999,-9999,-9999,1.209
105725,-9999.00,27.76,22.57,11.97,0.31,0.15,-0.29,-9999.00,24.53,0.06,1.08,-9999,2.41,-9999,-9999,-9999,-9999,-9999,1.208
105726,-9999.00,30.81,20.71,11.04,0.21,0.10,0.04,-9999.00,22.48,0.05,1.07,-9999,2.39,-9999,-9999,-9999,-9999,-9999,1.209
105727,-9999.00,33.12,23.66,8.99,0.11,0.23,0.38,-9999.00,25.79,-0.07,0.90,-9999,2.42,-9999,-9999,-9999,-9999,-9999,1.209
105728,-9999.00,34.11,20.02,6.96,0.07,0.88,0.35,-9999.00,22.50,0.29,1.49,-9999,2.42,-9999,-9999,-9999,-9999,-9999,1.209
105729,-9999.00,37.81,24.22,10.33,0.11,1.06,0.58,-9999.00,27.17,0.12,1.18,-9999,2.40,-9999,-9999,-9999,-9999,-9999,1.209
105730,-9999.00,33.43,20.40,8.66,0.78,0.94,0.80,-9999.00,22.93,0.44,1.83,-9999,2.38,-9999,-9999,-9999,-9999,-9999,1.209
105731,-9999.00,35.51,21.18,11.15,1.51,1.38,0.83,-9999.00,24.20,0.31,1.54,-9999,2.32,-9999,-9999,-9999,-9999,-9999,1.209
105732,-9999.00,37.56,21.89,13.68,1.93,1.68,1.15,-9999.00,25.27,0.26,1.43,-9999,2.33,-9999,-9999,-9999,-9999,-9999,1.209
105733,-9999.00,45.58,26.88,16.71,2.29,1.84,1.66,-9999.00,30.81,0.17,1.26,-9999,2.35,-9999,-9999,-9999,-9999,-9999,1.209
105734,-9999.00,45.31,28.30,15.98,2.29,2.06,2.13,-9999.00,32.53,0.08,1.11,-9999,2.35,-9999,-9999,-9999,-9999,-9999,1.208
105735,-9999.00,45.00,29.71,15.27,2.38,2.01,2.13,-9999.00,34.02,0.13,1.20,-9999,2.36,-9999,-9999,-9999,-9999,-9999,1.209
105736,-9999.00,51.35,32.16,15.69,2.92,1.88,1.53,-9999.00,36.52,0.07,1.10,-9999,2.36,-9999,-9999,-9999,-9999,-9999,1.208
105737,-9999.00,46.13,32.06,15.71,3.04,1.42,1.15,-9999.00,35.93,0.09,1.14,-9999,2.36,-9999,-9999,-9999,-9999,-9999,1.208
105738,-9999.00,57.71,33.80,20.43,2.50,1.46,1.08,-9999.00,37.88,0.11,1.17,-9999,2.38,-9999,-9999,-9999,-9999,-9999,1.209
105739,-9999.00,62.82,39.25,27.44,1.95,1.85,0.60,-9999.00,44.22,0.04,1.06,-9999,2.40,-9999,-9999,-9999,-9999,-9999,1.208
105740,-9999.00,56.34,34.09,21.57,2.19,1.70,0.69,-9999.00,38.52,0.08,1.12,-9999,2.40,-9999,-9999,-9999,-9999,-9999,1.209
105741,-9999.00,65.51,38.58,21.41,2.63,1.63,1.06,-9999.00,43.32,0.25,1.42,-9999,2.42,-9999,-9999,-9999,-9999,-9999,1.209
105742,-9999.00,63.22,40.75,16.79,2.41,1.50,0.73,-9999.00,45.49,0.13,1.19,-9999,2.42,-9999,0.965,-9999.000,-9999.000,-9999,1.208
105743,-9999.00,70.51,44.82,23.57,2.21,1.58,0.53,-9999.00,50.01,0.19,1.30,-9999,2.41,-9999,0.962,-9999.000,-9999.000,-9999,1.209
105744,-9999.00,64.63,46.47,23.54,2.06,2.10,0.84,-9999.00,52.29,0.19,1.29,-9999,2.40,-9999,0.962,-9999.000,-9999.000,-9999,1.209
105745,-9999.00,70.49,44.98,25.88,1.60,2.16,1.44,-9999.00,50.70,0.16,1.24,-9999,2.39,-9999,0.962,-9999.000,-9999.000,-9999,1.209
105746,-9999.00,65.15,41.14,31.29,1.71,2.04,1.77,-9999.00,46.43,0.15,1.23,-9999,2.39,-9999,0.960,-9999.000,-9999.000,-9999,1.209
105747,-9999.00,69.67,44.66,25.93,2.36,1.77,2.14,-9999.00,49.91,0.08,1.12,-9999,2.40,-9999,0.957,0.951,-9999.000,-9999,1.210
105748,-9999.00,68.98,43.71,24.27,2.45,1.81,2.48,-9999.00,48.90,0.06,1.08,-9999,2.40,-9999,0.956,0.951,-9999.000,-9999,1.209
105749,-9999.00,70.62,48.67,23.46,1.86,2.29,1.74,-9999.00,54.70,-0.02,0.97,-9999,2.39,1.01,0.955,0.950,-9999.000,-9999,1.209
105750,-9999.00,69.70,40.36,24.50,1.37,2.22,1.44,-9999.00,45.63,0.07,1.10,-9999,2.38,0.83,0.955,0.945,0.916,-9999,1.209
105751,-9999.00,64.47,42.90,21.22,1.11,1.91,1.34,-9999.00,48.05,0.02,1.02,-9999,2.37,0.92,0.955,0.942,0.919,-9999,1.209
105752,-9999.00,60.72,39.69,22.64,1.47,1.79,0.61,-9999.00,44.45,0.11,1.17,-9999,2.37,1.01,0.955,0.942,0.921,-9999,1.209
105753,-9999.00,64.72,37.60,21.12,2.25,1.63,0.94,-9999.00,42.03,0.23,1.37,-9999,2.37,1.16,0.954,0.944,0.923,-9999,1.208
105754,-9999.00,68.39,33.55,20.48,2.38,1.68,1.82,-9999.00,37.70,0.32,1.57,-9999,2.37,1.26,0.953,0.946,0.924,-9999,1.208
105755,-9999.00,63.91,38.28,23.82,2.33,1.92,2.07,-9999.00,43.04,0.21,1.35,-9999,2.40,1.08,0.953,0.943,0.918,-9999,1.208
105756,-9999.00,63.00,39.99,20.87,2.45,2.25,2.12,-9999.00,45.23,0.11,1.17,-9999,2.41,0.76,0.954,0.940,0.912,-9999,1.208
105757,-9999.00,63.31,47.86,20.27,2.94,2.41,2.34,-9999.00,53.83,0.02,1.03,-9999,2.41,0.69,0.953,0.940,0.907,-9999,1.208
105758,-9999.00,71.48,42.70,24.72,3.88,2.57,2.33,-9999.00,48.43,0.12,1.17,-9999,2.37,0.83,0.951,0.941,0.909,-9999,1.207
105759,-9999.00,69.38,45.82,22.32,4.60,3.21,2.62,-9999.00,52.46,0.12,1.18,-9999,2.38,0.75,0.952,0.941,0.907,-9999,1.207
105760,-9999.00,74.36,51.86,26.01,5.28,3.93,4.43,-9999.00,59.75,0.10,1.15,-9999,2.40,0.66,0.952,0.939,0.905,-9999,1.206
105761,-9999.00,75.38,47.64,22.55,5.83,4.54,5.86,-9999.00,55.86,0.19,1.29,-9999,2.43,0.60,0.952,0.937,0.902,-9999,1.205
105762,-9999.00,89.62,61.85,27.48,5.57,5.17,5.19,-9999.00,71.82,0.14,1.21,-9999,2.46,0.56,0.951,0.936,0.897,-9999,1.204
105763,-9999.00,85.89,56.87,31.17,5.59,5.52,4.12,-9999.00,66.78,0.12,1.19,-9999,2.48,0.85,0.948,0.937,0.901,-9999,1.203
105764,-9999.00,95.33,63.67,36.99,6.22,5.44,3.81,-9999.00,74.03,0.12,1.18,-9999,2.49,1.09,0.947,0.939,0.906,-9999,1.203
105765,-9999.00,97.99,72.04,37.64,6.60,5.45,3.93,-9999.00,83.12,0.00,1.00,-9999,2.49,0.96,0.949,0.939,0.905,-9999,1.202
105766,-9999.00,102.40,68.73,38.25,6.41,5.77,4.50,-9999.00,79.87,0.17,1.26,-9999,2.49,0.76,0.950,0.937,0.902,-9999,1.202
105767,-9999.00,101.66,68.56,35.03,6.06,5.95,5.36,-9999.00,79.86,0.07,1.11,-9999,2.47,0.70,0.951,0.936,0.901,-9999,1.202
105768,-9999.00,108.21,75.04,36.27,6.10,5.59,5.37,-9999.00,86.46,0.10,1.15,-9999,2.47,0.69,0.951,0.937,0.901,-9999,1.202
105769,-9999.00,104.85,68.30,34.99,5.99,5.29,4.18,-9999.00,78.87,0.08,1.12,-9999,2.46,0.68,0.950,0.938,0.900,-9999,1.201
105770,-9999.00,107.83,66.02,35.64,5.36,4.96,3.45,-9999.00,76.06,0.12,1.19,-9999,2.45,0.78,0.949,0.938,0.902,-9999,1.201
105771,-9999.00,110.64,63.76,36.28,5.48,4.55,4.02,-9999.00,73.19,0.15,1.24,-9999,2.45,0.64,0.949,0.938,0.897,-9999,1.200
105772,-9999.00,116.00,73.82,38.36,5.93,4.73,4.94,-9999.00,84.22,0.05,1.07,-9999,2.44,0.38,0.949,0.938,0.889,-9999,1.200
105773,-9999.00,115.56,80.47,48.38,5.84,5.26,5.35,-9999.00,91.99,-0.07,0.90,-9999,2.44,0.48,0.950,0.937,0.894,-9999,1.200
105774,-9999.00,124.39,72.28,38.20,6.05,5.32,4.59,-9999.00,83.20,0.05,1.07,-9999,2.44,0.77,0.950,0.936,0.902,-9999,1.199
105775,-9999.00,123.46,70.63,36.40,6.10,4.71,3.61,-9999.00,80.79,0.02,1.03,-9999,2.44,0.87,0.949,0.934,0.903,-9999,1.199
105776,-9999.00,122.48,68.94,34.58,5.21,4.06,3.44,-9999.00,78.37,0.07,1.11,-9999,2.45,0.88,0.948,0.931,0.902,-9999,1.198
105777,-9999.00,113.41,69.18,32.96,4.41,4.12,3.61,-9999.00,78.71,0.08,1.11,-9999,2.45,0.74,0.947,0.929,0.896,-9999,1.198
105778,-9999.00,104.08,69.44,31.34,4.11,4.01,3.97,-9999.00,78.94,0.04,1.06,-9999,2.44,0.51,0.947,0.929,0.889,-9999,1.196
105779,-9999.00,89.85,57.54,26.67,3.98,3.51,3.92,-9999.00,65.60,-0.03,0.96,-9999,2.44,0.60,0.948,0.930,0.894,-9999,1.196
105780,-9999.00,91.13,51.50,27.88,3.51,3.21,2.98,-9999.00,58.81,0.17,1.27,-9999,2.44,0.88,0.949,0.932,0.903,-9999,1.195
105781,-9999.00,78.85,47.57,28.79,2.84,2.61,1.88,-9999.00,54.02,0.06,1.09,-9999,2.45,0.91,0.949,0.934,0.906,-9999,1.194
105782,-9999.00,66.42,43.56,29.74,2.12,1.81,1.78,-9999.00,48.90,0.13,1.19,-9999,2.45,1.00,0.948,0.936,0.906,-9999,1.194
105783,-9999.00,64.00,45.89,25.81,1.30,1.59,2.54,-9999.00,51.23,0.06,1.09,-9999,2.44,1.09,0.946,0.936,0.906,-9999,1.194
105784,-9999.00,60.01,38.09,22.98,1.27,1.84,2.72,-9999.00,43.05,0.09,1.14,-9999,2.43,0.95,0.946,0.934,0.902,-9999,1.193
105785,-9999.00,55.77,30.43,20.19,1.95,2.05,2.25,-9999.00,34.97,0.21,1.33,-9999,2.42,0.81,0.946,0.931,0.898,-9999,1.193
105786,-9999.00,55.31,35.58,22.12,2.36,2.24,1.67,-9999.00,40.70,-0.11,0.85,-9999,2.41,0.71,0.946,0.930,0.895,-9999,1.193
105787,-9999.00,45.86,26.97,15.92,2.73,2.74,1.59,-9999.00,31.86,0.15,1.24,-9999,2.41,0.64,0.947,0.933,0.895,-9999,1.192
105788,-9999.00,52.47,31.16,18.54,3.27,3.33,2.41,-9999.00,36.97,-0.08,0.90,-9999,2.40,0.71,0.947,0.933,0.897,-9999,1.191
105789,-9999.00,47.94,30.80,16.33,3.56,3.48,2.80,-9999.00,36.77,-0.23,0.72,-9999,2.42,0.69,0.945,0.929,0.892,-9999,1.189
105790,-9999.00,43.34,30.47,14.16,3.54,3.35,2.49,-9999.00,36.25,-0.22,0.74,-9999,2.39,0.65,0.943,0.927,0.888,-9999,1.188
105791,-9999.00,41.59,25.49,12.18,3.60,3.46,2.20,-9999.00,30.94,-0.01,0.98,-9999,2.37,0.80,0.943,0.927,0.894,-9999,1.188
105792,-9999.00,39.54,20.57,10.20,3.67,3.44,1.98,-9999.00,25.59,0.17,1.26,-9999,2.33,0.96,0.944,0.929,-9999.000,-9999,1.188
105793,-9999.00,35.57,21.15,11.72,3.72,3.19,1.74,-9999.00,25.94,0.15,1.23,-9999,2.32,-9999,0.945,0.932,-9999.000,-9999,1.188
105794,-9999.00,31.44,21.74,13.26,3.84,2.90,1.65,-9999.00,26.29,0.11,1.16,-9999,2.30,-9999,0.948,0.932,-9999.000,-9999,1.187
105795,-9999.00,33.04,21.72,14.03,3.84,2.56,1.78,-9999.00,25.92,0.09,1.14,-9999,2.27,0.35,0.948,0.930,-9999.000,-9999,1.186
105796,-9999.00,34.63,21.72,14.81,3.67,2.34,2.00,-9999.00,25.67,0.09,1.14,-9999,2.22,0.65,0.942,0.925,-9999.000,-9999,1.185
