NASA Data Processing/CAMP2Ex/OPTICAL/CAMP2Ex-LARGE-OPTICAL_P3B_20190827_R0.ict
100,1001
Luke Ziemba
NASA Langley
In-situ optical aerosol measurements from the NASA P3B
CAMP2Ex
1,1
2019,08,27,2020,05,5
1.0
Time_Mid,Secs after midnight,Time of acquisition
19
1,1,1,1,1,1,1,1,1,1,1,1,1,1,1,1,1,1,1
-9999,-9999,-9999,-9999,-9999,-9999,-9999,-9999,-9999,-9999,-9999,-9999,-9999,-9999,-9999,-9999,-9999,-9999,-9999
Sc550_total_amb, Mm-1, AerOpt_Scattering_InSitu_Green_RHa_Bulk_STP, scattering coefficient of ambient  particles at 550nm
Sc450_total, Mm-1, AerOpt_Scattering_InSitu_Blue_RHd_Bulk_STP, Dry Scattering at 450nm (Total Aerosols)
Sc550_total, Mm-1, AerOpt_Scattering_InSitu_Green_RHd_Bulk_STP, Dry Scattering at 550nm (Total Aerosols)
Sc700_total, Mm-1, AerOpt_Scattering_InSitu_Red_RHd_Bulk_STP, Dry Scattering at 700nm (Total Aerosols)
Abs470_total, Mm-1, AerOpt_Absorption_InSitu_Blue_RHd_Bulk_STP, Dry absorption at 470nm (Total Aerosols)
Abs532_total, Mm-1, AerOpt_Absorption_InSitu_Green_RHd_Bulk_STP, Dry absorption at 532nm (Total Aerosols)
Abs660_total, Mm-1, AerOpt_Absorption_InSitu_Red_RHd_Bulk_STP, Dry absorption at 660nm (Total Aerosols)
Ext532_total_amb, Mm-1, AerOpt_Extinction_InSitu_Green_RHa_Bulk_STP, extinction coefficient of aerosols at 532nm for AMBIENT relative humidity
Ext532_total_dry, Mm-1, AerOpt_Extinction_InSitu_Green_RHd_Bulk_STP, extinction coefficient of aerosols at 532nm for DRY relative humidity
gamma550, unitless, AerOpt_Gamma_InSitu_Green_None_Bulk_STP, derived optical hygroscopic growth factor for particles at 550nm
fRH550_RH20to80, unitless, AerOpt_fRHScat_InSitu_Green_RHsp_Bulk_STP, derived optical hygroscopic growth parameter for particles at 550nm
AEscatAMB_450to700nm,unitless, AerOpt_AngstromExponentScat_InSitu_BluetoRed_RHa_Bulk_STP, derived ambient Angstrom Exponent for scattering coefficient over wavelength range from 450nm to 700nm
AEscatDRY_450to700nm,unitless, AerOpt_AngstromExponentScatInSitu_BluetoRed_RHd_Bulk_STP, derived dry Angstrom Exponent for scattering coefficient over wavelength range from 450nm to 700nm
AEabsDRY_470to660nm,unitless, AerOpt_AngstromExponentAbs_InSitu_BluetoRed_RHd_Bulk_STP, derived dry Angstrom Exponent for absorption coefficient over wavelength range from 450nm to 700nm
SSA_dry_450nm,unitless, AerOpt_SSA_InSitu_Blue_RHd_Bulk_STP, single_scattering_albedo_at_450nm_as_derived_from_dry_scattering_and_absorption
SSA_dry_550nm,unitless, AerOpt_SSA_InSitu_Green_RHd_Bulk_STP, single_scattering_albedo_at_550nm_as_derived_from_dry_scattering_and_absorption
SSA_dry_700nm,unitless, AerOpt_SSA_InSitu_Red_RHd_Bulk_STP, single_scattering_albedo_at_700nm_as_derived_from_dry_scattering_and_absorption
SSA_amb_550nm,unitless, AerOpt_SSA_InSitu_Green_RHa_Bulk_STP, single_scattering_albedo_at_550nm_as_derived_from_ambient_scattering_and_absorption
stdPT,unitless, None, Conversion factor to convert between ambient and standard pressure and temperature conditions
0
67
******************************************************************************************************************
Langley Aerosol data from the 2019 CAMP2Ex field campaign
 
PI_CONTACT_INFO: luke.ziemba@nasa.gov
PLATFORM: NASA P3B aircraft
LOCATION: Latitude, Longitude, and Altitude included in MetNav files
[...]
UNCERTAINTY: estimated uncertainties for directly measured properties
	- For dry scattering, accuracy estimated at 30% for all wavelengths; precision estimated at 4.5 Mm-1 for 450nm wavelength and 3 Mm-1 for 550nm and 700nm wavelengths
	- For dry absorption, accuracy estimated at 15% for all wavelengths; precision is a function of pressure and is estimated to vary from 0.5 Mm-1 near the surface to 2 at high altitude
	- For derived parameters, please contact the PI for a more detailed discussion of uncertainty
ULOD_FLAG: -7777
ULOD_VALUE: N/A
LLOD_FLAG: -8888
LLOD_VALUE: N/A
DM_CONTACT_INFO: Michael Shook (michael.shook@nasa.gov)
PROJECT_INFO: CAMP2Ex 2019
STIPULATIONS_ON_USE: This is FINAL data. Users are strongly encouraged to consult the PI and/or DM prior to use.
OTHER_COMMENTS: N/A
REVISION: R0
R0: STP and ambient parameter calculations now use data from their respective publicly available files, data is time synced to DLH
RD: Correction factor applied to raw scattering data, which also affects the absorption data via the Virkkula correction
RC: Higher threshholds required for calculating intensive parameters; absorption smoothing algorithm applied
RB: Time sync to LARGE CNgt3nm applied
RA: None
******************************************************************************************************************
Time_Mid,Sc550_total_amb,Sc450_total,Sc550_total,Sc700_total,Abs470_total,Abs532_total,Abs660_total,Ext532_total_amb,Ext532_total_dry,gamma550,fRH550_RH20to80,AEscatAMB_450to700nm,AEscatDRY_450to700nm,AEabsDRY_470to660nm,SSA_dry_450nm,SSA_dry_550nm,SSA_dry_700nm,SSA_amb_550nm,stdPT
[from data line 1564]
1892,-9999.00,11.55,12.38,13.53,-1.50,-0.11,-1.48,-9999.00,11.31,0.11,1.17,-9999,-0.88,-9999,-9999,-9999,-9999,-9999,2.133
1893,-9999.00,4.20,9.37,8.43,-1.15,0.17,-1.38,-9999.00,8.87,0.22,1.36,-9999,-0.88,-9999,-9999,-9999,-9999,-9999,2.133
1894,-9999.00,6.89,13.33,25.20,-0.65,0.48,0.07,-9999.00,12.86,-0.04,0.94,-9999,-0.94,-9999,-9999,-9999,-9999,-9999,2.133
1895,-9999.00,5.21,22.14,19.86,1.24,0.18,-0.45,-9999.00,20.75,-0.51,0.49,-9999,-0.97,-9999,-9999,-9999,-9999,-9999,2.132
1896,-9999.00,3.09,16.60,17.35,2.15,0.67,-0.37,-9999.00,16.09,-0.56,0.46,-9999,-1.00,-9999,-9999,-9999,-9999,-9999,2.133
1897,-9999.00,6.27,16.58,18.18,1.15,1.34,1.09,-9999.00,16.81,-0.14,0.82,-9999,-0.93,-9999,-9999,-9999,-9999,-9999,2.133
1898,-9999.00,14.76,18.31,11.99,-0.60,0.74,0.59,-9999.00,17.99,-0.11,0.86,-9999,-0.79,-9999,-9999,-9999,-9999,-9999,2.135
1899,-9999.00,16.12,19.86,12.11,-1.09,-0.51,0.92,-9999.00,18.30,-0.14,0.83,-9999,-0.70,-9999,-9999,-9999,-9999,-9999,2.134
1900,-9999.00,17.09,17.74,5.99,1.49,-0.54,2.30,-9999.00,16.42,0.15,1.23,-9999,-0.61,-9999,-9999,-9999,-9999,-9999,2.134
1901,-9999.00,11.89,19.20,17.55,2.34,1.40,3.08,-9999.00,19.79,0.10,1.15,-9999,-0.61,-9999,-9999,-9999,-9999,-9999,2.135
1902,-9999.00,11.89,13.31,4.99,2.02,2.21,1.88,-9999.00,14.98,0.27,1.45,-9999,-0.63,-9999,-9999,-9999,-9999,-9999,2.135
1903,-9999.00,-0.22,11.16,9.72,2.48,1.61,0.19,-9999.00,12.29,0.54,2.10,-9999,-0.65,-9999,-9999,-9999,-9999,-9999,2.135
1904,-9999.00,7.50,21.21,14.98,1.63,1.19,1.44,-9999.00,21.41,-0.41,0.57,-9999,-0.65,-9999,-9999,-9999,-9999,-9999,2.136
1905,-9999.00,8.81,21.22,14.43,0.85,0.68,2.48,-9999.00,20.84,-0.31,0.65,-9999,-0.67,-9999,-9999,-9999,-9999,-9999,2.137
1906,-9999.00,8.06,14.92,16.25,2.57,0.68,1.75,-9999.00,14.77,-0.57,0.46,-9999,-0.71,-9999,-9999,-9999,-9999,-9999,2.138
1907,-9999.00,12.91,12.84,21.31,4.23,1.17,1.13,-9999.00,13.27,0.17,1.27,-9999,-0.74,-9999,-9999,-9999,-9999,-9999,2.138
1908,-9999.00,14.35,18.61,27.92,3.81,1.90,1.22,-9999.00,19.43,-0.06,0.92,-9999,-0.74,-9999,-9999,-9999,-9999,-9999,2.139
1909,-9999.00,13.08,20.99,24.15,2.48,2.21,1.07,-9999.00,22.02,0.07,1.11,-9999,-0.74,-9999,-9999,-9999,-9999,-9999,2.138
1910,-9999.00,13.20,22.36,19.36,2.66,1.57,0.90,-9999.00,22.75,-0.20,0.76,-9999,-0.65,-9999,-9999,-9999,-9999,-9999,2.138
1911,-9999.00,18.30,34.15,32.65,3.00,0.71,1.80,-9999.00,33.26,-0.55,0.47,-9999,-0.58,-9999,-9999,-9999,-9999,-9999,2.138
1912,-9999.00,31.25,23.73,19.90,1.66,-0.19,0.87,-9999.00,22.58,-0.37,0.60,-9999,-0.52,-9999,-9999,-9999,-9999,-9999,2.139
1913,-9999.00,27.19,19.44,20.22,0.28,-0.04,-1.46,-9999.00,18.67,-0.20,0.76,-9999,-0.49,-9999,-9999,-9999,-9999,-9999,2.139
1914,-9999.00,27.18,19.29,18.58,0.02,0.62,-2.54,-9999.00,19.21,-0.22,0.73,-9999,-0.51,-9999,-9999,-9999,-9999,-9999,2.140
1915,-9999.00,28.84,16.57,26.52,-0.11,0.27,-2.85,-9999.00,16.26,0.30,1.52,-9999,-0.54,-9999,-9999,-9999,-9999,-9999,2.140
1916,-9999.00,26.93,36.65,43.01,0.36,-0.13,-2.52,-9999.00,35.26,-0.27,0.68,-9999,-0.57,-9999,-9999,-9999,-9999,-9999,2.141
1917,-9999.00,21.69,30.40,37.61,1.62,0.07,-2.25,-9999.00,29.47,-0.05,0.93,-9999,-0.55,-9999,-9999,-9999,-9999,-9999,2.142
1918,-9999.00,21.54,30.39,36.39,2.09,0.16,-1.52,-9999.00,29.57,-0.11,0.86,-9999,-0.56,-9999,-9999,-9999,-9999,-9999,2.143
1919,-9999.00,18.96,36.93,23.26,0.82,-0.35,-1.04,-9999.00,35.40,-0.25,0.71,-9999,-0.54,-9999,-9999,-9999,-9999,-9999,2.144
1920,-9999.00,18.96,31.18,26.06,-0.92,-0.79,-1.90,-9999.00,29.39,-0.15,0.81,-9999,-0.53,-9999,-9999,-9999,-9999,-9999,2.145
1921,-9999.00,15.71,30.04,23.47,-0.47,-0.21,-1.71,-9999.00,28.95,-0.34,0.62,-9999,-0.50,-9999,-9999,-9999,-9999,-9999,2.145
1922,-9999.00,15.70,25.80,25.03,1.66,0.12,-0.42,-9999.00,25.22,-0.07,0.90,-9999,-0.45,-9999,-9999,-9999,-9999,-9999,2.145
1923,-9999.00,19.85,24.72,25.55,2.36,-0.55,-0.09,-9999.00,23.57,0.09,1.13,-9999,-0.36,-9999,-9999,-9999,-9999,-9999,2.145
1924,-9999.00,19.87,24.59,28.86,1.56,-0.70,-0.35,-9999.00,23.35,-0.05,0.94,-9999,-0.31,-9999,-9999,-9999,-9999,-9999,2.146
1925,-9999.00,25.27,23.55,25.28,0.56,-0.36,0.22,-9999.00,22.71,0.14,1.21,-9999,-0.31,-9999,-9999,-9999,-9999,-9999,2.146
1926,-9999.00,25.25,23.44,24.75,-0.17,-0.19,0.93,-9999.00,22.82,0.10,1.15,-9999,-0.30,-9999,-9999,-9999,-9999,-9999,2.147
1927,-9999.00,17.11,9.30,16.30,-0.58,-0.14,0.09,-9999.00,9.03,0.69,2.61,-9999,-0.26,-9999,-9999,-9999,-9999,-9999,2.146
1928,-9999.00,14.12,11.88,19.25,-0.13,-0.14,-0.52,-9999.00,11.54,0.29,1.50,-9999,-0.31,-9999,-9999,-9999,-9999,-9999,2.146
1929,-9999.00,18.96,18.11,25.39,1.02,-0.18,0.40,-9999.00,17.56,-0.00,0.99,-9999,-0.34,-9999,-9999,-9999,-9999,-9999,2.147
1930,-9999.00,19.88,19.77,26.24,0.52,-0.45,0.06,-9999.00,18.82,-0.21,0.74,-9999,-0.39,-9999,-9999,-9999,-9999,-9999,2.146
1931,-9999.00,20.19,18.97,18.67,-1.33,-0.32,-1.62,-9999.00,18.06,-0.18,0.77,-9999,-0.41,-9999,-9999,-9999,-9999,-9999,2.147
1932,-9999.00,17.92,18.81,16.86,-1.58,-0.31,-1.58,-9999.00,17.94,-0.73,0.36,-9999,-0.35,-9999,-9999,-9999,-9999,-9999,2.148
1933,-9999.00,17.68,18.22,16.61,-1.46,-0.65,-1.31,-9999.00,17.05,-0.24,0.72,-9999,-0.28,-9999,-9999,-9999,-9999,-9999,2.147
1934,-9999.00,6.87,19.49,12.86,-1.77,-0.73,-1.89,-9999.00,18.27,-0.67,0.40,-9999,-0.15,-9999,-9999,-9999,-9999,-9999,2.148
1935,-9999.00,2.02,14.16,3.53,-1.73,-1.29,-2.29,-9999.00,12.56,-0.05,0.93,-9999,-0.18,-9999,-9999,-9999,-9999,-9999,2.149
1936,-9999.00,10.30,12.50,6.88,-1.50,-1.88,-1.68,-9999.00,10.36,-9999.00,-9999.00,-9999,-0.19,-9999,-9999,-9999,-9999,-9999,2.149
1937,-9999.00,9.36,7.33,3.11,-1.62,-1.46,-1.36,-9999.00,5.73,-0.03,0.96,-9999,-0.17,-9999,-9999,-9999,-9999,-9999,2.148
1938,-9999.00,21.99,12.01,6.54,-1.90,-0.41,-1.94,-9999.00,11.39,-0.15,0.81,-9999,-0.13,-9999,-9999,-9999,-9999,-9999,2.149
1939,-9999.00,15.48,10.38,13.38,-1.81,-0.07,-0.92,-9999.00,10.13,-0.03,0.96,-9999,-0.10,-9999,-9999,-9999,-9999,-9999,2.150
1940,-9999.00,11.15,9.62,21.01,-3.06,-0.76,0.86,-9999.00,8.71,-0.06,0.92,-9999,-0.05,-9999,-9999,-9999,-9999,-9999,2.150
1941,-9999.00,5.81,7.30,9.42,-3.44,-1.14,0.74,-9999.00,6.00,0.29,1.49,-9999,-0.08,-9999,-9999,-9999,-9999,-9999,2.151
1942,-9999.00,8.51,4.87,10.10,-2.70,-1.10,0.71,-9999.00,3.63,-9999.00,-9999.00,-9999,-0.15,-9999,-9999,-9999,-9999,-9999,2.153
1943,-9999.00,0.27,2.08,-1.07,-1.52,-0.64,0.97,-9999.00,1.36,-9999.00,-9999.00,-9999,-0.23,-9999,-9999,-9999,-9999,-9999,2.153
1944,-9999.00,5.42,8.54,1.81,-1.55,-0.09,0.16,-9999.00,8.01,-9999.00,-9999.00,-9999,-0.33,-9999,-9999,-9999,-9999,-9999,2.153
1945,-9999.00,0.42,5.62,0.15,-2.26,-0.25,-0.91,-9999.00,5.02,0.17,1.26,-9999,-0.47,-9999,-9999,-9999,-9999,-9999,2.154
1946,-9999.00,4.28,7.25,2.72,-1.66,-1.04,-1.77,-9999.00,5.73,-9999.00,-9999.00,-9999,-0.49,-9999,-9999,-9999,-9999,-9999,2.154
1947,-9999.00,3.01,2.60,0.15,-1.05,-1.32,-1.44,-9999.00,1.10,-9999.00,-9999.00,-9999,-0.49,-9999,-9999,-9999,-9999,-9999,2.155
1948,-9999.00,3.28,6.51,0.94,-1.47,-0.96,0.04,-9999.00,5.10,-9999.00,-9999.00,-9999,-0.48,-9999,-9999,-9999,-9999,-9999,2.155
1949,-9999.00,11.43,7.07,0.27,-0.17,-1.17,0.49,-9999.00,5.44,-9999.00,-9999.00,-9999,-0.43,-9999,-9999,-9999,-9999,-9999,2.156
1950,-9999.00,3.15,10.27,11.94,-0.11,-0.88,-0.62,-9999.00,8.82,-0.29,0.67,-9999,-0.37,-9999,-9999,-9999,-9999,-9999,2.156
1951,-9999.00,-2.94,3.95,3.06,-0.20,0.42,-1.75,-9999.00,4.20,-9999.00,-9999.00,-9999,-0.38,-9999,-9999,-9999,-9999,-9999,2.156
1952,-9999.00,3.96,11.30,8.34,0.43,0.90,-0.12,-9999.00,11.63,-0.47,0.52,-9999,-0.54,-9999,-9999,-9999,-9999,-9999,2.158
1953,-9999.00,1.61,7.43,3.06,1.82,1.63,3.12,-9999.00,8.60,-9999.00,-9999.00,-9999,-0.70,-9999,-9999,-9999,-9999,-9999,2.157
1954,-9999.00,9.85,11.34,10.78,2.04,2.00,3.15,-9999.00,12.44,-0.51,0.50,-9999,-1.03,-9999,-9999,-9999,-9999,-9999,2.157
1955,-9999.00,3.35,4.41,3.28,0.53,1.58,0.60,-9999.00,5.61,-9999.00,-9999.00,-9999,-1.22,-9999,-9999,-9999,-9999,-9999,2.158
1956,-9999.00,-1.19,6.09,2.50,0.28,1.83,0.23,-9999.00,7.38,0.50,2.00,-9999,-1.29,-9999,-9999,-9999,-9999,-9999,2.159
1957,-9999.00,-3.72,3.32,2.69,1.81,2.78,-0.62,-9999.00,5.83,-9999.00,-9999.00,-9999,-1.24,-9999,-9999,-9999,-9999,-9999,2.158
1958,-9999.00,-3.73,6.54,4.07,2.57,3.36,-1.47,-9999.00,9.36,0.28,1.47,-9999,-1.23,-9999,-9999,-9999,-9999,-9999,2.159
1959,-9999.00,-4.73,5.87,9.20,2.99,3.20,0.75,-9999.00,8.62,-9999.00,-9999.00,-9999,-1.20,-9999,-9999,-9999,-9999,-9999,2.160
1960,-9999.00,-3.82,7.84,12.96,3.18,2.50,3.38,-9999.00,9.78,-0.01,0.98,-9999,-1.23,-9999,-9999,-9999,-9999,-9999,2.160
1961,-9999.00,7.65,8.79,13.22,2.76,1.87,1.36,-9999.00,10.10,-0.17,0.79,-9999,-1.21,-9999,-9999,-9999,-9999,-9999,2.159
1962,-9999.00,10.95,6.84,7.70,1.77,0.66,-2.72,-9999.00,7.10,0.61,2.33,-9999,-1.22,-9999,-9999,-9999,-9999,-9999,2.160
1963,-9999.00,9.15,6.67,4.61,1.26,0.40,-2.82,-9999.00,6.73,1.04,4.23,-9999,-1.09,-9999,-9999,-9999,-9999,-9999,2.161
1964,-9999.00,16.65,11.04,10.96,1.67,1.35,0.11,-9999.00,11.92,0.27,1.45,-9999,-0.89,-9999,-9999,-9999,-9999,-9999,2.161
1965,-9999.00,10.36,9.07,12.28,1.97,0.69,0.48,-9999.00,9.21,0.32,1.56,-9999,-1.10,-9999,-9999,-9999,-9999,-9999,2.161
1966,-9999.00,15.35,15.12,19.74,2.03,-0.52,0.65,-9999.00,13.65,-0.14,0.83,-9999,-1.02,-9999,-9999,-9999,-9999,-9999,2.162
1967,-9999.00,0.92,10.63,11.14,2.80,-0.11,1.46,-9999.00,9.87,-0.03,0.96,-9999,-1.06,-9999,-9999,-9999,-9999,-9999,2.162
1968,-9999.00,0.92,10.29,7.93,2.79,0.35,1.03,-9999.00,10.02,-0.29,0.67,-9999,-1.01,-9999,-9999,-9999,-9999,-9999,2.162
1969,-9999.00,0.92,7.15,8.72,1.78,0.47,-0.32,-9999.00,7.20,0.57,2.19,-9999,-1.10,-9999,0.775,-9999.000,-9999.000,-9999,2.162
1970,-9999.00,7.10,7.42,18.85,0.52,0.79,-0.52,-9999.00,7.75,0.12,1.18,-9999,-1.15,-9999,0.751,-9999.000,-9999.000,-9999,2.164
1971,-9999.00,7.18,6.13,20.41,-0.65,1.20,-0.21,-9999.00,6.98,0.94,3.66,-9999,-1.06,-9999,0.759,-9999.000,-9999.000,-9999,2.165
1972,-9999.00,11.27,9.31,14.54,-0.37,1.02,-1.10,-9999.00,9.86,-0.36,0.61,-9999,-0.95,-9999,-9999,-9999,-9999,-9999,2.165
1973,-9999.00,11.27,9.23,12.99,1.02,0.77,-0.78,-9999.00,9.62,0.16,1.25,-9999,-0.82,-9999,-9999,-9999,-9999,-9999,2.164
1974,-9999.00,10.30,7.97,12.82,2.09,2.01,1.19,-9999.00,9.70,-0.01,0.99,-9999,-0.73,-9999,-9999,-9999,-9999,-9999,2.165
1975,-9999.00,12.67,12.44,18.16,1.75,2.93,1.20,-9999.00,15.03,-0.70,0.38,-9999,-0.59,-9999,-9999,-9999,-9999,-9999,2.165
1976,-9999.00,10.33,8.20,14.81,0.15,2.34,0.96,-9999.00,10.37,0.43,1.81,-9999,-0.42,-9999,-9999,-9999,-9999,-9999,2.166
1977,-9999.00,10.30,8.19,14.20,-0.08,1.24,0.56,-9999.00,9.27,0.12,1.17,-9999,-0.38,-9999,-9999,-9999,-9999,-9999,2.166
1978,-9999.00,18.05,10.99,7.37,0.74,0.81,-0.21,-9999.00,11.57,0.12,1.18,-9999,-0.34,-9999,-9999,-9999,-9999,-9999,2.166
1979,-9999.00,24.19,20.50,7.33,1.61,1.13,1.03,-9999.00,21.10,-0.58,0.45,-9999,-0.44,-9999,0.868,-9999.000,-9999.000,-9999,2.166
1980,-9999.00,1.72,28.01,14.69,2.65,1.41,3.40,-9999.00,28.65,-0.89,0.29,-9999,-0.46,-9999,-9999,-9999,-9999,-9999,2.166
1981,-9999.00,7.57,18.26,6.60,3.71,1.93,5.15,-9999.00,19.68,-0.25,0.71,-9999,-0.45,-9999,-9999,-9999,-9999,-9999,2.168
1982,-9999.00,0.48,7.24,14.36,3.89,1.50,3.73,-9999.00,8.54,0.86,3.30,-9999,-0.45,-9999,-9999,-9999,-9999,-9999,2.168
1983,-9999.00,12.29,19.24,14.79,1.87,0.08,0.70,-9999.00,18.86,-0.19,0.77,-9999,-0.43,-9999,-9999,-9999,-9999,-9999,2.168
1984,-9999.00,6.42,13.39,24.80,0.31,-0.22,0.72,-9999.00,12.86,0.40,1.74,-9999,-0.43,-9999,-9999,-9999,-9999,-9999,2.168
1985,-9999.00,12.30,22.69,22.50,1.13,0.53,0.66,-9999.00,22.79,-0.31,0.65,-9999,-0.33,-9999,0.895,-9999.000,-9999.000,-9999,2.169
1986,-9999.00,20.57,19.21,15.73,1.53,1.84,-0.38,-9999.00,20.71,0.08,1.12,-9999,-0.23,-9999,-9999,-9999,-9999,-9999,2.169
1987,-9999.00,24.16,24.06,23.39,0.98,1.91,1.01,-9999.00,25.56,-0.27,0.69,-9999,-0.12,-9999,-9999,-9999,-9999,-9999,2.171
1988,-9999.00,28.17,26.24,26.00,0.91,1.00,2.61,-9999.00,26.67,-0.16,0.80,-9999,-0.11,-9999,-9999,-9999,-9999,-9999,2.171
1989,-9999.00,32.11,32.71,36.25,1.82,1.48,1.33,-9999.00,33.36,-0.74,0.36,-9999,-0.09,-9999,-9999,-9999,-9999,-9999,2.171
1990,-9999.00,30.87,31.14,27.63,2.41,1.74,-0.91,-9999.00,32.03,-0.75,0.35,-9999,-0.08,-9999,-9999,-9999,-9999,-9999,2.171
1991,-9999.00,29.59,29.26,19.48,0.91,1.58,-0.84,-9999.00,30.05,-0.77,0.35,-9999,-0.09,-9999,-9999,-9999,-9999,-9999,2.172
1992,-9999.00,23.33,23.76,24.05,0.48,1.69,0.04,-9999.00,24.80,-0.22,0.74,-9999,-0.11,-9999,-9999,-9999,-9999,-9999,2.171
1993,-9999.00,29.60,29.48,20.29,1.70,1.22,-0.49,-9999.00,29.95,-0.25,0.71,-9999,-0.10,-9999,-9999,-9999,-9999,-9999,2.172
1994,-9999.00,21.50,37.36,40.97,1.83,0.94,-0.67,-9999.00,37.38,-0.23,0.73,-9999,-0.14,-9999,-9999,-9999,-9999,-9999,2.172
1995,-9999.00,30.40,32.42,34.44,2.82,1.24,-0.84,-9999.00,32.85,-0.19,0.76,-9999,-0.19,-9999,-9999,-9999,-9999,-9999,2.173
1996,-9999.00,32.65,35.49,35.82,3.73,2.12,-2.29,-9999.00,36.94,-0.60,0.44,-9999,-0.13,-9999,-9999,-9999,-9999,-9999,2.172
1997,-9999.00,23.31,24.31,29.50,2.62,2.78,-2.58,-9999.00,26.67,-0.37,0.59,-9999,-0.13,-9999,-9999,-9999,-9999,-9999,2.173
1998,-9999.00,21.54,21.59,30.73,1.46,1.88,0.28,-9999.00,23.13,0.31,1.53,-9999,-0.08,-9999,-9999,-9999,-9999,-9999,2.173
1999,-9999.00,18.10,26.50,29.12,0.52,1.02,3.12,-9999.00,27.15,0.13,1.20,-9999,-0.05,-9999,-9999,-9999,-9999,-9999,2.174
2000,-9999.00,35.80,33.31,21.43,1.12,0.89,3.37,-9999.00,33.79,-0.02,0.98,-9999,0.03,-9999,-9999,-9999,-9999,-9999,2.174
2001,-9999.00,35.80,33.39,21.74,2.47,0.59,2.35,-9999.00,33.58,-0.10,0.87,-9999,0.05,-9999,-9999,-9999,-9999,-9999,2.174
2002,-9999.00,36.47,35.89,19.47,1.90,0.51,0.97,-9999.00,35.84,-0.34,0.63,-9999,-0.02,-9999,-9999,-9999,-9999,-9999,2.175
2003,-9999.00,23.22,40.71,24.79,0.62,0.35,0.40,-9999.00,40.34,-0.45,0.53,-9999,-0.07,-9999,-9999,-9999,-9999,-9999,2.174
2004,-9999.00,23.08,40.87,19.74,-0.05,0.09,2.74,-9999.00,40.15,-0.46,0.53,-9999,-0.11,-9999,-9999,-9999,-9999,-9999,2.175
2005,-9999.00,23.23,32.42,22.91,0.29,-0.47,4.27,-9999.00,31.30,-0.21,0.75,-9999,-0.10,-9999,-9999,-9999,-9999,-9999,2.176
2006,-9999.00,20.37,21.29,30.23,0.23,-1.55,1.81,-9999.00,19.28,-0.23,0.73,-9999,-0.12,-9999,-9999,-9999,-9999,-9999,2.177
2007,-9999.00,25.65,28.10,35.21,-0.69,-2.02,-1.59,-9999.00,25.41,-0.18,0.78,-9999,-0.18,-9999,-9999,-9999,-9999,-9999,2.177
2008,-9999.00,30.75,22.01,34.43,-0.98,-1.85,-3.29,-9999.00,19.61,0.06,1.09,-9999,-0.21,-9999,-9999,-9999,-9999,-9999,2.177
2009,-9999.00,30.75,21.97,33.56,-0.99,-1.39,-3.20,-9999.00,19.99,0.23,1.37,-9999,-0.27,-9999,-9999,-9999,-9999,-9999,2.177
2010,-9999.00,21.36,18.20,20.19,-1.08,-0.63,-1.97,-9999.00,17.14,0.16,1.24,-9999,-0.19,-9999,-9999,-9999,-9999,-9999,2.178
2011,-9999.00,22.14,20.24,16.58,-0.74,-0.48,-0.60,-9999.00,19.29,0.24,1.39,-9999,-0.15,-9999,-9999,-9999,-9999,-9999,2.178
2012,-9999.00,20.61,24.79,21.56,-0.26,-0.73,-0.87,-9999.00,23.50,-0.06,0.91,-9999,-0.10,-9999,-9999,-9999,-9999,-9999,2.179
2013,-9999.00,20.79,23.16,16.95,-1.05,-1.31,-3.43,-9999.00,21.34,-0.00,0.99,-9999,-0.08,-9999,-9999,-9999,-9999,-9999,2.178
2014,-9999.00,30.37,26.60,23.14,-2.47,-2.34,-3.69,-9999.00,23.72,-0.15,0.81,-9999,-0.04,-9999,-9999,-9999,-9999,-9999,2.180
2015,-9999.00,27.46,28.54,16.36,-1.23,-1.87,-0.85,-9999.00,26.18,-0.15,0.81,-9999,-0.01,-9999,-9999,-9999,-9999,-9999,2.180
2016,-9999.00,18.47,28.78,22.73,0.35,-0.63,0.05,-9999.00,27.58,-0.31,0.65,-9999,-0.08,-9999,-9999,-9999,-9999,-9999,2.180
2017,-9999.00,9.48,25.58,29.95,0.30,-0.35,0.21,-9999.00,24.62,-0.48,0.51,-9999,-0.16,-9999,-9999,-9999,-9999,-9999,2.181
2018,-9999.00,17.92,29.58,35.35,1.24,0.27,0.92,-9999.00,29.09,-0.56,0.46,-9999,-0.22,-9999,-9999,-9999,-9999,-9999,2.181
2019,-9999.00,17.05,23.81,27.27,2.33,1.04,0.41,-9999.00,24.24,-0.52,0.49,-9999,-0.23,-9999,-9999,-9999,-9999,-9999,2.182
2020,-9999.00,24.95,26.31,26.51,2.17,0.97,0.11,-9999.00,26.63,-0.57,0.45,-9999,-0.27,-9999,-9999,-9999,-9999,-9999,2.182
2021,-9999.00,17.12,24.59,19.34,1.82,0.48,0.53,-9999.00,24.54,-0.02,0.97,-9999,-0.24,-9999,-9999,-9999,-9999,-9999,2.183
