NASA Data Processing/CAMP2Ex/OPTICAL/CAMP2Ex-LARGE-OPTICAL_P3B_20190827_R0.ict
100,1001
Luke Ziemba
NASA Langley
In-situ optical aerosol measurements from the NASA P3B
CAMP2Ex
1,1
2019,08,27,2020,05,5
1.0
Time_Mid,Secs after midnight,Time of acquisition
19
1,1,1,1,1,1,1,1,1,1,1,1,1,1,1,1,1,1,1
-9999,-9999,-9999,-9999,-9999,-9999,-9999,-9999,-9999,-9999,-9999,-9999,-9999,-9999,-9999,-9999,-9999,-9999,-9999
Sc550_total_amb, Mm-1, AerOpt_Scattering_InSitu_Green_RHa_Bulk_STP, scattering coefficient of ambient  particles at 550nm
Sc450_total, Mm-1, AerOpt_Scattering_InSitu_Blue_RHd_Bulk_STP, Dry Scattering at 450nm (Total Aerosols)
Sc550_total, Mm-1, AerOpt_Scattering_InSitu_Green_RHd_Bulk_STP, Dry Scattering at 550nm (Total Aerosols)
Sc700_total, Mm-1, AerOpt_Scattering_InSitu_Red_RHd_Bulk_STP, Dry Scattering at 700nm (Total Aerosols)
Abs470_total, Mm-1, AerOpt_Absorption_InSitu_Blue_RHd_Bulk_STP, Dry absorption at 470nm (Total Aerosols)
Abs532_total, Mm-1, AerOpt_Absorption_InSitu_Green_RHd_Bulk_STP, Dry absorption at 532nm (Total Aerosols)
Abs660_total, Mm-1, AerOpt_Absorption_InSitu_Red_RHd_Bulk_STP, Dry absorption at 660nm (Total Aerosols)
Ext532_total_amb, Mm-1, AerOpt_Extinction_InSitu_Green_RHa_Bulk_STP, extinction coefficient of aerosols at 532nm for AMBIENT relative humidity
Ext532_total_dry, Mm-1, AerOpt_Extinction_InSitu_Green_RHd_Bulk_STP, extinction coefficient of aerosols at 532nm for DRY relative humidity
gamma550, unitless, AerOpt_Gamma_InSitu_Green_None_Bulk_STP, derived optical hygroscopic growth factor for particles at 550nm
fRH550_RH20to80, unitless, AerOpt_fRHScat_InSitu_Green_RHsp_Bulk_STP, derived optical hygroscopic growth parameter for particles at 550nm
AEscatAMB_450to700nm,unitless, AerOpt_AngstromExponentScat_InSitu_BluetoRed_RHa_Bulk_STP, derived ambient Angstrom Exponent for scattering coefficient over wavelength range from 450nm to 700nm
AEscatDRY_450to700nm,unitless, AerOpt_AngstromExponentScatInSitu_BluetoRed_RHd_Bulk_STP, derived dry Angstrom Exponent for scattering coefficient over wavelength range from 450nm to 700nm
AEabsDRY_470to660nm,unitless, AerOpt_AngstromExponentAbs_InSitu_BluetoRed_RHd_Bulk_STP, derived dry Angstrom Exponent for absorption coefficient over wavelength range from 450nm to 700nm
SSA_dry_450nm,unitless, AerOpt_SSA_InSitu_Blue_RHd_Bulk_STP, single_scattering_albedo_at_450nm_as_derived_from_dry_scattering_and_absorption
SSA_dry_550nm,unitless, AerOpt_SSA_InSitu_Green_RHd_Bulk_STP, single_scattering_albedo_at_550nm_as_derived_from_dry_scattering_and_absorption
SSA_dry_700nm,unitless, AerOpt_SSA_InSitu_Red_RHd_Bulk_STP, single_scattering_albedo_at_700nm_as_derived_from_dry_scattering_and_absorption
SSA_amb_550nm,unitless, AerOpt_SSA_InSitu_Green_RHa_Bulk_STP, single_scattering_albedo_at_550nm_as_derived_from_ambient_scattering_and_absorption
stdPT,unitless, None, Conversion factor to convert between ambient and standard pressure and temperature conditions
0
67
******************************************************************************************************************
Langley Aerosol data from the 2019 CAMP2Ex field campaign
 
PI_CONTACT_INFO: luke.ziemba@nasa.gov
PLATFORM: NASA P3B aircraft
LOCATION: Latitude, Longitude, and Altitude included in MetNav files
[...]
UNCERTAINTY: estimated uncertainties for directly measured properties
	- For dry scattering, accuracy estimated at 30% for all wavelengths; precision estimated at 4.5 Mm-1 for 450nm wavelength and 3 Mm-1 for 550nm and 700nm wavelengths
	- For dry absorption, accuracy estimated at 15% for all wavelengths; precision is a function of pressure and is estimated to vary from 0.5 Mm-1 near the surface to 2 at high altitude
	- For derived parameters, please contact the PI for a more detailed discussion of uncertainty
ULOD_FLAG: -7777
ULOD_VALUE: N/A
LLOD_FLAG: -8888
LLOD_VALUE: N/A
DM_CONTACT_INFO: Michael Shook (michael.shook@nasa.gov)
PROJECT_INFO: CAMP2Ex 2019
STIPULATIONS_ON_USE: This is FINAL data. Users are strongly encouraged to consult the PI and/or DM prior to use.
OTHER_COMMENTS: N/A
REVISION: R0
R0: STP and ambient parameter calculations now use data from their respective publicly available files, data is time synced to DLH
RD: Correction factor applied to raw scattering data, which also affects the absorption data via the Virkkula correction
RC: Higher threshholds required for calculating intensive parameters; absorption smoothing algorithm applied
RB: Time sync to LARGE CNgt3nm applied
RA: None
******************************************************************************************************************
Time_Mid,Sc550_total_amb,Sc450_total,Sc550_total,Sc700_total,Abs470_total,Abs532_total,Abs660_total,Ext532_total_amb,Ext532_total_dry,gamma550,fRH550_RH20to80,AEscatAMB_450to700nm,AEscatDRY_450to700nm,AEabsDRY_470to660nm,SSA_dry_450nm,SSA_dry_550nm,SSA_dry_700nm,SSA_amb_550nm,stdPT
[from data line 17213]
17541,-9999.00,-3.51,-0.21,2.31,-7.68,-6.24,-3.80,-9999.00,-6.47,-9999.00,-9999.00,-9999,-9999,-9999,-9999,-9999,-9999,-9999,1.373
17542,-9999.00,-1.54,1.31,4.74,-7.24,-6.37,-4.46,-9999.00,-4.94,-9999.00,-9999.00,-9999,-9999,-9999,-9999,-9999,-9999,-9999,1.372
17543,-9999.00,-4.40,1.12,2.93,-4.89,-4.35,-3.36,-9999.00,-3.12,-9999.00,-9999.00,-9999,-9999,-9999,-9999,-9999,-9999,-9999,1.372
17544,-9999.00,5.79,2.82,2.91,-3.51,-3.44,-2.52,-9999.00,-0.33,-9999.00,-9999.00,-9999,1.34,-9999,-9999,-9999,-9999,-9999,1.371
17545,-9999.00,5.75,3.89,3.81,-3.55,-4.48,-3.40,-9999.00,-0.17,-9999.00,-9999.00,-9999,1.46,-9999,-9999,-9999,-9999,-9999,1.372
17546,5.13,6.89,5.11,2.75,-4.36,-4.62,-4.57,0.78,0.98,0.01,1.01,-9999,1.39,-9999,-9999,-9999,-9999,-9999,1.371
17547,-9999.00,6.81,3.56,2.00,-4.93,-3.82,-4.59,-9999.00,0.06,-9999.00,-9999.00,-9999,-9999,-9999,-9999,-9999,-9999,-9999,1.370
17548,-9999.00,11.23,4.71,1.78,-5.01,-3.88,-3.80,-9999.00,1.22,-9999.00,-9999.00,-9999,-9999,-9999,-9999,-9999,-9999,-9999,1.371
17549,-9999.00,8.34,4.63,1.78,-3.85,-3.28,-3.18,-9999.00,1.68,-9999.00,-9999.00,-9999,-9999,-9999,-9999,-9999,-9999,-9999,1.370
17550,-9999.00,6.37,4.65,1.78,-2.77,-2.55,-2.98,-9999.00,2.46,-9999.00,-9999.00,-9999,1.32,-9999,-9999,-9999,-9999,-9999,1.370
17551,-9999.00,6.40,3.61,2.45,-3.87,-3.09,-3.21,-9999.00,0.82,-9999.00,-9999.00,-9999,1.42,-9999,-9999,-9999,-9999,-9999,1.369
17552,-9999.00,7.61,2.44,3.26,-4.46,-3.47,-3.37,-9999.00,-0.83,-9999.00,-9999.00,-9999,1.59,-9999,-9999,-9999,-9999,-9999,1.368
17553,-9999.00,3.98,0.39,-1.06,-1.97,-1.07,-1.45,-9999.00,-0.65,-9999.00,-9999.00,-9999,1.61,-9999,-9999,-9999,-9999,-9999,1.368
17554,-9999.00,4.01,0.39,-0.45,4.33,4.94,4.00,-9999.00,5.36,-9999.00,-9999.00,-9999,1.54,-9999,-9999,-9999,-9999,-9999,1.368
17555,-9999.00,4.04,0.38,0.15,8.93,8.13,8.21,-9999.00,8.55,-9999.00,-9999.00,-9999,1.46,-9999,-9999,-9999,-9999,-9999,1.366
17556,-9999.00,4.51,0.39,-0.43,9.08,7.89,9.25,-9999.00,8.31,-9999.00,-9999.00,-9999,1.46,-9999,-9999,-9999,-9999,-9999,1.364
17557,-9999.00,4.10,2.29,2.05,8.56,8.05,7.51,-9999.00,10.49,-9999.00,-9999.00,-9999,1.60,-9999,-9999,-9999,-9999,-9999,1.363
17558,-9999.00,1.67,1.54,3.44,9.35,9.00,6.56,-9999.00,10.65,-9999.00,-9999.00,-9999,1.86,-9999,-9999,-9999,-9999,-9999,1.363
17559,-9999.00,0.23,3.12,5.43,11.24,10.56,7.69,-9999.00,13.93,-9999.00,-9999.00,-9999,-9999,-9999,-9999,-9999,-9999,-9999,1.362
17560,-9999.00,0.21,1.51,3.15,12.97,11.30,8.86,-9999.00,12.93,-9999.00,-9999.00,-9999,-9999,-9999,0.665,0.574,-9999.000,0.700,1.361
17561,-9999.00,2.34,4.52,4.20,12.05,10.38,8.00,-9999.00,15.26,-9999.00,-9999.00,-9999,-9999,0.63,0.600,0.513,-9999.000,0.651,1.360
17562,-9999.00,0.55,2.58,1.50,8.89,7.36,5.32,-9999.00,10.17,-9999.00,-9999.00,-9999,-9999,0.34,0.605,0.492,-9999.000,0.649,1.359
17563,-9999.00,4.05,2.45,-0.14,3.54,2.74,1.77,-9999.00,5.43,-9999.00,-9999.00,-9999,-9999,0.39,0.633,0.498,-9999.000,0.664,1.358
17564,-9999.00,0.45,2.41,2.32,0.42,0.60,0.20,-9999.00,3.25,-9999.00,-9999.00,-9999,-9999,0.32,0.643,0.501,-9999.000,0.675,1.358
17565,-9999.00,10.71,2.60,5.37,0.42,1.08,0.15,-9999.00,3.93,-9999.00,-9999.00,-9999,-9999,0.12,0.606,0.466,-9999.000,0.654,1.356
17566,-9999.00,8.92,3.92,3.77,1.13,1.65,0.82,-9999.00,5.94,-9999.00,-9999.00,-9999,-9999,-0.06,0.568,0.451,-9999.000,0.648,1.355
17567,5.80,7.72,5.19,2.39,1.76,1.39,2.00,7.49,7.01,0.16,1.25,-9999,-9999,-0.11,0.550,0.456,-9999.000,0.653,1.354
17568,-9999.00,6.10,3.42,0.07,1.73,1.05,2.88,-9999.00,4.74,-9999.00,-9999.00,-9999,-9999,0.07,0.559,0.459,-9999.000,0.645,1.353
17569,-9999.00,6.68,5.00,1.74,1.59,1.48,2.55,-9999.00,6.89,-9999.00,-9999.00,-9999,-9999,0.25,0.555,0.451,-9999.000,0.634,1.352
17570,-9999.00,0.12,3.37,-0.34,1.97,2.30,2.81,-9999.00,5.95,-9999.00,-9999.00,-9999,-9999,0.19,0.524,0.436,-9999.000,0.616,1.351
17571,6.09,2.99,5.89,2.15,1.95,2.51,3.52,8.93,8.86,0.04,1.06,-9999,-9999,0.26,0.498,0.424,-9999.000,0.601,1.351
17572,-9999.00,4.65,3.57,2.06,1.65,2.22,3.10,-9999.00,6.05,-9999.00,-9999.00,-9999,-9999,0.32,0.513,0.440,-9999.000,0.610,1.349
17573,5.06,8.70,5.11,1.97,0.84,1.61,1.89,6.94,7.08,-0.01,0.98,-9999,-9999,0.47,0.563,0.488,-9999.000,0.653,1.348
17574,-9999.00,2.98,2.18,-0.38,1.09,1.83,1.16,-9999.00,4.16,-9999.00,-9999.00,-9999,-9999,-9999,-9999,-9999,-9999,-9999,1.348
17575,-9999.00,7.36,3.92,0.52,1.35,1.96,2.05,-9999.00,6.20,-9999.00,-9999.00,-9999,-9999,-9999,-9999,-9999,-9999,-9999,1.347
17576,-9999.00,3.87,1.79,-1.48,1.22,2.19,2.30,-9999.00,4.14,-9999.00,-9999.00,-9999,-9999,-9999,-9999,-9999,-9999,-9999,1.345
17577,-9999.00,7.51,0.36,-0.11,1.00,2.20,2.07,-9999.00,2.59,-9999.00,-9999.00,-9999,-9999,-9999,-9999,-9999,-9999,-9999,1.344
17578,-9999.00,5.11,-0.27,-0.05,0.91,1.67,2.04,-9999.00,1.37,-9999.00,-9999.00,-9999,-9999,-9999,-9999,-9999,-9999,-9999,1.343
17579,-9999.00,8.01,1.11,1.32,0.02,0.47,1.55,-9999.00,1.68,-9999.00,-9999.00,-9999,-9999,-9999,-9999,-9999,-9999,-9999,1.343
17580,-9999.00,-0.25,0.88,-0.48,-0.75,-0.08,0.60,-9999.00,0.88,-9999.00,-9999.00,-9999,-9999,-9999,-9999,-9999,-9999,-9999,1.342
17581,-9999.00,-0.91,2.10,-0.59,-0.64,-0.54,0.44,-9999.00,1.76,-9999.00,-9999.00,-9999,-9999,-9999,-9999,-9999,-9999,-9999,1.341
17582,-9999.00,-1.57,3.33,-0.69,-0.23,-0.63,0.42,-9999.00,2.98,-9999.00,-9999.00,0.46,-9999,-9999,-9999,-9999,-9999,-9999,1.340
17583,-9999.00,11.52,6.59,1.36,-0.33,-0.79,0.55,-9999.00,6.43,-9999.00,-9999.00,0.46,-9999,-9999,-9999,-9999,-9999,-9999,1.340
17584,-9999.00,8.08,1.55,1.78,0.16,-0.03,-0.03,-9999.00,1.66,-9999.00,-9999.00,0.45,-9999,-9999,-9999,-9999,-9999,-9999,1.339
17585,-9999.00,5.26,1.57,0.69,0.90,0.25,-0.13,-9999.00,1.96,-9999.00,-9999.00,0.43,-9999,-9999,-9999,-9999,-9999,-9999,1.338
17586,-9999.00,2.61,1.59,-0.20,0.52,0.33,-0.21,-9999.00,2.07,-9999.00,-9999.00,0.43,-9999,-9999,-9999,-9999,-9999,-9999,1.337
17587,-9999.00,4.78,3.06,0.31,-0.14,0.37,0.48,-9999.00,3.74,-9999.00,-9999.00,0.43,-9999,-9999,-9999,-9999,-9999,-9999,1.336
17588,-9999.00,2.82,2.90,0.45,-0.25,0.48,1.02,-9999.00,3.67,-9999.00,-9999.00,0.40,-9999,-9999,-9999,-9999,-9999,-9999,1.336
17589,-9999.00,6.01,4.44,-0.49,0.29,0.94,1.15,-9999.00,5.83,-9999.00,-9999.00,0.40,-9999,-9999,-9999,-9999,-9999,-9999,1.334
17590,-9999.00,10.86,2.98,2.27,0.84,1.60,1.24,-9999.00,4.90,-9999.00,-9999.00,0.42,-9999,-9999,-9999,-9999,-9999,-9999,1.334
17591,-9999.00,6.49,3.35,8.15,0.99,1.58,1.40,-9999.00,5.31,-9999.00,-9999.00,0.41,-9999,-9999,-9999,-9999,-9999,-9999,1.333
17592,-9999.00,0.88,0.66,5.10,0.45,0.94,1.53,-9999.00,1.66,-9999.00,-9999.00,0.40,-9999,-9999,-9999,-9999,-9999,-9999,1.331
17593,-9999.00,4.32,2.36,4.73,-0.90,-0.53,1.44,-9999.00,2.06,-9999.00,-9999.00,0.40,-9999,-9999,-9999,-9999,-9999,-9999,1.332
17594,-9999.00,-0.36,0.59,2.21,-2.21,-1.32,0.30,-9999.00,-0.67,-9999.00,-9999.00,0.49,-9999,-9999,-9999,-9999,-9999,-9999,1.331
17595,-9999.00,3.35,2.51,1.27,-1.80,-1.56,-0.95,-9999.00,1.19,-9999.00,-9999.00,0.61,-9999,-9999,-9999,-9999,-9999,-9999,1.331
17596,-9999.00,8.68,4.50,5.46,-1.44,-1.70,-1.96,-9999.00,3.30,-9999.00,-9999.00,0.64,-9999,-9999,-9999,-9999,-9999,-9999,1.330
17597,-9999.00,4.05,4.82,6.79,-1.61,-1.69,-2.68,-9999.00,3.67,-9999.00,-9999.00,0.68,-9999,-9999,-9999,-9999,-9999,-9999,1.328
17598,-9999.00,9.55,1.56,4.04,-2.08,-2.10,-2.64,-9999.00,-0.35,-9999.00,-9999.00,0.74,2.50,-9999,-9999,-9999,-9999,-9999,1.328
17599,-9999.00,3.24,3.79,7.24,-3.05,-2.48,-3.15,-9999.00,1.75,-9999.00,-9999.00,0.74,2.31,-9999,-9999,-9999,-9999,-9999,1.326
17600,-9999.00,2.78,3.82,2.82,-3.40,-2.23,-3.37,-9999.00,2.00,-9999.00,-9999.00,0.69,2.25,-9999,-9999,-9999,-9999,-9999,1.326
17601,-9999.00,2.28,2.91,-0.20,-3.22,-1.98,-3.05,-9999.00,1.24,-9999.00,-9999.00,0.67,2.19,-9999,-9999,-9999,-9999,-9999,1.327
17602,-9999.00,1.73,1.30,-2.32,-2.74,-1.76,-2.71,-9999.00,-0.31,-9999.00,-9999.00,0.70,2.24,-9999,-9999,-9999,-9999,-9999,1.327
17603,5.36,7.22,5.16,-0.63,-2.77,-1.57,-2.50,3.98,4.21,0.04,1.06,0.71,2.03,-9999,-9999,-9999,-9999,-9999,1.326
17604,-9999.00,9.03,4.89,2.55,-3.34,-1.69,-2.49,-9999.00,3.82,-9999.00,-9999.00,0.67,1.92,-9999,-9999,-9999,-9999,-9999,1.326
17605,-9999.00,8.62,3.27,1.69,-3.26,-1.71,-1.85,-9999.00,1.99,-9999.00,-9999.00,0.72,1.74,-9999,-9999,-9999,-9999,-9999,1.325
17606,-9999.00,8.40,1.77,0.83,-2.87,-1.70,-1.06,-9999.00,0.29,-9999.00,-9999.00,0.73,1.78,-9999,-9999,-9999,-9999,-9999,1.325
17607,-9999.00,5.76,3.68,-0.72,-2.90,-1.80,-1.39,-9999.00,2.35,-9999.00,-9999.00,0.74,1.97,-9999,-9999,-9999,-9999,-9999,1.325
17608,6.31,8.54,5.30,0.89,-2.69,-1.97,-1.58,4.58,4.04,0.20,1.32,0.72,2.16,-9999,-9999,-9999,-9999,-9999,1.324
17609,6.05,8.54,5.30,-0.19,-2.10,-2.12,-1.46,4.15,3.91,0.16,1.24,0.71,2.24,-9999,-9999,-9999,-9999,-9999,1.324
17610,-9999.00,15.06,3.42,2.63,-1.85,-1.80,-1.35,-9999.00,2.09,-9999.00,-9999.00,0.71,2.30,-9999,-9999,-9999,-9999,-9999,1.324
17611,-9999.00,12.65,1.04,-0.15,-1.77,-1.22,-1.09,-9999.00,-0.04,-9999.00,-9999.00,0.72,2.27,-9999,-9999,-9999,-9999,-9999,1.324
17612,7.88,11.59,7.75,4.29,-1.71,-1.26,-0.67,6.92,7.52,0.02,1.03,0.72,2.28,-9999,-9999,-9999,-9999,-9999,1.324
17613,9.03,9.97,6.83,5.16,-1.91,-1.60,-0.63,7.78,6.18,0.32,1.56,0.84,2.37,-9999,-9999,-9999,-9999,-9999,1.325
17614,6.80,8.35,5.84,6.08,-2.19,-1.67,-1.24,5.39,4.98,0.18,1.28,0.84,2.37,-9999,-9999,-9999,-9999,-9999,1.324
17615,-9999.00,5.49,3.25,2.65,-1.88,-1.33,-1.24,-9999.00,2.37,-9999.00,-9999.00,0.91,2.56,-9999,-9999,-9999,-9999,-9999,1.324
17616,-9999.00,7.98,4.58,3.80,-1.43,-1.03,-0.67,-9999.00,4.19,-9999.00,-9999.00,0.93,2.66,-9999,-9999,-9999,-9999,-9999,1.323
17617,-9999.00,11.08,-0.71,1.15,-1.65,-1.24,-0.59,-9999.00,-2.05,-9999.00,-9999.00,0.97,2.63,-9999,-9999,-9999,-9999,-9999,1.322
17618,-9999.00,4.72,1.56,7.84,-2.46,-1.91,-0.45,-9999.00,-0.13,-9999.00,-9999.00,0.97,2.50,-9999,-9999,-9999,-9999,-9999,1.323
17619,-9999.00,5.97,0.80,6.12,-2.92,-2.60,-0.88,-9999.00,-1.68,-9999.00,-9999.00,1.03,2.39,-9999,-9999,-9999,-9999,-9999,1.322
17620,-9999.00,8.75,3.28,8.44,-2.90,-3.03,-1.97,-9999.00,0.73,-9999.00,-9999.00,1.04,2.36,-9999,-9999,-9999,-9999,-9999,1.322
17621,-9999.00,7.76,5.52,-0.82,-2.18,-2.62,-2.08,-9999.00,3.64,-9999.00,-9999.00,1.05,2.33,-9999,-9999,-9999,-9999,-9999,1.321
17622,-9999.00,8.42,2.58,1.18,-0.92,-1.58,-0.53,-9999.00,1.33,-9999.00,-9999.00,1.07,2.30,-9999,-9999,-9999,-9999,-9999,1.321
17623,-9999.00,5.39,-0.64,-0.42,-0.39,-0.84,0.55,-9999.00,-1.55,-9999.00,-9999.00,1.09,2.18,-9999,-9999,-9999,-9999,-9999,1.320
17624,-9999.00,6.57,0.90,2.66,-0.54,-0.67,0.32,-9999.00,0.33,-9999.00,-9999.00,1.08,2.16,-9999,-9999,-9999,-9999,-9999,1.319
17625,-9999.00,4.57,3.78,1.68,-0.55,-0.93,0.07,-9999.00,3.25,-9999.00,-9999.00,1.08,2.02,-9999,-9999,-9999,-9999,-9999,1.318
17626,6.58,7.51,6.38,3.74,-0.96,-1.21,-0.61,5.53,5.79,0.03,1.05,1.06,1.95,-9999,-9999,-9999,-9999,-9999,1.318
17627,-9999.00,3.45,1.71,3.38,-0.82,-1.05,-1.59,-9999.00,0.81,-9999.00,-9999.00,1.05,1.75,-9999,-9999,-9999,-9999,-9999,1.318
17628,-9999.00,8.89,3.53,5.13,-0.25,-0.71,-1.29,-9999.00,3.15,-9999.00,-9999.00,1.03,1.76,-9999,-9999,-9999,-9999,-9999,1.317
17629,-9999.00,4.57,1.26,2.28,-0.47,-0.38,-0.44,-9999.00,1.00,-9999.00,-9999.00,1.12,1.80,-9999,-9999,-9999,-9999,-9999,1.316
17630,-9999.00,5.09,3.58,1.54,-1.69,-0.83,-0.39,-9999.00,3.10,-9999.00,-9999.00,1.12,1.80,-9999,-9999,-9999,-9999,-9999,1.316
17631,-9999.00,7.09,5.69,1.14,-2.45,-1.51,-0.94,-9999.00,4.74,-9999.00,-9999.00,1.17,1.92,-9999,-9999,-9999,-9999,-9999,1.316
17632,-9999.00,11.80,4.42,3.82,-2.75,-2.20,-1.64,-9999.00,2.65,-9999.00,-9999.00,1.19,1.91,-9999,-9999,-9999,-9999,-9999,1.316
17633,-9999.00,4.62,2.18,2.87,-2.72,-2.65,-1.97,-9999.00,-0.29,-9999.00,-9999.00,1.18,1.84,-9999,-9999,-9999,-9999,-9999,1.314
17634,-9999.00,10.36,4.54,4.46,-2.47,-2.45,-1.88,-9999.00,2.46,-9999.00,-9999.00,1.39,1.97,-9999,-9999,-9999,-9999,-9999,1.314
17635,6.92,11.12,7.57,4.59,-1.46,-1.40,-0.63,5.91,6.77,-0.11,0.86,1.49,2.06,-9999,-9999,-9999,-9999,-9999,1.315
17636,10.37,13.71,10.83,4.72,-0.87,-0.78,0.55,10.18,10.89,-0.05,0.93,1.49,2.22,-9999,-9999,-9999,-9999,-9999,1.313
17637,7.19,9.86,7.56,2.58,-0.79,-0.69,0.85,6.93,7.50,-0.06,0.92,1.52,2.13,-9999,-9999,-9999,-9999,-9999,1.313
17638,9.92,3.54,10.42,3.25,-0.29,-0.65,1.03,9.87,10.55,-0.06,0.93,1.54,2.04,-9999,-9999,-9999,-9999,-9999,1.311
17639,5.83,6.82,5.01,1.25,0.77,-0.19,0.59,6.01,5.17,0.17,1.26,1.57,1.98,-9999,-9999,-9999,-9999,-9999,1.311
17640,9.18,4.10,8.98,4.03,0.95,0.01,0.44,9.76,9.58,0.02,1.03,1.57,1.99,-9999,-9999,-9999,-9999,-9999,1.310
17641,-9999.00,7.82,6.53,2.71,0.79,0.10,0.81,-9999.00,7.05,-9999.00,-9999.00,1.55,2.00,-9999,-9999,-9999,-9999,-9999,1.309
17642,-9999.00,4.08,2.94,5.14,0.46,0.27,1.56,-9999.00,3.41,-9999.00,-9999.00,1.55,2.03,-9999,-9999,-9999,-9999,-9999,1.308
17643,-9999.00,10.06,4.88,3.26,-0.02,0.57,1.59,-9999.00,5.77,-9999.00,-9999.00,1.55,2.07,-9999,-9999,-9999,-9999,-9999,1.308
17644,7.56,14.22,6.56,5.38,-0.14,0.58,1.19,8.57,7.54,0.15,1.22,-9999,2.11,-9999,-9999,-9999,-9999,-9999,1.307
17645,-9999.00,9.03,4.71,6.20,0.04,0.81,0.92,-9999.00,5.79,-9999.00,-9999.00,-9999,2.14,-9999,-9999,-9999,-9999,-9999,1.307
17646,5.66,12.10,6.31,-0.05,-0.51,0.51,0.29,6.49,7.19,-0.11,0.86,-9999,2.17,-9999,-9999,-9999,-9999,-9999,1.307
17647,5.40,9.77,5.73,4.99,-2.31,-0.66,-0.86,5.05,5.41,-0.06,0.92,-9999,2.16,-9999,-9999,-9999,-9999,-9999,1.306
17648,7.17,9.42,9.38,3.97,-3.37,-1.66,-0.93,5.91,8.16,-0.29,0.67,-9999,2.07,-9999,-9999,-9999,-9999,-9999,1.305
17649,5.95,8.54,6.39,3.39,-3.71,-1.94,-0.79,4.34,4.70,-0.08,0.90,-9999,1.94,-9999,-9999,-9999,-9999,-9999,1.304
17650,5.62,11.68,6.35,4.40,-3.19,-1.78,-0.84,4.16,4.78,-0.13,0.83,1.13,1.87,-9999,-9999,-9999,-9999,-9999,1.303
17651,-9999.00,8.19,4.31,1.45,-1.87,-1.27,-0.98,-9999.00,3.16,-9999.00,-9999.00,0.97,1.78,-9999,-9999,-9999,-9999,-9999,1.302
17652,-9999.00,11.78,2.86,4.50,-0.65,-0.46,-0.74,-9999.00,2.48,-9999.00,-9999.00,1.00,1.84,-9999,-9999,-9999,-9999,-9999,1.301
17653,-9999.00,-0.49,4.09,1.36,-0.61,-0.23,-0.94,-9999.00,3.99,-9999.00,-9999.00,1.01,1.90,-9999,-9999,-9999,-9999,-9999,1.300
17654,-9999.00,4.85,3.99,2.18,-1.49,-1.20,-1.89,-9999.00,2.96,-9999.00,-9999.00,1.00,2.02,-9999,-9999,-9999,-9999,-9999,1.299
17655,-9999.00,5.74,4.47,1.89,-1.83,-1.58,-1.78,-9999.00,3.12,-9999.00,-9999.00,1.01,2.06,-9999,-9999,-9999,-9999,-9999,1.298
17656,-9999.00,5.73,4.16,1.92,-0.14,-0.24,0.02,-9999.00,4.15,-9999.00,-9999.00,1.08,2.06,-9999,-9999,-9999,-9999,-9999,1.298
17657,-9999.00,6.44,3.92,1.93,1.46,1.14,1.00,-9999.00,5.28,-9999.00,-9999.00,1.03,1.99,-9999,-9999,-9999,-9999,-9999,1.297
17658,8.91,8.19,8.00,3.50,1.92,1.55,0.93,10.92,9.98,0.10,1.15,0.75,2.02,-9999,-9999,-9999,-9999,-9999,1.296
17659,7.64,7.62,6.66,2.68,1.56,1.66,1.59,9.71,8.68,0.12,1.19,0.81,2.09,-9999,-9999,-9999,-9999,-9999,1.294
17660,7.49,6.90,5.26,1.86,0.97,1.24,1.66,9.14,6.79,0.32,1.55,0.83,2.15,-9999,-9999,-9999,-9999,-9999,1.294
17661,-9999.00,4.74,2.85,0.44,-0.11,0.14,0.96,-9999.00,3.16,-9999.00,-9999.00,0.88,2.26,-9999,-9999,-9999,-9999,-9999,1.293
17662,7.98,8.78,6.26,1.99,-0.78,-0.35,0.87,8.10,6.27,0.22,1.35,0.89,2.16,-9999,-9999,-9999,-9999,-9999,1.293
17663,7.84,-2.20,5.84,2.21,-0.20,0.63,1.60,8.89,6.79,0.25,1.42,0.89,2.23,-9999,-9999,-9999,-9999,-9999,1.292
17664,7.37,-2.19,5.84,5.51,0.56,1.42,1.69,9.14,7.60,0.19,1.31,0.92,2.25,-9999,-9999,-9999,-9999,-9999,1.290
17665,7.16,7.61,7.82,6.38,0.46,1.21,0.95,8.64,9.43,-0.07,0.90,0.89,2.28,-9999,-9999,-9999,-9999,-9999,1.290
17666,8.26,4.50,10.56,5.81,-0.18,0.76,1.14,9.25,11.68,-0.20,0.76,0.86,2.20,-9999,-9999,-9999,-9999,-9999,1.288
17667,6.27,12.69,6.62,1.45,-0.14,0.37,1.44,6.84,7.17,-0.04,0.94,0.86,2.15,-9999,-9999,-9999,-9999,-9999,1.289
17668,-9999.00,10.90,4.53,0.44,-0.25,-0.32,0.37,-9999.00,4.31,-9999.00,-9999.00,0.90,2.10,-9999,-9999,-9999,-9999,-9999,1.287
17669,-9999.00,12.46,4.67,2.13,-1.24,-0.86,-0.77,-9999.00,3.91,-9999.00,-9999.00,0.93,2.04,-9999,-9999,-9999,-9999,-9999,1.286
