NASA Data Processing/NAAMES(2015)/METNAV/NAAMES-HSKPING_C130_20151104_R1.ict
75,1001
Project Office
NSRC - National Suborbital Research Center
C-130 (N439NA) Data Acquisition and Distribution
NAAMES 2015
1,1
2015,11,04,2018,06,01
1
Start_UTC,seconds
34
1,1,1,1,1,1,1,1,1,1,1,1,1,1,1,1,1,1,1,1,1,1,1,1,1,1,1,1,1,1,1,1,1,1
-9999,-9999,-9999,-9999,-9999,-9999,-9999,-9999,-9999,-9999,-9999,-9999,-9999,-9999,-9999,-9999,-9999,-9999,-9999,-9999,-9999,-9999,-9999,-9999,-9999,-9999,-9999,-9999,-9999,-9999,-9999,-9999,-9999,-9999
Day_Of_Year, day beginning January 1
Latitude, deg
Longitude, deg
GPS_Altitude, m (height above mean sea level*)
Pressure_Altitude, ft
Ground_Speed, m/s
True_Air_Speed, kts
Indicated_Air_Speed, kts
Mach_Number, mach
Vertical_Speed, m/s
True_Heading, deg (0-360 cw from +y)
Track_Angle, deg (0-360 cw from +y)
Drift_Angle, deg (+-180, cw from +y)
Pitch_Angle, deg (+-180, up+)
Roll_Angle, deg (+-180, rt+)
Static_Air_Temp, Celcius
Potential_Temp, Kelvin
Dew_Point, Celcius
Total_Air_Temp, Celcius
IR_Surf_Temp, Celcius
IR_Zenith_Temp, Celcius
Static_Pressure, mb
Cabin_Pressure, mb
Wind_Speed, m/s (limited to where Roll_Angle <= 5 degrees)
Wind_Direction,  deg (0-360, cw from +y)
Solar_Zenith_Angle, deg
Aircraft_Sun_Elevation, deg
Sun_Azimuth, deg
Aircraft_Sun_Azimuth, deg
Mixing_Ratio, g/kg
Part_Press_Water_Vapor, mb
Sat_Vapor_Press_H2O, mb
Sat_Vapor_Press_Ice, mb
Relative_Humidity, percent (with respect to water)
0
27
PI_CONTACT_INFO: Melissa Yang Martin, m.yang@baeri.org 
Platform: Wallops C-130 N439NA
LOCATION: Included in data records
ASSOCIATED_DATA: This data represents NAAMES 2015 Project Test Flight our of Wallops Flight Facility. See NAAMES archive on Langley Archive http://www-air.larc.nasa.gov/missions/naames/index.html
INSTRUMENT_INFO: 
        Position, ground speed, and vertical speed from LMU, attitude from LN251 EGI
        Wind_Speed and Wind_Direction calculated from LMU EGI, pitot-static pressure transducers
        Total_Air_Temperature from Rosemount 102AU1AP deiced
        Static_Pressure from Rosemount 1201F1B5B1B, Pitot Pressure from Rosemount 1221F2AF7B1B 
        IR_Surface_Temp, IR_Zenith_Temp from Heitronics KT19.85 II
        Cabin_Pressure from Measurement Specialties EPRB-2-XU63-30P-/Z1
        Dew_Point and calculated water vapor parameters from Edgetech Vigilant Hygrometer model 137 3-stage TEC chilled mirror
        Pressure_Altitude, Indicated_Air_Speed, True_Air_Speed, Mach_Number, Static_Air_Temperature derived from pitot-static pressure transducers and total air temperature probe,
DATA_INFO: Contact PI or Data Manager
UNCERTAINTY:NONE,5m,5m,5m,N/A,0.015 m/s,N/A,N/A,0.01 mach,0.015 m/s,0.02 deg,0.02 deg,0.02 deg,0.02 deg,0.02 deg,0.5 deg C,N/A,0.2 deg C,0.3 deg C, 0.7%*(TargetTemp-HousingTemp), 0.7%*(TargetTemp-HousingTemp),N/A,0.15 %,1 m/s,0.5 deg,N/A,N/A,N/A,N/A,N/A,N/A,N/A,N/A,N/A
ULOD_FLAG:-7777
ULOD_VALUE:N/A,90,180,N/A,N/A,N/A,N/A,N/A,0.99,N/A,N/A,N/A,N/A,N/A,N/A,330,N/A,90,350,200,200,N/A,1333.22,N/A,N/A,N/A,N/A,N/A,N/A,N/A,N/A,N/A,N/A,N/A
LLOD_FLAG:-8888
LLOD_VALUE:N/A,-90,-180,N/A,N/A,N/A,N/A,N/A,0,N/A,N/A,N/A,N/A,N/A,N/A,-105,N/A,-50,-70,-150,-150,N/A,0.66,1,N/A,N/A,N/A,N/A,N/A,N/A,N/A,N/A,N/A,N/A;
DM_CONTACT_INFO: Ryan Bennett, r.bennett@baeri.org
PROJECT_INFO: See NAAMES website for more information at, https,//naames.larc.nasa.gov/
STIPULATIONS_ON_USE: Contact PI or DM with questions before use
OTHER_COMMENTS: Water vapor data flagged as missing from Start_UTC 49989-49999, 53222-53240, 68365-68400, and 68963-68965 due to hygrometer overshoots. Occasional missing data flag in Pitch_Angle.
REVISION: R1
R1: Applied calibrations to pitot-static system variables (Static_Pressure, Mach_Number, etc.), included recovery factor and signal conditioner calibration in Total_Air_Temp and Static_Air_Temp calculations, and GPS_Altitude (msl) calculated from GPS parameters (height above ellipsoid minus geoid height). 
R0: Updated header information to include ULOD, LLOD, instrument uncertainties, new contact information for NSRC PI and DM, re-calculated wind speeds and directions, added IR_Zenith_Temp.
Start_UTC,Day_Of_Year,Latitude,Longitude,GPS_Altitude,Pressure_Altitude,Ground_Speed,True_Air_Speed,Indicated_Air_Speed,Mach_Number,Vertical_Speed,True_Heading,Track_Angle,Drift_Angle,Pitch_Angle,Roll_Angle,Static_Air_Temp,Potential_Temp,Dew_Point,Total_Air_Temp,IR_Surf_Temp,IR_Zenith_Temp,Static_Pressure,Cabin_Pressure,Wind_Speed,Wind_Direction,Solar_Zenith_Angle,Aircraft_Sun_Elevation,Sun_Azimuth,Aircraft_Sun_Azimuth,Mixing_Ratio,Part_Press_Water_Vapor,Sat_Vapor_Press_H2O,Sat_Vapor_Press_Ice,Relative_Humidity
[from data line 14814]
64627,308,38.0910912,-72.7821045,6749.5,20945,148.09,305.52,218.62,0.489,-0.15,302.93,297.18,5.7,1.40,0.37,-16.55,322.98,-42.57,-4.25,14.8,-32.1,447.33,806.1,17.8,359.4,56.8,32.9,-156.4,-97.5,0.20,0.15,1.70,1.45,8.65
64628,308,38.0918159,-72.7835159,6749.4,20941,148.12,305.49,218.61,0.489,-0.33,303.01,297.06,6.0,1.41,0.41,-16.54,322.98,-42.55,-4.25,14.4,-31.7,447.40,806.0,18.2,0.4,56.8,32.9,-156.4,-97.6,0.20,0.15,1.70,1.45,8.67
64629,308,38.0925407,-72.7849350,6749.1,20940,148.17,305.48,218.61,0.489,-0.12,303.01,297.30,5.7,1.44,0.53,-16.54,322.98,-42.56,-4.25,14.9,-31.6,447.41,806.1,17.6,359.6,56.8,32.8,-156.4,-97.6,0.20,0.15,1.70,1.45,8.65
64630,308,38.0932693,-72.7863464,6748.9,20938,148.15,305.46,218.60,0.489,0.39,303.05,297.30,5.7,1.70,0.74,-16.54,322.97,-42.57,-4.25,15.1,-31.8,447.45,806.0,17.7,359.8,56.8,32.6,-156.4,-97.5,0.20,0.15,1.70,1.45,8.64
64631,308,38.0939980,-72.7877579,6749.3,20934,148.15,305.47,218.62,0.489,0.77,303.15,297.30,5.9,1.83,0.87,-16.53,322.97,-42.53,-4.24,14.5,-31.7,447.54,806.0,18.0,0.3,56.8,32.5,-156.4,-97.5,0.20,0.15,1.71,1.45,8.67
64632,308,38.0947304,-72.7891769,6750.1,20940,148.14,305.77,218.82,0.490,1.03,303.19,297.30,5.9,1.90,0.84,-16.54,322.97,-42.54,-4.23,14.8,-31.3,447.42,806.0,18.2,360.0,56.8,32.5,-156.4,-97.5,0.20,0.15,1.70,1.45,8.68
64633,308,38.0954590,-72.7905884,6751.1,20946,148.07,305.94,218.92,0.490,0.58,303.25,297.55,5.7,1.98,0.72,-16.54,323.00,-42.54,-4.21,14.5,-31.4,447.31,806.1,17.8,358.9,56.8,32.6,-156.4,-97.5,0.20,0.15,1.70,1.45,8.67
64634,308,38.0961914,-72.7919922,6751.7,20948,148.00,305.97,218.92,0.490,1.58,303.32,297.43,5.9,2.01,0.65,-16.52,323.04,-42.54,-4.19,14.6,-31.8,447.26,806.1,18.3,359.5,56.8,32.7,-156.4,-97.5,0.20,0.15,1.71,1.45,8.65
64635,308,38.0969238,-72.7934036,6753.3,20954,147.99,305.87,218.82,0.490,1.59,303.40,297.55,5.8,1.99,0.53,-16.51,323.07,-42.53,-4.19,14.9,-32.0,447.16,805.9,18.2,359.5,56.8,32.8,-156.4,-97.6,0.20,0.15,1.71,1.45,8.66
64636,308,38.0976562,-72.7948074,6754.9,20958,148.02,305.64,218.63,0.490,1.40,303.39,297.55,5.8,1.97,0.46,-16.51,323.08,-42.52,-4.21,14.6,-32.0,447.07,805.9,18.1,359.8,56.8,32.9,-156.4,-97.5,0.20,0.15,1.71,1.45,8.67
64637,308,38.0983887,-72.7962112,6756.3,20964,147.82,305.43,218.45,0.489,0.84,303.54,297.55,6.0,1.79,0.39,-16.52,323.09,-42.51,-4.24,14.8,-32.2,446.97,805.9,18.4,0.3,56.8,32.9,-156.4,-97.6,0.20,0.15,1.71,1.45,8.69
64638,308,38.0991211,-72.7976151,6757.0,20970,147.73,305.12,218.21,0.489,0.42,303.48,297.55,5.9,1.62,0.31,-16.54,323.09,-42.51,-4.28,14.9,-31.5,446.85,805.9,18.3,0.2,56.8,33.0,-156.4,-97.8,0.20,0.15,1.70,1.45,8.69
64639,308,38.0998535,-72.7990189,6757.4,20970,147.80,304.76,217.94,0.488,0.08,303.49,297.68,5.8,1.54,0.27,-16.54,323.09,-42.50,-4.30,14.9,-32.5,446.86,805.9,17.9,0.4,56.8,33.0,-156.4,-97.9,0.20,0.15,1.70,1.45,8.71
64640,308,38.1005898,-72.8004227,6757.5,20971,147.80,304.52,217.76,0.488,0.08,303.51,297.55,6.0,1.49,0.26,-16.56,323.07,-42.49,-4.35,14.8,-31.8,446.83,805.7,18.1,1.3,56.8,33.0,-156.4,-98.0,0.20,0.15,1.70,1.45,8.73
64641,308,38.1013222,-72.8018265,6757.4,20970,147.79,304.42,217.71,0.488,-0.53,303.52,297.68,5.8,1.35,0.32,-16.59,323.03,-42.49,-4.38,14.9,-32.1,446.86,805.8,17.8,1.0,56.8,33.0,-156.4,-98.1,0.20,0.15,1.70,1.44,8.75
64642,308,38.1020584,-72.8032303,6756.9,20968,147.90,304.38,217.69,0.488,-0.92,303.54,297.55,6.0,1.22,0.37,-16.59,323.02,-42.49,-4.39,14.6,-32.2,446.88,805.9,18.1,2.0,56.8,32.9,-156.4,-98.1,0.20,0.15,1.70,1.44,8.76
64643,308,38.1027946,-72.8046417,6756.0,20967,147.94,304.56,217.84,0.488,-1.06,303.56,297.68,5.9,1.13,0.35,-16.63,322.97,-42.50,-4.41,14.8,-32.4,446.91,805.9,17.9,1.5,56.8,32.9,-156.4,-98.1,0.20,0.15,1.69,1.44,8.77
64644,308,38.1035309,-72.8060455,6754.9,20963,148.00,304.87,218.10,0.488,-1.17,303.57,297.68,5.9,1.09,0.33,-16.64,322.94,-42.47,-4.40,14.7,-31.7,446.99,806.0,18.0,1.2,56.8,32.9,-156.4,-98.2,0.20,0.15,1.69,1.44,8.81
64645,308,38.1042671,-72.8074493,6753.8,20955,148.13,304.96,218.19,0.489,-1.24,303.60,297.68,5.9,1.09,0.34,-16.62,322.93,-42.45,-4.37,14.7,-31.7,447.13,806.2,18.0,1.6,56.9,32.9,-156.4,-98.3,0.20,0.15,1.69,1.44,8.81
64646,308,38.1050034,-72.8088531,6752.5,20955,148.13,305.10,218.30,0.489,-1.18,303.69,297.80,5.9,1.13,0.38,-16.62,322.93,-42.47,-4.36,15.0,-31.8,447.14,806.3,18.0,1.4,56.9,32.9,-156.4,-98.3,0.20,0.15,1.69,1.44,8.79
64647,308,38.1057434,-72.8102570,6751.3,20948,148.25,305.20,218.39,0.489,-0.75,303.67,297.67,6.0,1.18,0.42,-16.60,322.93,-42.48,-4.34,14.8,-32.0,447.27,806.4,18.2,2.0,56.9,32.8,-156.4,-98.3,0.20,0.15,1.69,1.44,8.77
64648,308,38.1064835,-72.8116684,6750.6,20947,148.37,305.24,218.42,0.489,-1.10,303.71,297.80,5.9,1.22,0.46,-16.58,322.95,-42.48,-4.31,14.7,-32.3,447.28,806.5,18.0,2.0,56.9,32.8,-156.4,-98.2,0.20,0.15,1.70,1.45,8.75
64649,308,38.1072235,-72.8130722,6749.5,20942,148.37,305.29,218.48,0.489,-0.81,303.71,297.92,5.8,1.28,0.48,-16.58,322.93,-42.49,-4.30,14.8,-31.6,447.38,806.5,17.7,1.5,56.9,32.8,-156.3,-98.1,0.20,0.15,1.70,1.45,8.75
64650,308,38.1079674,-72.8144760,6748.7,20940,148.48,305.36,218.53,0.489,-0.54,303.73,297.92,5.8,1.35,0.48,-16.57,322.94,-42.48,-4.29,15.0,-32.5,447.41,806.6,17.7,1.8,56.9,32.8,-156.3,-98.1,0.20,0.15,1.70,1.45,8.75
64651,308,38.1087112,-72.8158798,6748.1,20937,148.49,305.48,218.63,0.489,-0.37,303.78,297.92,5.9,1.41,0.48,-16.56,322.94,-42.48,-4.27,15.0,-32.0,447.48,806.6,17.9,1.9,56.9,32.8,-156.3,-98.2,0.20,0.15,1.70,1.45,8.74
64652,308,38.1094551,-72.8172836,6747.8,20936,148.52,305.63,218.75,0.490,-0.11,303.80,297.92,5.9,1.47,0.52,-16.57,322.93,-42.52,-4.26,14.7,-32.0,447.49,806.6,17.9,1.8,56.9,32.8,-156.3,-98.2,0.20,0.15,1.70,1.45,8.71
64653,308,38.1101990,-72.8186874,6747.6,20935,148.57,305.81,218.88,0.490,0.07,303.85,298.04,5.8,1.50,0.56,-16.57,322.92,-42.51,-4.25,14.7,-32.0,447.51,806.5,17.8,1.5,56.9,32.7,-156.3,-98.2,0.20,0.15,1.70,1.45,8.72
64654,308,38.1109467,-72.8200912,6747.6,20931,148.57,306.08,219.10,0.490,0.18,303.88,297.79,6.1,1.56,0.61,-16.56,322.92,-42.51,-4.22,14.5,-31.8,447.59,806.3,18.5,2.2,56.9,32.7,-156.3,-98.1,0.20,0.15,1.70,1.45,8.71
64655,308,38.1116905,-72.8215027,6747.8,20935,148.59,306.21,219.18,0.491,0.35,303.99,297.92,6.1,1.63,0.64,-16.56,322.93,-42.54,-4.21,14.8,-31.8,447.51,806.3,18.5,2.1,56.9,32.7,-156.3,-98.1,0.20,0.15,1.70,1.45,8.69
64656,308,38.1124344,-72.8229065,6748.1,20939,148.50,306.18,219.13,0.490,0.46,303.96,298.17,5.8,1.70,0.64,-16.54,322.97,-42.56,-4.19,14.6,-31.8,447.44,806.2,17.9,0.8,56.9,32.7,-156.3,-98.0,0.20,0.15,1.70,1.45,8.66
64657,308,38.1131821,-72.8243027,6748.6,20939,148.47,305.94,218.94,0.490,0.57,303.98,298.04,5.9,1.77,0.65,-16.52,323.00,-42.57,-4.19,14.7,-32.2,447.43,806.2,18.2,1.7,56.9,32.7,-156.3,-98.0,0.20,0.15,1.71,1.45,8.63
64658,308,38.1139297,-72.8257065,6749.1,20939,148.53,305.64,218.71,0.490,0.30,304.01,298.04,6.0,1.83,0.67,-16.50,323.02,-42.58,-4.19,14.6,-31.4,447.44,806.1,18.1,2.4,56.9,32.6,-156.3,-98.0,0.20,0.15,1.71,1.46,8.60
64659,308,38.1146774,-72.8271103,6749.4,20940,148.44,305.19,218.37,0.489,0.86,304.06,298.17,5.9,1.85,0.68,-16.49,323.04,-42.58,-4.22,14.8,-32.1,447.42,806.1,17.9,2.5,56.9,32.6,-156.3,-98.0,0.20,0.15,1.71,1.46,8.60
64660,308,38.1154251,-72.8285065,6750.3,20945,148.46,304.99,218.21,0.489,0.95,304.11,298.04,6.1,1.87,0.68,-16.50,323.04,-42.60,-4.25,14.5,-31.2,447.33,805.9,18.2,3.5,56.9,32.6,-156.3,-98.0,0.20,0.15,1.71,1.46,8.59
64661,308,38.1161728,-72.8299103,6751.2,20948,148.36,304.84,218.08,0.488,0.89,304.15,298.29,5.9,1.85,0.62,-16.52,323.03,-42.61,-4.28,15.1,-32.4,447.26,805.9,17.7,2.8,56.9,32.7,-156.3,-98.0,0.20,0.15,1.71,1.45,8.59
64662,308,38.1169243,-72.8313065,6752.1,20950,148.35,304.90,218.13,0.488,0.74,304.16,298.29,5.9,1.82,0.51,-16.55,323.00,-42.61,-4.30,14.8,-31.6,447.23,805.8,17.8,2.7,56.9,32.8,-156.3,-98.0,0.20,0.15,1.70,1.45,8.61
64663,308,38.1176758,-72.8327026,6752.9,20952,148.28,304.97,218.19,0.489,0.68,304.19,298.29,5.9,1.79,0.40,-16.57,322.99,-42.63,-4.32,14.7,-32.2,447.20,805.7,17.9,2.5,56.9,32.9,-156.3,-98.1,0.20,0.15,1.70,1.45,8.60
64664,308,38.1184273,-72.8340988,6753.6,20954,148.24,305.13,218.30,0.489,0.26,304.28,298.29,6.0,1.75,0.31,-16.58,322.97,-42.65,-4.32,14.7,-31.7,447.15,805.9,18.2,2.6,56.9,33.0,-156.3,-98.2,0.20,0.15,1.70,1.44,8.60
64665,308,38.1191788,-72.8354950,6753.8,20958,148.24,305.25,218.38,0.489,0.70,304.22,298.17,6.1,1.74,0.28,-16.58,322.99,-42.66,-4.31,14.9,-31.3,447.08,805.8,18.3,2.6,56.9,33.0,-156.3,-98.2,0.20,0.15,1.70,1.44,8.60
64666,308,38.1199265,-72.8368912,6754.5,20961,148.18,305.25,218.37,0.489,0.59,304.22,298.17,6.1,1.70,0.20,-16.60,322.98,-42.68,-4.33,14.9,-31.8,447.02,805.8,18.4,2.4,56.9,33.1,-156.3,-98.2,0.20,0.15,1.69,1.44,8.59
64667,308,38.1206741,-72.8382874,6755.1,20959,148.20,305.19,218.33,0.489,0.47,304.21,298.29,5.9,1.67,-0.15,-16.59,322.98,-42.67,-4.32,14.6,-31.5,447.06,805.6,18.0,2.1,56.9,33.4,-156.3,-98.2,0.20,0.15,1.70,1.44,8.59
64668,308,38.1214256,-72.8396835,6755.6,20961,148.14,305.15,218.30,0.489,0.27,304.09,297.92,6.2,1.61,-1.72,-16.60,322.98,-42.71,-4.34,15.0,-32.1,447.03,805.7,18.6,2.7,56.9,35.0,-156.3,-98.2,0.20,0.15,1.69,1.44,8.56
64669,308,38.1221695,-72.8410873,6755.8,20963,148.12,305.15,218.29,0.489,0.16,304.01,298.05,6.0,1.59,-1.06,-16.60,322.99,-42.71,-4.33,15.1,-31.4,446.98,805.7,18.2,1.9,56.9,34.3,-156.3,-98.0,0.20,0.15,1.69,1.44,8.56
64670,308,38.1229134,-72.8424835,6756.0,20964,148.13,305.18,218.30,0.489,0.12,303.93,297.92,6.0,1.58,0.06,-16.61,322.98,-42.73,-4.34,14.7,-31.8,446.96,805.7,18.3,2.0,56.9,33.2,-156.3,-97.7,0.20,0.14,1.69,1.44,8.55
64671,308,38.1236572,-72.8438873,6756.1,20966,148.12,305.14,218.27,0.489,0.07,303.92,298.17,5.8,1.56,0.52,-16.62,322.98,-42.72,-4.36,14.7,-32.3,446.93,805.8,17.7,1.0,56.9,32.9,-156.3,-97.7,0.20,0.14,1.69,1.44,8.56
64672,308,38.1244049,-72.8452835,6756.2,20965,148.19,305.15,218.28,0.489,0.00,303.92,297.92,6.0,1.55,0.56,-16.61,322.98,-42.73,-4.35,14.7,-31.8,446.95,805.7,18.2,2.1,56.9,32.7,-156.3,-97.9,0.20,0.14,1.69,1.44,8.55
64673,308,38.1251488,-72.8466873,6756.2,20964,148.15,305.20,218.33,0.489,-0.11,304.02,298.04,6.0,1.53,0.48,-16.62,322.97,-42.73,-4.35,15.0,-31.6,446.97,805.6,18.2,2.0,56.9,32.8,-156.3,-98.1,0.20,0.14,1.69,1.44,8.55
64674,308,38.1258965,-72.8480911,6756.0,20964,148.14,305.17,218.30,0.489,-0.14,303.96,298.05,5.9,1.53,0.33,-16.62,322.97,-42.74,-4.36,14.8,-32.0,446.96,805.6,18.0,1.7,56.9,32.9,-156.3,-98.0,0.20,0.14,1.69,1.44,8.55
64675,308,38.1266403,-72.8494873,6755.8,20964,148.15,305.18,218.31,0.489,-0.17,303.91,297.92,6.0,1.51,-1.37,-16.61,322.98,-42.74,-4.34,14.9,-32.1,446.97,805.6,18.2,1.9,56.9,34.6,-156.3,-97.9,0.20,0.14,1.69,1.44,8.54
64676,308,38.1273842,-72.8508911,6755.7,20964,148.22,305.17,218.30,0.489,-0.21,303.81,298.05,5.8,1.52,-1.62,-16.61,322.97,-42.75,-4.35,15.0,-31.7,446.97,805.6,17.7,1.2,56.9,34.8,-156.3,-97.9,0.20,0.14,1.69,1.44,8.54
64677,308,38.1281281,-72.8522873,6755.5,20959,148.17,305.16,218.32,0.489,0.08,303.68,297.55,6.1,1.51,-0.59,-16.61,322.96,-42.74,-4.35,15.0,-31.3,447.06,805.7,18.5,2.3,56.9,33.8,-156.3,-97.7,0.20,0.14,1.69,1.44,8.54
64678,308,38.1288643,-72.8536987,6755.4,20961,148.19,305.14,218.29,0.489,-0.20,303.62,297.80,5.8,1.52,0.04,-16.62,322.95,-42.74,-4.36,15.0,-32.0,447.02,805.8,17.8,1.2,56.9,33.3,-156.3,-97.5,0.20,0.14,1.69,1.44,8.55
64679,308,38.1296043,-72.8551025,6755.2,20962,148.23,305.12,218.28,0.489,-0.18,303.62,297.55,6.1,1.53,0.41,-16.62,322.96,-42.73,-4.36,15.3,-32.1,447.00,805.8,18.4,2.2,56.9,32.8,-156.3,-97.4,0.20,0.14,1.69,1.44,8.55
64680,308,38.1303406,-72.8565140,6755.0,20959,148.21,305.19,218.34,0.489,-0.18,303.61,297.68,5.9,1.52,0.13,-16.62,322.95,-42.72,-4.35,14.8,-31.6,447.05,806.0,18.1,1.6,56.9,33.1,-156.3,-97.6,0.20,0.14,1.69,1.44,8.56
64681,308,38.1310768,-72.8579178,6754.8,20964,148.30,305.18,218.32,0.489,-0.12,303.61,297.68,5.9,1.55,0.09,-16.64,322.95,-42.74,-4.37,15.1,-32.0,446.96,805.9,18.0,1.8,56.9,33.3,-156.3,-97.7,0.20,0.14,1.69,1.44,8.56
64682,308,38.1318130,-72.8593216,6754.7,20962,148.22,305.26,218.38,0.489,0.04,303.65,297.55,6.1,1.54,-0.60,-16.61,322.97,-42.74,-4.34,15.3,-31.3,447.00,805.9,18.5,2.1,56.9,33.8,-156.3,-97.6,0.20,0.14,1.69,1.44,8.54
64683,308,38.1325493,-72.8607330,6754.6,20963,148.29,305.30,218.41,0.489,0.01,303.47,297.55,5.9,1.51,-2.63,-16.63,322.96,-42.73,-4.35,15.4,-31.7,446.98,806.0,18.0,1.5,56.9,35.8,-156.3,-97.6,0.20,0.14,1.69,1.44,8.56
64684,308,38.1332855,-72.8621445,6754.6,20960,148.19,305.29,218.41,0.489,-0.10,303.23,297.30,5.9,1.51,-3.44,-16.62,322.95,-42.70,-4.35,15.0,-32.1,447.04,806.0,18.1,1.0,56.9,36.6,-156.2,-97.6,0.20,0.15,1.69,1.44,8.58
64685,308,38.1340141,-72.8635559,6754.5,20958,148.26,305.25,218.39,0.489,-0.10,303.01,297.18,5.8,1.53,-4.06,-16.63,322.93,-42.71,-4.36,15.0,-31.3,447.07,806.1,17.8,0.7,56.9,37.2,-156.2,-97.4,0.20,0.15,1.69,1.44,8.58
64686,308,38.1347427,-72.8649750,6754.4,20959,148.27,305.30,218.42,0.489,0.00,302.78,297.06,5.7,1.55,-1.57,-16.61,322.96,-42.71,-4.34,15.3,-31.2,447.06,806.1,17.6,360.0,56.9,34.8,-156.2,-96.8,0.20,0.15,1.69,1.44,8.57
64687,308,38.1354675,-72.8663940,6754.4,20958,148.29,305.30,218.42,0.489,0.07,302.70,296.93,5.8,1.57,0.07,-16.61,322.96,-42.70,-4.34,15.3,-32.0,447.07,806.1,17.7,0.1,56.9,33.1,-156.2,-96.5,0.20,0.15,1.69,1.44,8.58
64688,308,38.1361885,-72.8678131,6754.5,20959,148.23,305.30,218.42,0.489,0.07,302.66,296.93,5.7,1.57,0.20,-16.61,322.97,-42.70,-4.33,15.0,-32.1,447.05,806.1,17.6,359.7,56.9,33.0,-156.2,-96.7,0.20,0.15,1.69,1.44,8.57
64689,308,38.1369095,-72.8692322,6754.6,20957,148.22,305.25,218.39,0.489,0.06,302.65,296.81,5.8,1.57,0.00,-16.61,322.96,-42.67,-4.33,15.1,-31.9,447.10,806.1,17.9,0.2,56.9,33.2,-156.2,-96.9,0.20,0.15,1.69,1.44,8.60
64690,308,38.1376305,-72.8706589,6754.6,20960,148.27,305.29,218.41,0.489,0.03,302.64,296.81,5.8,1.59,-0.14,-16.61,322.96,-42.69,-4.34,15.0,-32.6,447.04,806.0,17.8,0.2,56.9,33.3,-156.2,-96.9,0.20,0.15,1.69,1.44,8.59
64691,308,38.1383476,-72.8720779,6754.7,20958,148.23,305.27,218.40,0.489,0.04,302.73,296.81,5.9,1.57,-0.19,-16.62,322.95,-42.68,-4.34,15.0,-31.7,447.07,806.1,18.1,0.6,56.9,33.4,-156.2,-96.7,0.20,0.15,1.69,1.44,8.60
64692,308,38.1390686,-72.8735046,6754.7,20961,148.28,305.21,218.35,0.489,0.01,302.60,296.81,5.8,1.55,-0.30,-16.62,322.95,-42.68,-4.35,15.2,-32.0,447.02,806.0,17.7,0.2,56.9,33.5,-156.2,-96.6,0.20,0.15,1.69,1.44,8.61
64693,308,38.1397858,-72.8749237,6754.7,20962,148.24,305.17,218.31,0.489,0.02,302.57,296.69,5.9,1.55,-0.36,-16.61,322.97,-42.67,-4.35,15.2,-32.1,447.00,806.0,17.9,0.5,56.9,33.5,-156.2,-96.7,0.20,0.15,1.69,1.44,8.61
64694,308,38.1405029,-72.8763504,6754.7,20963,148.28,305.15,218.30,0.489,0.02,302.53,296.69,5.8,1.56,-0.25,-16.62,322.97,-42.67,-4.35,15.3,-31.8,446.99,806.0,17.8,0.4,56.9,33.4,-156.2,-96.8,0.20,0.15,1.69,1.44,8.61
64695,308,38.1412201,-72.8777771,6754.7,20961,148.28,305.16,218.32,0.489,0.02,302.49,296.69,5.8,1.57,0.07,-16.63,322.95,-42.67,-4.36,15.2,-31.7,447.02,805.9,17.7,0.2,56.9,33.3,-156.2,-96.7,0.20,0.15,1.69,1.44,8.62
64696,308,38.1419373,-72.8792038,6754.7,20961,148.28,305.25,218.38,0.489,0.00,302.53,296.93,5.6,1.56,0.02,-16.63,322.95,-42.63,-4.35,15.0,-31.6,447.02,806.0,17.3,359.3,56.9,33.2,-156.2,-96.5,0.20,0.15,1.69,1.44,8.65
64697,308,38.1426582,-72.8806229,6754.7,20960,148.32,305.21,218.36,0.489,0.02,302.50,296.57,5.9,1.56,0.02,-16.63,322.94,-42.64,-4.36,15.2,-31.5,447.04,806.0,18.0,0.8,56.9,33.1,-156.2,-96.5,0.20,0.15,1.69,1.44,8.65
64698,308,38.1433716,-72.8820496,6754.7,20960,148.27,305.27,218.40,0.489,0.00,302.46,296.69,5.8,1.57,0.02,-16.62,322.95,-42.63,-4.35,15.1,-32.3,447.04,806.0,17.7,359.9,56.9,33.2,-156.2,-96.5,0.20,0.15,1.69,1.44,8.65
64699,308,38.1440887,-72.8834763,6754.7,20961,148.36,305.29,218.42,0.489,0.01,302.47,296.81,5.7,1.56,0.05,-16.64,322.93,-42.65,-4.36,15.0,-32.0,447.02,806.0,17.4,359.7,56.9,33.1,-156.2,-96.7,0.20,0.15,1.69,1.44,8.64
