NASA Data Processing/NAAMES(2015)/METNAV/NAAMES-HSKPING_C130_20151104_R1.ict
75,1001
Project Office
NSRC - National Suborbital Research Center
C-130 (N439NA) Data Acquisition and Distribution
NAAMES 2015
1,1
2015,11,04,2018,06,01
1
Start_UTC,seconds
34
1,1,1,1,1,1,1,1,1,1,1,1,1,1,1,1,1,1,1,1,1,1,1,1,1,1,1,1,1,1,1,1,1,1
-9999,-9999,-9999,-9999,-9999,-9999,-9999,-9999,-9999,-9999,-9999,-9999,-9999,-9999,-9999,-9999,-9999,-9999,-9999,-9999,-9999,-9999,-9999,-9999,-9999,-9999,-9999,-9999,-9999,-9999,-9999,-9999,-9999,-9999
Day_Of_Year, day beginning January 1
Latitude, deg
Longitude, deg
GPS_Altitude, m (height above mean sea level*)
Pressure_Altitude, ft
Ground_Speed, m/s
True_Air_Speed, kts
Indicated_Air_Speed, kts
Mach_Number, mach
Vertical_Speed, m/s
True_Heading, deg (0-360 cw from +y)
Track_Angle, deg (0-360 cw from +y)
Drift_Angle, deg (+-180, cw from +y)
Pitch_Angle, deg (+-180, up+)
Roll_Angle, deg (+-180, rt+)
Static_Air_Temp, Celcius
Potential_Temp, Kelvin
Dew_Point, Celcius
Total_Air_Temp, Celcius
IR_Surf_Temp, Celcius
IR_Zenith_Temp, Celcius
Static_Pressure, mb
Cabin_Pressure, mb
Wind_Speed, m/s (limited to where Roll_Angle <= 5 degrees)
Wind_Direction,  deg (0-360, cw from +y)
Solar_Zenith_Angle, deg
Aircraft_Sun_Elevation, deg
Sun_Azimuth, deg
Aircraft_Sun_Azimuth, deg
Mixing_Ratio, g/kg
Part_Press_Water_Vapor, mb
Sat_Vapor_Press_H2O, mb
Sat_Vapor_Press_Ice, mb
Relative_Humidity, percent (with respect to water)
0
27
PI_CONTACT_INFO: Melissa Yang Martin, m.yang@baeri.org 
Platform: Wallops C-130 N439NA
LOCATION: Included in data records
ASSOCIATED_DATA: This data represents NAAMES 2015 Project Test Flight our of Wallops Flight Facility. See NAAMES archive on Langley Archive http://www-air.larc.nasa.gov/missions/naames/index.html
INSTRUMENT_INFO: 
        Position, ground speed, and vertical speed from LMU, attitude from LN251 EGI
        Wind_Speed and Wind_Direction calculated from LMU EGI, pitot-static pressure transducers
        Total_Air_Temperature from Rosemount 102AU1AP deiced
        Static_Pressure from Rosemount 1201F1B5B1B, Pitot Pressure from Rosemount 1221F2AF7B1B 
        IR_Surface_Temp, IR_Zenith_Temp from Heitronics KT19.85 II
        Cabin_Pressure from Measurement Specialties EPRB-2-XU63-30P-/Z1
        Dew_Point and calculated water vapor parameters from Edgetech Vigilant Hygrometer model 137 3-stage TEC chilled mirror
        Pressure_Altitude, Indicated_Air_Speed, True_Air_Speed, Mach_Number, Static_Air_Temperature derived from pitot-static pressure transducers and total air temperature probe,
DATA_INFO: Contact PI or Data Manager
UNCERTAINTY:NONE,5m,5m,5m,N/A,0.015 m/s,N/A,N/A,0.01 mach,0.015 m/s,0.02 deg,0.02 deg,0.02 deg,0.02 deg,0.02 deg,0.5 deg C,N/A,0.2 deg C,0.3 deg C, 0.7%*(TargetTemp-HousingTemp), 0.7%*(TargetTemp-HousingTemp),N/A,0.15 %,1 m/s,0.5 deg,N/A,N/A,N/A,N/A,N/A,N/A,N/A,N/A,N/A
ULOD_FLAG:-7777
ULOD_VALUE:N/A,90,180,N/A,N/A,N/A,N/A,N/A,0.99,N/A,N/A,N/A,N/A,N/A,N/A,330,N/A,90,350,200,200,N/A,1333.22,N/A,N/A,N/A,N/A,N/A,N/A,N/A,N/A,N/A,N/A,N/A
LLOD_FLAG:-8888
LLOD_VALUE:N/A,-90,-180,N/A,N/A,N/A,N/A,N/A,0,N/A,N/A,N/A,N/A,N/A,N/A,-105,N/A,-50,-70,-150,-150,N/A,0.66,1,N/A,N/A,N/A,N/A,N/A,N/A,N/A,N/A,N/A,N/A;
DM_CONTACT_INFO: Ryan Bennett, r.bennett@baeri.org
PROJECT_INFO: See NAAMES website for more information at, https,//naames.larc.nasa.gov/
STIPULATIONS_ON_USE: Contact PI or DM with questions before use
OTHER_COMMENTS: Water vapor data flagged as missing from Start_UTC 49989-49999, 53222-53240, 68365-68400, and 68963-68965 due to hygrometer overshoots. Occasional missing data flag in Pitch_Angle.
REVISION: R1
R1: Applied calibrations to pitot-static system variables (Static_Pressure, Mach_Number, etc.), included recovery factor and signal conditioner calibration in Total_Air_Temp and Static_Air_Temp calculations, and GPS_Altitude (msl) calculated from GPS parameters (height above ellipsoid minus geoid height). 
R0: Updated header information to include ULOD, LLOD, instrument uncertainties, new contact information for NSRC PI and DM, re-calculated wind speeds and directions, added IR_Zenith_Temp.
Start_UTC,Day_Of_Year,Latitude,Longitude,GPS_Altitude,Pressure_Altitude,Ground_Speed,True_Air_Speed,Indicated_Air_Speed,Mach_Number,Vertical_Speed,True_Heading,Track_Angle,Drift_Angle,Pitch_Angle,Roll_Angle,Static_Air_Temp,Potential_Temp,Dew_Point,Total_Air_Temp,IR_Surf_Temp,IR_Zenith_Temp,Static_Pressure,Cabin_Pressure,Wind_Speed,Wind_Direction,Solar_Zenith_Angle,Aircraft_Sun_Elevation,Sun_Azimuth,Aircraft_Sun_Azimuth,Mixing_Ratio,Part_Press_Water_Vapor,Sat_Vapor_Press_H2O,Sat_Vapor_Press_Ice,Relative_Humidity
[from data line 18739]
68552,308,37.9428711,-75.4683456,10.6,-401,21.79,24.23,24.20,0.036,0.01,89.92,90.00,-0.1,-0.53,0.12,20.12,290.96,14.99,20.20,32.8,-34.7,1028.03,1026.1,9.3,270.1,62.2,27.4,-142.5,128.8,10.49,17.21,23.79,28.89,72.35
68553,308,37.9428711,-75.4681091,10.6,-401,19.90,17.86,17.83,0.027,0.02,90.19,90.00,0.2,-0.54,0.03,19.94,290.78,14.96,19.98,32.6,-35.4,1028.04,1026.3,10.7,269.8,62.2,27.4,-142.5,128.4,10.46,17.17,23.53,28.53,72.99
68554,308,37.9428711,-75.4678879,10.6,-395,18.45,19.14,19.12,0.029,0.01,90.07,90.00,0.1,-0.20,-0.13,20.03,290.89,14.93,20.08,33.0,-34.8,1027.79,1026.2,8.6,269.9,62.2,27.4,-142.4,128.1,10.45,17.14,23.65,28.70,72.48
68555,308,37.9428711,-75.4676819,10.6,-371,17.43,25.80,25.74,0.039,0.01,90.21,90.00,0.2,-0.17,0.16,20.08,291.01,14.90,20.17,32.8,-34.8,1026.93,1026.2,4.2,269.3,62.2,27.7,-142.4,128.3,10.43,17.11,23.73,28.81,72.11
68556,308,37.9428711,-75.4674911,10.6,-371,16.50,21.32,21.28,0.032,0.02,90.31,90.00,0.3,-0.15,0.36,19.91,290.84,14.91,19.97,33.0,-35.4,1026.91,1026.2,5.5,269.4,62.2,27.9,-142.4,128.4,10.44,17.13,23.48,28.45,72.95
68557,308,37.9428711,-75.4673080,10.6,-370,15.64,18.40,18.37,0.028,0.02,90.53,91.30,-0.8,-0.15,0.07,19.75,290.69,14.77,19.79,33.2,-35.3,1026.89,1026.2,6.2,272.5,62.2,27.6,-142.4,128.0,10.35,16.97,23.25,28.13,73.01
68558,308,37.9428673,-75.4671402,10.6,-368,14.47,14.43,14.41,0.022,0.02,90.35,91.36,-1.0,-0.32,0.12,19.62,290.56,14.80,19.64,33.3,-35.5,1026.82,1026.0,7.0,272.4,62.2,27.6,-142.4,128.0,10.37,17.01,23.06,27.87,73.76
68559,308,37.9428635,-75.4669800,10.6,-365,13.31,14.77,14.74,0.022,0.00,90.44,90.00,0.4,-0.32,0.08,19.73,290.68,14.56,19.76,33.1,-35.9,1026.69,1025.8,5.7,269.4,62.2,27.4,-142.4,127.8,10.21,16.74,23.22,28.10,72.10
68560,308,37.9428635,-75.4668350,10.6,-333,12.23,28.02,27.94,0.042,0.01,90.42,90.00,0.4,-0.33,0.06,20.11,291.16,14.48,20.21,32.8,-35.4,1025.51,1025.8,2.2,92.8,62.2,27.4,-142.4,128.0,10.17,16.66,23.77,28.87,70.07
68561,308,37.9428635,-75.4666977,10.6,-335,11.34,21.87,21.80,0.033,0.01,90.36,90.00,0.4,-0.38,0.35,20.36,291.40,14.51,20.43,33.3,-35.1,1025.60,1025.7,-8888,-9999,62.2,27.7,-142.4,128.5,10.18,16.68,24.15,29.39,69.09
68562,308,37.9428635,-75.4665756,10.6,-334,10.60,21.58,21.50,0.032,0.03,90.28,90.00,0.3,-0.35,0.05,20.66,291.69,14.64,20.72,33.1,-35.7,1025.56,1025.6,-8888,-9999,62.2,27.5,-142.4,128.2,10.27,16.83,24.59,30.01,68.44
68563,308,37.9428635,-75.4664612,10.7,-358,9.82,-9999,-9999,-9999,0.02,90.96,92.05,-1.1,-0.17,0.05,-9999,-9999,14.66,-9999,33.2,-35.6,1026.42,1025.5,-9999,-9999,62.2,27.5,-142.4,127.3,10.28,16.85,-9999,-9999,-9999
68564,308,37.9428596,-75.4663544,10.6,-355,8.97,-9999,-9999,-9999,0.02,92.16,92.20,0.0,-0.27,0.02,-9999,-9999,14.78,-9999,33.2,-35.6,1026.33,1025.4,-9999,-9999,62.2,27.5,-142.4,126.9,10.36,16.98,-9999,-9999,-9999
68565,308,37.9428558,-75.4662552,10.7,-342,8.24,12.46,12.42,0.019,0.01,92.99,94.76,-1.8,-0.26,0.05,20.03,291.05,14.72,20.05,32.6,-36.1,1025.85,1025.3,1.8,280.9,62.2,27.5,-142.4,125.7,10.32,16.92,23.66,28.71,71.50
68566,308,37.9428482,-75.4661636,10.7,-339,7.58,12.94,12.91,0.019,0.02,93.68,92.60,1.1,-0.24,0.14,20.02,291.05,14.70,20.05,32.7,-36.2,1025.73,1025.3,-8888,-9999,62.2,27.6,-142.4,124.9,10.31,16.89,23.65,28.69,71.44
68567,308,37.9428444,-75.4660797,10.7,-335,6.72,15.02,14.98,0.023,0.00,93.55,93.18,0.4,-0.40,0.16,20.08,291.12,14.63,20.11,29.0,-35.8,1025.60,1025.3,1.0,96.0,62.2,27.5,-142.4,125.0,10.27,16.82,23.73,28.81,70.87
68568,308,37.9428406,-75.4660110,10.7,-335,5.80,16.30,16.25,0.024,0.01,93.33,90.00,3.3,-0.45,0.30,20.11,291.15,14.65,20.15,29.1,-36.6,1025.57,1025.4,2.6,100.7,62.2,27.6,-142.4,125.3,10.28,16.83,23.77,28.87,70.81
68569,308,37.9428406,-75.4659500,10.7,-342,4.95,8.10,8.09,0.012,0.00,94.16,99.46,-5.3,-0.37,0.43,19.73,290.75,14.70,19.74,27.5,-35.6,1025.83,1025.5,-8888,-9999,62.2,27.8,-142.4,124.6,10.31,16.90,23.22,28.10,72.75
68570,308,37.9428329,-75.4659042,10.7,-300,4.53,31.09,30.96,0.047,0.00,96.78,102.09,-5.3,-0.32,0.42,20.48,291.62,14.70,20.60,34.5,-36.3,1024.30,1025.4,11.5,94.7,62.2,27.8,-142.4,123.7,10.33,16.89,24.32,29.63,69.47
68571,308,37.9428215,-75.4658508,10.7,-332,4.28,1.33,1.33,0.002,0.01,102.12,111.80,-9.7,-0.40,0.18,19.14,290.20,14.76,19.14,34.4,-36.2,1025.47,1025.4,3.6,293.6,62.2,27.6,-142.4,118.8,10.36,16.96,22.39,26.94,75.76
68572,308,37.9428062,-75.4658127,10.7,-343,4.04,-9999,-9999,-9999,0.03,109.25,112.62,-3.4,-0.39,0.28,-9999,-9999,14.73,-9999,36.6,-35.9,1025.87,1025.5,-9999,-9999,62.2,27.7,-142.4,111.3,10.33,16.93,-9999,-9999,-9999
68573,308,37.9427872,-75.4657669,10.6,-340,4.18,-9999,-9999,-9999,0.01,116.50,124.99,-8.5,-0.35,0.06,-9999,-9999,14.58,-9999,34.8,-36.1,1025.77,1025.5,-9999,-9999,62.2,27.6,-142.4,103.3,10.23,16.77,-9999,-9999,-9999
68574,308,37.9427605,-75.4657288,10.6,-345,4.35,-9999,-9999,-9999,0.01,123.89,128.66,-4.8,-0.42,-0.15,-9999,-9999,14.57,-9999,33.3,-35.7,1025.94,1025.4,-9999,-9999,62.2,27.4,-142.4,96.3,10.22,16.75,-9999,-9999,-9999
68575,308,37.9427299,-75.4656906,10.6,-350,4.52,-9999,-9999,-9999,0.00,131.96,138.37,-6.4,-0.45,0.11,-9999,-9999,14.69,-9999,34.0,-37.2,1026.13,1025.6,-9999,-9999,62.2,27.7,-142.4,89.2,10.30,16.88,-9999,-9999,-9999
68576,308,37.9426956,-75.4656601,10.6,-349,4.75,-9999,-9999,-9999,0.00,139.44,138.37,1.1,-0.41,0.16,-9999,-9999,14.58,-9999,33.8,-36.4,1026.11,1025.5,-9999,-9999,62.2,27.8,-142.4,86.2,10.23,16.77,-9999,-9999,-9999
68577,308,37.9426613,-75.4656296,10.6,-352,4.88,-9999,-9999,-9999,0.02,145.05,151.39,-6.3,-0.35,-0.26,-9999,-9999,14.41,-9999,33.1,-36.9,1026.21,1025.5,-9999,-9999,62.2,27.4,-142.4,78.1,10.11,16.58,-9999,-9999,-9999
68578,308,37.9426193,-75.4656067,10.6,-350,5.11,-9999,-9999,-9999,0.02,149.17,143.97,5.2,-0.48,-0.22,-9999,-9999,14.46,-9999,33.1,-36.2,1026.15,1025.4,-9999,-9999,62.3,27.6,-142.4,72.0,10.14,16.63,-9999,-9999,-9999
68579,308,37.9425774,-75.4655762,10.6,-352,5.33,-9999,-9999,-9999,0.01,151.37,146.31,5.1,-0.16,0.17,-9999,-9999,14.65,-9999,33.2,-37.3,1026.22,1025.3,-9999,-9999,62.3,27.8,-142.3,68.4,10.27,16.84,-9999,-9999,-9999
68580,308,37.9425316,-75.4655457,10.6,-352,5.60,-9999,-9999,-9999,0.00,152.84,153.43,-0.6,0.08,-0.12,-9999,-9999,14.62,-9999,33.1,-37.3,1026.20,1025.2,-9999,-9999,62.3,27.5,-142.3,66.5,10.25,16.81,-9999,-9999,-9999
68581,308,37.9424858,-75.4655228,10.6,-352,5.82,-9999,-9999,-9999,0.01,154.34,146.31,8.0,-0.38,-0.19,-9999,-9999,14.55,-9999,31.6,-36.6,1026.22,1025.3,-9999,-9999,62.3,27.6,-142.3,65.1,10.20,16.73,-9999,-9999,-9999
68582,308,37.9424400,-75.4654922,10.6,-353,5.92,-9999,-9999,-9999,0.00,155.58,155.22,0.4,-0.44,0.47,-9999,-9999,14.52,-9999,32.0,-36.2,1026.26,1025.2,-9999,-9999,62.3,28.2,-142.3,63.9,10.19,16.70,-9999,-9999,-9999
68583,308,37.9423904,-75.4654694,10.6,-349,5.97,-9999,-9999,-9999,0.01,156.03,148.39,7.6,-0.48,0.15,-9999,-9999,14.46,-9999,31.7,-37.4,1026.11,1025.1,-9999,-9999,62.3,28.2,-142.3,63.4,10.14,16.63,-9999,-9999,-9999
68584,308,37.9423409,-75.4654388,10.6,-341,6.02,-9999,-9999,-9999,0.01,156.90,150.26,6.6,-0.45,0.25,-9999,-9999,14.45,-9999,31.7,-37.4,1025.81,1025.2,-9999,-9999,62.3,28.0,-142.3,62.3,10.14,16.62,-9999,-9999,-9999
68585,308,37.9422874,-75.4654083,10.6,-341,6.07,-9999,-9999,-9999,0.00,157.32,155.22,2.1,0.06,0.80,-9999,-9999,14.44,-9999,31.9,-36.7,1025.81,1025.0,-9999,-9999,62.3,28.3,-142.3,61.5,10.14,16.61,-9999,-9999,-9999
68586,308,37.9422379,-75.4653854,10.6,-346,6.10,-9999,-9999,-9999,0.01,157.02,155.22,1.8,-0.20,0.18,-9999,-9999,14.30,-9999,31.9,-36.6,1026.00,1025.0,-9999,-9999,62.3,27.9,-142.3,61.5,10.04,16.46,-9999,-9999,-9999
68587,308,37.9421883,-75.4653625,10.6,-343,6.12,-9999,-9999,-9999,0.01,157.53,150.26,7.3,-0.31,0.80,-9999,-9999,14.28,-9999,31.8,-37.7,1025.87,1025.0,-9999,-9999,62.3,28.4,-142.3,61.5,10.03,16.44,-9999,-9999,-9999
68588,308,37.9421349,-75.4653320,10.6,-344,6.19,-9999,-9999,-9999,0.01,157.19,148.39,8.8,-0.29,0.78,-9999,-9999,14.35,-9999,32.3,-36.8,1025.90,1025.0,-9999,-9999,62.3,28.4,-142.3,61.7,10.08,16.52,-9999,-9999,-9999
68589,308,37.9420853,-75.4653015,10.6,-345,6.29,-9999,-9999,-9999,0.02,157.14,156.80,0.3,-0.17,0.55,-9999,-9999,14.26,-9999,32.3,-37.5,1025.94,1025.1,-9999,-9999,62.3,28.2,-142.3,61.7,10.01,16.42,-9999,-9999,-9999
68590,308,37.9420319,-75.4652786,10.6,-343,6.36,-9999,-9999,-9999,0.00,157.83,156.80,1.0,-0.20,0.55,-9999,-9999,14.18,-9999,32.1,-37.0,1025.87,1025.1,-9999,-9999,62.3,28.2,-142.3,61.5,9.96,16.33,-9999,-9999,-9999
68591,308,37.9419785,-75.4652557,10.6,-344,6.34,-9999,-9999,-9999,0.00,158.01,150.26,7.8,-0.16,0.19,-9999,-9999,14.23,-9999,31.8,-37.5,1025.90,1025.1,-9999,-9999,62.3,27.8,-142.3,60.8,9.99,16.38,-9999,-9999,-9999
68592,308,37.9419250,-75.4652252,10.6,-347,6.40,-9999,-9999,-9999,0.01,158.78,150.26,8.5,-0.11,0.45,-9999,-9999,14.28,-9999,31.7,-37.3,1026.04,1025.0,-9999,-9999,62.3,28.0,-142.3,60.2,10.03,16.44,-9999,-9999,-9999
68593,308,37.9418716,-75.4651947,10.5,-337,6.39,-9999,-9999,-9999,0.01,158.58,156.80,1.8,-0.23,0.51,-9999,-9999,14.29,-9999,31.9,-37.3,1025.66,1025.1,-9999,-9999,62.3,28.1,-142.3,60.1,10.04,16.45,-9999,-9999,-9999
68594,308,37.9418182,-75.4651718,10.5,-349,6.49,-9999,-9999,-9999,0.01,158.51,151.93,6.6,-0.23,0.74,-9999,-9999,14.24,-9999,31.7,-37.6,1026.11,1025.1,-9999,-9999,62.3,28.3,-142.3,60.3,10.00,16.39,-9999,-9999,-9999
68595,308,37.9417610,-75.4651413,10.5,-338,6.53,-9999,-9999,-9999,0.02,157.87,150.26,7.6,-0.22,0.70,-9999,-9999,14.31,-9999,31.4,-37.8,1025.71,1025.1,-9999,-9999,62.3,28.3,-142.3,60.5,10.05,16.47,-9999,-9999,-9999
68596,308,37.9417076,-75.4651108,10.5,-344,6.61,-9999,-9999,-9999,0.02,157.75,158.20,-0.4,-0.23,0.76,-9999,-9999,14.42,-9999,32.3,-38.4,1025.93,1025.1,-9999,-9999,62.3,28.4,-142.3,60.9,10.12,16.59,-9999,-9999,-9999
68597,308,37.9416504,-75.4650879,10.5,-341,6.61,-9999,-9999,-9999,0.02,157.07,150.26,6.8,-0.25,0.76,-9999,-9999,14.39,-9999,32.3,-37.6,1025.80,1025.0,-9999,-9999,62.3,28.4,-142.3,61.4,10.10,16.55,-9999,-9999,-9999
68598,308,37.9415970,-75.4650574,10.5,-340,6.67,-9999,-9999,-9999,0.02,156.73,151.93,4.8,-0.32,0.65,-9999,-9999,14.24,-9999,32.4,-37.8,1025.75,1024.9,-9999,-9999,62.3,28.3,-142.3,61.9,10.00,16.40,-9999,-9999,-9999
68599,308,37.9415398,-75.4650269,10.5,-338,6.70,-9999,-9999,-9999,0.00,156.39,144.46,11.9,-0.25,0.67,-9999,-9999,14.38,-9999,32.5,-37.9,1025.68,1025.0,-9999,-9999,62.3,28.3,-142.3,62.4,10.10,16.55,-9999,-9999,-9999
68600,308,37.9414864,-75.4649887,10.5,-343,6.81,-9999,-9999,-9999,0.01,155.66,150.26,5.4,-0.14,0.59,-9999,-9999,14.61,-9999,32.2,-38.6,1025.89,1025.0,-9999,-9999,62.3,28.2,-142.3,63.0,10.25,16.79,-9999,-9999,-9999
68601,308,37.9414330,-75.4649582,10.4,-349,6.86,-9999,-9999,-9999,0.01,155.59,151.93,3.7,-0.10,0.70,-9999,-9999,14.44,-9999,32.5,-38.0,1026.10,1025.0,-9999,-9999,62.3,28.2,-142.3,63.3,10.13,16.61,-9999,-9999,-9999
68602,308,37.9413757,-75.4649277,10.5,-340,6.84,-9999,-9999,-9999,0.00,155.80,151.93,3.9,0.08,0.32,-9999,-9999,14.21,-9999,32.1,-38.1,1025.77,1025.0,-9999,-9999,62.3,27.9,-142.3,63.2,9.99,16.37,-9999,-9999,-9999
68603,308,37.9413185,-75.4648972,10.5,-339,6.81,-9999,-9999,-9999,0.00,156.56,151.93,4.6,0.03,0.21,-9999,-9999,14.15,-9999,31.8,-37.9,1025.74,1025.0,-9999,-9999,62.3,27.8,-142.3,62.5,9.94,16.30,-9999,-9999,-9999
68604,308,37.9412613,-75.4648666,10.5,-343,6.92,-9999,-9999,-9999,0.01,156.93,151.93,5.0,0.07,0.29,-9999,-9999,14.27,-9999,31.7,-38.4,1025.87,1024.8,-9999,-9999,62.3,27.8,-142.2,62.1,10.02,16.42,-9999,-9999,-9999
68605,308,37.9412041,-75.4648361,10.5,-350,6.87,-9999,-9999,-9999,0.01,156.77,151.93,4.8,0.03,0.08,-9999,-9999,14.39,-9999,31.5,-38.0,1026.13,1024.9,-9999,-9999,62.3,27.6,-142.2,61.9,10.10,16.56,-9999,-9999,-9999
68606,308,37.9411469,-75.4648056,10.5,-345,6.91,-9999,-9999,-9999,0.02,157.05,158.20,-1.1,0.04,0.15,-9999,-9999,14.52,-9999,31.5,-38.4,1025.94,1024.9,-9999,-9999,62.3,27.7,-142.2,61.7,10.19,16.69,-9999,-9999,-9999
68607,308,37.9410896,-75.4647827,10.5,-352,6.84,-9999,-9999,-9999,0.01,156.72,151.93,4.8,0.04,0.02,-9999,-9999,14.49,-9999,31.7,-38.6,1026.22,1024.9,-9999,-9999,62.3,27.6,-142.2,61.8,10.16,16.66,-9999,-9999,-9999
68608,308,37.9410324,-75.4647522,10.5,-353,6.81,-9999,-9999,-9999,0.01,156.97,150.26,6.7,0.08,0.02,-9999,-9999,14.27,-9999,31.3,-38.3,1026.24,1025.0,-9999,-9999,62.3,27.6,-142.2,61.8,10.02,16.42,-9999,-9999,-9999
68609,308,37.9409790,-75.4647217,10.5,-354,6.83,-9999,-9999,-9999,0.01,157.02,146.31,10.7,-0.16,0.00,-9999,-9999,14.14,-9999,31.5,-37.9,1026.29,1025.0,-9999,-9999,62.3,27.6,-142.2,61.9,9.93,16.29,-9999,-9999,-9999
68610,308,37.9409218,-75.4646835,10.5,-353,6.71,-9999,-9999,-9999,0.00,156.76,151.93,4.8,-0.27,-0.19,-9999,-9999,14.23,-9999,30.9,-38.4,1026.23,1025.0,-9999,-9999,62.3,27.5,-142.2,62.1,9.99,16.39,-9999,-9999,-9999
68611,308,37.9408646,-75.4646530,10.5,-347,6.69,-9999,-9999,-9999,0.02,156.96,150.26,6.7,-0.16,0.04,-9999,-9999,14.29,-9999,31.6,-38.6,1026.01,1024.9,-9999,-9999,62.3,27.7,-142.2,61.9,10.04,16.45,-9999,-9999,-9999
68612,308,37.9408112,-75.4646225,10.5,-354,6.62,-9999,-9999,-9999,0.01,156.70,156.80,-0.1,-0.11,-0.11,-9999,-9999,14.32,-9999,31.6,-38.2,1026.28,1024.8,-9999,-9999,62.3,27.5,-142.2,61.9,10.05,16.49,-9999,-9999,-9999
68613,308,37.9407578,-75.4645996,10.5,-351,6.53,-9999,-9999,-9999,0.02,156.63,150.26,6.4,-0.15,-0.60,-9999,-9999,14.26,-9999,31.4,-38.7,1026.19,1024.7,-9999,-9999,62.3,27.1,-142.2,62.0,10.01,16.41,-9999,-9999,-9999
68614,308,37.9407043,-75.4645691,10.5,-357,6.54,-9999,-9999,-9999,0.01,156.97,150.26,6.7,-0.15,-0.46,-9999,-9999,14.26,-9999,31.7,-38.5,1026.38,1024.9,-9999,-9999,62.3,27.2,-142.2,61.9,10.01,16.42,-9999,-9999,-9999
68615,308,37.9406509,-75.4645386,10.5,-351,6.47,-9999,-9999,-9999,0.00,156.98,150.26,6.7,-0.13,-0.38,-9999,-9999,14.33,-9999,31.3,-38.7,1026.18,1025.0,-9999,-9999,62.3,27.3,-142.2,61.7,10.06,16.49,-9999,-9999,-9999
68616,308,37.9405975,-75.4645081,10.5,-354,6.45,-9999,-9999,-9999,0.02,157.22,150.26,7.0,-0.15,-0.50,-9999,-9999,14.32,-9999,31.3,-38.9,1026.29,1025.0,-9999,-9999,62.3,27.2,-142.2,61.7,10.05,16.48,-9999,-9999,-9999
68617,308,37.9405441,-75.4644775,10.5,-351,6.41,-9999,-9999,-9999,0.01,157.65,150.26,7.4,-0.20,-0.20,-9999,-9999,14.28,-9999,31.6,-38.7,1026.18,1025.1,-9999,-9999,62.3,27.5,-142.2,61.5,10.03,16.44,-9999,-9999,-9999
68618,308,37.9404907,-75.4644470,10.5,-353,6.27,-9999,-9999,-9999,0.01,157.54,150.26,7.3,-0.20,-0.22,-9999,-9999,14.31,-9999,31.5,-39.4,1026.26,1025.1,-9999,-9999,62.3,27.4,-142.2,61.2,10.05,16.47,-9999,-9999,-9999
68619,308,37.9404373,-75.4644165,10.5,-352,6.20,-9999,-9999,-9999,0.02,157.63,155.22,2.4,-0.29,0.06,-9999,-9999,14.33,-9999,31.4,-38.8,1026.21,1025.2,-9999,-9999,62.3,27.6,-142.2,61.1,10.06,16.49,-9999,-9999,-9999
68620,308,37.9403877,-75.4643936,10.5,-351,6.15,-9999,-9999,-9999,0.00,157.75,150.26,7.5,-0.36,-0.12,-9999,-9999,14.33,-9999,31.3,-38.7,1026.18,1025.3,-9999,-9999,62.3,27.7,-142.2,61.1,10.06,16.50,-9999,-9999,-9999
68621,308,37.9403343,-75.4643631,10.5,-352,6.12,-9999,-9999,-9999,0.02,157.50,155.22,2.3,-0.39,-0.22,-9999,-9999,14.33,-9999,31.8,-39.8,1026.21,1025.3,-9999,-9999,62.3,27.5,-142.2,61.2,10.06,16.49,-9999,-9999,-9999
68622,308,37.9402847,-75.4643402,10.4,-354,6.18,-9999,-9999,-9999,0.02,157.37,148.39,9.0,-0.40,0.08,-9999,-9999,14.35,-9999,31.6,-38.9,1026.30,1025.3,-9999,-9999,62.3,27.7,-142.2,61.4,10.07,16.51,-9999,-9999,-9999
68623,308,37.9402351,-75.4643097,10.4,-348,6.00,-9999,-9999,-9999,0.03,157.32,155.22,2.1,-0.53,-0.32,-9999,-9999,14.33,-9999,31.6,-39.4,1026.06,1025.5,-9999,-9999,62.3,27.5,-142.2,61.6,10.06,16.50,-9999,-9999,-9999
68624,308,37.9401855,-75.4642868,10.4,-354,6.10,-9999,-9999,-9999,0.03,157.50,148.39,9.1,-0.53,-0.51,-9999,-9999,14.38,-9999,31.7,-39.6,1026.27,1025.3,-9999,-9999,62.3,27.3,-142.2,61.4,10.09,16.54,-9999,-9999,-9999
68625,308,37.9401360,-75.4642563,10.4,-353,6.06,-9999,-9999,-9999,0.02,157.88,155.22,2.7,-0.57,-0.44,-9999,-9999,14.38,-9999,31.7,-39.4,1026.23,1025.1,-9999,-9999,62.3,27.4,-142.2,61.2,10.09,16.55,-9999,-9999,-9999
