NASA Data Processing/NAAMES(2015)/METNAV/NAAMES-Hskping_c130_20151109_R3.ict
78,1001
Project Office
NSRC - National Suborbital Research Center
C-130 (N439NA) Data Acquisition and Distribution
NAAMES 2015
1,1
2015,11,09,2018,11,30
1
Start_UTC,seconds
34
1,1,1,1,1,1,1,1,1,1,1,1,1,1,1,1,1,1,1,1,1,1,1,1,1,1,1,1,1,1,1,1,1,1
-9999,-9999,-9999,-9999,-9999,-9999,-9999,-9999,-9999,-9999,-9999,-9999,-9999,-9999,-9999,-9999,-9999,-9999,-9999,-9999,-9999,-9999,-9999,-9999,-9999,-9999,-9999,-9999,-9999,-9999,-9999,-9999,-9999,-9999
Day_Of_Year, day beginning January 1
Latitude, deg
Longitude, deg
GPS_Altitude, m (height above mean sea level*)
Pressure_Altitude, ft
Ground_Speed, m/s
True_Air_Speed, kts
Indicated_Air_Speed, kts
Mach_Number, mach
Vertical_Speed, m/s
True_Heading, deg (0-360, cw from +y)
Track_Angle, deg (0-360, cw from +y)
Drift_Angle, deg (+-180, cw from +y)
Pitch_Angle, deg (+-180, up+)
Roll_Angle, deg (+-180, rt+)
Static_Air_Temp, Celcius
Potential_Temp, Kelvin
Dew_Point, Celcius
Total_Air_Temp, Celcius
IR_Surf_Temp, Celcius
IR_Zenith_Temp, Celcius
Static_Pressure, mb
Cabin_Pressure, mb
Wind_Speed, m/s (limited to where Roll_Angle <= 5 degrees)
Wind_Direction,  deg (0-360, cw from +y)
Solar_Zenith_Angle, deg
Aircraft_Sun_Elevation, deg
Sun_Azimuth, deg
Aircraft_Sun_Azimuth, deg
Mixing_Ratio, g/kg
Part_Press_Water_Vapor, mb
Sat_Vapor_Press_H2O, mb
Sat_Vapor_Press_Ice, mb
Relative_Humidity, percent (with respect to water)
0
30
PI_CONTACT_INFO: Melissa Yang Martin, m.yang@baeri.org 
Platform: Wallops C-130 N439NA
LOCATION: Included in data records
ASSOCIATED_DATA: This data represents NAAMES 2015 Transit to St. Johns Newfoundland from Wallops Flight Facility. See NAAMES archive on Langley Archive http://www-air.larc.nasa.gov/missions/naames/index.html
INSTRUMENT_INFO: 
        Position, ground speed, attitude, and vertical speed from LN251 EGI
        Wind_Speed and Wind_Direction calculated from LN251 EGI, pitot-static pressure transducers
        Total_Air_Temperature from Rosemount 102AU1AP deiced* (deicing not powered)
        Static_Pressure from Rosemount 1201F1B5B1B, Pitot Pressure from Rosemount 1221F2AF7B1B 
        IR_Surface_Temp, IR_Zenith_Temp from Heitronics KT19.85 II
        Cabin_Pressure from Measurement Specialties EPRB-2-XU63-30P-/Z1
        Dew_Point and calculated water vapor parameters from Edgetech Vigilant Hygrometer model 137 3-stage TEC chilled mirror
        Pressure_Altitude, Indicated_Air_Speed, True_Air_Speed, Mach_Number, Static_Air_Temperature derived from pitot-static pressure transducers and total air temperature probe,
DATA_INFO: Contact PI or Data Manager
UNCERTAINTY:NONE,5m,5m,5m,N/A,0.015 m/s,N/A,N/A,0.01 mach,0.015 m/s,0.02 deg,0.02 deg,0.02 deg,0.02 deg,0.02 deg,0.5 deg C,N/A,0.2 deg C,0.3 deg C, 0.7%*(TargetTemp-HousingTemp), 0.7%*(TargetTemp-HousingTemp),N/A,0.15 %,1 m/s,0.5 deg,N/A,N/A,N/A,N/A,N/A,N/A,N/A,N/A,N/A
ULOD_FLAG:-7777
ULOD_VALUE:N/A,90,180,N/A,N/A,N/A,N/A,N/A,0.99,N/A,N/A,N/A,N/A,N/A,N/A,330,N/A,90,350,200,200,N/A,1333.22,N/A,N/A,N/A,N/A,N/A,N/A,N/A,N/A,N/A,N/A,N/A
LLOD_FLAG:-8888
LLOD_VALUE:N/A,-90,-180,N/A,N/A,N/A,N/A,N/A,0,N/A,N/A,N/A,N/A,N/A,N/A,-105,N/A,-50,-70,-150,-150,N/A,0.66,1,N/A,N/A,N/A,N/A,N/A,N/A,N/A,N/A,N/A,N/A;
DM_CONTACT_INFO: Ryan Bennett, r.bennett@baeri.org
PROJECT_INFO: See NAAMES website for more information at: https://naames.larc.nasa.gov/
STIPULATIONS_ON_USE: Contact PI or DM with questions before use
OTHER_COMMENTS: IR_Zenith_Temp flagged as missing.
REVISION: R3
R3: Applied signal conditioner calibration to Total_Air_Temp, Static_Air_Temp, and Potential_Temp.
R2: Applied calibrations to pitot-static system variables (Static_Pressure, Mach_Number, etc.) and included recovery factor in Total_Air_Temp and Static_Air_Temp calculations. GPS_Altitude (msl) calculated from GPS parameters (height above ellipsoid minus geoid height). Smoothing applied to intervals where Edgetech hygrometer Dew_Point oscillations were present, subsequent water vapor variables calculated from the smoothed segment Dew_Point trace.
R1: Updated header information to include ULOD, LLOD, instrument uncertainties, new contact information for NSRC PI and DM, re-calculated wind speeds and directions, added IR_Zenith_Temp.
R0: Final Data
RA: This is Mostly QC'd Field Data
Start_UTC,Day_Of_Year,Latitude,Longitude,GPS_Altitude,Pressure_Altitude,Ground_Speed,True_Air_Speed,Indicated_Air_Speed,Mach_Number,Vertical_Speed,True_Heading,Track_Angle,Drift_Angle,Pitch_Angle,Roll_Angle,Static_Air_Temp,Potential_Temp,Dew_Point,Total_Air_Temp,IR_Surf_Temp,IR_Zenith_Temp,Static_Pressure,Cabin_Pressure,Wind_Speed,Wind_Direction,Solar_Zenith_Angle,Aircraft_Sun_Elevation,Sun_Azimuth,Aircraft_Sun_Azimuth,Mixing_Ratio,Part_Press_Water_Vapor,Sat_Vapor_Press_H2O,Sat_Vapor_Press_Ice,Relative_Humidity
[from data line 14935]
88280,313,46.9111169,-52.1749839,3143.5,10541,127.15,282.31,247.42,0.452,-8.3,334.29,334.45,-0.2,-2.27,0.33,-16.50,286.31,-30.66,-6.00,-3.4,-9999,682.19,923,18.1,333.2,135.2,-43.7,-62.0,-34.4,0.44,0.48,1.71,1.46,28.38
88281,313,46.9124073,-52.1756009,3135.2,10516,127.11,282.26,247.46,0.452,-6.9,334.38,334.50,-0.1,-2.25,0.32,-16.45,286.30,-30.62,-5.95,-3.4,-9999,682.84,923.2,18.1,333.5,135.2,-43.7,-62.0,-34.5,0.44,0.49,1.72,1.46,28.36
88282,313,46.9134917,-52.1761180,3128.3,10492,127.01,282.19,247.48,0.452,-6.8,334.45,334.57,-0.1,-2.22,0.43,-16.38,286.30,-30.59,-5.89,-3.4,-9999,683.47,923.4,18.2,333.6,135.2,-43.8,-62.0,-34.5,0.44,0.49,1.73,1.47,28.29
88283,313,46.9145870,-52.1766388,3121.5,10471,127.01,282.10,247.47,0.452,-2.7,334.47,334.64,-0.2,-2.20,0.59,-16.32,286.29,-30.56,-5.84,-3.0,-9999,684.05,923.9,18.1,333.3,135.2,-43.9,-62.0,-34.4,0.45,0.49,1.73,1.48,28.22
88284,313,46.9150209,-52.1768444,3118.8,10446,127.02,281.98,247.45,0.451,-8.0,334.48,334.70,-0.2,-2.21,0.61,-16.25,286.29,-30.54,-5.78,-3.2,-9999,684.72,924.4,18.0,332.9,135.2,-43.9,-62.0,-34.4,0.45,0.49,1.74,1.49,28.12
88285,313,46.9163225,-52.1774596,3110.8,10426,126.97,281.88,247.43,0.451,-8.1,334.53,334.78,-0.3,-2.26,0.51,-16.20,286.28,-30.53,-5.74,-3.3,-9999,685.24,925,18.1,332.8,135.2,-43.8,-62.0,-34.5,0.45,0.49,1.75,1.50,28.05
88286,313,46.9176025,-52.1780624,3102.7,10403,126.92,281.84,247.47,0.451,-8.2,334.62,334.83,-0.2,-2.35,0.24,-16.13,286.29,-30.51,-5.67,-2.8,-9999,685.85,925.8,18.1,333.1,135.2,-43.6,-62.0,-34.7,0.45,0.49,1.76,1.51,27.92
88287,313,46.9188824,-52.1786639,3094.5,10381,126.90,281.75,247.46,0.451,-7.4,334.67,334.87,-0.2,-2.40,0.42,-16.08,286.27,-30.50,-5.63,-3.4,-9999,686.44,926.4,18.0,333.3,135.2,-43.7,-62.0,-34.6,0.45,0.49,1.77,1.51,27.82
88288,313,46.9200104,-52.1791931,3087.1,10357,126.91,281.64,247.45,0.451,-7.3,334.65,335.04,-0.4,-2.52,1.69,-16.03,286.25,-30.50,-5.58,-3.2,-9999,687.10,927.1,18.0,331.9,135.2,-44.3,-62.0,-33.5,0.45,0.49,1.78,1.52,27.72
88289,313,46.9210960,-52.1796985,3079.8,10329,126.93,281.47,247.40,0.450,-7.1,334.71,335.29,-0.6,-2.38,2.13,-15.97,286.23,-30.50,-5.53,-3.6,-9999,687.84,927.7,17.9,330.6,135.2,-44.6,-61.9,-33.2,0.45,0.49,1.79,1.53,27.58
88290,313,46.9221831,-52.1801986,3072.7,10302,126.89,281.47,247.50,0.450,-3.9,334.97,335.42,-0.4,-2.33,1.54,-15.92,286.20,-30.50,-5.49,-3.2,-9999,688.56,928.4,17.9,331.8,135.2,-44.4,-61.9,-34.0,0.45,0.49,1.79,1.54,27.48
88291,313,46.9227922,-52.1804773,3068.8,10282,126.97,281.49,247.58,0.450,-8.4,335.16,335.51,-0.3,-2.34,0.89,-15.85,286.21,-30.50,-5.41,-3.1,-9999,689.09,929.1,17.9,332.7,135.2,-44.0,-61.9,-34.7,0.44,0.49,1.80,1.55,27.31
88292,313,46.9241088,-52.1810771,3060.4,10257,126.96,281.46,247.64,0.450,-8.1,335.50,335.56,-0.1,-2.27,0.05,-15.79,286.20,-30.50,-5.36,-2.7,-9999,689.77,929.7,17.8,335.1,135.2,-43.6,-61.9,-35.8,0.44,0.49,1.81,1.56,27.17
88293,313,46.9254146,-52.1816706,3052.3,10235,126.93,281.48,247.74,0.450,-6.8,335.41,335.68,-0.3,-2.22,0.39,-15.74,286.18,-30.50,-5.31,-3.5,-9999,690.35,930.3,17.9,333.5,135.2,-43.8,-61.9,-35.4,0.44,0.49,1.82,1.56,27.05
88294,313,46.9265357,-52.1821774,3045.5,10213,126.90,281.37,247.70,0.450,-6.5,335.23,335.70,-0.5,-2.17,-0.20,-15.67,286.19,-30.51,-5.24,-3.0,-9999,690.96,930.9,17.9,331.9,135.2,-43.5,-61.9,-35.8,0.44,0.49,1.83,1.57,26.88
88295,313,46.9276239,-52.1826687,3039.0,10188,126.80,281.08,247.54,0.449,-6.3,335.24,335.60,-0.4,-2.06,-1.01,-15.61,286.18,-30.51,-5.21,-3.2,-9999,691.62,931.5,17.8,332.7,135.2,-43.1,-61.9,-36.5,0.44,0.49,1.84,1.58,26.74
88296,313,46.9287108,-52.1831618,3032.7,10167,126.68,280.92,247.46,0.449,-3.3,335.34,335.54,-0.2,-1.99,-1.39,-15.56,286.17,-30.51,-5.17,-3.1,-9999,692.18,931.9,17.8,334.0,135.2,-43.0,-61.9,-36.9,0.44,0.49,1.85,1.59,26.62
88297,313,46.9292865,-52.1834237,3029.4,10148,126.60,280.82,247.43,0.449,-7.0,335.35,335.42,-0.1,-1.96,-1.46,-15.50,286.18,-30.51,-5.11,-3.1,-9999,692.70,932.4,17.9,334.9,135.2,-43.0,-61.9,-37.0,0.44,0.49,1.86,1.60,26.49
88298,313,46.9305446,-52.1839994,3022.4,10126,126.55,280.50,247.22,0.448,-6.8,335.20,335.31,-0.1,-1.82,-1.39,-15.44,286.17,-30.51,-5.08,-3.1,-9999,693.30,932.7,17.8,334.4,135.2,-43.1,-61.9,-36.9,0.44,0.49,1.87,1.61,26.36
88299,313,46.9318335,-52.1845918,3015.6,10106,126.35,280.31,247.12,0.448,-6.2,334.95,335.23,-0.3,-1.71,-0.86,-15.39,286.16,-30.51,-5.04,-3.2,-9999,693.84,932.9,17.9,333.0,135.2,-43.5,-61.9,-36.3,0.44,0.49,1.87,1.61,26.25
88300,313,46.9330446,-52.1851507,3009.4,10087,126.19,280.16,247.04,0.448,-5.2,334.90,335.24,-0.3,-1.60,-0.10,-15.33,286.17,-30.52,-4.99,-2.8,-9999,694.33,932.9,18.0,332.5,135.2,-44.0,-61.9,-35.7,0.44,0.49,1.88,1.62,26.12
88301,313,46.9341248,-52.1856489,3004.2,10069,126.06,279.87,246.85,0.447,-5.0,334.98,335.33,-0.4,-1.50,0.64,-15.29,286.16,-30.52,-4.98,-3.0,-9999,694.83,933.2,17.9,332.5,135.2,-44.6,-61.9,-35.2,0.44,0.49,1.89,1.63,26.03
88302,313,46.9352045,-52.1861447,2999.2,10052,125.93,279.56,246.62,0.447,-2.1,335.08,335.41,-0.3,-1.30,1.04,-15.23,286.17,-30.52,-4.94,-2.6,-9999,695.30,933.4,17.9,332.8,135.2,-45.0,-61.9,-35.0,0.44,0.49,1.90,1.64,25.88
88303,313,46.9357008,-52.1863718,2997.1,10036,125.74,279.28,246.42,0.446,-5.4,335.12,335.56,-0.4,-1.27,1.02,-15.19,286.17,-30.53,-4.91,-2.9,-9999,695.71,933.5,18.0,332.0,135.2,-45.0,-61.9,-35.1,0.44,0.49,1.91,1.65,25.76
88304,313,46.9369843,-52.1869551,2991.7,10022,125.62,278.98,246.19,0.446,-5.3,335.31,335.65,-0.3,-1.26,0.62,-15.13,286.18,-30.55,-4.88,-3.4,-9999,696.11,933.7,17.9,332.9,135.2,-44.8,-61.9,-35.6,0.44,0.49,1.91,1.65,25.61
88305,313,46.9382554,-52.1875304,2986.4,10006,125.41,278.63,245.93,0.445,-5.0,335.51,335.72,-0.2,-1.22,0.15,-15.08,286.19,-30.56,-4.86,-2.9,-9999,696.53,933.9,17.9,334.0,135.2,-44.5,-61.9,-36.2,0.44,0.49,1.92,1.66,25.47
88306,313,46.9395141,-52.1880981,2981.4,9989,125.25,278.15,245.55,0.444,-4.0,335.56,335.78,-0.2,-1.04,0.11,-15.02,286.20,-30.58,-4.83,-2.7,-9999,696.99,934.3,17.9,334.0,135.2,-44.6,-61.9,-36.4,0.44,0.49,1.93,1.67,25.31
88307,313,46.9405883,-52.1885814,2977.4,9979,125.02,277.77,245.24,0.444,-4.0,335.44,335.91,-0.5,-1.06,0.95,-14.99,286.20,-30.59,-4.83,-2.7,-9999,697.26,934.6,17.9,332.2,135.3,-45.1,-61.9,-35.6,0.44,0.49,1.94,1.68,25.21
88308,313,46.9416614,-52.1890613,2973.4,9964,124.80,277.36,244.92,0.443,-4.0,335.35,336.11,-0.8,-1.10,1.67,-14.94,286.21,-30.61,-4.81,-3.0,-9999,697.67,934.9,18.0,330.1,135.3,-45.5,-61.9,-34.9,0.43,0.49,1.94,1.68,25.06
88309,313,46.9427340,-52.1895365,2969.4,9952,124.68,276.92,244.56,0.442,-2.4,335.47,336.26,-0.8,-1.07,2.15,-14.90,286.21,-30.62,-4.80,-2.8,-9999,698.00,935.3,17.9,330.0,135.3,-45.8,-61.9,-34.6,0.43,0.49,1.95,1.69,24.97
88310,313,46.9433665,-52.1898147,2967.0,9938,124.51,276.58,244.30,0.442,-4.6,335.63,336.53,-0.9,-1.07,2.35,-14.87,286.21,-30.63,-4.79,-3.1,-9999,698.37,935.8,17.9,329.4,135.3,-45.9,-61.8,-34.6,0.43,0.49,1.96,1.69,24.86
88311,313,46.9446210,-52.1903594,2962.4,9925,124.36,276.19,244.00,0.441,-4.7,336.02,336.80,-0.8,-1.08,1.96,-14.85,286.19,-30.64,-4.80,-2.9,-9999,698.72,935.9,17.8,330.5,135.3,-45.7,-61.8,-35.3,0.43,0.49,1.96,1.70,24.81
88312,313,46.9459070,-52.1909105,2957.7,9911,124.23,275.81,243.71,0.440,-4.3,336.31,337.03,-0.7,-1.15,1.49,-14.81,286.19,-30.65,-4.79,-2.6,-9999,699.11,936.2,17.7,331.3,135.3,-45.4,-61.8,-35.9,0.43,0.49,1.97,1.70,24.72
88313,313,46.9470211,-52.1913828,2953.4,9898,124.11,275.43,243.42,0.440,-4.2,336.39,337.23,-0.8,-1.21,1.37,-14.80,286.16,-30.65,-4.81,-2.7,-9999,699.45,936.6,17.7,330.5,135.3,-45.3,-61.8,-36.1,0.43,0.49,1.97,1.70,24.68
88314,313,46.9480920,-52.1918322,2949.2,9883,123.96,275.03,243.11,0.439,-4.4,336.39,337.40,-1.0,-1.26,0.99,-14.76,286.16,-30.65,-4.79,-2.4,-9999,699.86,936.9,17.7,329.3,135.3,-45.0,-61.8,-36.3,0.43,0.49,1.97,1.71,24.59
88315,313,46.9491623,-52.1922778,2944.8,9870,123.75,274.66,242.82,0.438,-2.4,336.46,337.46,-1.0,-1.37,0.00,-14.72,286.16,-30.64,-4.78,-2.7,-9999,700.21,937,17.7,329.5,135.3,-44.3,-61.8,-37.2,0.43,0.49,1.98,1.72,24.53
88316,313,46.9497399,-52.1925175,2942.4,9854,123.69,274.36,242.61,0.438,-5.7,336.53,337.41,-0.9,-1.41,-0.48,-14.68,286.15,-30.64,-4.77,-2.6,-9999,700.66,937.1,17.6,330.3,135.3,-44.0,-61.8,-37.6,0.43,0.49,1.99,1.72,24.48
88317,313,46.9510005,-52.1930419,2936.7,9838,123.54,274.04,242.39,0.437,-5.6,336.59,337.40,-0.8,-1.42,-0.89,-14.68,286.10,-30.63,-4.78,-2.7,-9999,701.09,937.2,17.5,330.9,135.3,-43.8,-61.8,-37.9,0.43,0.49,1.99,1.72,24.49
88318,313,46.9522489,-52.1935615,2931.1,9818,123.43,273.85,242.29,0.437,-5.3,336.47,337.31,-0.8,-1.39,-1.54,-14.65,286.08,-30.61,-4.77,-2.7,-9999,701.62,937.6,17.6,330.6,135.3,-43.4,-61.8,-38.4,0.43,0.49,1.99,1.73,24.47
88319,313,46.9534312,-52.1940559,2925.8,9804,123.21,273.74,242.26,0.437,-4.7,336.36,337.15,-0.8,-1.37,-1.66,-14.66,286.01,-30.57,-4.79,-2.9,-9999,702.01,937.9,17.7,330.9,135.3,-43.3,-61.8,-38.3,0.43,0.49,1.99,1.73,24.58
88320,313,46.9544943,-52.1945039,2921.1,9788,123.07,273.50,242.13,0.437,-4.7,336.26,337.07,-0.8,-1.34,-1.28,-14.65,285.97,-30.53,-4.80,-2.6,-9999,702.46,938.1,17.7,330.6,135.3,-43.6,-61.8,-38.0,0.44,0.49,1.99,1.73,24.67
88321,313,46.9555559,-52.1949530,2916.4,9770,122.98,273.09,241.81,0.436,-2.2,336.19,337.00,-0.8,-1.29,-1.18,-14.61,285.96,-30.46,-4.79,-2.5,-9999,702.92,938.4,17.6,330.5,135.3,-43.7,-61.8,-37.8,0.44,0.49,2.00,1.73,24.73
88322,313,46.9560648,-52.1951690,2914.2,9755,122.81,272.93,241.73,0.436,-5.4,336.18,336.97,-0.8,-1.29,-1.21,-14.61,285.92,-30.38,-4.80,-2.6,-9999,703.33,938.7,17.7,330.7,135.3,-43.7,-61.8,-37.9,0.44,0.50,2.00,1.74,24.91
88323,313,46.9573463,-52.1957138,2908.8,9739,122.69,272.48,241.40,0.435,-5.2,336.19,336.88,-0.7,-1.27,-1.13,-14.59,285.89,-30.29,-4.81,-2.4,-9999,703.77,939,17.6,331.4,135.3,-43.7,-61.8,-37.8,0.44,0.50,2.00,1.74,25.11
88324,313,46.9585832,-52.1962420,2903.6,9724,122.52,272.07,241.09,0.434,-5.1,336.11,336.87,-0.8,-1.27,-0.63,-14.56,285.88,-30.17,-4.81,-2.8,-9999,704.18,939.3,17.5,330.8,135.3,-44.1,-61.8,-37.3,0.45,0.51,2.01,1.74,25.32
88325,313,46.9597869,-52.1967561,2898.5,9711,122.39,271.71,240.80,0.434,-4.5,336.00,336.89,-0.9,-1.34,-0.45,-14.54,285.86,-30.04,-4.81,-2.2,-9999,704.53,939.6,17.5,329.8,135.3,-44.1,-61.8,-37.0,0.45,0.51,2.01,1.75,25.59
88326,313,46.9608418,-52.1972063,2894.0,9696,122.26,271.25,240.45,0.433,-4.8,335.96,336.85,-0.9,-1.44,-0.70,-14.51,285.84,-29.89,-4.82,-2.6,-9999,704.96,939.8,17.4,329.7,135.3,-43.9,-61.8,-37.1,0.46,0.52,2.01,1.75,25.89
88327,313,46.9618955,-52.1976569,2889.2,9682,122.20,270.81,240.11,0.432,-2.2,335.96,336.82,-0.9,-1.54,-0.57,-14.50,285.81,-29.73,-4.84,-2.8,-9999,705.34,940.2,17.2,329.8,135.3,-43.9,-61.8,-37.0,0.47,0.53,2.02,1.75,26.26
88328,313,46.9623693,-52.1978597,2887.0,9662,122.09,270.37,239.79,0.431,-5.9,335.94,336.81,-0.9,-1.53,-0.45,-14.47,285.78,-29.56,-4.84,-2.8,-9999,705.87,940.4,17.1,329.7,135.3,-44.0,-61.8,-36.9,0.47,0.54,2.02,1.76,26.62
88329,313,46.9636112,-52.1983917,2881.1,9646,122.03,269.95,239.48,0.431,-6.0,335.90,336.83,-0.9,-1.47,-0.21,-14.44,285.76,-29.38,-4.84,-2.6,-9999,706.31,940.7,17.0,329.2,135.3,-44.2,-61.8,-36.7,0.48,0.55,2.03,1.76,27.01
88330,313,46.9648942,-52.1989407,2875.1,9627,121.86,269.61,239.25,0.430,-5.5,335.92,336.87,-1.0,-1.31,0.07,-14.42,285.72,-29.19,-4.85,-2.3,-9999,706.84,940.9,17.0,329.1,135.3,-44.4,-61.7,-36.6,0.49,0.56,2.03,1.77,27.45
88331,313,46.9661028,-52.1994569,2869.6,9609,121.81,269.39,239.11,0.430,-4.6,335.99,336.90,-0.9,-1.20,-0.13,-14.38,285.71,-28.99,-4.82,-2.6,-9999,707.34,941.3,16.9,329.4,135.3,-44.4,-61.7,-36.8,0.50,0.57,2.04,1.77,27.86
88332,313,46.9671529,-52.1999048,2865.0,9596,121.70,269.13,238.92,0.429,-4.5,336.05,336.88,-0.8,-1.17,-0.57,-14.35,285.70,-28.80,-4.81,-2.2,-9999,707.68,941.7,16.9,330.0,135.3,-44.2,-61.7,-37.2,0.51,0.58,2.04,1.78,28.32
88333,313,46.9682019,-52.2003526,2860.5,9582,121.63,269.03,238.88,0.429,-4.6,336.11,336.81,-0.7,-1.24,-1.17,-14.32,285.69,-28.60,-4.78,-2.7,-9999,708.08,942,16.8,331.0,135.3,-43.8,-61.7,-37.7,0.52,0.59,2.05,1.78,28.75
88334,313,46.9692494,-52.2008013,2855.9,9567,121.45,268.74,238.66,0.429,-2.7,336.12,336.75,-0.6,-1.31,-1.55,-14.27,285.69,-28.40,-4.76,-2.6,-9999,708.49,942.3,16.9,331.6,135.3,-43.5,-61.7,-38.0,0.53,0.60,2.05,1.79,29.18
88335,313,46.9698564,-52.2010621,2853.2,9551,121.37,268.30,238.34,0.428,-5.7,336.05,336.62,-0.6,-1.34,-1.63,-14.27,285.65,-28.21,-4.79,-2.3,-9999,708.91,942.6,16.7,331.9,135.3,-43.4,-61.7,-38.0,0.54,0.61,2.05,1.79,29.69
88336,313,46.9710897,-52.2015954,2847.5,9535,121.26,267.88,238.04,0.427,-5.9,335.87,336.49,-0.6,-1.37,-1.75,-14.28,285.59,-28.02,-4.83,-2.2,-9999,709.36,943,16.6,331.4,135.3,-43.3,-61.7,-37.9,0.54,0.62,2.05,1.79,30.23
88337,313,46.9723418,-52.2021402,2841.6,9518,121.17,267.37,237.64,0.426,-5.4,335.75,336.32,-0.6,-1.50,-2.13,-14.27,285.54,-27.84,-4.86,-2.6,-9999,709.83,943.1,16.4,331.5,135.3,-43.0,-61.7,-38.0,0.55,0.63,2.05,1.79,30.73
88338,313,46.9734253,-52.2026153,2836.2,9503,121.07,267.06,237.46,0.426,-5.6,335.66,336.14,-0.5,-1.66,-2.43,-14.32,285.43,-27.67,-4.93,-2.3,-9999,710.23,943.3,16.4,332.1,135.3,-42.7,-61.7,-38.0,0.56,0.64,2.05,1.78,31.37
88339,313,46.9744656,-52.2030756,2830.6,9484,121.03,266.77,237.29,0.426,-5.8,335.51,335.93,-0.4,-1.79,-2.70,-14.35,285.35,-27.50,-4.97,-2.2,-9999,710.75,943.7,16.2,332.4,135.3,-42.4,-61.7,-38.0,0.57,0.65,2.04,1.78,31.92
88340,313,46.9755047,-52.2035397,2824.8,9467,121.02,266.51,237.15,0.425,-3.1,335.29,335.76,-0.5,-1.94,-3.00,-14.39,285.25,-27.33,-5.04,-2.6,-9999,711.23,943.9,16.1,331.7,135.3,-42.1,-61.7,-37.9,0.58,0.66,2.03,1.77,32.53
88341,313,46.9760341,-52.2037781,2821.7,9446,120.93,266.29,237.07,0.425,-7.2,335.15,335.52,-0.4,-1.99,-3.17,-14.44,285.13,-27.17,-5.10,-2.6,-9999,711.80,944.1,16.1,332.4,135.3,-42.0,-61.7,-37.9,0.59,0.67,2.03,1.76,33.14
88342,313,46.9772473,-52.2043304,2814.5,9423,120.94,266.66,237.56,0.426,-7.4,334.83,335.16,-0.3,-2.04,-3.43,-14.54,284.95,-27.00,-5.17,-2.4,-9999,712.45,944.4,16.3,332.4,135.3,-41.8,-61.7,-37.7,0.60,0.68,2.01,1.75,33.92
88343,313,46.9784687,-52.2048957,2807.1,9398,120.91,267.17,238.15,0.426,-7.3,334.54,334.81,-0.3,-2.08,-3.24,-14.58,284.82,-26.84,-5.18,-2.6,-9999,713.12,944.7,16.5,332.5,135.3,-41.9,-61.7,-37.3,0.60,0.69,2.00,1.74,34.56
88344,313,46.9796466,-52.2054497,2799.8,9379,120.93,266.95,238.10,0.426,-6.5,334.18,334.53,-0.3,-2.18,-2.69,-14.73,284.59,-26.68,-5.35,-2.4,-9999,713.64,945,16.4,331.6,135.3,-42.1,-61.7,-36.5,0.61,0.70,1.98,1.72,35.51
88345,313,46.9806787,-52.2059414,2793.3,9358,120.89,266.19,237.57,0.425,-6.6,333.94,334.27,-0.3,-2.26,-2.43,-14.86,284.39,-26.51,-5.53,-2.7,-9999,714.23,945.4,16.1,331.5,135.3,-42.2,-61.7,-36.0,0.62,0.71,1.96,1.70,36.45
88346,313,46.9817097,-52.2064383,2786.7,9336,120.90,265.60,237.20,0.424,-3.1,333.92,334.08,-0.2,-2.37,-2.25,-15.00,284.16,-26.34,-5.71,-2.3,-9999,714.84,945.7,15.7,332.7,135.3,-42.2,-61.7,-35.8,0.63,0.72,1.93,1.67,37.46
88347,313,46.9821733,-52.2066637,2783.6,9313,121.01,265.32,237.12,0.424,-8.1,333.95,333.92,0.0,-2.42,-2.17,-15.16,283.92,-26.15,-5.88,-2.3,-9999,715.47,946.1,15.5,334.2,135.3,-42.3,-61.7,-35.7,0.64,0.74,1.91,1.65,38.58
88348,313,46.9833888,-52.2072587,2775.5,9291,121.09,264.89,236.89,0.423,-8.8,333.98,333.68,0.3,-2.56,-1.89,-15.27,283.72,-25.96,-6.03,-2.5,-9999,716.08,946.5,15.2,336.4,135.3,-42.3,-61.7,-35.4,0.65,0.75,1.89,1.63,39.63
88349,313,46.9846350,-52.2078752,2766.7,9264,121.23,264.76,236.94,0.423,-8.6,333.88,333.59,0.3,-2.66,-0.61,-15.38,283.52,-25.77,-6.15,-2.3,-9999,716.84,946.8,15.0,336.3,135.3,-43.0,-61.7,-34.3,0.66,0.76,1.88,1.62,40.70
88350,313,46.9858307,-52.2084691,2758.1,9240,121.37,264.55,236.92,0.423,-7.7,333.65,333.76,-0.1,-2.79,1.56,-15.51,283.30,-25.56,-6.30,-2.5,-9999,717.49,947.1,14.7,332.8,135.3,-44.0,-61.7,-32.1,0.67,0.78,1.85,1.60,41.94
