NASA Data Processing/NAAMES(2015)/METNAV/NAAMES-Hskping_c130_20151109_R3.ict
78,1001
Project Office
NSRC - National Suborbital Research Center
C-130 (N439NA) Data Acquisition and Distribution
NAAMES 2015
1,1
2015,11,09,2018,11,30
1
Start_UTC,seconds
34
1,1,1,1,1,1,1,1,1,1,1,1,1,1,1,1,1,1,1,1,1,1,1,1,1,1,1,1,1,1,1,1,1,1
-9999,-9999,-9999,-9999,-9999,-9999,-9999,-9999,-9999,-9999,-9999,-9999,-9999,-9999,-9999,-9999,-9999,-9999,-9999,-9999,-9999,-9999,-9999,-9999,-9999,-9999,-9999,-9999,-9999,-9999,-9999,-9999,-9999,-9999
Day_Of_Year, day beginning January 1
Latitude, deg
Longitude, deg
GPS_Altitude, m (height above mean sea level*)
Pressure_Altitude, ft
Ground_Speed, m/s
True_Air_Speed, kts
Indicated_Air_Speed, kts
Mach_Number, mach
Vertical_Speed, m/s
True_Heading, deg (0-360, cw from +y)
Track_Angle, deg (0-360, cw from +y)
Drift_Angle, deg (+-180, cw from +y)
Pitch_Angle, deg (+-180, up+)
Roll_Angle, deg (+-180, rt+)
Static_Air_Temp, Celcius
Potential_Temp, Kelvin
Dew_Point, Celcius
Total_Air_Temp, Celcius
IR_Surf_Temp, Celcius
IR_Zenith_Temp, Celcius
Static_Pressure, mb
Cabin_Pressure, mb
Wind_Speed, m/s (limited to where Roll_Angle <= 5 degrees)
Wind_Direction,  deg (0-360, cw from +y)
Solar_Zenith_Angle, deg
Aircraft_Sun_Elevation, deg
Sun_Azimuth, deg
Aircraft_Sun_Azimuth, deg
Mixing_Ratio, g/kg
Part_Press_Water_Vapor, mb
Sat_Vapor_Press_H2O, mb
Sat_Vapor_Press_Ice, mb
Relative_Humidity, percent (with respect to water)
0
30
PI_CONTACT_INFO: Melissa Yang Martin, m.yang@baeri.org 
Platform: Wallops C-130 N439NA
LOCATION: Included in data records
ASSOCIATED_DATA: This data represents NAAMES 2015 Transit to St. Johns Newfoundland from Wallops Flight Facility. See NAAMES archive on Langley Archive http://www-air.larc.nasa.gov/missions/naames/index.html
INSTRUMENT_INFO: 
        Position, ground speed, attitude, and vertical speed from LN251 EGI
        Wind_Speed and Wind_Direction calculated from LN251 EGI, pitot-static pressure transducers
        Total_Air_Temperature from Rosemount 102AU1AP deiced* (deicing not powered)
        Static_Pressure from Rosemount 1201F1B5B1B, Pitot Pressure from Rosemount 1221F2AF7B1B 
        IR_Surface_Temp, IR_Zenith_Temp from Heitronics KT19.85 II
        Cabin_Pressure from Measurement Specialties EPRB-2-XU63-30P-/Z1
        Dew_Point and calculated water vapor parameters from Edgetech Vigilant Hygrometer model 137 3-stage TEC chilled mirror
        Pressure_Altitude, Indicated_Air_Speed, True_Air_Speed, Mach_Number, Static_Air_Temperature derived from pitot-static pressure transducers and total air temperature probe,
DATA_INFO: Contact PI or Data Manager
UNCERTAINTY:NONE,5m,5m,5m,N/A,0.015 m/s,N/A,N/A,0.01 mach,0.015 m/s,0.02 deg,0.02 deg,0.02 deg,0.02 deg,0.02 deg,0.5 deg C,N/A,0.2 deg C,0.3 deg C, 0.7%*(TargetTemp-HousingTemp), 0.7%*(TargetTemp-HousingTemp),N/A,0.15 %,1 m/s,0.5 deg,N/A,N/A,N/A,N/A,N/A,N/A,N/A,N/A,N/A
ULOD_FLAG:-7777
ULOD_VALUE:N/A,90,180,N/A,N/A,N/A,N/A,N/A,0.99,N/A,N/A,N/A,N/A,N/A,N/A,330,N/A,90,350,200,200,N/A,1333.22,N/A,N/A,N/A,N/A,N/A,N/A,N/A,N/A,N/A,N/A,N/A
LLOD_FLAG:-8888
LLOD_VALUE:N/A,-90,-180,N/A,N/A,N/A,N/A,N/A,0,N/A,N/A,N/A,N/A,N/A,N/A,-105,N/A,-50,-70,-150,-150,N/A,0.66,1,N/A,N/A,N/A,N/A,N/A,N/A,N/A,N/A,N/A,N/A;
DM_CONTACT_INFO: Ryan Bennett, r.bennett@baeri.org
PROJECT_INFO: See NAAMES website for more information at: https://naames.larc.nasa.gov/
STIPULATIONS_ON_USE: Contact PI or DM with questions before use
OTHER_COMMENTS: IR_Zenith_Temp flagged as missing.
REVISION: R3
R3: Applied signal conditioner calibration to Total_Air_Temp, Static_Air_Temp, and Potential_Temp.
R2: Applied calibrations to pitot-static system variables (Static_Pressure, Mach_Number, etc.) and included recovery factor in Total_Air_Temp and Static_Air_Temp calculations. GPS_Altitude (msl) calculated from GPS parameters (height above ellipsoid minus geoid height). Smoothing applied to intervals where Edgetech hygrometer Dew_Point oscillations were present, subsequent water vapor variables calculated from the smoothed segment Dew_Point trace.
R1: Updated header information to include ULOD, LLOD, instrument uncertainties, new contact information for NSRC PI and DM, re-calculated wind speeds and directions, added IR_Zenith_Temp.
R0: Final Data
RA: This is Mostly QC'd Field Data
Start_UTC,Day_Of_Year,Latitude,Longitude,GPS_Altitude,Pressure_Altitude,Ground_Speed,True_Air_Speed,Indicated_Air_Speed,Mach_Number,Vertical_Speed,True_Heading,Track_Angle,Drift_Angle,Pitch_Angle,Roll_Angle,Static_Air_Temp,Potential_Temp,Dew_Point,Total_Air_Temp,IR_Surf_Temp,IR_Zenith_Temp,Static_Pressure,Cabin_Pressure,Wind_Speed,Wind_Direction,Solar_Zenith_Angle,Aircraft_Sun_Elevation,Sun_Azimuth,Aircraft_Sun_Azimuth,Mixing_Ratio,Part_Press_Water_Vapor,Sat_Vapor_Press_H2O,Sat_Vapor_Press_Ice,Relative_Humidity
[from data line 4688]
78033,313,40.2702450,-69.4056481,6703.9,20975,171.84,302.17,217.17,0.487,-0.4,61.36,70.50,-9.1,1.80,-0.36,-19.20,319.77,-47.46,-7.17,5.1,-9999,446.75,811.2,30.8,303.9,93.2,-1.5,-109.6,-170.8,0.12,0.09,1.36,1.13,6.36
78034,313,40.2709973,-69.4035232,6703.5,20974,171.83,301.67,216.78,0.486,-0.3,61.40,70.52,-9.1,1.81,-0.51,-19.15,319.83,-47.43,-7.16,5.0,-9999,446.76,811.1,30.8,303.4,93.2,-1.5,-109.6,-170.8,0.12,0.09,1.37,1.13,6.36
78035,313,40.2717620,-69.4013615,6703.2,20974,171.81,301.45,216.61,0.485,-0.2,61.45,70.47,-9.0,1.84,-1.76,-19.14,319.83,-47.43,-7.18,5.3,-9999,446.77,811.1,30.6,303.0,93.2,-1.3,-109.6,-170.8,0.12,0.09,1.37,1.13,6.36
78036,313,40.2724310,-69.3994759,6703.0,20973,171.78,301.34,216.54,0.485,-0.2,61.44,70.38,-8.9,1.88,-2.32,-19.15,319.82,-47.43,-7.19,5.2,-9999,446.79,811,30.5,302.7,93.2,-1.2,-109.6,-170.7,0.12,0.09,1.37,1.13,6.36
78037,313,40.2730828,-69.3976470,6702.8,20970,171.72,301.35,216.55,0.485,-0.2,61.25,70.32,-9.1,1.90,-2.13,-19.13,319.83,-47.40,-7.17,4.7,-9999,446.85,811.1,30.7,303.0,93.2,-1.2,-109.6,-170.6,0.12,0.09,1.37,1.14,6.37
78038,313,40.2737362,-69.3958196,6702.6,20968,171.77,301.45,216.64,0.485,0.0,60.97,70.28,-9.3,1.91,-1.84,-19.13,319.83,-47.40,-7.16,5.0,-9999,446.88,811.1,31.3,303.5,93.2,-1.2,-109.6,-170.3,0.12,0.09,1.37,1.14,6.38
78039,313,40.2740897,-69.3948333,6702.6,20973,171.61,301.25,216.47,0.485,-0.1,60.85,70.24,-9.4,1.92,-1.76,-19.13,319.84,-47.41,-7.18,5.0,-9999,446.79,811,31.5,303.8,93.2,-1.2,-109.6,-170.2,0.12,0.09,1.37,1.14,6.36
78040,313,40.2748633,-69.3926794,6702.5,20971,171.63,300.94,216.23,0.485,-0.1,60.73,70.17,-9.4,1.93,-1.70,-19.09,319.89,-47.40,-7.16,5.3,-9999,446.82,811,31.7,303.5,93.2,-1.2,-109.6,-170.1,0.12,0.09,1.37,1.14,6.35
78041,313,40.2756391,-69.3905277,6702.4,20967,171.58,301.70,216.84,0.486,0.0,60.76,70.11,-9.3,1.97,-1.89,-19.15,319.80,-47.41,-7.16,5.0,-9999,446.91,811.1,31.2,303.9,93.2,-1.2,-109.6,-170.1,0.12,0.09,1.37,1.13,6.37
78042,313,40.2763576,-69.3885422,6702.4,20969,171.47,301.22,216.46,0.485,0.0,60.79,70.05,-9.3,1.98,-1.86,-19.12,319.84,-47.41,-7.17,5.2,-9999,446.85,811,31.1,303.4,93.2,-1.2,-109.6,-170.1,0.12,0.09,1.37,1.14,6.36
78043,313,40.2770251,-69.3867039,6702.4,20969,171.41,300.84,216.16,0.484,-0.1,60.73,69.99,-9.3,1.99,-1.94,-19.08,319.89,-47.37,-7.16,5.3,-9999,446.87,811,31.1,303.2,93.2,-1.1,-109.6,-170.0,0.12,0.09,1.37,1.14,6.37
78044,313,40.2776872,-69.3848854,6702.3,20969,171.42,300.91,216.22,0.484,0.0,60.60,69.95,-9.3,2.01,-1.91,-19.11,319.86,-47.38,-7.18,4.7,-9999,446.85,811,31.3,303.3,93.2,-1.1,-109.6,-169.9,0.12,0.09,1.37,1.14,6.37
78045,313,40.2779857,-69.3840676,6702.3,20968,171.33,301.18,216.43,0.485,0.1,60.54,69.91,-9.4,2.01,-1.86,-19.11,319.85,-47.39,-7.17,4.8,-9999,446.88,811.1,31.3,303.7,93.2,-1.1,-109.6,-169.8,0.12,0.09,1.37,1.14,6.37
78046,313,40.2787562,-69.3819609,6702.4,20970,171.26,300.87,216.18,0.484,0.0,60.37,69.84,-9.5,2.00,-1.83,-19.10,319.87,-47.38,-7.18,4.7,-9999,446.84,810.9,31.5,303.7,93.2,-1.1,-109.6,-169.7,0.12,0.09,1.37,1.14,6.37
78047,313,40.2795487,-69.3798019,6702.4,20971,171.31,300.59,215.96,0.484,0.1,60.22,69.76,-9.5,2.01,-1.98,-19.07,319.91,-47.41,-7.17,4.8,-9999,446.82,810.9,31.8,303.5,93.2,-1.1,-109.6,-169.5,0.12,0.09,1.38,1.14,6.34
78048,313,40.2803438,-69.3776455,6702.5,20969,171.22,300.14,215.63,0.483,0.0,60.15,69.68,-9.5,1.99,-2.14,-19.05,319.93,-47.39,-7.19,5.0,-9999,446.86,810.7,31.8,303.1,93.3,-1.1,-109.6,-169.4,0.12,0.09,1.38,1.14,6.34
78049,313,40.2810208,-69.3758174,6702.5,20972,171.13,300.30,215.74,0.483,0.0,60.13,69.60,-9.5,1.97,-2.28,-19.08,319.90,-47.40,-7.20,4.6,-9999,446.80,810.8,31.6,303.2,93.3,-1.1,-109.6,-169.4,0.12,0.09,1.37,1.14,6.35
78050,313,40.2816933,-69.3740093,6702.5,20970,171.07,300.53,215.94,0.484,0.0,60.08,69.53,-9.5,1.95,-1.95,-19.11,319.85,-47.40,-7.22,4.6,-9999,446.84,810.9,31.5,303.4,93.3,-1.2,-109.5,-169.4,0.12,0.09,1.37,1.14,6.37
78051,313,40.2823675,-69.3722028,6702.5,20971,171.03,300.67,216.05,0.484,0.0,59.95,69.51,-9.6,1.96,-1.14,-19.12,319.85,-47.41,-7.21,5.0,-9999,446.83,810.7,31.7,303.8,93.3,-1.3,-109.5,-169.3,0.12,0.09,1.37,1.14,6.36
78052,313,40.2827454,-69.3711916,6702.5,20972,171.00,300.52,215.92,0.484,0.0,59.86,69.52,-9.7,1.96,-0.70,-19.11,319.87,-47.41,-7.21,4.9,-9999,446.81,811,31.9,303.9,93.3,-1.4,-109.5,-169.2,0.12,0.09,1.37,1.14,6.36
78053,313,40.2835344,-69.3690788,6702.5,20967,171.01,300.20,215.69,0.483,0.0,59.77,69.51,-9.7,1.94,-0.63,-19.07,319.90,-47.40,-7.20,4.5,-9999,446.90,811.1,32.2,303.8,93.3,-1.4,-109.5,-169.1,0.12,0.09,1.38,1.14,6.34
78054,313,40.2843305,-69.3669487,6702.5,20972,171.00,299.90,215.44,0.483,-0.1,59.85,69.47,-9.6,1.94,-1.11,-19.05,319.94,-47.43,-7.21,4.9,-9999,446.80,811.1,32.0,303.2,93.3,-1.4,-109.5,-169.2,0.12,0.09,1.38,1.14,6.31
78055,313,40.2850670,-69.3649822,6702.4,20969,170.95,300.43,215.86,0.484,0.0,59.97,69.44,-9.5,1.94,-1.22,-19.09,319.88,-47.43,-7.20,4.8,-9999,446.87,811,31.4,303.4,93.3,-1.3,-109.5,-169.3,0.12,0.09,1.37,1.14,6.33
78056,313,40.2857434,-69.3631789,6702.4,20970,170.97,300.10,215.60,0.483,-0.1,59.93,69.43,-9.5,1.95,-0.97,-19.07,319.90,-47.43,-7.21,5.1,-9999,446.84,811,31.6,303.1,93.3,-1.4,-109.5,-169.2,0.12,0.09,1.37,1.14,6.32
78057,313,40.2864200,-69.3613761,6702.3,20971,170.86,299.86,215.42,0.483,0.0,59.78,69.43,-9.6,1.97,-0.56,-19.06,319.92,-47.42,-7.22,4.8,-9999,446.83,811.1,32.0,303.4,93.3,-1.4,-109.5,-169.1,0.12,0.09,1.38,1.14,6.32
78058,313,40.2867110,-69.3606010,6702.3,20970,170.86,300.07,215.58,0.483,-0.1,59.72,69.44,-9.7,1.95,-0.47,-19.08,319.90,-47.42,-7.22,4.7,-9999,446.84,811.2,32.1,303.8,93.3,-1.5,-109.5,-169.1,0.12,0.09,1.37,1.14,6.33
78059,313,40.2875022,-69.3584919,6702.2,20973,170.87,300.46,215.87,0.484,-0.2,59.66,69.42,-9.8,1.91,-0.68,-19.10,319.88,-47.45,-7.21,5.0,-9999,446.79,811.1,32.1,304.1,93.3,-1.5,-109.5,-169.0,0.12,0.09,1.37,1.14,6.32
78060,313,40.2883210,-69.3563115,6702.0,20972,170.81,300.09,215.59,0.483,-0.2,59.74,69.37,-9.6,1.90,-1.27,-19.08,319.91,-47.45,-7.22,4.8,-9999,446.80,811,31.8,303.6,93.3,-1.4,-109.5,-169.0,0.12,0.09,1.37,1.14,6.31
78061,313,40.2891277,-69.3541686,6701.8,20970,170.79,299.86,215.42,0.483,-0.1,59.84,69.33,-9.5,1.95,-1.47,-19.07,319.91,-47.46,-7.23,4.8,-9999,446.84,811.2,31.5,303.1,93.3,-1.3,-109.5,-169.1,0.12,0.09,1.38,1.14,6.30
78062,313,40.2898068,-69.3523689,6701.7,20969,170.79,299.98,215.52,0.483,-0.2,59.78,69.31,-9.5,1.96,-1.19,-19.07,319.90,-47.46,-7.22,4.7,-9999,446.87,811.2,31.6,303.2,93.3,-1.4,-109.5,-169.1,0.12,0.09,1.38,1.14,6.30
78063,313,40.2904864,-69.3505698,6701.5,20969,170.76,300.04,215.56,0.483,-0.1,59.58,69.30,-9.7,1.95,-0.72,-19.08,319.89,-47.48,-7.22,4.7,-9999,446.86,811.1,32.0,303.8,93.3,-1.5,-109.5,-168.9,0.12,0.09,1.37,1.14,6.29
78064,313,40.2911661,-69.3487711,6701.4,20971,170.69,300.00,215.53,0.483,0.0,59.42,69.29,-9.9,1.95,-0.55,-19.07,319.91,-47.49,-7.22,4.7,-9999,446.83,811.1,32.4,304.1,93.3,-1.5,-109.5,-168.7,0.12,0.09,1.38,1.14,6.28
78065,313,40.2915128,-69.3478540,6701.4,20969,170.71,300.16,215.65,0.483,-0.2,59.41,69.28,-9.9,1.94,-0.67,-19.09,319.89,-47.49,-7.22,4.7,-9999,446.85,811.1,32.3,304.2,93.3,-1.5,-109.5,-168.7,0.12,0.09,1.37,1.14,6.29
78066,313,40.2923152,-69.3457325,6701.1,20970,170.65,299.90,215.46,0.483,-0.2,59.49,69.23,-9.7,1.96,-1.20,-19.07,319.91,-47.50,-7.22,5.0,-9999,446.85,811.2,32.1,303.8,93.3,-1.4,-109.5,-168.8,0.12,0.09,1.38,1.14,6.27
78067,313,40.2931123,-69.3436303,6700.9,20965,170.60,299.71,215.33,0.482,-0.1,59.62,69.19,-9.6,1.99,-1.44,-19.05,319.92,-47.51,-7.22,4.7,-9999,446.94,811.1,31.6,303.3,93.3,-1.3,-109.5,-168.9,0.12,0.09,1.38,1.15,6.26
78068,313,40.2938902,-69.3415835,6700.8,20969,170.56,299.85,215.42,0.483,-0.1,59.57,69.16,-9.6,2.01,-1.18,-19.06,319.92,-47.53,-7.21,4.9,-9999,446.86,811.1,31.7,303.5,93.3,-1.3,-109.5,-168.8,0.12,0.09,1.38,1.14,6.24
78069,313,40.2945732,-69.3397889,6700.7,20965,170.56,299.80,215.39,0.483,-0.1,59.38,69.15,-9.8,2.02,-0.85,-19.05,319.92,-47.53,-7.21,4.9,-9999,446.94,811.1,32.1,303.8,93.3,-1.4,-109.5,-168.6,0.12,0.09,1.38,1.15,6.24
78070,313,40.2952564,-69.3379949,6700.6,20964,170.56,299.66,215.29,0.482,0.0,59.20,69.14,-9.9,2.00,-0.69,-19.04,319.93,-47.51,-7.21,4.8,-9999,446.96,811,32.5,304.0,93.4,-1.5,-109.5,-168.5,0.12,0.09,1.38,1.15,6.25
78071,313,40.2955503,-69.3372236,6700.6,20967,170.51,299.47,215.14,0.482,-0.2,59.16,69.12,-10.0,1.98,-0.74,-19.04,319.94,-47.53,-7.23,4.8,-9999,446.90,811,32.6,304.0,93.4,-1.5,-109.5,-168.4,0.12,0.09,1.38,1.15,6.24
78072,313,40.2963367,-69.3351617,6700.4,20964,170.46,299.65,215.29,0.482,-0.2,59.21,69.09,-9.9,1.99,-1.08,-19.05,319.92,-47.52,-7.22,5.1,-9999,446.95,810.9,32.3,304.0,93.4,-1.4,-109.5,-168.5,0.12,0.09,1.38,1.15,6.25
78073,313,40.2971513,-69.3330291,6700.2,20961,170.41,299.54,215.21,0.482,-0.1,59.33,69.05,-9.7,1.98,-1.29,-19.03,319.92,-47.54,-7.21,4.8,-9999,447.01,810.9,31.9,303.6,93.4,-1.4,-109.5,-168.6,0.12,0.09,1.38,1.15,6.23
78074,313,40.2979604,-69.3309158,6700.1,20964,170.43,299.33,215.04,0.482,-0.2,59.30,69.02,-9.7,1.99,-1.25,-19.02,319.95,-47.55,-7.22,4.5,-9999,446.95,811,32.0,303.4,93.4,-1.4,-109.5,-168.5,0.12,0.09,1.38,1.15,6.21
78075,313,40.2986812,-69.3290363,6699.9,20963,170.37,299.26,214.98,0.482,-0.1,59.15,69.00,-9.8,1.97,-1.04,-19.01,319.96,-47.55,-7.21,4.8,-9999,446.97,811,32.3,303.6,93.4,-1.4,-109.5,-168.4,0.12,0.09,1.38,1.15,6.20
78076,313,40.2993682,-69.3272470,6699.8,20963,170.33,299.33,215.04,0.482,-0.1,58.99,68.97,-10.0,1.96,-0.86,-19.01,319.95,-47.54,-7.21,4.6,-9999,446.98,810.9,32.6,304.0,93.4,-1.5,-109.5,-168.2,0.12,0.09,1.38,1.15,6.21
78077,313,40.3000558,-69.3254583,6699.7,20964,170.33,299.28,215.00,0.482,0.0,58.90,68.95,-10.1,1.96,-0.79,-19.01,319.96,-47.55,-7.22,4.8,-9999,446.96,811.1,32.8,304.1,93.4,-1.5,-109.4,-168.1,0.12,0.09,1.38,1.15,6.21
78078,313,40.3004411,-69.3244570,6699.7,20962,170.33,299.26,214.99,0.482,-0.2,58.91,68.95,-10.0,1.95,-0.81,-19.01,319.96,-47.55,-7.21,4.8,-9999,446.99,811.2,32.7,304.0,93.4,-1.5,-109.4,-168.1,0.12,0.09,1.38,1.15,6.21
78079,313,40.3012532,-69.3223473,6699.5,20961,170.30,299.30,215.03,0.482,-0.1,59.00,68.91,-9.9,1.95,-0.99,-19.01,319.95,-47.54,-7.21,4.9,-9999,447.01,811.3,32.4,303.8,93.4,-1.5,-109.4,-168.2,0.12,0.09,1.38,1.15,6.21
78080,313,40.3020594,-69.3202566,6699.4,20958,170.23,299.36,215.08,0.482,-0.1,59.04,68.91,-9.9,1.98,-0.56,-19.00,319.95,-47.54,-7.20,4.7,-9999,447.06,811.3,32.2,303.9,93.4,-1.5,-109.4,-168.3,0.12,0.09,1.38,1.15,6.21
78081,313,40.3028106,-69.3183092,6699.3,20959,170.25,299.17,214.93,0.482,0.0,58.97,68.95,-10.0,1.99,0.38,-18.99,319.96,-47.58,-7.21,4.9,-9999,447.04,811.4,32.6,304.0,93.4,-1.7,-109.4,-168.3,0.12,0.09,1.38,1.15,6.18
78082,313,40.3034915,-69.3165396,6699.3,20961,170.24,299.62,215.27,0.482,0.1,58.92,69.02,-10.1,2.00,0.86,-19.03,319.93,-47.57,-7.20,5.1,-9999,447.01,811.5,32.7,304.6,93.4,-1.8,-109.4,-168.2,0.12,0.09,1.38,1.15,6.20
78083,313,40.3041844,-69.3147332,6699.4,20962,170.27,299.39,215.07,0.482,0.0,59.02,69.04,-10.0,2.00,0.72,-18.99,319.97,-47.57,-7.19,5.2,-9999,446.99,811.4,32.6,304.3,93.4,-1.8,-109.4,-168.3,0.12,0.09,1.38,1.15,6.18
78084,313,40.3045201,-69.3138567,6699.4,20959,170.22,299.67,215.31,0.482,0.2,59.13,69.08,-10.0,2.02,0.63,-19.02,319.93,-47.56,-7.19,4.9,-9999,447.06,811.5,32.4,304.5,93.4,-1.8,-109.4,-168.4,0.12,0.09,1.38,1.15,6.20
78085,313,40.3053203,-69.3117630,6699.6,20961,170.20,299.42,215.10,0.482,0.3,59.41,69.18,-9.8,2.01,1.23,-18.98,319.99,-47.57,-7.17,5.1,-9999,447.01,811.6,32.0,304.0,93.4,-1.9,-109.4,-168.8,0.12,0.09,1.39,1.15,6.18
78086,313,40.3061310,-69.3096314,6699.9,20962,170.20,299.17,214.91,0.482,0.3,59.51,69.35,-9.8,2.06,2.40,-18.97,320.01,-47.57,-7.18,4.7,-9999,446.99,811.5,32.2,304.1,93.4,-2.1,-109.4,-168.9,0.12,0.09,1.39,1.15,6.17
78087,313,40.3069021,-69.3075857,6700.2,20964,170.17,299.00,214.76,0.481,0.3,59.55,69.51,-10.0,2.06,2.70,-18.96,320.03,-47.57,-7.18,4.9,-9999,446.95,811.4,32.5,304.4,93.4,-2.1,-109.4,-169.0,0.12,0.09,1.39,1.16,6.17
78088,313,40.3075806,-69.3057701,6700.5,20968,170.22,299.27,214.96,0.482,0.4,59.74,69.64,-9.9,2.04,2.42,-18.99,320.00,-47.58,-7.20,5.0,-9999,446.89,811.3,32.3,304.6,93.4,-2.1,-109.4,-169.2,0.12,0.09,1.38,1.15,6.18
78089,313,40.3082488,-69.3039701,6700.9,20967,170.23,299.28,214.98,0.482,0.2,60.09,69.75,-9.7,2.03,2.08,-19.00,319.99,-47.58,-7.20,5.1,-9999,446.90,811.2,31.8,304.2,93.4,-2.0,-109.4,-169.5,0.12,0.09,1.38,1.15,6.18
78090,313,40.3089135,-69.3021679,6701.1,20969,170.29,298.94,214.71,0.481,0.2,60.43,69.86,-9.4,2.01,2.14,-18.99,320.01,-47.58,-7.22,4.6,-9999,446.86,811.3,31.3,303.4,93.4,-2.0,-109.4,-169.8,0.12,0.09,1.39,1.15,6.17
78091,313,40.3092842,-69.3011576,6701.3,20968,170.25,298.96,214.72,0.481,0.3,60.55,69.98,-9.4,2.00,2.34,-18.97,320.03,-47.55,-7.20,5.0,-9999,446.88,811.2,31.3,303.7,93.4,-2.1,-109.4,-170.0,0.12,0.09,1.39,1.15,6.18
78092,313,40.3100543,-69.2990437,6701.6,20968,170.33,298.78,214.59,0.481,0.2,60.64,70.18,-9.5,1.99,2.91,-18.97,320.03,-47.56,-7.21,5.1,-9999,446.89,811,31.6,303.8,93.5,-2.2,-109.4,-170.1,0.12,0.09,1.39,1.15,6.18
78093,313,40.3108308,-69.2968891,6701.8,20972,170.29,298.92,214.69,0.481,0.1,60.69,70.36,-9.7,1.97,2.98,-18.99,320.02,-47.58,-7.22,4.9,-9999,446.80,811.1,31.9,304.5,93.5,-2.2,-109.4,-170.1,0.12,0.09,1.39,1.15,6.18
78094,313,40.3115300,-69.2949297,6701.9,20971,170.33,298.84,214.63,0.481,0.1,60.92,70.50,-9.6,1.95,2.50,-18.98,320.03,-47.56,-7.22,5.0,-9999,446.82,811.1,31.7,304.3,93.5,-2.2,-109.4,-170.3,0.12,0.09,1.39,1.15,6.18
78095,313,40.3121735,-69.2931128,6702.0,20970,170.34,298.68,214.51,0.481,0.0,61.27,70.62,-9.3,1.95,2.11,-18.97,320.03,-47.57,-7.22,4.7,-9999,446.85,811,31.2,303.7,93.5,-2.1,-109.4,-170.6,0.12,0.09,1.39,1.15,6.17
78096,313,40.3128136,-69.2912935,6702.0,20971,170.37,298.31,214.23,0.480,0.1,61.57,70.72,-9.2,1.99,2.17,-18.96,320.05,-47.57,-7.24,5.1,-9999,446.83,811.2,30.8,303.0,93.5,-2.0,-109.4,-170.9,0.12,0.09,1.39,1.16,6.17
78097,313,40.3131194,-69.2904193,6702.1,20970,170.41,298.22,214.16,0.480,0.2,61.64,70.84,-9.2,2.03,2.32,-18.95,320.06,-47.57,-7.23,5.0,-9999,446.84,811.3,31.0,303.1,93.5,-2.0,-109.4,-171.0,0.12,0.09,1.39,1.16,6.16
78098,313,40.3138672,-69.2882674,6702.3,20966,170.41,298.26,214.21,0.480,0.3,61.66,71.02,-9.4,2.12,2.75,-18.96,320.03,-47.56,-7.24,4.7,-9999,446.92,811.4,31.4,303.7,93.5,-2.0,-109.4,-171.1,0.12,0.09,1.39,1.16,6.17
78099,313,40.3146148,-69.2860932,6702.5,20970,170.41,297.95,213.95,0.480,0.5,61.70,71.20,-9.5,2.15,2.93,-18.94,320.08,-47.55,-7.24,4.8,-9999,446.84,811.6,31.8,304.0,93.5,-2.0,-109.4,-171.1,0.12,0.09,1.39,1.16,6.16
78100,313,40.3153314,-69.2839886,6703.0,20974,170.44,297.93,213.93,0.480,0.5,61.96,71.35,-9.4,2.13,2.68,-18.96,320.07,-47.56,-7.27,4.8,-9999,446.77,811.6,31.5,303.8,93.5,-2.0,-109.4,-171.3,0.12,0.09,1.39,1.16,6.17
78101,313,40.3159500,-69.2821559,6703.5,20976,170.47,297.71,213.76,0.479,0.4,62.31,71.47,-9.2,2.14,2.02,-18.95,320.09,-47.57,-7.27,4.8,-9999,446.73,811.6,31.1,303.1,93.5,-1.9,-109.4,-171.6,0.12,0.09,1.39,1.16,6.16
78102,313,40.3165651,-69.2803211,6703.9,20977,170.39,297.50,213.59,0.479,0.5,62.56,71.55,-9.0,2.18,1.20,-18.94,320.10,-47.56,-7.28,5.0,-9999,446.71,811.8,30.7,302.7,93.5,-1.7,-109.4,-171.8,0.12,0.09,1.39,1.16,6.16
78103,313,40.3171778,-69.2784850,6704.4,20979,170.42,297.35,213.48,0.479,0.3,62.64,71.61,-9.0,2.17,0.84,-18.96,320.08,-47.58,-7.32,4.7,-9999,446.67,812,30.7,302.6,93.5,-1.7,-109.3,-171.9,0.12,0.09,1.39,1.15,6.16
78104,313,40.3175260,-69.2774378,6704.7,20983,170.47,297.36,213.47,0.479,0.7,0.00,71.64,-71.6,-9999,0.00,-18.97,320.09,-47.56,-7.32,4.8,-9999,446.59,811.7,-8888,-9999,93.5,-3.7,-109.3,-109.2,0.12,0.09,1.39,1.15,6.17
78105,313,40.3182516,-69.2752513,6705.4,20985,170.42,297.21,213.35,0.478,0.6,62.43,71.70,-9.3,2.16,0.65,-18.96,320.11,-47.57,-7.32,4.8,-9999,446.56,811.7,31.4,303.3,93.5,-1.7,-109.3,-171.7,0.12,0.09,1.39,1.16,6.17
