NASA Data Processing/NAAMES(2015)/METNAV/NAAMES-Hskping_c130_20151109_R3.ict
78,1001
Project Office
NSRC - National Suborbital Research Center
C-130 (N439NA) Data Acquisition and Distribution
NAAMES 2015
1,1
2015,11,09,2018,11,30
1
Start_UTC,seconds
34
1,1,1,1,1,1,1,1,1,1,1,1,1,1,1,1,1,1,1,1,1,1,1,1,1,1,1,1,1,1,1,1,1,1
-9999,-9999,-9999,-9999,-9999,-9999,-9999,-9999,-9999,-9999,-9999,-9999,-9999,-9999,-9999,-9999,-9999,-9999,-9999,-9999,-9999,-9999,-9999,-9999,-9999,-9999,-9999,-9999,-9999,-9999,-9999,-9999,-9999,-9999
Day_Of_Year, day beginning January 1
Latitude, deg
Longitude, deg
GPS_Altitude, m (height above mean sea level*)
Pressure_Altitude, ft
Ground_Speed, m/s
True_Air_Speed, kts
Indicated_Air_Speed, kts
Mach_Number, mach
Vertical_Speed, m/s
True_Heading, deg (0-360, cw from +y)
Track_Angle, deg (0-360, cw from +y)
Drift_Angle, deg (+-180, cw from +y)
Pitch_Angle, deg (+-180, up+)
Roll_Angle, deg (+-180, rt+)
Static_Air_Temp, Celcius
Potential_Temp, Kelvin
Dew_Point, Celcius
Total_Air_Temp, Celcius
IR_Surf_Temp, Celcius
IR_Zenith_Temp, Celcius
Static_Pressure, mb
Cabin_Pressure, mb
Wind_Speed, m/s (limited to where Roll_Angle <= 5 degrees)
Wind_Direction,  deg (0-360, cw from +y)
Solar_Zenith_Angle, deg
Aircraft_Sun_Elevation, deg
Sun_Azimuth, deg
Aircraft_Sun_Azimuth, deg
Mixing_Ratio, g/kg
Part_Press_Water_Vapor, mb
Sat_Vapor_Press_H2O, mb
Sat_Vapor_Press_Ice, mb
Relative_Humidity, percent (with respect to water)
0
30
PI_CONTACT_INFO: Melissa Yang Martin, m.yang@baeri.org 
Platform: Wallops C-130 N439NA
LOCATION: Included in data records
ASSOCIATED_DATA: This data represents NAAMES 2015 Transit to St. Johns Newfoundland from Wallops Flight Facility. See NAAMES archive on Langley Archive http://www-air.larc.nasa.gov/missions/naames/index.html
INSTRUMENT_INFO: 
        Position, ground speed, attitude, and vertical speed from LN251 EGI
        Wind_Speed and Wind_Direction calculated from LN251 EGI, pitot-static pressure transducers
        Total_Air_Temperature from Rosemount 102AU1AP deiced* (deicing not powered)
        Static_Pressure from Rosemount 1201F1B5B1B, Pitot Pressure from Rosemount 1221F2AF7B1B 
        IR_Surface_Temp, IR_Zenith_Temp from Heitronics KT19.85 II
        Cabin_Pressure from Measurement Specialties EPRB-2-XU63-30P-/Z1
        Dew_Point and calculated water vapor parameters from Edgetech Vigilant Hygrometer model 137 3-stage TEC chilled mirror
        Pressure_Altitude, Indicated_Air_Speed, True_Air_Speed, Mach_Number, Static_Air_Temperature derived from pitot-static pressure transducers and total air temperature probe,
DATA_INFO: Contact PI or Data Manager
UNCERTAINTY:NONE,5m,5m,5m,N/A,0.015 m/s,N/A,N/A,0.01 mach,0.015 m/s,0.02 deg,0.02 deg,0.02 deg,0.02 deg,0.02 deg,0.5 deg C,N/A,0.2 deg C,0.3 deg C, 0.7%*(TargetTemp-HousingTemp), 0.7%*(TargetTemp-HousingTemp),N/A,0.15 %,1 m/s,0.5 deg,N/A,N/A,N/A,N/A,N/A,N/A,N/A,N/A,N/A
ULOD_FLAG:-7777
ULOD_VALUE:N/A,90,180,N/A,N/A,N/A,N/A,N/A,0.99,N/A,N/A,N/A,N/A,N/A,N/A,330,N/A,90,350,200,200,N/A,1333.22,N/A,N/A,N/A,N/A,N/A,N/A,N/A,N/A,N/A,N/A,N/A
LLOD_FLAG:-8888
LLOD_VALUE:N/A,-90,-180,N/A,N/A,N/A,N/A,N/A,0,N/A,N/A,N/A,N/A,N/A,N/A,-105,N/A,-50,-70,-150,-150,N/A,0.66,1,N/A,N/A,N/A,N/A,N/A,N/A,N/A,N/A,N/A,N/A;
DM_CONTACT_INFO: Ryan Bennett, r.bennett@baeri.org
PROJECT_INFO: See NAAMES website for more information at: https://naames.larc.nasa.gov/
STIPULATIONS_ON_USE: Contact PI or DM with questions before use
OTHER_COMMENTS: IR_Zenith_Temp flagged as missing.
REVISION: R3
R3: Applied signal conditioner calibration to Total_Air_Temp, Static_Air_Temp, and Potential_Temp.
R2: Applied calibrations to pitot-static system variables (Static_Pressure, Mach_Number, etc.) and included recovery factor in Total_Air_Temp and Static_Air_Temp calculations. GPS_Altitude (msl) calculated from GPS parameters (height above ellipsoid minus geoid height). Smoothing applied to intervals where Edgetech hygrometer Dew_Point oscillations were present, subsequent water vapor variables calculated from the smoothed segment Dew_Point trace.
R1: Updated header information to include ULOD, LLOD, instrument uncertainties, new contact information for NSRC PI and DM, re-calculated wind speeds and directions, added IR_Zenith_Temp.
R0: Final Data
RA: This is Mostly QC'd Field Data
Start_UTC,Day_Of_Year,Latitude,Longitude,GPS_Altitude,Pressure_Altitude,Ground_Speed,True_Air_Speed,Indicated_Air_Speed,Mach_Number,Vertical_Speed,True_Heading,Track_Angle,Drift_Angle,Pitch_Angle,Roll_Angle,Static_Air_Temp,Potential_Temp,Dew_Point,Total_Air_Temp,IR_Surf_Temp,IR_Zenith_Temp,Static_Pressure,Cabin_Pressure,Wind_Speed,Wind_Direction,Solar_Zenith_Angle,Aircraft_Sun_Elevation,Sun_Azimuth,Aircraft_Sun_Azimuth,Mixing_Ratio,Part_Press_Water_Vapor,Sat_Vapor_Press_H2O,Sat_Vapor_Press_Ice,Relative_Humidity
[from data line 10212]
83557,313,42.6718952,-58.6819212,6589.4,21079,173.41,301.29,218.12,0.490,-0.1,45.99,63.60,-17.6,1.47,0.13,-23.84,314.31,-47.56,-11.89,-1.1,-9999,444.78,820.4,53.5,304.9,118.4,-27.7,-87.3,-133.7,0.12,0.09,0.91,0.72,9.45
83558,313,42.6729312,-58.6798346,6589.3,21080,173.41,301.23,218.08,0.490,-0.2,46.09,63.63,-17.5,1.45,0.11,-23.86,314.29,-47.55,-11.91,0.3,-9999,444.77,820.4,53.3,304.9,118.4,-27.7,-87.3,-133.8,0.12,0.09,0.91,0.72,9.48
83559,313,42.6739577,-58.6777639,6589.1,21079,173.50,301.31,218.14,0.490,-0.2,46.13,63.66,-17.5,1.43,0.07,-23.86,314.29,-47.57,-11.90,-0.9,-9999,444.79,820.4,53.3,304.8,118.4,-27.7,-87.3,-133.8,0.12,0.09,0.91,0.72,9.45
83560,313,42.6748444,-58.6759729,6588.9,21079,173.52,301.29,218.13,0.490,-0.4,46.12,63.68,-17.6,1.43,0.01,-23.87,314.28,-47.58,-11.91,-0.6,-9999,444.79,820.4,53.4,304.8,118.4,-27.6,-87.3,-133.8,0.12,0.09,0.91,0.72,9.45
83561,313,42.6757134,-58.6742161,6588.5,21080,173.59,301.33,218.16,0.490,-0.5,46.09,63.69,-17.6,1.34,-0.13,-23.88,314.27,-47.60,-11.92,-2.8,-9999,444.77,820.4,53.5,304.8,118.4,-27.6,-87.3,-133.7,0.12,0.09,0.90,0.72,9.44
83562,313,42.6765824,-58.6724587,6588.0,21077,173.58,301.31,218.15,0.490,-0.3,46.09,63.70,-17.6,1.25,-0.27,-23.87,314.27,-47.60,-11.91,-3.2,-9999,444.82,820.4,53.5,304.8,118.4,-27.6,-87.3,-133.6,0.12,0.09,0.91,0.72,9.43
83563,313,42.6770516,-58.6715094,6587.7,21076,173.66,301.27,218.13,0.490,-0.9,46.11,63.69,-17.6,1.24,-0.32,-23.87,314.27,-47.61,-11.91,-4.0,-9999,444.85,820.4,53.5,304.7,118.4,-27.5,-87.3,-133.6,0.12,0.09,0.91,0.72,9.41
83564,313,42.6780687,-58.6694522,6586.8,21071,173.70,301.33,218.20,0.490,-1.2,46.15,63.70,-17.6,1.18,-0.31,-23.86,314.26,-47.63,-11.90,-3.8,-9999,444.94,820.3,53.4,304.7,118.4,-27.6,-87.3,-133.6,0.12,0.09,0.91,0.72,9.39
83565,313,42.6791033,-58.6673588,6585.6,21068,173.80,301.46,218.30,0.490,-1.2,46.17,63.71,-17.5,1.16,-0.21,-23.87,314.24,-47.64,-11.90,-3.5,-9999,444.99,820.3,53.5,304.7,118.4,-27.7,-87.3,-133.6,0.12,0.08,0.91,0.72,9.38
83566,313,42.6800598,-58.6654224,6584.4,21063,173.79,301.52,218.37,0.490,-0.9,46.15,63.73,-17.6,1.25,0.07,-23.85,314.24,-47.68,-11.88,-2.8,-9999,445.09,820.1,53.5,304.8,118.4,-27.7,-87.3,-133.7,0.12,0.08,0.91,0.72,9.33
83567,313,42.6809292,-58.6636612,6583.5,21064,173.97,301.70,218.50,0.490,-0.9,46.13,63.74,-17.6,1.31,0.04,-23.86,314.24,-47.67,-11.87,0.0,-9999,445.08,820.1,53.7,304.7,118.4,-27.8,-87.3,-133.7,0.12,0.08,0.91,0.72,9.35
83568,313,42.6817985,-58.6618990,6582.6,21058,173.96,301.80,218.59,0.490,-0.4,46.14,63.75,-17.6,1.35,0.10,-23.83,314.25,-47.70,-11.83,1.1,-9999,445.18,820.1,53.7,304.8,118.4,-27.8,-87.3,-133.8,0.12,0.08,0.91,0.72,9.29
83569,313,42.6822332,-58.6610175,6582.2,21059,174.04,301.96,218.71,0.491,-0.7,46.16,63.78,-17.6,1.39,0.10,-23.83,314.25,-47.70,-11.82,1.2,-9999,445.17,820.1,53.7,304.8,118.4,-27.8,-87.3,-133.8,0.12,0.08,0.91,0.72,9.29
83570,313,42.6832584,-58.6589362,6581.5,21056,174.00,302.06,218.79,0.491,-0.6,46.24,63.80,-17.6,1.49,0.08,-23.82,314.25,-47.73,-11.81,1.3,-9999,445.22,820.1,53.5,304.9,118.4,-27.7,-87.3,-133.9,0.12,0.08,0.91,0.72,9.26
83571,313,42.6843006,-58.6568186,6580.9,21055,174.05,302.13,218.84,0.491,-0.2,46.31,63.82,-17.5,1.59,0.07,-23.81,314.27,-47.72,-11.78,2.0,-9999,445.25,820.3,53.4,304.9,118.4,-27.6,-87.3,-134.0,0.12,0.08,0.91,0.72,9.25
83572,313,42.6852725,-58.6548412,6580.7,21058,174.07,302.21,218.89,0.491,0.0,46.32,63.85,-17.5,1.65,0.09,-23.82,314.26,-47.76,-11.79,1.9,-9999,445.18,820.3,53.5,305.0,118.4,-27.6,-87.2,-134.1,0.12,0.08,0.91,0.72,9.22
83573,313,42.6861396,-58.6530749,6580.6,21056,174.03,302.20,218.89,0.491,0.1,46.31,63.88,-17.6,1.71,0.09,-23.80,314.27,-47.76,-11.78,1.9,-9999,445.22,820.2,53.6,305.1,118.5,-27.5,-87.2,-134.1,0.12,0.08,0.91,0.72,9.21
83574,313,42.6870060,-58.6513082,6580.7,21057,174.00,302.28,218.94,0.491,0.1,46.28,63.89,-17.6,1.72,0.05,-23.80,314.28,-47.78,-11.77,2.2,-9999,445.20,820,53.6,305.2,118.5,-27.5,-87.2,-134.0,0.12,0.08,0.91,0.72,9.19
83575,313,42.6874043,-58.6504954,6580.8,21057,174.03,302.23,218.90,0.491,0.3,46.28,63.91,-17.6,1.74,0.03,-23.80,314.28,-47.78,-11.77,2.1,-9999,445.20,820,53.7,305.1,118.5,-27.5,-87.2,-134.0,0.12,0.08,0.91,0.72,9.18
83576,313,42.6884343,-58.6483926,6581.1,21059,173.98,302.17,218.85,0.491,0.5,46.30,63.92,-17.6,1.81,0.06,-23.81,314.28,-47.80,-11.78,2.4,-9999,445.17,820,53.7,305.2,118.5,-27.4,-87.2,-134.0,0.12,0.08,0.91,0.72,9.17
83577,313,42.6894633,-58.6462898,6581.6,21059,173.94,302.23,218.90,0.491,0.7,46.32,63.94,-17.6,1.83,-0.12,-23.82,314.26,-47.80,-11.79,2.3,-9999,445.16,820,53.6,305.3,118.5,-27.3,-87.2,-134.0,0.12,0.08,0.91,0.72,9.18
83578,313,42.6904656,-58.6442402,6582.3,21060,173.88,302.26,218.92,0.491,0.7,46.27,63.95,-17.7,1.89,-0.17,-23.82,314.27,-47.80,-11.79,2.5,-9999,445.14,819.9,53.8,305.4,118.5,-27.2,-87.2,-134.0,0.12,0.08,0.91,0.72,9.18
83579,313,42.6913293,-58.6424737,6583.0,21063,173.81,302.23,218.89,0.491,0.8,46.18,63.94,-17.8,1.93,-0.28,-23.85,314.25,-47.81,-11.82,2.4,-9999,445.08,819.9,54.0,305.4,118.5,-27.1,-87.2,-133.8,0.12,0.08,0.91,0.72,9.19
83580,313,42.6921927,-58.6407080,6583.8,21068,173.74,302.10,218.79,0.491,0.4,46.13,63.93,-17.8,1.93,-0.47,-23.86,314.24,-47.83,-11.84,2.1,-9999,445.00,819.9,54.0,305.5,118.5,-27.0,-87.2,-133.7,0.12,0.08,0.91,0.72,9.19
83581,313,42.6925467,-58.6399845,6584.2,21071,173.70,302.04,218.74,0.491,1.0,46.14,63.91,-17.8,1.92,-0.55,-23.90,314.21,-47.83,-11.88,2.0,-9999,444.94,819.6,53.9,305.4,118.5,-27.0,-87.2,-133.7,0.12,0.08,0.90,0.72,9.22
83582,313,42.6935572,-58.6379211,6585.2,21074,173.60,302.00,218.70,0.491,1.1,46.23,63.87,-17.6,1.90,-0.74,-23.91,314.21,-47.83,-11.90,1.7,-9999,444.87,819.7,53.6,305.4,118.5,-26.8,-87.2,-133.7,0.12,0.08,0.90,0.71,9.22
83583,313,42.6945857,-58.6358247,6586.3,21078,173.45,301.93,218.64,0.491,0.9,46.34,63.85,-17.5,1.86,-0.73,-23.93,314.20,-47.83,-11.92,1.7,-9999,444.80,819.7,53.1,305.4,118.5,-26.9,-87.2,-133.8,0.12,0.08,0.90,0.71,9.24
83584,313,42.6956058,-58.6337475,6587.2,21081,173.47,301.66,218.44,0.490,0.7,46.32,63.83,-17.5,1.79,-0.55,-23.96,314.18,-47.84,-11.97,1.1,-9999,444.74,819.7,53.2,305.2,118.5,-27.1,-87.2,-133.8,0.12,0.08,0.90,0.71,9.25
83585,313,42.6965137,-58.6319003,6587.9,21084,173.36,301.45,218.28,0.490,0.5,46.24,63.81,-17.6,1.70,-0.42,-23.97,314.17,-47.85,-12.00,1.1,-9999,444.70,819.8,53.3,305.2,118.5,-27.2,-87.2,-133.7,0.12,0.08,0.90,0.71,9.25
83586,313,42.6973785,-58.6301417,6588.4,21083,173.34,301.24,218.14,0.490,0.3,46.21,63.80,-17.6,1.65,-0.33,-24.00,314.13,-47.85,-12.05,-1.5,-9999,444.72,819.8,53.4,305.1,118.5,-27.3,-87.2,-133.7,0.12,0.08,0.89,0.71,9.28
83587,313,42.6982436,-58.6283838,6588.7,21082,173.26,301.15,218.09,0.490,0.1,46.26,63.79,-17.5,1.58,-0.25,-24.04,314.08,-47.86,-12.09,-1.8,-9999,444.72,819.8,53.2,305.1,118.5,-27.4,-87.2,-133.8,0.12,0.08,0.89,0.71,9.30
83588,313,42.6987108,-58.6274347,6588.8,21082,173.29,301.20,218.14,0.490,0.0,46.29,63.79,-17.5,1.56,-0.20,-24.07,314.04,-47.86,-12.12,-2.4,-9999,444.73,820,53.1,305.1,118.5,-27.5,-87.2,-133.8,0.12,0.08,0.89,0.70,9.32
83589,313,42.6997230,-58.6253783,6588.8,21084,173.28,301.26,218.20,0.490,-0.1,46.33,63.79,-17.5,1.51,-0.15,-24.12,313.99,-47.86,-12.16,-1.6,-9999,444.69,820,53.0,305.1,118.5,-27.6,-87.2,-133.8,0.12,0.08,0.89,0.70,9.36
83590,313,42.7007441,-58.6233042,6588.6,21085,173.31,301.37,218.29,0.490,-0.3,46.33,63.78,-17.5,1.45,-0.20,-24.15,313.95,-47.89,-12.19,0.7,-9999,444.67,820,53.0,305.1,118.5,-27.6,-87.2,-133.8,0.12,0.08,0.88,0.70,9.36
83591,313,42.7017049,-58.6213532,6588.3,21084,173.31,301.47,218.38,0.490,-0.3,46.33,63.77,-17.4,1.43,-0.31,-24.16,313.93,-47.91,-12.19,-1.3,-9999,444.69,820,52.9,305.2,118.5,-27.5,-87.2,-133.7,0.12,0.08,0.88,0.70,9.35
83592,313,42.7025709,-58.6195955,6588.0,21085,173.30,301.56,218.45,0.490,-0.3,46.31,63.76,-17.4,1.44,-0.45,-24.18,313.91,-47.92,-12.21,-0.8,-9999,444.68,819.9,52.9,305.2,118.5,-27.4,-87.2,-133.7,0.12,0.08,0.88,0.70,9.35
83593,313,42.7034372,-58.6178382,6587.7,21081,173.34,301.52,218.44,0.490,-0.1,46.28,63.74,-17.5,1.46,-0.57,-24.19,313.89,-47.92,-12.21,0.2,-9999,444.75,820,53.0,305.1,118.5,-27.3,-87.2,-133.6,0.12,0.08,0.88,0.70,9.36
83594,313,42.7038360,-58.6170299,6587.6,21084,173.42,301.46,218.37,0.490,-0.4,46.26,63.72,-17.5,1.45,-0.62,-24.17,313.92,-47.92,-12.20,1.4,-9999,444.70,820.2,53.0,305.0,118.5,-27.3,-87.1,-133.5,0.12,0.08,0.88,0.70,9.34
83595,313,42.7048595,-58.6149572,6587.2,21084,173.39,301.23,218.20,0.490,-0.4,46.18,63.68,-17.5,1.45,-0.70,-24.17,313.92,-47.95,-12.22,1.8,-9999,444.69,820.1,53.2,304.9,118.5,-27.2,-87.1,-133.4,0.11,0.08,0.88,0.70,9.31
83596,313,42.7058929,-58.6128679,6586.8,21083,173.36,301.19,218.16,0.490,-0.4,46.09,63.64,-17.6,1.44,-0.70,-24.14,313.95,-47.95,-12.19,2.2,-9999,444.72,820.3,53.3,304.9,118.6,-27.3,-87.1,-133.3,0.11,0.08,0.88,0.70,9.29
83597,313,42.7069102,-58.6108146,6586.4,21083,173.38,301.24,218.20,0.490,-0.3,46.00,63.61,-17.6,1.43,-0.67,-24.15,313.95,-47.97,-12.19,2.2,-9999,444.70,820.3,53.4,304.9,118.6,-27.3,-87.1,-133.2,0.11,0.08,0.88,0.70,9.27
83598,313,42.7077807,-58.6090604,6586.1,21081,173.48,301.26,218.23,0.490,-0.4,45.96,63.57,-17.6,1.41,-0.66,-24.15,313.94,-47.97,-12.19,2.3,-9999,444.74,820.1,53.5,304.8,118.6,-27.3,-87.1,-133.2,0.11,0.08,0.88,0.70,9.27
83599,313,42.7086522,-58.6073070,6585.7,21079,173.39,301.27,218.24,0.490,-0.4,45.94,63.54,-17.6,1.42,-0.64,-24.14,313.93,-47.99,-12.19,1.1,-9999,444.79,820.2,53.4,304.8,118.6,-27.3,-87.1,-133.2,0.11,0.08,0.88,0.70,9.25
83600,313,42.7095245,-58.6055542,6585.3,21076,173.33,301.18,218.18,0.490,-0.2,45.93,63.52,-17.6,1.43,-0.61,-24.13,313.94,-48.01,-12.18,-1.2,-9999,444.84,820.2,53.4,304.8,118.6,-27.4,-87.1,-133.2,0.11,0.08,0.88,0.70,9.22
83601,313,42.7100220,-58.6045554,6585.1,21076,173.40,301.26,218.25,0.490,-0.5,45.93,63.50,-17.6,1.44,-0.58,-24.14,313.92,-47.99,-12.19,0.9,-9999,444.85,820.4,53.3,304.8,118.6,-27.4,-87.1,-133.2,0.11,0.08,0.88,0.70,9.24
83602,313,42.7110353,-58.6025232,6584.6,21075,173.44,301.47,218.41,0.490,-0.4,45.88,63.47,-17.6,1.47,-0.50,-24.14,313.92,-48.02,-12.17,1.5,-9999,444.86,820.4,53.4,304.8,118.6,-27.4,-87.1,-133.2,0.11,0.08,0.88,0.70,9.22
83603,313,42.7120756,-58.6004392,6584.2,21076,173.48,301.48,218.41,0.490,-0.4,45.85,63.45,-17.6,1.49,-0.45,-24.14,313.93,-48.02,-12.17,1.1,-9999,444.84,820.3,53.5,304.8,118.6,-27.4,-87.1,-133.2,0.11,0.08,0.88,0.70,9.22
83604,313,42.7130204,-58.5985482,6583.8,21074,173.40,301.44,218.39,0.490,-0.2,45.82,63.43,-17.6,1.50,-0.43,-24.15,313.91,-48.05,-12.18,0.7,-9999,444.87,820.3,53.4,304.8,118.6,-27.5,-87.1,-133.2,0.11,0.08,0.88,0.70,9.19
83605,313,42.7138958,-58.5967978,6583.5,21072,173.39,301.51,218.45,0.490,-0.3,45.80,63.42,-17.6,1.50,-0.45,-24.14,313.92,-48.05,-12.16,1.1,-9999,444.91,820.2,53.4,304.9,118.6,-27.4,-87.1,-133.1,0.11,0.08,0.88,0.70,9.18
83606,313,42.7147715,-58.5950478,6583.2,21073,173.43,301.56,218.48,0.490,-0.1,45.77,63.40,-17.6,1.52,-0.51,-24.14,313.92,-48.05,-12.16,1.9,-9999,444.89,820,53.5,304.8,118.6,-27.4,-87.1,-133.1,0.11,0.08,0.88,0.70,9.18
83607,313,42.7152447,-58.5941030,6583.1,21072,173.43,301.55,218.47,0.490,-0.1,45.76,63.38,-17.6,1.53,-0.56,-24.12,313.93,-48.07,-12.15,2.2,-9999,444.91,820,53.5,304.8,118.6,-27.4,-87.1,-133.0,0.11,0.08,0.88,0.70,9.15
83608,313,42.7162791,-58.5920391,6583.0,21071,173.36,301.77,218.65,0.491,-0.2,45.72,63.34,-17.6,1.55,-0.65,-24.14,313.91,-48.07,-12.14,2.3,-9999,444.94,820.1,53.4,305.0,118.6,-27.3,-87.1,-133.0,0.11,0.08,0.88,0.70,9.16
83609,313,42.7173410,-58.5899240,6582.8,21074,173.35,302.04,218.85,0.491,0.0,45.70,63.31,-17.6,1.56,-0.76,-24.17,313.89,-48.07,-12.15,2.9,-9999,444.89,820,53.4,305.1,118.6,-27.2,-87.1,-132.9,0.11,0.08,0.88,0.70,9.18
83610,313,42.7182808,-58.5880548,6582.8,21072,173.35,302.13,218.92,0.491,0.1,45.72,63.27,-17.6,1.58,-0.80,-24.17,313.87,-48.10,-12.15,2.3,-9999,444.91,820,53.2,305.1,118.6,-27.1,-87.1,-132.9,0.11,0.08,0.88,0.70,9.16
83611,313,42.7191598,-58.5863089,6582.9,21075,173.36,301.94,218.77,0.491,0.1,45.73,63.25,-17.5,1.62,-0.77,-24.17,313.89,-48.11,-12.16,2.6,-9999,444.87,819.9,53.1,304.9,118.6,-27.2,-87.1,-132.9,0.11,0.08,0.88,0.70,9.15
83612,313,42.7200395,-58.5845639,6583.0,21072,173.33,301.74,218.63,0.491,0.1,45.71,63.23,-17.5,1.65,-0.66,-24.15,313.90,-48.12,-12.16,2.7,-9999,444.92,819.9,53.2,304.8,118.6,-27.2,-87.1,-133.0,0.11,0.08,0.88,0.70,9.12
83613,313,42.7204530,-58.5837440,6583.1,21074,173.27,301.58,218.49,0.490,0.2,45.68,63.22,-17.5,1.65,-0.60,-24.14,313.92,-48.13,-12.16,2.9,-9999,444.87,819.9,53.2,304.8,118.6,-27.3,-87.1,-133.0,0.11,0.08,0.88,0.70,9.11
83614,313,42.7214828,-58.5817034,6583.3,21075,173.27,301.42,218.37,0.490,0.2,45.62,63.21,-17.6,1.66,-0.46,-24.14,313.92,-48.12,-12.18,2.9,-9999,444.87,820,53.3,304.7,118.6,-27.4,-87.1,-133.0,0.11,0.08,0.88,0.70,9.11
83615,313,42.7225216,-58.5796461,6583.5,21076,173.28,301.50,218.43,0.490,0.3,45.63,63.20,-17.6,1.65,-0.43,-24.14,313.93,-48.13,-12.17,2.8,-9999,444.84,820.1,53.3,304.7,118.6,-27.4,-87.1,-133.0,0.11,0.08,0.88,0.70,9.11
83616,313,42.7235606,-58.5775895,6583.8,21078,173.22,301.58,218.48,0.490,0.2,45.70,63.19,-17.5,1.65,-0.46,-24.16,313.91,-48.15,-12.18,3.0,-9999,444.80,820.1,53.0,304.8,118.6,-27.4,-87.0,-133.0,0.11,0.08,0.88,0.70,9.10
83617,313,42.7244411,-58.5758468,6584.0,21078,173.13,301.48,218.41,0.490,0.1,45.76,63.19,-17.4,1.62,-0.48,-24.16,313.91,-48.15,-12.19,2.8,-9999,444.80,820,52.8,304.8,118.6,-27.4,-87.0,-133.1,0.11,0.08,0.88,0.70,9.10
83618,313,42.7253215,-58.5741042,6584.1,21079,173.12,301.44,218.37,0.490,0.0,45.73,63.19,-17.5,1.59,-0.48,-24.15,313.92,-48.15,-12.19,3.1,-9999,444.78,819.8,52.9,304.8,118.6,-27.4,-87.0,-133.0,0.11,0.08,0.88,0.70,9.10
83619,313,42.7257266,-58.5733027,6584.1,21078,173.18,301.47,218.40,0.490,0.1,45.70,63.19,-17.5,1.59,-0.48,-24.17,313.90,-48.15,-12.20,3.1,-9999,444.81,820,53.0,304.7,118.7,-27.4,-87.0,-133.0,0.11,0.08,0.88,0.70,9.11
83620,313,42.7267656,-58.5712467,6584.2,21079,173.25,301.47,218.41,0.490,0.1,45.63,63.18,-17.5,1.58,-0.54,-24.17,313.90,-48.17,-12.20,2.7,-9999,444.79,819.9,53.2,304.7,118.7,-27.4,-87.0,-132.9,0.11,0.08,0.88,0.70,9.09
83621,313,42.7278138,-58.5691739,6584.2,21081,173.22,301.46,218.39,0.490,-0.1,45.64,63.16,-17.5,1.55,-0.62,-24.17,313.90,-48.17,-12.20,2.7,-9999,444.75,819.9,53.1,304.7,118.7,-27.4,-87.0,-132.9,0.11,0.08,0.88,0.70,9.09
83622,313,42.7288447,-58.5671362,6584.1,21078,173.15,301.49,218.42,0.490,0.0,45.72,63.16,-17.4,1.51,-0.62,-24.17,313.89,-48.18,-12.20,2.7,-9999,444.80,820,52.9,304.7,118.7,-27.4,-87.0,-132.9,0.11,0.08,0.88,0.70,9.08
83623,313,42.7297261,-58.5653947,6584.1,21077,173.20,301.42,218.37,0.490,-0.2,45.72,63.16,-17.4,1.51,-0.54,-24.16,313.90,-48.17,-12.20,2.9,-9999,444.82,820.1,52.9,304.6,118.7,-27.5,-87.0,-132.9,0.11,0.08,0.88,0.70,9.08
83624,313,42.7306076,-58.5636530,6583.9,21079,173.15,301.30,218.27,0.490,-0.1,45.67,63.16,-17.5,1.48,-0.42,-24.15,313.93,-48.19,-12.19,2.9,-9999,444.79,820,53.0,304.6,118.7,-27.6,-87.0,-132.9,0.11,0.08,0.88,0.70,9.05
83625,313,42.7314891,-58.5619112,6583.8,21081,173.20,301.25,218.22,0.490,-0.1,45.60,63.16,-17.6,1.44,-0.34,-24.16,313.93,-48.19,-12.20,3.1,-9999,444.75,820,53.2,304.6,118.7,-27.7,-87.0,-132.9,0.11,0.08,0.88,0.70,9.06
83626,313,42.7320004,-58.5609008,6583.7,21079,173.25,301.26,218.25,0.490,-0.4,45.59,63.16,-17.6,1.42,-0.31,-24.17,313.90,-48.19,-12.21,3.1,-9999,444.79,820.2,53.3,304.6,118.7,-27.7,-87.0,-132.9,0.11,0.08,0.88,0.70,9.06
83627,313,42.7330583,-58.5588098,6583.3,21079,173.30,301.15,218.15,0.490,-0.4,45.66,63.17,-17.5,1.39,-0.29,-24.16,313.92,-48.20,-12.21,2.8,-9999,444.78,820.3,53.2,304.4,118.7,-27.7,-87.0,-132.9,0.11,0.08,0.88,0.70,9.04
83628,313,42.7341161,-58.5567180,6582.9,21079,173.29,301.14,218.14,0.490,-0.4,45.75,63.19,-17.4,1.38,-0.27,-24.15,313.93,-48.20,-12.20,2.3,-9999,444.78,820.3,53.0,304.4,118.7,-27.8,-87.0,-133.0,0.11,0.08,0.88,0.70,9.04
83629,313,42.7350152,-58.5549392,6582.5,21078,173.35,301.09,218.10,0.490,-0.4,45.73,63.20,-17.5,1.34,-0.26,-24.13,313.95,-48.19,-12.19,2.4,-9999,444.80,820.2,53.1,304.4,118.7,-27.8,-87.0,-133.0,0.11,0.08,0.88,0.70,9.03
