NASA Data Processing/NAAMES(2015)/METNAV/NAAMES-HSKPING_C130_20151104_R1.ict
75,1001
Project Office
NSRC - National Suborbital Research Center
C-130 (N439NA) Data Acquisition and Distribution
NAAMES 2015
1,1
2015,11,04,2018,06,01
1
Start_UTC,seconds
34
1,1,1,1,1,1,1,1,1,1,1,1,1,1,1,1,1,1,1,1,1,1,1,1,1,1,1,1,1,1,1,1,1,1
-9999,-9999,-9999,-9999,-9999,-9999,-9999,-9999,-9999,-9999,-9999,-9999,-9999,-9999,-9999,-9999,-9999,-9999,-9999,-9999,-9999,-9999,-9999,-9999,-9999,-9999,-9999,-9999,-9999,-9999,-9999,-9999,-9999,-9999
Day_Of_Year, day beginning January 1
Latitude, deg
Longitude, deg
GPS_Altitude, m (height above mean sea level*)
Pressure_Altitude, ft
Ground_Speed, m/s
True_Air_Speed, kts
Indicated_Air_Speed, kts
Mach_Number, mach
Vertical_Speed, m/s
True_Heading, deg (0-360 cw from +y)
Track_Angle, deg (0-360 cw from +y)
Drift_Angle, deg (+-180, cw from +y)
Pitch_Angle, deg (+-180, up+)
Roll_Angle, deg (+-180, rt+)
Static_Air_Temp, Celcius
Potential_Temp, Kelvin
Dew_Point, Celcius
Total_Air_Temp, Celcius
IR_Surf_Temp, Celcius
IR_Zenith_Temp, Celcius
Static_Pressure, mb
Cabin_Pressure, mb
Wind_Speed, m/s (limited to where Roll_Angle <= 5 degrees)
Wind_Direction,  deg (0-360, cw from +y)
Solar_Zenith_Angle, deg
Aircraft_Sun_Elevation, deg
Sun_Azimuth, deg
Aircraft_Sun_Azimuth, deg
Mixing_Ratio, g/kg
Part_Press_Water_Vapor, mb
Sat_Vapor_Press_H2O, mb
Sat_Vapor_Press_Ice, mb
Relative_Humidity, percent (with respect to water)
0
27
PI_CONTACT_INFO: Melissa Yang Martin, m.yang@baeri.org 
Platform: Wallops C-130 N439NA
LOCATION: Included in data records
ASSOCIATED_DATA: This data represents NAAMES 2015 Project Test Flight our of Wallops Flight Facility. See NAAMES archive on Langley Archive http://www-air.larc.nasa.gov/missions/naames/index.html
INSTRUMENT_INFO: 
        Position, ground speed, and vertical speed from LMU, attitude from LN251 EGI
        Wind_Speed and Wind_Direction calculated from LMU EGI, pitot-static pressure transducers
        Total_Air_Temperature from Rosemount 102AU1AP deiced
        Static_Pressure from Rosemount 1201F1B5B1B, Pitot Pressure from Rosemount 1221F2AF7B1B 
        IR_Surface_Temp, IR_Zenith_Temp from Heitronics KT19.85 II
        Cabin_Pressure from Measurement Specialties EPRB-2-XU63-30P-/Z1
        Dew_Point and calculated water vapor parameters from Edgetech Vigilant Hygrometer model 137 3-stage TEC chilled mirror
        Pressure_Altitude, Indicated_Air_Speed, True_Air_Speed, Mach_Number, Static_Air_Temperature derived from pitot-static pressure transducers and total air temperature probe,
DATA_INFO: Contact PI or Data Manager
UNCERTAINTY:NONE,5m,5m,5m,N/A,0.015 m/s,N/A,N/A,0.01 mach,0.015 m/s,0.02 deg,0.02 deg,0.02 deg,0.02 deg,0.02 deg,0.5 deg C,N/A,0.2 deg C,0.3 deg C, 0.7%*(TargetTemp-HousingTemp), 0.7%*(TargetTemp-HousingTemp),N/A,0.15 %,1 m/s,0.5 deg,N/A,N/A,N/A,N/A,N/A,N/A,N/A,N/A,N/A
ULOD_FLAG:-7777
ULOD_VALUE:N/A,90,180,N/A,N/A,N/A,N/A,N/A,0.99,N/A,N/A,N/A,N/A,N/A,N/A,330,N/A,90,350,200,200,N/A,1333.22,N/A,N/A,N/A,N/A,N/A,N/A,N/A,N/A,N/A,N/A,N/A
LLOD_FLAG:-8888
LLOD_VALUE:N/A,-90,-180,N/A,N/A,N/A,N/A,N/A,0,N/A,N/A,N/A,N/A,N/A,N/A,-105,N/A,-50,-70,-150,-150,N/A,0.66,1,N/A,N/A,N/A,N/A,N/A,N/A,N/A,N/A,N/A,N/A;
DM_CONTACT_INFO: Ryan Bennett, r.bennett@baeri.org
PROJECT_INFO: See NAAMES website for more information at, https,//naames.larc.nasa.gov/
STIPULATIONS_ON_USE: Contact PI or DM with questions before use
OTHER_COMMENTS: Water vapor data flagged as missing from Start_UTC 49989-49999, 53222-53240, 68365-68400, and 68963-68965 due to hygrometer overshoots. Occasional missing data flag in Pitch_Angle.
REVISION: R1
R1: Applied calibrations to pitot-static system variables (Static_Pressure, Mach_Number, etc.), included recovery factor and signal conditioner calibration in Total_Air_Temp and Static_Air_Temp calculations, and GPS_Altitude (msl) calculated from GPS parameters (height above ellipsoid minus geoid height). 
R0: Updated header information to include ULOD, LLOD, instrument uncertainties, new contact information for NSRC PI and DM, re-calculated wind speeds and directions, added IR_Zenith_Temp.
Start_UTC,Day_Of_Year,Latitude,Longitude,GPS_Altitude,Pressure_Altitude,Ground_Speed,True_Air_Speed,Indicated_Air_Speed,Mach_Number,Vertical_Speed,True_Heading,Track_Angle,Drift_Angle,Pitch_Angle,Roll_Angle,Static_Air_Temp,Potential_Temp,Dew_Point,Total_Air_Temp,IR_Surf_Temp,IR_Zenith_Temp,Static_Pressure,Cabin_Pressure,Wind_Speed,Wind_Direction,Solar_Zenith_Angle,Aircraft_Sun_Elevation,Sun_Azimuth,Aircraft_Sun_Azimuth,Mixing_Ratio,Part_Press_Water_Vapor,Sat_Vapor_Press_H2O,Sat_Vapor_Press_Ice,Relative_Humidity
[from data line 13035]
62848,308,36.7567482,-70.4452286,6776.4,21002,139.01,284.23,202.66,0.455,0.61,306.20,300.60,5.6,2.57,0.15,-16.42,323.37,-43.58,-5.78,14.9,-33.9,446.24,796.3,15.7,6.1,54.1,36.4,-161.8,-105.0,0.18,0.13,1.72,1.47,7.69
62849,308,36.7574883,-70.4464798,6777.0,21008,139.04,284.42,202.79,0.456,0.47,306.19,300.45,5.7,2.56,0.38,-16.43,323.37,-43.58,-5.78,15.2,-33.5,446.14,796.4,16.0,6.3,54.1,36.1,-161.8,-104.8,0.18,0.13,1.72,1.47,7.69
62850,308,36.7582283,-70.4477386,6777.4,21007,138.98,284.46,202.82,0.456,0.42,306.14,300.47,5.7,2.54,0.45,-16.45,323.35,-43.57,-5.80,15.4,-34.2,446.15,796.5,15.9,5.8,54.1,36.1,-161.8,-104.7,0.18,0.13,1.72,1.46,7.71
62851,308,36.7589645,-70.4489899,6777.9,21009,138.94,283.99,202.46,0.455,0.38,306.14,300.47,5.7,2.52,0.52,-16.42,323.40,-43.58,-5.79,15.3,-34.2,446.12,796.5,15.8,6.4,54.1,36.0,-161.7,-104.9,0.18,0.13,1.72,1.47,7.68
62852,308,36.7597008,-70.4502411,6778.2,21009,138.93,283.79,202.32,0.455,0.17,306.14,300.45,5.7,2.46,0.73,-16.43,323.38,-43.58,-5.83,15.2,-34.2,446.12,796.6,15.8,6.8,54.1,35.8,-161.7,-105.0,0.18,0.13,1.72,1.47,7.69
62853,308,36.7604408,-70.4514999,6778.4,21008,138.95,284.09,202.55,0.455,0.35,306.15,300.47,5.7,2.45,0.80,-16.45,323.36,-43.59,-5.82,15.0,-33.9,446.13,796.6,15.8,6.3,54.1,35.7,-161.7,-105.0,0.18,0.13,1.72,1.46,7.70
62854,308,36.7611771,-70.4527512,6778.8,21012,138.98,284.00,202.46,0.455,0.29,306.16,300.45,5.7,2.37,0.79,-16.45,323.37,-43.59,-5.83,15.2,-34.2,446.05,796.6,15.9,6.7,54.1,35.7,-161.7,-104.9,0.18,0.13,1.72,1.46,7.70
62855,308,36.7619171,-70.4540100,6779.0,21015,138.98,283.70,202.23,0.454,0.19,306.17,300.47,5.7,2.33,0.50,-16.44,323.39,-43.61,-5.84,15.4,-34.4,446.00,796.7,15.8,7.2,54.1,35.9,-161.7,-104.9,0.18,0.13,1.72,1.46,7.68
62856,308,36.7626534,-70.4552612,6779.2,21018,138.96,284.20,202.59,0.455,0.17,306.12,300.45,5.7,2.32,0.06,-16.47,323.37,-43.61,-5.83,15.0,-34.3,445.95,796.6,15.9,6.1,54.1,36.4,-161.7,-104.9,0.18,0.13,1.71,1.46,7.70
62857,308,36.7633934,-70.4565201,6779.4,21016,139.03,283.72,202.24,0.454,0.16,306.07,300.19,5.9,2.33,-0.28,-16.44,323.39,-43.61,-5.84,14.3,-33.7,445.98,796.6,16.2,7.8,54.1,36.7,-161.7,-105.0,0.18,0.13,1.72,1.46,7.68
62858,308,36.7641258,-70.4577789,6779.6,21017,139.07,284.21,202.61,0.455,0.15,306.02,300.32,5.7,2.34,-0.26,-16.49,323.34,-43.64,-5.85,14.9,-33.8,445.97,796.8,15.9,6.5,54.1,36.7,-161.7,-105.1,0.18,0.13,1.71,1.46,7.68
62859,308,36.7648621,-70.4590378,6779.7,21012,139.06,284.25,202.65,0.455,0.13,305.96,300.32,5.6,2.38,0.06,-16.47,323.34,-43.62,-5.83,15.1,-34.1,446.05,796.8,15.8,6.1,54.1,36.6,-161.7,-105.1,0.18,0.13,1.71,1.46,7.69
62860,308,36.7655983,-70.4602966,6779.8,21015,139.06,284.55,202.88,0.456,0.23,305.93,300.32,5.6,2.38,0.36,-16.50,323.31,-43.62,-5.84,15.3,-34.3,446.01,796.8,15.8,5.5,54.1,36.1,-161.7,-104.9,0.18,0.13,1.71,1.46,7.70
62861,308,36.7663345,-70.4615555,6780.1,21017,139.14,284.69,202.97,0.456,0.23,305.90,300.19,5.7,2.40,0.65,-16.51,323.32,-43.65,-5.83,15.1,-33.7,445.96,796.9,16.0,5.8,54.2,35.8,-161.7,-104.7,0.18,0.13,1.71,1.46,7.68
62862,308,36.7670670,-70.4628143,6780.3,21018,139.13,284.64,202.92,0.456,0.23,305.90,300.32,5.6,2.41,0.51,-16.49,323.35,-43.66,-5.81,14.8,-33.8,445.95,796.9,15.7,5.4,54.2,35.9,-161.7,-104.7,0.18,0.13,1.71,1.46,7.66
62863,308,36.7678032,-70.4640732,6780.5,21016,139.10,284.45,202.78,0.456,0.25,305.87,300.04,5.8,2.40,0.26,-16.46,323.37,-43.65,-5.81,15.4,-34.2,445.98,796.9,16.2,6.5,54.2,36.2,-161.7,-104.9,0.18,0.13,1.71,1.46,7.65
62864,308,36.7685356,-70.4653397,6780.8,21017,139.11,284.41,202.75,0.456,0.12,305.86,300.19,5.7,2.39,0.07,-16.46,323.37,-43.68,-5.81,15.3,-34.3,445.96,796.9,15.8,6.0,54.2,36.4,-161.7,-105.0,0.18,0.13,1.71,1.46,7.63
62865,308,36.7692680,-70.4665985,6780.9,21018,139.10,284.33,202.69,0.455,0.31,305.82,300.19,5.6,2.39,0.01,-16.47,323.36,-43.69,-5.83,15.2,-34.3,445.94,796.8,15.7,5.9,54.2,36.4,-161.7,-104.9,0.18,0.13,1.71,1.46,7.63
62866,308,36.7700005,-70.4678574,6781.2,21020,139.17,284.52,202.83,0.456,0.33,305.77,300.04,5.7,2.37,0.05,-16.49,323.35,-43.68,-5.83,15.3,-33.8,445.90,796.7,16.0,6.2,54.2,36.5,-161.7,-104.7,0.18,0.13,1.71,1.46,7.65
62867,308,36.7707329,-70.4691238,6781.5,21026,139.12,284.79,203.01,0.456,0.30,305.72,300.04,5.7,2.35,-0.15,-16.52,323.34,-43.68,-5.83,15.2,-33.5,445.79,796.8,16.0,5.3,54.2,36.5,-161.7,-104.5,0.18,0.13,1.71,1.45,7.67
62868,308,36.7714653,-70.4703903,6781.8,21024,139.15,284.98,203.16,0.457,0.28,305.66,299.91,5.7,2.38,-0.26,-16.51,323.34,-43.69,-5.82,15.3,-34.0,445.84,796.7,16.1,5.3,54.2,36.7,-161.7,-104.5,0.18,0.13,1.71,1.45,7.65
62869,308,36.7721939,-70.4716568,6782.1,21023,139.15,284.86,203.07,0.456,0.31,305.62,300.04,5.6,2.39,-0.14,-16.50,323.35,-43.71,-5.82,15.5,-33.8,445.85,796.7,15.7,4.9,54.2,36.5,-161.7,-104.7,0.18,0.13,1.71,1.46,7.63
62870,308,36.7729263,-70.4729233,6782.4,21023,139.22,284.70,202.95,0.456,0.11,305.61,299.91,5.7,2.39,0.26,-16.50,323.35,-43.71,-5.82,15.0,-33.7,445.86,796.6,15.9,5.8,54.2,36.2,-161.7,-104.6,0.18,0.13,1.71,1.46,7.63
62871,308,36.7736549,-70.4741898,6782.5,21026,139.22,284.89,203.08,0.456,0.32,305.58,299.76,5.8,2.40,0.44,-16.50,323.36,-43.71,-5.81,15.2,-33.9,445.80,796.5,16.2,5.8,54.2,36.0,-161.7,-104.4,0.18,0.13,1.71,1.46,7.63
62872,308,36.7743835,-70.4754639,6782.8,21027,139.21,284.64,202.89,0.456,0.35,305.56,299.91,5.6,2.45,0.64,-16.50,323.36,-43.70,-5.83,15.2,-34.4,445.77,796.5,15.8,5.6,54.2,35.8,-161.7,-104.2,0.18,0.13,1.71,1.46,7.64
62873,308,36.7751122,-70.4767303,6783.2,21027,139.17,284.58,202.85,0.456,0.30,305.54,299.91,5.6,2.43,0.48,-16.50,323.36,-43.72,-5.84,15.3,-33.6,445.78,796.6,15.8,5.5,54.2,35.9,-161.7,-104.3,0.18,0.13,1.71,1.46,7.62
62874,308,36.7758408,-70.4779968,6783.5,21027,139.14,284.53,202.81,0.456,0.21,305.54,299.91,5.6,2.41,0.17,-16.50,323.37,-43.72,-5.83,15.1,-33.7,445.77,796.6,15.8,5.4,54.2,36.2,-161.7,-104.6,0.18,0.13,1.71,1.46,7.62
62875,308,36.7765694,-70.4792633,6783.7,21029,139.22,284.62,202.87,0.456,0.17,305.53,300.06,5.5,2.43,0.07,-16.51,323.36,-43.74,-5.84,15.2,-33.9,445.73,796.5,15.4,5.0,54.2,36.3,-161.7,-104.6,0.18,0.13,1.71,1.46,7.61
62876,308,36.7772980,-70.4805222,6783.9,21029,139.21,284.97,203.14,0.457,0.20,305.50,299.63,5.9,2.46,0.01,-16.55,323.32,-43.73,-5.85,15.3,-34.1,445.74,796.6,16.4,5.8,54.2,36.4,-161.7,-104.3,0.18,0.13,1.70,1.45,7.64
62877,308,36.7780228,-70.4817963,6784.1,21027,139.15,284.81,203.03,0.456,0.21,305.44,299.91,5.5,2.43,-0.20,-16.53,323.33,-43.72,-5.85,15.3,-33.0,445.77,796.5,15.6,4.6,54.2,36.6,-161.7,-104.3,0.18,0.13,1.70,1.45,7.64
62878,308,36.7787514,-70.4830627,6784.3,21028,139.18,284.76,202.99,0.456,0.15,305.37,299.78,5.6,2.40,-0.33,-16.53,323.33,-43.74,-5.85,15.2,-34.0,445.76,796.6,15.7,4.9,54.2,36.7,-161.7,-104.3,0.18,0.13,1.70,1.45,7.62
62879,308,36.7794762,-70.4843292,6784.4,21031,139.14,285.03,203.18,0.457,0.20,305.32,299.63,5.7,2.37,-0.26,-16.54,323.32,-43.75,-5.84,15.1,-34.1,445.71,796.6,16.0,4.6,54.2,36.6,-161.7,-104.5,0.18,0.13,1.70,1.45,7.63
62880,308,36.7802010,-70.4856033,6784.6,21032,139.15,284.86,203.05,0.456,0.13,305.29,299.50,5.8,2.36,0.15,-16.54,323.34,-43.75,-5.85,14.9,-34.0,445.69,796.7,16.2,5.3,54.2,36.2,-161.7,-104.4,0.18,0.13,1.70,1.45,7.62
62881,308,36.7809219,-70.4868774,6784.8,21032,139.20,285.03,203.18,0.457,0.11,305.26,299.78,5.5,2.36,0.48,-16.55,323.32,-43.76,-5.85,15.2,-33.8,445.69,796.9,15.5,4.0,54.2,35.9,-161.7,-104.1,0.18,0.13,1.70,1.45,7.62
62882,308,36.7816467,-70.4881439,6784.9,21032,139.20,285.35,203.41,0.457,0.10,305.24,299.50,5.7,2.35,0.47,-16.55,323.32,-43.75,-5.83,15.2,-33.7,445.68,796.8,16.2,4.4,54.2,35.9,-161.6,-104.1,0.18,0.13,1.70,1.45,7.63
62883,308,36.7823677,-70.4894180,6785.0,21032,139.17,285.05,203.19,0.457,0.06,305.23,299.63,5.6,2.36,0.40,-16.53,323.34,-43.75,-5.83,15.0,-33.7,445.69,796.8,15.8,4.3,54.2,36.0,-161.6,-104.2,0.18,0.13,1.70,1.45,7.62
62884,308,36.7830925,-70.4906921,6785.0,21033,139.24,285.14,203.25,0.457,0.08,305.24,299.50,5.7,2.33,0.40,-16.54,323.34,-43.75,-5.83,15.3,-33.9,445.67,796.7,16.1,4.9,54.2,36.0,-161.6,-104.3,0.18,0.13,1.70,1.45,7.62
62885,308,36.7838135,-70.4919662,6785.1,21031,139.25,284.88,203.06,0.456,0.07,305.22,299.50,5.7,2.36,0.49,-16.52,323.35,-43.75,-5.83,15.2,-33.2,445.70,796.8,16.0,5.3,54.2,35.9,-161.6,-104.3,0.18,0.13,1.71,1.45,7.61
62886,308,36.7845345,-70.4932404,6785.2,21032,139.27,285.10,203.23,0.457,0.03,305.22,299.65,5.6,2.33,0.37,-16.56,323.32,-43.75,-5.85,15.1,-33.7,445.68,796.9,15.7,4.4,54.2,36.0,-161.6,-104.2,0.18,0.13,1.70,1.45,7.63
62887,308,36.7852554,-70.4945068,6785.2,21032,139.24,284.95,203.11,0.456,0.07,305.18,299.63,5.5,2.33,0.12,-16.54,323.34,-43.75,-5.84,14.8,-34.1,445.69,797.0,15.7,4.4,54.2,36.2,-161.6,-104.1,0.18,0.13,1.70,1.45,7.62
62888,308,36.7859802,-70.4957809,6785.3,21034,139.25,285.13,203.25,0.457,0.08,305.14,299.50,5.6,2.28,0.02,-16.56,323.32,-43.76,-5.85,15.2,-33.8,445.64,797.0,15.9,4.5,54.2,36.3,-161.6,-104.2,0.18,0.13,1.70,1.45,7.63
62889,308,36.7867012,-70.4970551,6785.4,21034,139.26,285.13,203.24,0.457,0.02,305.11,299.36,5.8,2.25,-0.10,-16.56,323.32,-43.75,-5.85,15.1,-33.4,445.64,797.1,16.1,4.9,54.2,36.4,-161.6,-104.2,0.18,0.13,1.70,1.45,7.63
62890,308,36.7874222,-70.4983368,6785.4,21033,139.34,285.14,203.26,0.457,0.07,305.07,299.50,5.6,2.25,0.08,-16.56,323.31,-43.73,-5.85,14.9,-33.3,445.67,797.2,15.7,4.4,54.2,36.4,-161.6,-104.2,0.18,0.13,1.70,1.45,7.65
62891,308,36.7881432,-70.4996109,6785.5,21034,139.34,285.08,203.20,0.457,0.09,305.01,299.50,5.5,2.25,0.03,-16.54,323.34,-43.75,-5.84,15.2,-34.6,445.64,797.1,15.6,4.2,54.2,36.3,-161.6,-104.1,0.18,0.13,1.70,1.45,7.62
62892,308,36.7888641,-70.5008850,6785.5,21033,139.36,284.97,203.13,0.457,0.03,305.03,299.23,5.8,2.24,0.25,-16.54,323.33,-43.76,-5.85,15.1,-33.7,445.67,797.3,16.2,5.6,54.2,36.1,-161.6,-103.9,0.18,0.13,1.70,1.45,7.62
62893,308,36.7895813,-70.5021667,6785.6,21036,139.33,285.51,203.52,0.457,0.00,304.99,299.36,5.6,2.27,0.37,-16.58,323.30,-43.76,-5.84,15.1,-34.4,445.60,797.3,16.0,4.0,54.2,35.9,-161.6,-103.7,0.18,0.13,1.70,1.45,7.64
62894,308,36.7903023,-70.5034485,6785.6,21038,139.43,285.29,203.35,0.457,0.02,304.95,299.50,5.4,2.26,0.32,-16.57,323.32,-43.76,-5.85,15.1,-33.8,445.57,797.4,15.4,3.9,54.2,36.0,-161.6,-103.9,0.18,0.13,1.70,1.45,7.63
62895,308,36.7910233,-70.5047226,6785.6,21035,139.41,285.20,203.29,0.457,0.02,304.98,299.23,5.8,2.22,0.32,-16.55,323.34,-43.75,-5.83,15.3,-34.3,445.62,797.4,16.1,5.1,54.2,36.0,-161.6,-104.2,0.18,0.13,1.70,1.45,7.63
62896,308,36.7917404,-70.5060043,6785.6,21033,139.51,285.32,203.39,0.457,0.09,305.01,299.50,5.5,2.18,0.39,-16.56,323.31,-43.75,-5.84,15.2,-34.4,445.66,797.4,15.6,4.4,54.2,35.9,-161.6,-104.2,0.18,0.13,1.70,1.45,7.64
62897,308,36.7924614,-70.5072784,6785.5,21036,139.51,285.37,203.42,0.457,-0.17,304.99,299.36,5.6,2.17,0.56,-16.58,323.31,-43.73,-5.85,15.1,-33.6,445.60,797.4,15.8,4.8,54.2,35.7,-161.6,-104.2,0.18,0.13,1.70,1.45,7.66
62898,308,36.7931824,-70.5085602,6785.3,21033,139.56,285.71,203.69,0.458,-0.23,305.03,299.50,5.5,2.13,0.66,-16.58,323.29,-43.72,-5.83,15.2,-34.0,445.66,797.4,15.7,4.0,54.2,35.6,-161.6,-104.1,0.18,0.13,1.70,1.45,7.68
62899,308,36.7939034,-70.5098343,6785.1,21035,139.56,285.28,203.35,0.457,-0.27,305.04,299.36,5.7,2.11,0.72,-16.56,323.32,-43.72,-5.84,15.2,-33.3,445.62,797.5,15.9,5.3,54.2,35.6,-161.6,-104.1,0.18,0.13,1.70,1.45,7.66
62900,308,36.7946243,-70.5111160,6784.9,21031,139.65,285.82,203.78,0.458,-0.30,305.08,299.36,5.7,2.10,0.59,-16.58,323.27,-43.71,-5.83,15.1,-33.6,445.71,797.5,16.1,4.9,54.2,35.7,-161.6,-104.3,0.18,0.13,1.70,1.44,7.69
62901,308,36.7953453,-70.5123978,6784.6,21029,139.64,285.74,203.72,0.458,-0.13,305.08,299.63,5.4,2.12,0.44,-16.57,323.29,-43.70,-5.82,15.3,-33.5,445.73,797.5,15.5,4.0,54.2,35.9,-161.6,-104.4,0.18,0.13,1.70,1.45,7.68
62902,308,36.7960701,-70.5136719,6784.4,21029,139.70,285.81,203.77,0.458,-0.32,305.10,299.36,5.7,2.11,0.39,-16.57,323.29,-43.71,-5.81,15.0,-33.9,445.73,797.5,16.1,5.2,54.2,35.9,-161.6,-104.5,0.18,0.13,1.70,1.45,7.68
62903,308,36.7967911,-70.5149536,6784.1,21028,139.71,285.87,203.82,0.458,-0.28,305.08,299.49,5.6,2.13,0.35,-16.58,323.27,-43.71,-5.81,15.6,-34.3,445.75,797.6,15.8,4.6,54.2,35.9,-161.6,-104.4,0.18,0.13,1.70,1.45,7.68
62904,308,36.7975159,-70.5162354,6783.8,21026,139.81,286.12,204.00,0.458,-0.23,305.08,299.36,5.7,2.15,0.26,-16.56,323.29,-43.70,-5.78,15.3,-33.8,445.79,797.6,16.1,5.0,54.2,36.0,-161.6,-104.2,0.18,0.13,1.70,1.45,7.68
62905,308,36.7982368,-70.5175171,6783.6,21028,139.82,286.36,204.18,0.459,-0.14,305.06,299.49,5.6,2.16,0.12,-16.57,323.28,-43.71,-5.77,15.2,-34.1,445.76,797.7,15.8,4.1,54.2,36.2,-161.6,-104.2,0.18,0.13,1.70,1.45,7.68
62906,308,36.7989616,-70.5187988,6783.5,21029,139.87,286.44,204.23,0.459,-0.13,305.03,299.36,5.7,2.18,0.04,-16.57,323.28,-43.71,-5.77,15.3,-33.8,445.74,797.7,16.1,4.4,54.2,36.2,-161.6,-104.3,0.18,0.13,1.70,1.45,7.68
62907,308,36.7996826,-70.5200806,6783.3,21029,139.90,286.50,204.27,0.459,0.05,305.02,299.49,5.5,2.24,0.22,-16.56,323.29,-43.71,-5.75,15.0,-34.0,445.74,797.8,15.8,3.9,54.2,36.1,-161.6,-104.4,0.18,0.13,1.70,1.45,7.67
62908,308,36.8004074,-70.5213623,6783.3,21026,139.87,286.47,204.26,0.459,0.02,305.04,299.36,5.7,2.26,0.38,-16.55,323.29,-43.71,-5.75,15.3,-33.9,445.79,797.7,16.1,4.4,54.2,35.9,-161.6,-104.3,0.18,0.13,1.70,1.45,7.67
62909,308,36.8011284,-70.5226440,6783.3,21026,139.94,286.49,204.28,0.459,0.11,305.03,299.49,5.5,2.27,0.84,-16.55,323.30,-43.71,-5.74,15.1,-34.4,445.80,797.6,15.8,4.1,54.2,35.5,-161.6,-104.0,0.18,0.13,1.70,1.45,7.66
62910,308,36.8018532,-70.5239258,6783.4,21029,139.98,285.98,203.88,0.458,0.09,305.06,299.49,5.6,2.24,0.79,-16.53,323.33,-43.71,-5.76,15.4,-33.3,445.74,797.7,15.7,5.2,54.2,35.5,-161.6,-104.0,0.18,0.13,1.70,1.45,7.65
62911,308,36.8025780,-70.5252075,6783.4,21029,139.98,286.64,204.38,0.459,0.10,305.07,299.36,5.7,2.25,0.42,-16.58,323.27,-43.71,-5.76,15.1,-33.9,445.73,797.7,16.2,4.7,54.2,35.9,-161.6,-104.2,0.18,0.13,1.70,1.45,7.68
62912,308,36.8032990,-70.5264893,6783.5,21028,139.96,286.45,204.24,0.459,0.16,305.08,299.49,5.6,2.29,0.21,-16.56,323.30,-43.70,-5.75,15.2,-34.2,445.76,797.7,15.8,4.5,54.2,36.1,-161.6,-104.3,0.18,0.13,1.70,1.45,7.68
62913,308,36.8040237,-70.5277710,6783.7,21028,140.00,286.25,204.09,0.459,0.09,305.08,299.49,5.6,2.28,0.25,-16.55,323.31,-43.71,-5.76,15.2,-33.5,445.75,797.7,15.8,4.9,54.2,36.1,-161.6,-104.2,0.18,0.13,1.70,1.45,7.66
62914,308,36.8047485,-70.5290527,6783.8,21027,139.97,286.60,204.35,0.459,0.26,305.06,299.34,5.7,2.28,0.26,-16.56,323.29,-43.70,-5.74,15.3,-33.4,445.78,797.6,16.2,4.7,54.2,36.0,-161.5,-104.1,0.18,0.13,1.70,1.45,7.68
62915,308,36.8054733,-70.5303421,6784.1,21029,140.00,286.17,204.01,0.458,0.31,305.05,299.36,5.7,2.29,0.14,-16.54,323.33,-43.68,-5.75,15.6,-34.0,445.73,797.6,16.0,5.4,54.2,36.1,-161.5,-103.9,0.18,0.13,1.70,1.45,7.68
62916,308,36.8061943,-70.5316238,6784.4,21032,139.98,286.43,204.20,0.459,0.29,305.01,299.34,5.7,2.26,0.02,-16.56,323.32,-43.71,-5.75,15.2,-33.9,445.68,797.6,16.0,4.8,54.2,36.3,-161.5,-104.0,0.18,0.13,1.70,1.45,7.67
62917,308,36.8069191,-70.5329132,6784.7,21031,140.01,286.49,204.26,0.459,0.27,304.98,299.36,5.6,2.29,0.06,-16.58,323.28,-43.71,-5.77,15.3,-33.4,445.71,797.7,15.9,4.6,54.2,36.2,-161.5,-104.2,0.18,0.13,1.70,1.45,7.68
62918,308,36.8076401,-70.5341949,6784.9,21031,140.06,286.14,204.00,0.458,0.30,304.98,299.49,5.5,2.30,0.35,-16.55,323.32,-43.71,-5.76,15.4,-33.9,445.71,797.8,15.5,4.8,54.2,35.9,-161.5,-104.0,0.18,0.13,1.70,1.45,7.66
62919,308,36.8083649,-70.5354767,6785.2,21036,140.02,286.56,204.30,0.459,0.14,304.99,299.49,5.5,2.33,0.58,-16.59,323.29,-43.73,-5.77,15.2,-34.4,445.61,797.7,15.7,4.1,54.2,35.7,-161.5,-103.7,0.18,0.13,1.70,1.44,7.67
62920,308,36.8090897,-70.5367584,6785.4,21035,140.04,286.55,204.29,0.459,0.63,304.98,299.21,5.8,2.33,0.65,-16.57,323.30,-43.70,-5.76,15.0,-33.4,445.63,797.7,16.2,5.1,54.2,35.7,-161.5,-103.7,0.18,0.13,1.70,1.45,7.68
62921,308,36.8098106,-70.5380478,6786.0,21037,140.03,286.84,204.51,0.460,0.49,304.98,299.49,5.5,2.36,0.58,-16.60,323.28,-43.71,-5.76,15.2,-34.1,445.59,797.7,15.7,3.6,54.2,35.7,-161.5,-103.8,0.18,0.13,1.69,1.44,7.69
