NASA Data Processing/NAAMES(2015)/METNAV/NAAMES-HSKPING_C130_20151104_R1.ict
75,1001
Project Office
NSRC - National Suborbital Research Center
C-130 (N439NA) Data Acquisition and Distribution
NAAMES 2015
1,1
2015,11,04,2018,06,01
1
Start_UTC,seconds
34
1,1,1,1,1,1,1,1,1,1,1,1,1,1,1,1,1,1,1,1,1,1,1,1,1,1,1,1,1,1,1,1,1,1
-9999,-9999,-9999,-9999,-9999,-9999,-9999,-9999,-9999,-9999,-9999,-9999,-9999,-9999,-9999,-9999,-9999,-9999,-9999,-9999,-9999,-9999,-9999,-9999,-9999,-9999,-9999,-9999,-9999,-9999,-9999,-9999,-9999,-9999
Day_Of_Year, day beginning January 1
Latitude, deg
Longitude, deg
GPS_Altitude, m (height above mean sea level*)
Pressure_Altitude, ft
Ground_Speed, m/s
True_Air_Speed, kts
Indicated_Air_Speed, kts
Mach_Number, mach
Vertical_Speed, m/s
True_Heading, deg (0-360 cw from +y)
Track_Angle, deg (0-360 cw from +y)
Drift_Angle, deg (+-180, cw from +y)
Pitch_Angle, deg (+-180, up+)
Roll_Angle, deg (+-180, rt+)
Static_Air_Temp, Celcius
Potential_Temp, Kelvin
Dew_Point, Celcius
Total_Air_Temp, Celcius
IR_Surf_Temp, Celcius
IR_Zenith_Temp, Celcius
Static_Pressure, mb
Cabin_Pressure, mb
Wind_Speed, m/s (limited to where Roll_Angle <= 5 degrees)
Wind_Direction,  deg (0-360, cw from +y)
Solar_Zenith_Angle, deg
Aircraft_Sun_Elevation, deg
Sun_Azimuth, deg
Aircraft_Sun_Azimuth, deg
Mixing_Ratio, g/kg
Part_Press_Water_Vapor, mb
Sat_Vapor_Press_H2O, mb
Sat_Vapor_Press_Ice, mb
Relative_Humidity, percent (with respect to water)
0
27
PI_CONTACT_INFO: Melissa Yang Martin, m.yang@baeri.org 
Platform: Wallops C-130 N439NA
LOCATION: Included in data records
ASSOCIATED_DATA: This data represents NAAMES 2015 Project Test Flight our of Wallops Flight Facility. See NAAMES archive on Langley Archive http://www-air.larc.nasa.gov/missions/naames/index.html
INSTRUMENT_INFO: 
        Position, ground speed, and vertical speed from LMU, attitude from LN251 EGI
        Wind_Speed and Wind_Direction calculated from LMU EGI, pitot-static pressure transducers
        Total_Air_Temperature from Rosemount 102AU1AP deiced
        Static_Pressure from Rosemount 1201F1B5B1B, Pitot Pressure from Rosemount 1221F2AF7B1B 
        IR_Surface_Temp, IR_Zenith_Temp from Heitronics KT19.85 II
        Cabin_Pressure from Measurement Specialties EPRB-2-XU63-30P-/Z1
        Dew_Point and calculated water vapor parameters from Edgetech Vigilant Hygrometer model 137 3-stage TEC chilled mirror
        Pressure_Altitude, Indicated_Air_Speed, True_Air_Speed, Mach_Number, Static_Air_Temperature derived from pitot-static pressure transducers and total air temperature probe,
DATA_INFO: Contact PI or Data Manager
UNCERTAINTY:NONE,5m,5m,5m,N/A,0.015 m/s,N/A,N/A,0.01 mach,0.015 m/s,0.02 deg,0.02 deg,0.02 deg,0.02 deg,0.02 deg,0.5 deg C,N/A,0.2 deg C,0.3 deg C, 0.7%*(TargetTemp-HousingTemp), 0.7%*(TargetTemp-HousingTemp),N/A,0.15 %,1 m/s,0.5 deg,N/A,N/A,N/A,N/A,N/A,N/A,N/A,N/A,N/A
ULOD_FLAG:-7777
ULOD_VALUE:N/A,90,180,N/A,N/A,N/A,N/A,N/A,0.99,N/A,N/A,N/A,N/A,N/A,N/A,330,N/A,90,350,200,200,N/A,1333.22,N/A,N/A,N/A,N/A,N/A,N/A,N/A,N/A,N/A,N/A,N/A
LLOD_FLAG:-8888
LLOD_VALUE:N/A,-90,-180,N/A,N/A,N/A,N/A,N/A,0,N/A,N/A,N/A,N/A,N/A,N/A,-105,N/A,-50,-70,-150,-150,N/A,0.66,1,N/A,N/A,N/A,N/A,N/A,N/A,N/A,N/A,N/A,N/A;
DM_CONTACT_INFO: Ryan Bennett, r.bennett@baeri.org
PROJECT_INFO: See NAAMES website for more information at, https,//naames.larc.nasa.gov/
STIPULATIONS_ON_USE: Contact PI or DM with questions before use
OTHER_COMMENTS: Water vapor data flagged as missing from Start_UTC 49989-49999, 53222-53240, 68365-68400, and 68963-68965 due to hygrometer overshoots. Occasional missing data flag in Pitch_Angle.
REVISION: R1
R1: Applied calibrations to pitot-static system variables (Static_Pressure, Mach_Number, etc.), included recovery factor and signal conditioner calibration in Total_Air_Temp and Static_Air_Temp calculations, and GPS_Altitude (msl) calculated from GPS parameters (height above ellipsoid minus geoid height). 
R0: Updated header information to include ULOD, LLOD, instrument uncertainties, new contact information for NSRC PI and DM, re-calculated wind speeds and directions, added IR_Zenith_Temp.
Start_UTC,Day_Of_Year,Latitude,Longitude,GPS_Altitude,Pressure_Altitude,Ground_Speed,True_Air_Speed,Indicated_Air_Speed,Mach_Number,Vertical_Speed,True_Heading,Track_Angle,Drift_Angle,Pitch_Angle,Roll_Angle,Static_Air_Temp,Potential_Temp,Dew_Point,Total_Air_Temp,IR_Surf_Temp,IR_Zenith_Temp,Static_Pressure,Cabin_Pressure,Wind_Speed,Wind_Direction,Solar_Zenith_Angle,Aircraft_Sun_Elevation,Sun_Azimuth,Aircraft_Sun_Azimuth,Mixing_Ratio,Part_Press_Water_Vapor,Sat_Vapor_Press_H2O,Sat_Vapor_Press_Ice,Relative_Humidity
[from data line 15998]
65811,308,38.9424629,-74.4822235,6752.4,20959,148.52,307.37,220.03,0.493,-0.21,303.15,297.05,6.1,1.33,-1.12,-16.82,322.70,-43.35,-4.38,12.5,-30.9,447.05,804.8,18.9,359.7,58.7,32.4,-153.2,-93.9,0.18,0.14,1.66,1.41,8.15
65812,308,38.9431953,-74.4836578,6752.2,20956,148.50,307.32,220.01,0.493,-0.20,303.08,296.93,6.2,1.34,-1.30,-16.81,322.69,-43.34,-4.37,12.3,-31.7,447.12,804.9,19.0,359.8,58.7,32.6,-153.2,-94.0,0.18,0.14,1.66,1.41,8.15
65813,308,38.9439240,-74.4850922,6752.0,20958,148.50,307.16,219.88,0.492,0.09,302.97,296.93,6.0,1.37,-1.14,-16.80,322.71,-43.37,-4.38,12.2,-31.2,447.08,804.9,18.7,359.5,58.7,32.5,-153.2,-94.0,0.18,0.14,1.67,1.42,8.11
65814,308,38.9446526,-74.4865265,6751.9,20958,148.54,307.16,219.88,0.492,-0.18,302.94,296.81,6.1,1.37,-0.95,-16.81,322.71,-43.39,-4.38,12.4,-31.4,447.07,805.0,18.9,359.9,58.7,32.3,-153.2,-94.0,0.18,0.13,1.67,1.41,8.11
65815,308,38.9453812,-74.4879684,6751.7,20961,148.57,307.18,219.89,0.492,-0.16,302.87,296.81,6.1,1.35,-0.56,-16.82,322.70,-43.38,-4.39,12.2,-31.7,447.03,804.9,18.8,359.6,58.7,31.9,-153.2,-93.7,0.18,0.14,1.66,1.41,8.12
65816,308,38.9461060,-74.4894028,6751.5,20957,148.66,307.20,219.92,0.492,-0.13,302.83,296.69,6.1,1.35,-0.77,-16.81,322.70,-43.39,-4.38,12.5,-31.2,447.10,804.9,18.9,0.1,58.7,32.1,-153.2,-93.6,0.18,0.13,1.67,1.42,8.10
65817,308,38.9468307,-74.4908447,6751.4,20958,148.64,307.17,219.89,0.492,-0.11,302.77,296.81,6.0,1.38,-1.20,-16.82,322.69,-43.41,-4.40,12.3,-31.2,447.08,804.9,18.5,359.4,58.7,32.5,-153.2,-93.7,0.18,0.13,1.66,1.41,8.09
65818,308,38.9475555,-74.4922791,6751.3,20955,148.63,307.14,219.89,0.492,-0.10,302.68,296.69,6.0,1.37,-1.41,-16.82,322.69,-43.39,-4.39,12.5,-32.1,447.13,805.0,18.6,359.4,58.7,32.7,-153.2,-93.8,0.18,0.13,1.66,1.41,8.10
65819,308,38.9482803,-74.4937210,6751.2,20958,148.56,307.37,220.04,0.493,0.06,302.62,296.32,6.3,1.35,-1.35,-16.83,322.68,-43.41,-4.39,12.2,-31.4,447.07,804.9,19.4,359.9,58.7,32.7,-153.2,-93.6,0.18,0.13,1.66,1.41,8.10
65820,308,38.9489975,-74.4951706,6751.2,20957,148.65,307.43,220.09,0.493,-0.16,302.53,296.57,6.0,1.37,-1.32,-16.82,322.69,-43.43,-4.37,12.5,-31.5,447.09,804.8,18.6,358.8,58.7,32.6,-153.2,-93.5,0.18,0.13,1.66,1.41,8.08
65821,308,38.9497185,-74.4966125,6751.0,20955,148.59,307.44,220.11,0.493,-0.16,302.42,296.44,6.0,1.36,-1.37,-16.82,322.68,-43.44,-4.37,12.1,-31.6,447.14,804.8,18.6,358.6,58.7,32.7,-153.2,-93.3,0.18,0.13,1.66,1.41,8.06
65822,308,38.9504356,-74.4980545,6750.8,20955,148.63,307.47,220.13,0.493,0.09,302.35,296.20,6.1,1.39,-1.39,-16.82,322.68,-43.43,-4.37,12.0,-31.5,447.14,804.8,19.0,359.2,58.7,32.7,-153.2,-93.4,0.18,0.13,1.66,1.41,8.08
65823,308,38.9511490,-74.4995041,6750.7,20952,148.68,307.41,220.10,0.493,0.05,302.29,296.32,6.0,1.41,-1.23,-16.82,322.67,-43.43,-4.37,12.5,-31.4,447.20,804.8,18.6,358.7,58.7,32.5,-153.2,-93.5,0.18,0.13,1.66,1.41,8.07
65824,308,38.9518623,-74.5009460,6750.7,20953,148.65,307.43,220.11,0.493,0.01,302.23,296.20,6.0,1.43,-0.92,-16.82,322.68,-43.42,-4.37,12.4,-31.3,447.18,804.7,18.7,358.7,58.7,32.2,-153.1,-93.3,0.18,0.13,1.66,1.41,8.08
65825,308,38.9525757,-74.5023956,6750.6,20955,148.65,307.49,220.15,0.493,0.01,302.18,295.96,6.2,1.45,-0.78,-16.82,322.68,-43.46,-4.37,12.2,-30.9,447.14,804.6,19.2,359.3,58.7,32.1,-153.1,-93.0,0.18,0.13,1.66,1.41,8.05
65826,308,38.9532852,-74.5038528,6750.6,20953,148.67,307.39,220.08,0.493,0.01,302.13,296.08,6.0,1.44,-0.83,-16.81,322.69,-43.46,-4.37,12.1,-31.1,447.17,804.7,18.7,358.8,58.7,32.1,-153.1,-93.0,0.18,0.13,1.66,1.41,8.04
65827,308,38.9539948,-74.5053024,6750.6,20955,148.63,307.37,220.06,0.493,0.02,302.08,296.08,6.0,1.43,-1.14,-16.82,322.69,-43.47,-4.37,12.5,-31.8,447.13,804.7,18.6,358.5,58.7,32.4,-153.1,-93.1,0.18,0.13,1.66,1.41,8.04
65828,308,38.9547043,-74.5067520,6750.6,20954,148.67,307.26,219.98,0.492,0.02,302.01,296.08,5.9,1.44,-1.31,-16.80,322.70,-43.49,-4.37,12.1,-31.7,447.16,804.7,18.4,358.4,58.7,32.6,-153.1,-93.3,0.18,0.13,1.67,1.42,8.02
65829,308,38.9554138,-74.5082016,6750.6,20953,148.63,307.64,220.27,0.493,0.02,301.97,295.84,6.1,1.44,-1.32,-16.83,322.67,-43.47,-4.36,12.3,-31.3,447.18,804.8,19.0,358.5,58.7,32.6,-153.1,-93.1,0.18,0.13,1.66,1.41,8.04
65830,308,38.9561195,-74.5096588,6750.6,20954,148.67,307.49,220.14,0.493,0.02,301.86,295.84,6.0,1.42,-1.32,-16.81,322.70,-43.47,-4.35,12.2,-31.3,447.15,804.9,18.7,358.3,58.7,32.6,-153.1,-92.9,0.18,0.13,1.67,1.42,8.03
65831,308,38.9568253,-74.5111160,6750.6,20952,148.64,307.61,220.25,0.493,0.01,301.79,295.96,5.8,1.42,-1.39,-16.82,322.67,-43.48,-4.36,12.2,-32.1,447.20,805.0,18.3,357.3,58.7,32.7,-153.1,-92.8,0.18,0.13,1.66,1.41,8.03
65832,308,38.9575310,-74.5125656,6750.6,20953,148.66,307.61,220.24,0.493,0.02,301.71,295.72,6.0,1.43,-1.44,-16.82,322.68,-43.48,-4.35,12.2,-32.0,447.18,805.0,18.7,357.9,58.7,32.7,-153.1,-92.8,0.18,0.13,1.66,1.41,8.03
65833,308,38.9582329,-74.5140228,6750.6,20952,148.63,307.71,220.32,0.493,0.05,301.65,295.60,6.0,1.41,-1.46,-16.82,322.68,-43.48,-4.34,12.2,-31.8,447.19,805.0,18.9,357.8,58.7,32.7,-153.1,-92.9,0.18,0.13,1.66,1.41,8.03
65834,308,38.9589348,-74.5154877,6750.5,20950,148.63,307.57,220.23,0.493,0.09,301.58,295.72,5.9,1.40,-1.27,-16.81,322.68,-43.48,-4.35,12.3,-31.8,447.23,804.9,18.4,357.2,58.7,32.5,-153.1,-92.9,0.18,0.13,1.67,1.41,8.03
65835,308,38.9596367,-74.5169449,6750.4,20953,148.66,307.55,220.19,0.493,0.09,301.54,295.48,6.1,1.39,-1.08,-16.80,322.69,-43.49,-4.34,12.1,-32.1,447.18,805.1,18.8,358.0,58.7,32.3,-153.1,-92.7,0.18,0.13,1.67,1.42,8.01
65836,308,38.9603348,-74.5184097,6750.4,20954,148.66,307.57,220.21,0.493,-0.10,301.46,295.60,5.9,1.41,-1.03,-16.80,322.70,-43.48,-4.34,12.3,-31.4,447.16,805.1,18.4,357.2,58.7,32.3,-153.1,-92.6,0.18,0.13,1.67,1.42,8.02
65837,308,38.9610329,-74.5198669,6750.3,20954,148.64,307.61,220.23,0.493,0.09,301.43,295.36,6.1,1.41,-1.11,-16.80,322.71,-43.48,-4.33,12.4,-31.4,447.15,805.1,18.9,357.8,58.7,32.4,-153.1,-92.6,0.18,0.13,1.67,1.42,8.01
65838,308,38.9617271,-74.5213318,6750.2,20952,148.65,307.62,220.25,0.493,0.04,301.37,295.36,6.0,1.43,-1.17,-16.79,322.70,-43.48,-4.33,12.7,-31.8,447.20,805.1,18.7,357.6,58.7,32.4,-153.1,-92.7,0.18,0.13,1.67,1.42,8.02
65839,308,38.9624214,-74.5227966,6750.1,20950,148.65,307.51,220.17,0.493,0.02,301.34,295.36,6.0,1.45,-1.18,-16.79,322.70,-43.48,-4.33,12.2,-31.6,447.22,805.0,18.6,357.6,58.7,32.4,-153.1,-92.7,0.18,0.13,1.67,1.42,8.01
65840,308,38.9631157,-74.5242615,6750.1,20950,148.64,307.49,220.15,0.493,0.06,301.29,295.48,5.8,1.48,-1.11,-16.77,322.72,-43.47,-4.32,12.2,-31.0,447.22,804.8,18.2,356.9,58.7,32.4,-153.1,-92.6,0.18,0.13,1.67,1.42,8.01
65841,308,38.9638138,-74.5257263,6750.2,20949,148.67,307.54,220.20,0.493,0.10,301.29,295.36,5.9,1.48,-1.04,-16.79,322.69,-43.48,-4.34,12.5,-31.3,447.25,804.7,18.5,357.3,58.7,32.3,-153.1,-92.5,0.18,0.13,1.67,1.42,8.01
65842,308,38.9645081,-74.5271912,6750.3,20950,148.67,307.49,220.15,0.493,0.11,301.22,295.24,6.0,1.47,-1.08,-16.78,322.72,-43.48,-4.33,12.5,-31.6,447.22,804.7,18.6,357.5,58.7,32.3,-153.1,-92.3,0.18,0.13,1.67,1.42,8.01
65843,308,38.9651985,-74.5286560,6750.4,20953,148.66,307.55,220.18,0.493,0.13,301.19,295.36,5.8,1.49,-1.14,-16.78,322.73,-43.48,-4.32,12.4,-31.7,447.17,804.7,18.3,356.8,58.7,32.4,-153.1,-92.3,0.18,0.13,1.67,1.42,8.00
65844,308,38.9658928,-74.5301208,6750.5,20952,148.66,307.44,220.11,0.493,0.08,301.18,295.24,5.9,1.52,-1.18,-16.78,322.71,-43.48,-4.33,12.1,-31.6,447.20,804.8,18.5,357.4,58.7,32.4,-153.1,-92.4,0.18,0.13,1.67,1.42,8.01
65845,308,38.9665871,-74.5315933,6750.6,20948,148.59,307.38,220.08,0.493,0.22,301.09,295.11,6.0,1.53,-1.16,-16.79,322.69,-43.48,-4.35,12.4,-31.6,447.26,804.7,18.6,357.3,58.7,32.4,-153.1,-92.4,0.18,0.13,1.67,1.42,8.01
65846,308,38.9672737,-74.5330582,6750.8,20953,148.56,307.55,220.19,0.493,0.23,301.03,295.24,5.8,1.51,-1.07,-16.81,322.69,-43.48,-4.35,12.0,-31.7,447.17,804.7,18.3,356.2,58.7,32.3,-153.1,-92.3,0.18,0.13,1.67,1.41,8.02
65847,308,38.9679642,-74.5345230,6751.0,20955,148.58,307.55,220.18,0.493,0.20,301.00,295.12,5.9,1.50,-1.03,-16.80,322.71,-43.47,-4.34,12.2,-31.0,447.14,804.6,18.4,356.6,58.7,32.3,-153.1,-92.2,0.18,0.13,1.67,1.42,8.02
65848,308,38.9686546,-74.5359955,6751.2,20952,148.56,307.53,220.18,0.493,0.18,300.96,295.11,5.8,1.50,-1.06,-16.80,322.69,-43.45,-4.35,12.5,-31.7,447.20,804.7,18.4,356.4,58.7,32.3,-153.1,-92.1,0.18,0.13,1.67,1.42,8.05
65849,308,38.9693413,-74.5374603,6751.4,20953,148.57,307.59,220.22,0.493,0.18,300.94,294.88,6.1,1.51,-1.11,-16.79,322.71,-43.45,-4.33,12.5,-31.6,447.17,804.7,18.9,357.1,58.7,32.3,-153.1,-92.1,0.18,0.13,1.67,1.42,8.04
65850,308,38.9700241,-74.5389328,6751.6,20954,148.54,307.59,220.21,0.493,0.17,300.90,295.00,5.9,1.51,-1.08,-16.80,322.70,-43.46,-4.34,12.1,-31.1,447.15,804.8,18.5,356.4,58.7,32.3,-153.1,-92.2,0.18,0.13,1.67,1.42,8.04
65851,308,38.9707108,-74.5404053,6751.8,20956,148.49,307.58,220.20,0.493,0.11,300.85,294.99,5.9,1.50,-1.01,-16.80,322.70,-43.45,-4.34,12.7,-31.3,447.12,804.9,18.4,356.1,58.7,32.3,-153.1,-92.2,0.18,0.13,1.67,1.42,8.04
65852,308,38.9713936,-74.5418701,6751.9,20955,148.53,307.56,220.19,0.493,0.14,300.81,294.88,5.9,1.50,-0.97,-16.80,322.71,-43.45,-4.34,12.2,-31.5,447.14,804.9,18.6,356.5,58.7,32.2,-153.1,-92.1,0.18,0.13,1.67,1.42,8.04
65853,308,38.9720764,-74.5433426,6752.0,20956,148.49,307.55,220.18,0.493,0.06,300.82,294.88,5.9,1.47,-0.97,-16.81,322.70,-43.44,-4.35,12.4,-31.7,447.11,804.9,18.6,356.4,58.7,32.2,-153.1,-92.0,0.18,0.13,1.67,1.41,8.06
65854,308,38.9727592,-74.5448151,6752.1,20956,148.51,307.57,220.19,0.493,0.00,300.77,295.00,5.8,1.44,-1.07,-16.80,322.72,-43.42,-4.34,12.4,-31.9,447.12,804.9,18.2,355.7,58.7,32.3,-153.1,-92.0,0.18,0.13,1.67,1.42,8.07
65855,308,38.9734459,-74.5462875,6752.1,20957,148.53,307.62,220.23,0.493,0.03,300.72,294.76,6.0,1.42,-1.17,-16.80,322.71,-43.43,-4.34,12.4,-31.6,447.10,804.9,18.7,356.4,58.7,32.4,-153.1,-92.0,0.18,0.13,1.67,1.42,8.06
65856,308,38.9741249,-74.5477600,6752.1,20957,148.47,307.73,220.31,0.493,0.03,300.68,294.88,5.8,1.43,-1.21,-16.81,322.70,-43.44,-4.34,12.3,-31.2,447.10,804.9,18.4,355.4,58.7,32.4,-153.1,-92.1,0.18,0.13,1.66,1.41,8.07
65857,308,38.9748077,-74.5492325,6752.0,20956,148.51,307.90,220.44,0.494,0.05,300.63,294.76,5.9,1.43,-1.18,-16.82,322.69,-43.42,-4.33,12.1,-31.1,447.11,805.0,18.6,355.6,58.7,32.4,-153.1,-92.0,0.18,0.13,1.66,1.41,8.08
65858,308,38.9754868,-74.5507050,6752.0,20956,148.51,307.97,220.49,0.494,0.00,300.61,294.76,5.9,1.46,-1.11,-16.82,322.69,-43.42,-4.33,12.3,-31.2,447.11,805.0,18.5,355.4,58.7,32.3,-153.1,-91.9,0.18,0.13,1.66,1.41,8.08
65859,308,38.9761658,-74.5521774,6752.0,20954,148.49,307.98,220.51,0.494,0.01,300.57,294.64,5.9,1.44,-1.10,-16.81,322.69,-43.43,-4.32,12.3,-31.6,447.15,805.0,18.7,355.6,58.8,32.3,-153.1,-91.8,0.18,0.13,1.66,1.41,8.07
65860,308,38.9768448,-74.5536575,6752.0,20957,148.50,307.87,220.42,0.493,0.01,300.52,294.76,5.8,1.46,-1.04,-16.82,322.69,-43.42,-4.33,12.3,-31.8,447.10,805.1,18.3,355.0,58.8,32.3,-153.1,-91.8,0.18,0.13,1.66,1.41,8.08
65861,308,38.9775238,-74.5551300,6752.0,20955,148.44,307.98,220.50,0.494,0.00,300.49,294.76,5.7,1.45,-0.98,-16.81,322.69,-43.43,-4.32,12.3,-31.6,447.13,805.1,18.3,354.6,58.8,32.2,-153.0,-91.9,0.18,0.13,1.66,1.41,8.07
65862,308,38.9782028,-74.5566025,6752.0,20956,148.49,307.81,220.37,0.493,0.01,300.50,294.63,5.9,1.46,-0.85,-16.80,322.71,-43.42,-4.32,12.1,-31.7,447.12,805.1,18.5,355.5,58.8,32.1,-153.0,-91.9,0.18,0.13,1.67,1.42,8.07
65863,308,38.9788780,-74.5580750,6752.0,20953,148.45,307.99,220.51,0.494,0.02,300.45,294.64,5.8,1.45,-0.80,-16.80,322.70,-43.41,-4.30,12.2,-30.9,447.17,805.0,18.5,354.8,58.8,32.0,-153.0,-91.8,0.18,0.13,1.67,1.42,8.07
65864,308,38.9795570,-74.5595551,6752.0,20954,148.44,308.06,220.56,0.494,0.08,300.45,294.63,5.8,1.48,-0.76,-16.80,322.70,-43.39,-4.30,12.0,-32.4,447.16,805.0,18.5,354.8,58.8,32.0,-153.0,-91.8,0.18,0.13,1.67,1.42,8.09
65865,308,38.9802322,-74.5610275,6752.1,20958,148.38,308.03,220.53,0.494,0.14,300.41,294.64,5.8,1.49,-0.93,-16.81,322.71,-43.44,-4.31,12.1,-31.6,447.08,805.0,18.4,354.4,58.8,32.1,-153.0,-91.8,0.18,0.13,1.67,1.42,8.06
65866,308,38.9809113,-74.5625076,6752.2,20957,148.40,307.94,220.46,0.494,0.17,300.37,294.63,5.7,1.52,-1.12,-16.79,322.72,-43.42,-4.30,12.1,-31.8,447.10,804.9,18.3,354.4,58.8,32.3,-153.0,-91.8,0.18,0.13,1.67,1.42,8.06
65867,308,38.9815865,-74.5639801,6752.4,20956,148.36,308.04,220.54,0.494,0.24,300.34,294.40,5.9,1.53,-1.23,-16.80,322.71,-43.43,-4.30,12.2,-31.7,447.11,804.9,18.8,355.0,58.8,32.4,-153.0,-91.8,0.18,0.13,1.67,1.42,8.06
65868,308,38.9822578,-74.5654602,6752.6,20957,148.38,307.90,220.43,0.494,0.30,300.32,294.63,5.7,1.55,-1.24,-16.80,322.72,-43.44,-4.31,12.4,-31.5,447.09,804.9,18.2,354.1,58.8,32.4,-153.0,-91.7,0.18,0.13,1.67,1.42,8.05
65869,308,38.9829330,-74.5669327,6752.9,20961,148.38,308.00,220.49,0.494,0.21,300.28,294.40,5.9,1.60,-1.19,-16.79,322.74,-43.46,-4.30,12.5,-31.3,447.02,804.8,18.7,354.8,58.8,32.4,-153.0,-91.6,0.18,0.13,1.67,1.42,8.03
65870,308,38.9836044,-74.5684128,6753.1,20962,148.34,307.87,220.39,0.493,0.54,300.22,294.63,5.6,1.60,-1.16,-16.80,322.73,-43.45,-4.32,12.2,-31.3,447.01,804.7,18.0,353.6,58.8,32.4,-153.0,-91.5,0.18,0.13,1.67,1.42,8.04
65871,308,38.9842796,-74.5698853,6753.7,20961,148.33,307.88,220.40,0.493,0.64,300.23,294.40,5.8,1.63,-1.12,-16.80,322.73,-43.47,-4.31,12.2,-31.9,447.03,804.6,18.6,354.5,58.8,32.3,-153.0,-91.5,0.18,0.13,1.67,1.42,8.03
65872,308,38.9849510,-74.5713654,6754.3,20960,148.26,308.06,220.54,0.494,0.67,300.17,294.52,5.6,1.70,-0.98,-16.82,322.71,-43.48,-4.32,12.4,-31.2,447.04,804.6,18.2,353.3,58.8,32.2,-153.0,-91.5,0.18,0.13,1.66,1.41,8.03
65873,308,38.9856262,-74.5728455,6755.0,20964,148.24,307.97,220.46,0.494,0.69,300.13,294.39,5.7,1.70,-0.82,-16.81,322.73,-43.48,-4.32,12.6,-31.5,446.97,804.7,18.4,353.7,58.8,32.0,-153.0,-91.5,0.18,0.13,1.67,1.41,8.02
65874,308,38.9862938,-74.5743179,6755.7,20971,148.21,307.96,220.42,0.494,0.67,300.16,294.40,5.8,1.68,-0.74,-16.82,322.74,-43.50,-4.33,12.2,-31.0,446.84,804.5,18.5,353.8,58.8,31.9,-153.0,-91.4,0.18,0.13,1.66,1.41,8.02
65875,308,38.9869652,-74.5757980,6756.3,20970,148.12,307.74,220.26,0.493,0.61,300.14,294.28,5.9,1.64,-0.78,-16.81,322.75,-43.51,-4.33,12.5,-31.5,446.86,804.6,18.7,354.2,58.8,32.0,-153.0,-91.4,0.18,0.13,1.67,1.42,8.00
65876,308,38.9876328,-74.5772781,6757.0,20973,148.10,307.84,220.32,0.493,0.37,300.12,294.39,5.7,1.59,-0.90,-16.82,322.75,-43.53,-4.34,12.0,-31.4,446.80,804.5,18.4,353.5,58.8,32.0,-153.0,-91.4,0.18,0.13,1.66,1.41,7.99
65877,308,38.9883003,-74.5787506,6757.3,20970,148.05,307.90,220.39,0.494,0.50,300.11,294.28,5.8,1.55,-1.00,-16.84,322.71,-43.53,-4.36,12.1,-31.7,446.85,804.5,18.7,353.7,58.8,32.2,-153.0,-91.4,0.18,0.13,1.66,1.41,8.00
65878,308,38.9889679,-74.5802307,6757.8,20972,148.03,307.76,220.27,0.493,0.30,300.08,294.39,5.7,1.50,-1.12,-16.83,322.74,-43.55,-4.35,12.2,-31.6,446.82,804.5,18.4,353.2,58.8,32.3,-153.0,-91.5,0.18,0.13,1.66,1.41,7.98
65879,308,38.9896355,-74.5817032,6758.1,20976,148.06,307.78,220.28,0.493,0.17,300.04,294.28,5.8,1.46,-1.10,-16.85,322.73,-43.57,-4.37,12.0,-31.1,446.73,804.5,18.5,353.5,58.8,32.3,-153.0,-91.4,0.18,0.13,1.66,1.41,7.97
65880,308,38.9903030,-74.5831833,6758.3,20974,147.98,307.78,220.29,0.493,0.09,300.02,294.39,5.6,1.44,-1.03,-16.86,322.71,-43.60,-4.38,12.1,-31.6,446.77,804.5,18.3,352.7,58.8,32.2,-153.0,-91.4,0.18,0.13,1.66,1.41,7.95
65881,308,38.9909706,-74.5846558,6758.4,20978,148.02,307.79,220.28,0.493,0.02,300.01,294.15,5.9,1.40,-0.91,-16.86,322.72,-43.62,-4.38,12.1,-31.5,446.70,804.7,18.7,353.7,58.8,32.1,-153.0,-91.4,0.18,0.13,1.66,1.41,7.94
65882,308,38.9916344,-74.5861359,6758.4,20975,148.06,307.75,220.27,0.493,0.03,299.99,294.28,5.7,1.38,-0.84,-16.86,322.70,-43.62,-4.39,12.5,-31.8,446.76,804.8,18.4,353.3,58.8,32.0,-153.0,-91.4,0.18,0.13,1.66,1.41,7.94
