NASA Data Processing/NAAMES(2015)/METNAV/NAAMES-Hskping_c130_20151109_R3.ict
78,1001
Project Office
NSRC - National Suborbital Research Center
C-130 (N439NA) Data Acquisition and Distribution
NAAMES 2015
1,1
2015,11,09,2018,11,30
1
Start_UTC,seconds
34
1,1,1,1,1,1,1,1,1,1,1,1,1,1,1,1,1,1,1,1,1,1,1,1,1,1,1,1,1,1,1,1,1,1
-9999,-9999,-9999,-9999,-9999,-9999,-9999,-9999,-9999,-9999,-9999,-9999,-9999,-9999,-9999,-9999,-9999,-9999,-9999,-9999,-9999,-9999,-9999,-9999,-9999,-9999,-9999,-9999,-9999,-9999,-9999,-9999,-9999,-9999
Day_Of_Year, day beginning January 1
Latitude, deg
Longitude, deg
GPS_Altitude, m (height above mean sea level*)
Pressure_Altitude, ft
Ground_Speed, m/s
True_Air_Speed, kts
Indicated_Air_Speed, kts
Mach_Number, mach
Vertical_Speed, m/s
True_Heading, deg (0-360, cw from +y)
Track_Angle, deg (0-360, cw from +y)
Drift_Angle, deg (+-180, cw from +y)
Pitch_Angle, deg (+-180, up+)
Roll_Angle, deg (+-180, rt+)
Static_Air_Temp, Celcius
Potential_Temp, Kelvin
Dew_Point, Celcius
Total_Air_Temp, Celcius
IR_Surf_Temp, Celcius
IR_Zenith_Temp, Celcius
Static_Pressure, mb
Cabin_Pressure, mb
Wind_Speed, m/s (limited to where Roll_Angle <= 5 degrees)
Wind_Direction,  deg (0-360, cw from +y)
Solar_Zenith_Angle, deg
Aircraft_Sun_Elevation, deg
Sun_Azimuth, deg
Aircraft_Sun_Azimuth, deg
Mixing_Ratio, g/kg
Part_Press_Water_Vapor, mb
Sat_Vapor_Press_H2O, mb
Sat_Vapor_Press_Ice, mb
Relative_Humidity, percent (with respect to water)
0
30
PI_CONTACT_INFO: Melissa Yang Martin, m.yang@baeri.org 
Platform: Wallops C-130 N439NA
LOCATION: Included in data records
ASSOCIATED_DATA: This data represents NAAMES 2015 Transit to St. Johns Newfoundland from Wallops Flight Facility. See NAAMES archive on Langley Archive http://www-air.larc.nasa.gov/missions/naames/index.html
INSTRUMENT_INFO: 
        Position, ground speed, attitude, and vertical speed from LN251 EGI
        Wind_Speed and Wind_Direction calculated from LN251 EGI, pitot-static pressure transducers
        Total_Air_Temperature from Rosemount 102AU1AP deiced* (deicing not powered)
        Static_Pressure from Rosemount 1201F1B5B1B, Pitot Pressure from Rosemount 1221F2AF7B1B 
        IR_Surface_Temp, IR_Zenith_Temp from Heitronics KT19.85 II
        Cabin_Pressure from Measurement Specialties EPRB-2-XU63-30P-/Z1
        Dew_Point and calculated water vapor parameters from Edgetech Vigilant Hygrometer model 137 3-stage TEC chilled mirror
        Pressure_Altitude, Indicated_Air_Speed, True_Air_Speed, Mach_Number, Static_Air_Temperature derived from pitot-static pressure transducers and total air temperature probe,
DATA_INFO: Contact PI or Data Manager
UNCERTAINTY:NONE,5m,5m,5m,N/A,0.015 m/s,N/A,N/A,0.01 mach,0.015 m/s,0.02 deg,0.02 deg,0.02 deg,0.02 deg,0.02 deg,0.5 deg C,N/A,0.2 deg C,0.3 deg C, 0.7%*(TargetTemp-HousingTemp), 0.7%*(TargetTemp-HousingTemp),N/A,0.15 %,1 m/s,0.5 deg,N/A,N/A,N/A,N/A,N/A,N/A,N/A,N/A,N/A
ULOD_FLAG:-7777
ULOD_VALUE:N/A,90,180,N/A,N/A,N/A,N/A,N/A,0.99,N/A,N/A,N/A,N/A,N/A,N/A,330,N/A,90,350,200,200,N/A,1333.22,N/A,N/A,N/A,N/A,N/A,N/A,N/A,N/A,N/A,N/A,N/A
LLOD_FLAG:-8888
LLOD_VALUE:N/A,-90,-180,N/A,N/A,N/A,N/A,N/A,0,N/A,N/A,N/A,N/A,N/A,N/A,-105,N/A,-50,-70,-150,-150,N/A,0.66,1,N/A,N/A,N/A,N/A,N/A,N/A,N/A,N/A,N/A,N/A;
DM_CONTACT_INFO: Ryan Bennett, r.bennett@baeri.org
PROJECT_INFO: See NAAMES website for more information at: https://naames.larc.nasa.gov/
STIPULATIONS_ON_USE: Contact PI or DM with questions before use
OTHER_COMMENTS: IR_Zenith_Temp flagged as missing.
REVISION: R3
R3: Applied signal conditioner calibration to Total_Air_Temp, Static_Air_Temp, and Potential_Temp.
R2: Applied calibrations to pitot-static system variables (Static_Pressure, Mach_Number, etc.) and included recovery factor in Total_Air_Temp and Static_Air_Temp calculations. GPS_Altitude (msl) calculated from GPS parameters (height above ellipsoid minus geoid height). Smoothing applied to intervals where Edgetech hygrometer Dew_Point oscillations were present, subsequent water vapor variables calculated from the smoothed segment Dew_Point trace.
R1: Updated header information to include ULOD, LLOD, instrument uncertainties, new contact information for NSRC PI and DM, re-calculated wind speeds and directions, added IR_Zenith_Temp.
R0: Final Data
RA: This is Mostly QC'd Field Data
Start_UTC,Day_Of_Year,Latitude,Longitude,GPS_Altitude,Pressure_Altitude,Ground_Speed,True_Air_Speed,Indicated_Air_Speed,Mach_Number,Vertical_Speed,True_Heading,Track_Angle,Drift_Angle,Pitch_Angle,Roll_Angle,Static_Air_Temp,Potential_Temp,Dew_Point,Total_Air_Temp,IR_Surf_Temp,IR_Zenith_Temp,Static_Pressure,Cabin_Pressure,Wind_Speed,Wind_Direction,Solar_Zenith_Angle,Aircraft_Sun_Elevation,Sun_Azimuth,Aircraft_Sun_Azimuth,Mixing_Ratio,Part_Press_Water_Vapor,Sat_Vapor_Press_H2O,Sat_Vapor_Press_Ice,Relative_Humidity
[from data line 7057]
80402,313,41.4310487,-64.8847328,6644.0,20925,175.07,297.43,214.72,0.481,0.0,74.18,83.27,-9.1,1.91,0.93,-21.13,317.14,-41.88,-9.48,7.1,-9999,447.69,812.9,34.1,308.5,104.0,-12.4,-100.4,-174.7,0.22,0.16,1.15,0.94,13.75
80403,313,41.4311486,-64.8838852,6644.0,20925,175.07,297.44,214.74,0.481,0.2,74.18,83.30,-9.1,1.91,1.08,-21.15,317.11,-41.85,-9.50,6.9,-9999,447.70,813,34.1,308.6,104.0,-12.4,-100.4,-174.8,0.22,0.16,1.15,0.94,13.81
80404,313,41.4314304,-64.8814869,6644.2,20924,175.10,297.37,214.68,0.481,0.1,74.15,83.36,-9.2,1.90,1.42,-21.14,317.13,-41.83,-9.49,6.8,-9999,447.71,812.9,34.4,308.8,104.0,-12.4,-100.4,-174.8,0.22,0.16,1.15,0.94,13.82
80405,313,41.4317169,-64.8790255,6644.3,20926,175.08,297.27,214.61,0.481,0.0,74.23,83.37,-9.1,1.85,0.47,-21.14,317.13,-41.83,-9.50,7.0,-9999,447.68,812.9,34.2,308.6,104.0,-12.4,-100.4,-174.6,0.22,0.16,1.15,0.94,13.83
80406,313,41.4320032,-64.8765640,6644.3,20922,175.16,297.29,214.63,0.481,-0.1,74.42,83.33,-8.9,1.84,-0.49,-21.13,317.12,-41.80,-9.49,5.6,-9999,447.76,813,33.8,307.9,104.0,-12.3,-100.4,-174.6,0.22,0.16,1.15,0.94,13.86
80407,313,41.4322572,-64.8743923,6644.2,20925,175.12,297.17,214.53,0.480,0.0,74.42,83.30,-8.9,1.85,-0.54,-21.14,317.14,-41.82,-9.50,4.5,-9999,447.69,812.9,33.7,307.7,104.0,-12.3,-100.4,-174.6,0.22,0.16,1.15,0.94,13.84
80408,313,41.4325002,-64.8723241,6644.2,20925,175.11,297.22,214.57,0.480,-0.1,74.19,83.29,-9.1,1.84,-0.30,-21.14,317.13,-41.78,-9.50,6.9,-9999,447.69,812.7,34.2,308.3,104.0,-12.4,-100.4,-174.4,0.22,0.16,1.15,0.94,13.90
80409,313,41.4327435,-64.8702561,6644.1,20926,175.11,297.12,214.50,0.480,0.0,73.93,83.26,-9.3,1.82,-0.47,-21.15,317.12,-41.77,-9.52,6.6,-9999,447.68,812.6,34.7,308.9,104.0,-12.4,-100.4,-174.1,0.22,0.16,1.15,0.94,13.92
80410,313,41.4328706,-64.8691808,6644.1,20926,175.15,296.95,214.36,0.480,-0.2,73.87,83.21,-9.3,1.80,-0.81,-21.13,317.15,-41.78,-9.52,6.8,-9999,447.67,812.6,34.8,308.7,104.0,-12.4,-100.4,-173.9,0.22,0.16,1.15,0.94,13.89
80411,313,41.4331635,-64.8667207,6643.9,20925,175.10,296.98,214.39,0.480,-0.2,73.94,83.10,-9.2,1.79,-1.81,-21.13,317.15,-41.78,-9.51,6.7,-9999,447.69,812.5,34.4,308.2,104.0,-12.3,-100.4,-173.8,0.22,0.16,1.15,0.94,13.88
80412,313,41.4334586,-64.8642826,6643.7,20923,175.11,296.98,214.40,0.480,-0.2,74.06,83.00,-8.9,1.82,-1.93,-21.13,317.14,-41.76,-9.51,6.8,-9999,447.72,812.5,33.9,307.5,104.0,-12.2,-100.4,-173.8,0.22,0.16,1.15,0.94,13.92
80413,313,41.4337401,-64.8619902,6643.5,20920,175.05,296.79,214.26,0.480,-0.1,73.89,82.94,-9.1,1.83,-1.35,-21.12,317.13,-41.76,-9.52,6.7,-9999,447.78,812.5,34.1,307.6,104.0,-12.3,-100.4,-173.8,0.22,0.16,1.15,0.94,13.91
80414,313,41.4339957,-64.8599254,6643.4,20924,175.07,296.74,214.20,0.480,-0.1,73.58,82.89,-9.3,1.82,-0.98,-21.10,317.18,-41.76,-9.50,7.2,-9999,447.71,812.6,34.7,308.2,104.0,-12.3,-100.4,-173.6,0.22,0.16,1.15,0.94,13.88
80415,313,41.4342531,-64.8578612,6643.2,20925,175.05,296.88,214.31,0.480,-0.1,73.41,82.84,-9.4,1.81,-1.21,-21.12,317.16,-41.74,-9.51,7.0,-9999,447.69,812.6,34.9,308.6,104.1,-12.3,-100.4,-173.4,0.22,0.16,1.15,0.94,13.94
80416,313,41.4343750,-64.8568912,6643.1,20926,175.05,296.71,214.17,0.480,-0.1,73.41,82.77,-9.4,1.80,-1.44,-21.11,317.17,-41.74,-9.51,7.0,-9999,447.67,812.5,34.8,308.2,104.1,-12.3,-100.4,-173.3,0.22,0.16,1.15,0.94,13.93
80417,313,41.4346811,-64.8544775,6643.0,20920,175.03,296.52,214.05,0.479,-0.2,73.51,82.66,-9.1,1.81,-2.08,-21.09,317.17,-41.70,-9.51,7.0,-9999,447.79,812.5,34.4,307.5,104.1,-12.2,-100.4,-173.2,0.22,0.16,1.16,0.94,13.96
80418,313,41.4350000,-64.8520032,6642.8,20920,175.00,296.53,214.06,0.479,-0.1,73.52,82.53,-9.0,1.86,-2.59,-21.08,317.18,-41.70,-9.50,6.9,-9999,447.79,812.6,34.1,307.0,104.1,-12.1,-100.4,-173.1,0.22,0.16,1.16,0.94,13.94
80419,313,41.4353132,-64.8496129,6642.7,20922,174.98,296.61,214.10,0.479,0.0,73.28,82.41,-9.1,1.88,-2.71,-21.08,317.20,-41.71,-9.49,7.2,-9999,447.74,812.6,34.3,307.3,104.1,-12.1,-100.4,-172.9,0.22,0.16,1.16,0.94,13.93
80420,313,41.4355874,-64.8475538,6642.7,20920,174.97,296.49,214.03,0.479,-0.1,72.89,82.30,-9.4,1.87,-2.66,-21.07,317.19,-41.68,-9.50,6.8,-9999,447.79,812.7,34.9,307.8,104.1,-12.1,-100.4,-172.5,0.22,0.16,1.16,0.94,13.97
80421,313,41.4358658,-64.8454961,6642.6,20922,174.89,296.61,214.11,0.479,0.0,72.54,82.20,-9.7,1.87,-2.60,-21.09,317.19,-41.68,-9.50,6.9,-9999,447.76,812.7,35.4,308.5,104.1,-12.1,-100.4,-172.1,0.22,0.16,1.16,0.94,13.99
80422,313,41.4359812,-64.8446530,6642.6,20923,174.86,296.71,214.19,0.480,0.1,72.43,82.11,-9.7,1.87,-2.59,-21.10,317.18,-41.69,-9.50,6.8,-9999,447.74,812.6,35.4,308.6,104.1,-12.1,-100.4,-172.0,0.22,0.16,1.16,0.94,13.99
80423,313,41.4363232,-64.8421867,6642.7,20919,174.80,296.63,214.13,0.479,0.1,72.27,81.96,-9.7,1.91,-2.51,-21.08,317.18,-41.68,-9.49,6.6,-9999,447.80,812.6,35.4,308.4,104.1,-12.1,-100.4,-171.9,0.22,0.16,1.16,0.94,13.98
80424,313,41.4366714,-64.8397229,6642.8,20923,174.78,296.51,214.03,0.479,0.1,72.22,81.83,-9.6,1.92,-2.28,-21.08,317.19,-41.69,-9.50,5.5,-9999,447.74,812.6,35.3,308.1,104.1,-12.1,-100.3,-171.9,0.22,0.16,1.16,0.94,13.96
80425,313,41.4370189,-64.8373020,6642.9,20918,174.68,296.42,213.97,0.479,0.2,72.13,81.74,-9.6,1.95,-1.81,-21.06,317.20,-41.68,-9.49,4.6,-9999,447.82,812.8,35.2,308.0,104.1,-12.1,-100.3,-171.9,0.22,0.16,1.16,0.94,13.96
80426,313,41.4373167,-64.8352518,6643.1,20920,174.68,296.37,213.92,0.479,0.2,72.03,81.67,-9.6,1.94,-1.30,-21.06,317.21,-41.68,-9.49,6.8,-9999,447.78,812.8,35.3,308.0,104.1,-12.2,-100.3,-171.9,0.22,0.16,1.16,0.94,13.95
80427,313,41.4376196,-64.8331819,6643.3,20923,174.67,296.85,214.29,0.480,0.2,71.90,81.64,-9.7,1.93,-0.77,-21.12,317.15,-41.68,-9.51,6.7,-9999,447.72,812.8,35.4,308.5,104.1,-12.3,-100.3,-171.9,0.22,0.16,1.15,0.94,14.02
80428,313,41.4379209,-64.8311331,6643.5,20924,174.66,297.02,214.43,0.480,0.1,71.72,81.61,-9.9,1.97,-0.25,-21.13,317.14,-41.68,-9.51,7.0,-9999,447.71,812.8,35.7,309.0,104.1,-12.3,-100.3,-171.9,0.22,0.16,1.15,0.94,14.03
80429,313,41.4380870,-64.8300064,6643.6,20923,174.65,297.20,214.57,0.480,0.4,71.64,81.61,-10.0,1.97,-0.18,-21.15,317.11,-41.69,-9.52,6.6,-9999,447.74,812.9,35.8,309.3,104.1,-12.3,-100.3,-171.8,0.22,0.16,1.15,0.94,14.05
80430,313,41.4384436,-64.8275895,6644.0,20924,174.63,297.18,214.55,0.480,0.4,71.58,81.55,-10.0,1.92,-0.65,-21.15,317.11,-41.68,-9.52,7.0,-9999,447.72,812.9,35.8,309.3,104.1,-12.3,-100.3,-171.6,0.22,0.16,1.15,0.94,14.07
80431,313,41.4388057,-64.8251532,6644.4,20928,174.63,297.07,214.45,0.480,0.3,71.64,81.48,-9.8,1.93,-1.09,-21.16,317.11,-41.69,-9.54,6.5,-9999,447.63,812.8,35.5,308.8,104.1,-12.3,-100.3,-171.6,0.22,0.16,1.15,0.93,14.07
80432,313,41.4391369,-64.8229431,6644.7,20928,174.63,296.96,214.37,0.480,0.3,71.65,81.44,-9.8,1.96,-0.69,-21.16,317.12,-41.69,-9.54,6.7,-9999,447.63,813,35.4,308.6,104.1,-12.3,-100.3,-171.7,0.22,0.16,1.15,0.94,14.06
80433,313,41.4394447,-64.8208973,6645.0,20929,174.57,296.91,214.33,0.480,0.3,71.54,81.44,-9.9,1.97,0.06,-21.15,317.13,-41.68,-9.54,5.5,-9999,447.62,813,35.6,308.9,104.1,-12.4,-100.3,-171.7,0.22,0.16,1.15,0.94,14.07
80434,313,41.4397526,-64.8188514,6645.3,20930,174.52,296.92,214.33,0.480,0.2,71.39,81.44,-10.0,1.93,0.17,-21.14,317.14,-41.66,-9.53,5.2,-9999,447.59,813,35.9,309.3,104.1,-12.5,-100.3,-171.6,0.23,0.16,1.15,0.94,14.09
80435,313,41.4399035,-64.8178490,6645.5,20931,174.53,296.88,214.30,0.480,0.3,71.35,81.43,-10.1,1.91,0.04,-21.14,317.15,-41.66,-9.53,5.8,-9999,447.57,812.8,36.0,309.3,104.1,-12.5,-100.3,-171.6,0.23,0.16,1.15,0.94,14.08
80436,313,41.4402642,-64.8154556,6645.8,20930,174.55,296.90,214.31,0.480,0.2,71.42,81.38,-10.0,1.88,-0.49,-21.14,317.14,-41.66,-9.53,6.6,-9999,447.61,812.8,35.8,309.0,104.1,-12.4,-100.3,-171.5,0.23,0.16,1.15,0.94,14.09
80437,313,41.4406298,-64.8130423,6646.0,20931,174.54,296.77,214.21,0.480,0.1,71.54,81.34,-9.8,1.87,-0.69,-21.15,317.14,-41.64,-9.55,6.2,-9999,447.58,812.9,35.4,308.5,104.2,-12.4,-100.3,-171.6,0.23,0.16,1.15,0.94,14.12
80438,313,41.4409910,-64.8106703,6646.1,20936,174.49,296.70,214.13,0.480,0.0,71.55,81.33,-9.8,1.84,-0.35,-21.12,317.19,-41.64,-9.53,6.9,-9999,447.49,812.8,35.4,308.4,104.2,-12.5,-100.3,-171.6,0.23,0.16,1.15,0.94,14.09
80439,313,41.4413030,-64.8086256,6646.1,20932,174.50,296.65,214.10,0.480,0.0,71.37,81.32,-10.0,1.83,0.05,-21.11,317.19,-41.63,-9.52,6.9,-9999,447.57,812.7,35.8,308.8,104.2,-12.6,-100.3,-171.6,0.23,0.16,1.15,0.94,14.09
80440,313,41.4416151,-64.8065807,6646.1,20934,174.55,296.73,214.16,0.480,0.0,71.12,81.31,-10.2,1.80,0.14,-21.12,317.19,-41.61,-9.52,7.0,-9999,447.53,812.6,36.3,309.3,104.2,-12.6,-100.3,-171.3,0.23,0.16,1.15,0.94,14.12
80441,313,41.4417464,-64.8057219,6646.1,20938,174.55,296.84,214.21,0.480,-0.2,71.05,81.30,-10.3,1.78,0.09,-21.10,317.23,-41.61,-9.49,6.9,-9999,447.44,812.7,36.4,309.5,104.2,-12.6,-100.3,-171.3,0.23,0.16,1.15,0.94,14.10
80442,313,41.4421187,-64.8032883,6645.9,20934,174.62,296.99,214.34,0.480,-0.2,71.04,81.27,-10.2,1.75,-0.17,-21.08,317.24,-41.61,-9.47,7.0,-9999,447.53,812.6,36.4,309.5,104.2,-12.6,-100.3,-171.2,0.23,0.16,1.16,0.94,14.09
80443,313,41.4424893,-64.8008753,6645.7,20934,174.65,296.93,214.27,0.480,-0.3,71.21,81.25,-10.0,1.76,-0.19,-21.04,317.29,-41.59,-9.43,6.8,-9999,447.53,812.5,36.0,309.0,104.2,-12.6,-100.3,-171.3,0.23,0.16,1.16,0.95,14.06
80444,313,41.4428606,-64.7984621,6645.4,20930,174.61,296.75,214.13,0.480,-0.1,71.31,81.26,-9.9,1.80,0.14,-20.98,317.35,-41.59,-9.38,6.1,-9999,447.60,812.5,35.8,308.7,104.2,-12.6,-100.3,-171.5,0.23,0.16,1.17,0.95,13.99
80445,313,41.4431846,-64.7963551,6645.3,20928,174.71,296.80,214.15,0.480,-0.1,71.32,81.28,-10.0,1.79,0.56,-20.92,317.41,-41.58,-9.32,6.8,-9999,447.64,812.5,35.9,308.6,104.2,-12.7,-100.3,-171.6,0.23,0.16,1.17,0.96,13.93
80446,313,41.4434985,-64.7943088,6645.2,20931,174.71,296.78,214.10,0.479,-0.1,71.35,81.31,-10.0,1.77,0.82,-20.87,317.49,-41.59,-9.27,6.8,-9999,447.57,812.5,35.9,308.6,104.2,-12.8,-100.3,-171.7,0.23,0.16,1.18,0.96,13.85
80447,313,41.4438116,-64.7922617,6645.1,20933,174.74,296.85,214.12,0.480,0.0,71.45,81.32,-9.9,1.74,0.74,-20.83,317.55,-41.59,-9.22,7.2,-9999,447.54,812.5,35.7,308.5,104.2,-12.8,-100.3,-171.8,0.23,0.16,1.18,0.97,13.81
80448,313,41.4439866,-64.7911151,6645.1,20932,174.79,296.87,214.14,0.480,-0.1,71.52,81.34,-9.8,1.75,0.66,-20.81,317.57,-41.60,-9.20,7.3,-9999,447.57,812.6,35.6,308.3,104.2,-12.8,-100.3,-171.8,0.23,0.16,1.18,0.97,13.77
80449,313,41.4443516,-64.7887186,6645.0,20931,174.84,297.05,214.26,0.480,0.0,71.60,81.36,-9.8,1.75,0.46,-20.79,317.59,-41.58,-9.17,7.2,-9999,447.58,812.8,35.5,308.3,104.2,-12.7,-100.3,-171.9,0.23,0.16,1.19,0.97,13.77
80450,313,41.4447252,-64.7862599,6645.0,20930,174.91,297.06,214.27,0.480,0.1,71.59,81.37,-9.8,1.77,0.25,-20.77,317.61,-41.61,-9.15,7.2,-9999,447.59,812.7,35.6,308.3,104.2,-12.7,-100.2,-171.8,0.23,0.16,1.19,0.97,13.71
80451,313,41.4450550,-64.7840873,6645.1,20927,174.94,297.14,214.34,0.480,0.1,71.54,81.38,-9.8,1.79,0.11,-20.77,317.60,-41.63,-9.14,7.3,-9999,447.66,812.7,35.7,308.4,104.2,-12.7,-100.2,-171.7,0.23,0.16,1.19,0.97,13.67
80452,313,41.4453690,-64.7820168,6645.2,20927,174.99,297.29,214.48,0.480,0.1,71.45,81.38,-9.9,1.82,0.10,-20.83,317.53,-41.67,-9.19,7.0,-9999,447.66,812.8,35.9,308.7,104.2,-12.6,-100.2,-171.6,0.23,0.16,1.18,0.97,13.70
80453,313,41.4456800,-64.7799664,6645.3,20931,174.99,297.35,214.53,0.480,0.2,71.31,81.38,-10.1,1.84,0.11,-20.88,317.48,-41.70,-9.23,7.3,-9999,447.58,812.9,36.2,309.0,104.2,-12.6,-100.2,-171.5,0.22,0.16,1.18,0.96,13.71
80454,313,41.4458355,-64.7789412,6645.5,20932,175.01,297.48,214.64,0.481,0.3,71.23,81.37,-10.1,1.82,0.08,-20.92,317.44,-41.71,-9.26,7.0,-9999,447.56,812.9,36.3,309.2,104.2,-12.6,-100.2,-171.4,0.22,0.16,1.17,0.96,13.74
80455,313,41.4461997,-64.7765421,6645.7,20932,174.99,297.48,214.65,0.481,0.3,71.16,81.35,-10.2,1.81,0.04,-20.95,317.40,-41.73,-9.29,7.4,-9999,447.55,812.9,36.4,309.4,104.2,-12.6,-100.2,-171.3,0.22,0.16,1.17,0.95,13.75
80456,313,41.4465711,-64.7741021,6646.0,20935,174.98,297.45,214.61,0.481,0.3,71.23,81.33,-10.1,1.81,-0.15,-20.95,317.40,-41.77,-9.30,6.7,-9999,447.50,812.8,36.2,309.1,104.2,-12.6,-100.2,-171.3,0.22,0.16,1.17,0.95,13.70
80457,313,41.4469276,-64.7717645,6646.3,20936,175.03,297.49,214.65,0.481,0.3,71.29,81.31,-10.0,1.80,-0.18,-20.97,317.38,-41.80,-9.32,6.7,-9999,447.48,813,36.1,308.9,104.2,-12.6,-100.2,-171.4,0.22,0.16,1.17,0.95,13.67
80458,313,41.4472409,-64.7697140,6646.6,20938,175.03,297.46,214.63,0.481,0.2,71.25,81.30,-10.0,1.79,-0.16,-21.00,317.35,-41.84,-9.35,7.3,-9999,447.45,812.9,36.1,308.9,104.3,-12.7,-100.2,-171.3,0.22,0.16,1.16,0.95,13.65
80459,313,41.4475548,-64.7676634,6646.8,20938,175.01,297.41,214.60,0.481,0.1,71.14,81.28,-10.1,1.79,-0.17,-21.01,317.34,-41.87,-9.36,6.9,-9999,447.45,812.8,36.4,309.1,104.3,-12.7,-100.2,-171.2,0.22,0.16,1.16,0.95,13.62
80460,313,41.4477026,-64.7666997,6646.9,20939,175.03,297.53,214.69,0.481,0.2,71.09,81.26,-10.2,1.79,-0.20,-21.02,317.33,-41.91,-9.36,7.2,-9999,447.43,812.9,36.4,309.2,104.3,-12.7,-100.2,-171.1,0.22,0.16,1.16,0.95,13.58
80461,313,41.4480776,-64.7642597,6647.1,20941,175.05,297.37,214.57,0.481,0.1,71.01,81.23,-10.2,1.76,0.05,-21.04,317.32,-41.93,-9.39,6.9,-9999,447.38,812.8,36.6,309.2,104.3,-12.7,-100.2,-171.1,0.22,0.16,1.16,0.95,13.56
80462,313,41.4484570,-64.7617994,6647.2,20941,175.07,297.24,214.48,0.480,-0.1,70.96,81.27,-10.3,1.75,1.38,-21.06,317.29,-41.97,-9.42,7.4,-9999,447.40,812.9,36.8,309.3,104.3,-12.9,-100.2,-171.4,0.22,0.16,1.16,0.94,13.53
80463,313,41.4488161,-64.7594610,6647.1,20942,175.14,297.11,214.38,0.480,-0.1,71.02,81.35,-10.3,1.73,2.24,-21.05,317.30,-41.98,-9.43,6.7,-9999,447.38,812.8,36.9,309.2,104.3,-13.1,-100.2,-171.7,0.22,0.16,1.16,0.94,13.52
80464,313,41.4491284,-64.7574082,6647.0,20939,175.22,297.10,214.39,0.480,-0.3,71.27,81.40,-10.1,1.69,1.87,-21.07,317.27,-42.00,-9.45,7.4,-9999,447.43,812.7,36.6,308.8,104.3,-13.1,-100.2,-171.8,0.22,0.16,1.16,0.94,13.50
80465,313,41.4494389,-64.7553541,6646.7,20944,175.26,297.14,214.41,0.480,-0.1,71.60,81.42,-9.8,1.66,1.47,-21.10,317.25,-42.04,-9.47,7.0,-9999,447.33,812.6,35.9,308.0,104.3,-13.1,-100.2,-172.0,0.22,0.16,1.15,0.94,13.49
80466,313,41.4495722,-64.7544706,6646.6,20939,175.35,297.14,214.44,0.480,-0.4,71.70,81.47,-9.8,1.67,1.60,-21.11,317.22,-42.05,-9.48,6.8,-9999,447.43,812.6,35.8,307.9,104.3,-13.1,-100.2,-172.2,0.22,0.16,1.15,0.94,13.48
80467,313,41.4499300,-64.7520858,6646.2,20936,175.42,297.13,214.45,0.480,-0.5,71.74,81.57,-9.8,1.72,2.49,-21.11,317.21,-42.06,-9.48,7.1,-9999,447.49,812.4,36.0,308.0,104.3,-13.1,-100.2,-172.5,0.22,0.16,1.15,0.94,13.47
80468,313,41.4502927,-64.7496369,6645.7,20938,175.48,297.37,214.62,0.481,-0.5,71.62,81.69,-10.1,1.69,2.80,-21.13,317.19,-42.08,-9.49,7.0,-9999,447.44,812.5,36.5,308.8,104.3,-13.2,-100.2,-172.4,0.22,0.15,1.15,0.94,13.46
80469,313,41.4506507,-64.7471852,6645.2,20935,175.58,297.25,214.55,0.481,-0.3,71.78,81.76,-10.0,1.70,2.25,-21.13,317.18,-42.08,-9.49,6.9,-9999,447.50,812.5,36.4,308.5,104.3,-13.1,-100.2,-172.4,0.22,0.15,1.15,0.94,13.45
80470,313,41.4509581,-64.7450614,6644.9,20931,175.65,297.36,214.64,0.481,-0.2,72.14,81.82,-9.7,1.85,1.83,-21.13,317.17,-42.08,-9.48,7.1,-9999,447.57,812.4,35.8,307.8,104.3,-12.9,-100.2,-172.7,0.22,0.15,1.15,0.94,13.45
80471,313,41.4512545,-64.7429984,6644.7,20931,175.69,297.44,214.70,0.481,0.1,72.42,81.91,-9.5,1.94,2.14,-21.13,317.16,-42.07,-9.48,6.8,-9999,447.58,812.4,35.3,307.4,104.3,-12.9,-100.2,-173.0,0.22,0.16,1.15,0.94,13.47
80472,313,41.4515480,-64.7409341,6644.8,20927,175.80,297.46,214.74,0.481,0.1,72.46,81.99,-9.5,1.99,2.77,-21.13,317.15,-42.04,-9.47,6.6,-9999,447.66,812.3,35.5,307.5,104.3,-12.9,-100.2,-173.2,0.22,0.16,1.15,0.94,13.51
80473,313,41.4517136,-64.7397567,6644.9,20933,175.77,297.59,214.82,0.481,0.4,72.42,82.11,-9.7,2.02,3.05,-21.14,317.16,-42.06,-9.48,6.0,-9999,447.55,812.3,35.8,308.1,104.3,-12.9,-100.2,-173.3,0.22,0.16,1.15,0.94,13.51
