NASA Data Processing/CAMP2Ex/SP2/CAMP2Ex-LARGE-SP2_P3B_20191003_R1.ict
37, 1001
Luke D. Ziemba
NASA Langley Research Center
Single Particle Soot Photometer (SP2), DMT
CAMP2Ex
1, 1
2019, 10, 03, 2020,05,06
0
Time_Start, seconds_past_midnight, start_seconds_past_midnight
3
1, 1, 1
-9999, -9999, -9999
Time_Stop, seconds_past_midnight, stop_seconds_past_midnight
Time_Mid, seconds_past_midnight, mid_seconds_past_midnight
BlackCarbon_STP, Black_Carbon_nanograms_per_standard_cubic_meter, AerComp_BC_InSitu_LII_Accu_MassSTP
1
N/A
19
PI_CONTACT_INFO: 21 Langley Blvd, Hampton, VA 23681
PLATFORM: NASA WFF P3-B N426NA
LOCATION: Philippines; Latitude, Longitude, and Altitude included in Hskping files (MetNav)
ASSOCIATED_DATA: InletFlag, MetNav, cloud flag
INSTRUMENT_INFO: Single particle refractory BC mass measured by laser-induced incandescence. Calibrated using laboratory-generated monodisperse fullerene soot aerosol and polynomial mass/response fit. 
DATA_INFO: Data corrected to STP (760 torr and 273K). Measurements apply to refractory black carbon particles with diameter between 100 and 700nm
UNCERTAINTY: 10%
ULOD_FLAG: -7777
ULOD_VALUE: N/A
LLOD_FLAG: -8888
LLOD_VALUE: N/A
DM_CONTACT_INFO: Luke D. Ziemba, luke.ziemba@nasa.gov, (757)864-6246
PROJECT_INFO: CAMP2Ex based at Clark International Airport, Philippines
STIPULATIONS_ON_USE: Data users are strongly encouraged to contact the instrument PI for information on instrument caveats and best practices.
OTHER_COMMENTS: Data affected by cloud penetrations have NOT been removed.Switched between forward-facing isokinetic inlet and counterflow virtual impactor; flag is provided (InletFlag).Data are removed for calibrations,insufficient laser power,and pump failure.
REVISION: R1
R0: Final Data.  No further adjustments are planned.
R1: Applied time shift of -2s to DLH.
Time_Start, Time_Stop, Time_Mid, BlackCarbon_STP
[from data line 13361]
95903.0,95904.0,95903.5,391.9
95904.0,95905.0,95904.5,411.3
95905.0,95906.0,95905.5,323.4
95906.0,95907.0,95906.5,460.2
95907.0,95908.0,95907.5,393.1
95908.0,95909.0,95908.5,565.4
95909.0,95910.0,95909.5,274.6
95910.0,95911.0,95910.5,404.9
95911.0,95912.0,95911.5,347.0
95912.0,95913.0,95912.5,440.6
95913.0,95914.0,95913.5,278.6
95914.0,95915.0,95914.5,238.6
95915.0,95916.0,95915.5,384.2
95916.0,95917.0,95916.5,379.0
95917.0,95918.0,95917.5,404.0
95918.0,95919.0,95918.5,520.5
95919.0,95920.0,95919.5,470.8
95920.0,95921.0,95920.5,477.3
95921.0,95922.0,95921.5,353.4
95922.0,95923.0,95922.5,502.8
95923.0,95924.0,95923.5,371.5
95924.0,95925.0,95924.5,356.2
95925.0,95926.0,95925.5,351.4
95926.0,95927.0,95926.5,205.9
95927.0,95928.0,95927.5,136.4
95928.0,95929.0,95928.5,196.2
95929.0,95930.0,95929.5,235.8
95930.0,95931.0,95930.5,341.3
95931.0,95932.0,95931.5,159.3
95932.0,95933.0,95932.5,353.9
95933.0,95934.0,95933.5,214.9
95934.0,95935.0,95934.5,270.5
95935.0,95936.0,95935.5,198.4
95936.0,95937.0,95936.5,233.7
95937.0,95938.0,95937.5,270.6
95938.0,95939.0,95938.5,340.0
95939.0,95940.0,95939.5,250.6
95940.0,95941.0,95940.5,350.3
95941.0,95942.0,95941.5,345.4
95942.0,95943.0,95942.5,126.7
95943.0,95944.0,95943.5,74.1
95944.0,95945.0,95944.5,207.9
95945.0,95946.0,95945.5,529.7
95946.0,95947.0,95946.5,531.5
95947.0,95948.0,95947.5,333.7
95948.0,95949.0,95948.5,575.6
95949.0,95950.0,95949.5,434.9
95950.0,95951.0,95950.5,432.0
95951.0,95952.0,95951.5,498.0
95952.0,95953.0,95952.5,527.1
95953.0,95954.0,95953.5,442.6
95954.0,95955.0,95954.5,351.2
95955.0,95956.0,95955.5,331.1
95956.0,95957.0,95956.5,211.1
95957.0,95958.0,95957.5,159.2
95958.0,95959.0,95958.5,412.2
95959.0,95960.0,95959.5,197.7
95960.0,95961.0,95960.5,214.9
95961.0,95962.0,95961.5,365.0
95962.0,95963.0,95962.5,280.0
95963.0,95964.0,95963.5,237.2
95964.0,95965.0,95964.5,352.0
95965.0,95966.0,95965.5,361.2
95966.0,95967.0,95966.5,138.9
95967.0,95968.0,95967.5,169.2
95968.0,95969.0,95968.5,118.3
95969.0,95970.0,95969.5,147.4
95970.0,95971.0,95970.5,210.9
95971.0,95972.0,95971.5,441.5
95972.0,95973.0,95972.5,173.1
95973.0,95974.0,95973.5,221.0
95974.0,95975.0,95974.5,475.5
95975.0,95976.0,95975.5,339.0
95976.0,95977.0,95976.5,174.6
95977.0,95978.0,95977.5,151.9
95978.0,95979.0,95978.5,212.1
95979.0,95980.0,95979.5,168.7
95980.0,95981.0,95980.5,375.8
95981.0,95982.0,95981.5,211.7
95982.0,95983.0,95982.5,210.9
95983.0,95984.0,95983.5,185.3
95984.0,95985.0,95984.5,81.8
95985.0,95986.0,95985.5,267.6
95986.0,95987.0,95986.5,276.4
95987.0,95988.0,95987.5,384.2
95988.0,95989.0,95988.5,390.5
95989.0,95990.0,95989.5,353.5
95990.0,95991.0,95990.5,288.7
95991.0,95992.0,95991.5,347.2
95992.0,95993.0,95992.5,436.8
95993.0,95994.0,95993.5,314.4
95994.0,95995.0,95994.5,297.8
95995.0,95996.0,95995.5,262.6
95996.0,95997.0,95996.5,406.3
95997.0,95998.0,95997.5,304.7
95998.0,95999.0,95998.5,389.3
95999.0,96000.0,95999.5,557.1
96000.0,96001.0,96000.5,277.7
96001.0,96002.0,96001.5,376.8
96002.0,96003.0,96002.5,288.0
96003.0,96004.0,96003.5,455.6
96004.0,96005.0,96004.5,408.9
96005.0,96006.0,96005.5,610.7
96006.0,96007.0,96006.5,517.8
96007.0,96008.0,96007.5,439.8
96008.0,96009.0,96008.5,339.4
96009.0,96010.0,96009.5,730.7
96010.0,96011.0,96010.5,1001.2
96011.0,96012.0,96011.5,836.1
96012.0,96013.0,96012.5,764.3
96013.0,96014.0,96013.5,537.6
96014.0,96015.0,96014.5,812.3
96015.0,96016.0,96015.5,624.8
96016.0,96017.0,96016.5,647.6
96017.0,96018.0,96017.5,686.5
96018.0,96019.0,96018.5,510.8
96019.0,96020.0,96019.5,934.6
96020.0,96021.0,96020.5,627.4
96021.0,96022.0,96021.5,889.4
96022.0,96023.0,96022.5,628.9
96023.0,96024.0,96023.5,1012.8
96024.0,96025.0,96024.5,597.7
96025.0,96026.0,96025.5,906.5
96026.0,96027.0,96026.5,586.3
96027.0,96028.0,96027.5,562.0
96028.0,96029.0,96028.5,799.4
96029.0,96030.0,96029.5,776.7
96030.0,96031.0,96030.5,1076.9
96031.0,96032.0,96031.5,526.8
96032.0,96033.0,96032.5,407.8
96033.0,96034.0,96033.5,473.5
96034.0,96035.0,96034.5,732.0
96035.0,96036.0,96035.5,726.7
96036.0,96037.0,96036.5,448.6
96037.0,96038.0,96037.5,390.4
96038.0,96039.0,96038.5,402.5
96039.0,96040.0,96039.5,671.9
96040.0,96041.0,96040.5,555.5
96041.0,96042.0,96041.5,974.6
96042.0,96043.0,96042.5,606.5
96043.0,96044.0,96043.5,820.4
96044.0,96045.0,96044.5,572.4
96045.0,96046.0,96045.5,620.8
96046.0,96047.0,96046.5,545.6
96047.0,96048.0,96047.5,646.8
96048.0,96049.0,96048.5,558.5
96049.0,96050.0,96049.5,606.7
96050.0,96051.0,96050.5,552.5
96051.0,96052.0,96051.5,830.4
96052.0,96053.0,96052.5,364.3
96053.0,96054.0,96053.5,587.4
96054.0,96055.0,96054.5,737.8
96055.0,96056.0,96055.5,720.2
96056.0,96057.0,96056.5,503.1
96057.0,96058.0,96057.5,715.7
96058.0,96059.0,96058.5,519.6
96059.0,96060.0,96059.5,555.1
96060.0,96061.0,96060.5,543.4
96061.0,96062.0,96061.5,788.8
96062.0,96063.0,96062.5,672.0
96063.0,96064.0,96063.5,647.2
96064.0,96065.0,96064.5,676.6
96065.0,96066.0,96065.5,693.6
96066.0,96067.0,96066.5,580.3
96067.0,96068.0,96067.5,526.3
96068.0,96069.0,96068.5,633.0
96069.0,96070.0,96069.5,537.5
96070.0,96071.0,96070.5,449.5
96071.0,96072.0,96071.5,405.5
96072.0,96073.0,96072.5,474.5
96073.0,96074.0,96073.5,561.5
96074.0,96075.0,96074.5,414.2
96075.0,96076.0,96075.5,583.3
96076.0,96077.0,96076.5,479.5
96077.0,96078.0,96077.5,763.9
96078.0,96079.0,96078.5,754.3
96079.0,96080.0,96079.5,381.8
96080.0,96081.0,96080.5,503.2
96081.0,96082.0,96081.5,482.7
96082.0,96083.0,96082.5,646.3
96083.0,96084.0,96083.5,847.2
96084.0,96085.0,96084.5,469.0
96085.0,96086.0,96085.5,522.8
96086.0,96087.0,96086.5,532.2
96087.0,96088.0,96087.5,405.7
96088.0,96089.0,96088.5,537.7
96089.0,96090.0,96089.5,593.7
96090.0,96091.0,96090.5,709.5
96091.0,96092.0,96091.5,464.2
96092.0,96093.0,96092.5,559.7
96093.0,96094.0,96093.5,444.1
96094.0,96095.0,96094.5,600.4
96095.0,96096.0,96095.5,422.9
96096.0,96097.0,96096.5,489.8
96097.0,96098.0,96097.5,530.9
96098.0,96099.0,96098.5,636.2
96099.0,96100.0,96099.5,580.1
96100.0,96101.0,96100.5,590.3
96101.0,96102.0,96101.5,585.0
96102.0,96103.0,96102.5,418.5
96103.0,96104.0,96103.5,422.3
96104.0,96105.0,96104.5,446.2
96105.0,96106.0,96105.5,741.8
96106.0,96107.0,96106.5,601.5
96107.0,96108.0,96107.5,542.6
96108.0,96109.0,96108.5,491.8
96109.0,96110.0,96109.5,423.0
96110.0,96111.0,96110.5,679.9
96111.0,96112.0,96111.5,446.1
96112.0,96113.0,96112.5,579.5
96113.0,96114.0,96113.5,760.9
96114.0,96115.0,96114.5,512.5
96115.0,96116.0,96115.5,813.0
96116.0,96117.0,96116.5,546.6
96117.0,96118.0,96117.5,579.8
96118.0,96119.0,96118.5,378.6
96119.0,96120.0,96119.5,441.0
96120.0,96121.0,96120.5,524.2
96121.0,96122.0,96121.5,725.6
96122.0,96123.0,96122.5,462.9
96123.0,96124.0,96123.5,389.1
96124.0,96125.0,96124.5,591.7
96125.0,96126.0,96125.5,711.8
96126.0,96127.0,96126.5,572.2
96127.0,96128.0,96127.5,636.4
96128.0,96129.0,96128.5,542.8
96129.0,96130.0,96129.5,602.4
96130.0,96131.0,96130.5,354.2
96131.0,96132.0,96131.5,354.1
96132.0,96133.0,96132.5,379.6
96133.0,96134.0,96133.5,481.2
96134.0,96135.0,96134.5,633.3
96135.0,96136.0,96135.5,582.8
96136.0,96137.0,96136.5,296.1
96137.0,96138.0,96137.5,550.0
96138.0,96139.0,96138.5,342.7
96139.0,96140.0,96139.5,332.4
96140.0,96141.0,96140.5,352.4
96141.0,96142.0,96141.5,257.6
96142.0,96143.0,96142.5,300.3
96143.0,96144.0,96143.5,430.1
96144.0,96145.0,96144.5,305.4
96145.0,96146.0,96145.5,318.3
96146.0,96147.0,96146.5,238.9
96147.0,96148.0,96147.5,310.9
96148.0,96149.0,96148.5,270.6
96149.0,96150.0,96149.5,700.7
96150.0,96151.0,96150.5,633.6
96151.0,96152.0,96151.5,597.2
96152.0,96153.0,96152.5,356.1
96153.0,96154.0,96153.5,382.6
96154.0,96155.0,96154.5,260.0
96155.0,96156.0,96155.5,255.5
96156.0,96157.0,96156.5,302.6
96157.0,96158.0,96157.5,353.1
96158.0,96159.0,96158.5,563.1
96159.0,96160.0,96159.5,344.6
96160.0,96161.0,96160.5,322.9
96161.0,96162.0,96161.5,271.8
96162.0,96163.0,96162.5,346.9
96163.0,96164.0,96163.5,310.0
96164.0,96165.0,96164.5,258.6
96165.0,96166.0,96165.5,269.5
96166.0,96167.0,96166.5,238.9
96167.0,96168.0,96167.5,470.2
96168.0,96169.0,96168.5,534.9
96169.0,96170.0,96169.5,484.9
96170.0,96171.0,96170.5,238.0
96171.0,96172.0,96171.5,221.2
96172.0,96173.0,96172.5,342.0
96173.0,96174.0,96173.5,268.0
96174.0,96175.0,96174.5,317.1
96175.0,96176.0,96175.5,271.5
96176.0,96177.0,96176.5,255.3
96177.0,96178.0,96177.5,131.6
96178.0,96179.0,96178.5,170.8
96179.0,96180.0,96179.5,150.6
96180.0,96181.0,96180.5,288.2
96181.0,96182.0,96181.5,404.9
96182.0,96183.0,96182.5,255.5
96183.0,96184.0,96183.5,251.7
96184.0,96185.0,96184.5,155.9
96185.0,96186.0,96185.5,314.3
96186.0,96187.0,96186.5,167.8
96187.0,96188.0,96187.5,209.3
96188.0,96189.0,96188.5,435.1
96189.0,96190.0,96189.5,263.6
96190.0,96191.0,96190.5,292.9
96191.0,96192.0,96191.5,364.1
96192.0,96193.0,96192.5,332.1
96193.0,96194.0,96193.5,365.5
96194.0,96195.0,96194.5,262.0
96195.0,96196.0,96195.5,389.4
96196.0,96197.0,96196.5,201.0
96197.0,96198.0,96197.5,216.6
96198.0,96199.0,96198.5,487.2
96199.0,96200.0,96199.5,258.7
96200.0,96201.0,96200.5,359.6
96201.0,96202.0,96201.5,149.5
96202.0,96203.0,96202.5,221.3
96203.0,96204.0,96203.5,156.1
96204.0,96205.0,96204.5,268.5
96205.0,96206.0,96205.5,262.2
96206.0,96207.0,96206.5,135.8
96207.0,96208.0,96207.5,155.5
96208.0,96209.0,96208.5,199.8
96209.0,96210.0,96209.5,164.2
96210.0,96211.0,96210.5,133.2
96211.0,96212.0,96211.5,109.3
96212.0,96213.0,96212.5,314.2
96213.0,96214.0,96213.5,180.5
96214.0,96215.0,96214.5,175.6
96215.0,96216.0,96215.5,223.7
96216.0,96217.0,96216.5,168.7
96217.0,96218.0,96217.5,94.0
96218.0,96219.0,96218.5,152.2
96219.0,96220.0,96219.5,92.0
96220.0,96221.0,96220.5,151.4
96221.0,96222.0,96221.5,187.0
96222.0,96223.0,96222.5,224.3
96223.0,96224.0,96223.5,87.5
96224.0,96225.0,96224.5,11.8
96225.0,96226.0,96225.5,13.2
96226.0,96227.0,96226.5,2.2
96227.0,96228.0,96227.5,3.0
96228.0,96229.0,96228.5,16.3
96229.0,96230.0,96229.5,20.0
96230.0,96231.0,96230.5,4.3
96231.0,96232.0,96231.5,5.1
96232.0,96233.0,96232.5,18.7
96233.0,96234.0,96233.5,0.0
96234.0,96235.0,96234.5,0.6
96235.0,96236.0,96235.5,11.1
96236.0,96237.0,96236.5,23.2
96237.0,96238.0,96237.5,6.8
96238.0,96239.0,96238.5,12.3
96239.0,96240.0,96239.5,11.7
96240.0,96241.0,96240.5,10.2
96241.0,96242.0,96241.5,12.1
96242.0,96243.0,96242.5,20.0
96243.0,96244.0,96243.5,13.0
96244.0,96245.0,96244.5,5.1
96245.0,96246.0,96245.5,1.7
96246.0,96247.0,96246.5,2.5
96247.0,96248.0,96247.5,1.0
96248.0,96249.0,96248.5,0.3
96249.0,96250.0,96249.5,7.5
96250.0,96251.0,96250.5,4.1
96251.0,96252.0,96251.5,3.7
96252.0,96253.0,96252.5,8.3
96253.0,96254.0,96253.5,7.5
96254.0,96255.0,96254.5,4.7
96255.0,96256.0,96255.5,1.4
96256.0,96257.0,96256.5,6.1
96257.0,96258.0,96257.5,22.1
96258.0,96259.0,96258.5,0.3
96259.0,96260.0,96259.5,1.3
96260.0,96261.0,96260.5,3.8
96261.0,96262.0,96261.5,10.2
96262.0,96263.0,96262.5,6.8
96263.0,96264.0,96263.5,5.8
96264.0,96265.0,96264.5,0.4
96265.0,96266.0,96265.5,0.4
96266.0,96267.0,96266.5,5.6
96267.0,96268.0,96267.5,0.0
96268.0,96269.0,96268.5,3.1
96269.0,96270.0,96269.5,8.9
96270.0,96271.0,96270.5,0.0
96271.0,96272.0,96271.5,3.3
96272.0,96273.0,96272.5,2.5
96273.0,96274.0,96273.5,9.8
96274.0,96275.0,96274.5,1.6
96275.0,96276.0,96275.5,7.2
96276.0,96277.0,96276.5,5.9
96277.0,96278.0,96277.5,106.8
96278.0,96279.0,96278.5,10.5
96279.0,96280.0,96279.5,17.9
96280.0,96281.0,96280.5,7.1
96281.0,96282.0,96281.5,7.0
96282.0,96283.0,96282.5,4.5
96283.0,96284.0,96283.5,4.9
96284.0,96285.0,96284.5,13.6
96285.0,96286.0,96285.5,37.3
96286.0,96287.0,96286.5,12.1
96287.0,96288.0,96287.5,41.6
96288.0,96289.0,96288.5,0.0
96289.0,96290.0,96289.5,4.8
96290.0,96291.0,96290.5,9.3
96291.0,96292.0,96291.5,5.2
96292.0,96293.0,96292.5,7.1
96293.0,96294.0,96293.5,3.4
96294.0,96295.0,96294.5,6.3
96295.0,96296.0,96295.5,3.7
96296.0,96297.0,96296.5,8.6
96297.0,96298.0,96297.5,9.5
96298.0,96299.0,96298.5,15.2
96299.0,96300.0,96299.5,11.0
96300.0,96301.0,96300.5,24.0
96301.0,96302.0,96301.5,7.0
96302.0,96303.0,96302.5,47.6
96303.0,96304.0,96303.5,6.5
96304.0,96305.0,96304.5,6.5
96305.0,96306.0,96305.5,13.8
96306.0,96307.0,96306.5,7.7
96307.0,96308.0,96307.5,11.8
96308.0,96309.0,96308.5,11.7
96309.0,96310.0,96309.5,4.6
96310.0,96311.0,96310.5,14.6
96311.0,96312.0,96311.5,10.5
96312.0,96313.0,96312.5,5.7
96313.0,96314.0,96313.5,36.8
96314.0,96315.0,96314.5,27.6
96315.0,96316.0,96315.5,31.5
96316.0,96317.0,96316.5,2.6
96317.0,96318.0,96317.5,6.7
96318.0,96319.0,96318.5,10.3
96319.0,96320.0,96319.5,13.5
96320.0,96321.0,96320.5,34.7
96321.0,96322.0,96321.5,37.5
96322.0,96323.0,96322.5,157.5
96323.0,96324.0,96323.5,54.6
96324.0,96325.0,96324.5,15.5
96325.0,96326.0,96325.5,15.2
96326.0,96327.0,96326.5,6.2
96327.0,96328.0,96327.5,13.8
96328.0,96329.0,96328.5,9.3
96329.0,96330.0,96329.5,10.0
96330.0,96331.0,96330.5,22.4
96331.0,96332.0,96331.5,21.5
96332.0,96333.0,96332.5,52.8
96333.0,96334.0,96333.5,35.5
96334.0,96335.0,96334.5,45.4
96335.0,96336.0,96335.5,15.2
96336.0,96337.0,96336.5,6.5
96337.0,96338.0,96337.5,2.6
96338.0,96339.0,96338.5,4.2
96339.0,96340.0,96339.5,8.8
96340.0,96341.0,96340.5,3.3
96341.0,96342.0,96341.5,18.1
96342.0,96343.0,96342.5,24.6
96343.0,96344.0,96343.5,27.9
96344.0,96345.0,96344.5,2.8
96345.0,96346.0,96345.5,2.3
96346.0,96347.0,96346.5,5.2
96347.0,96348.0,96347.5,8.4
96348.0,96349.0,96348.5,7.6
96349.0,96350.0,96349.5,2.6
96350.0,96351.0,96350.5,12.5
96351.0,96352.0,96351.5,8.2
96352.0,96353.0,96352.5,14.0
96353.0,96354.0,96353.5,9.5
96354.0,96355.0,96354.5,7.0
96355.0,96356.0,96355.5,2.6
96356.0,96357.0,96356.5,7.1
96357.0,96358.0,96357.5,19.1
96358.0,96359.0,96358.5,15.2
96359.0,96360.0,96359.5,1.1
96360.0,96361.0,96360.5,28.9
96361.0,96362.0,96361.5,3.8
96362.0,96363.0,96362.5,1.4
96363.0,96364.0,96363.5,11.8
96364.0,96365.0,96364.5,1.9
96365.0,96366.0,96365.5,42.6
96366.0,96367.0,96366.5,17.3
96367.0,96368.0,96367.5,82.5
96368.0,96369.0,96368.5,7.6
96369.0,96370.0,96369.5,5.7
96370.0,96371.0,96370.5,16.2
96371.0,96372.0,96371.5,27.1
96372.0,96373.0,96372.5,18.9
96373.0,96374.0,96373.5,18.5
96374.0,96375.0,96374.5,22.0
96375.0,96376.0,96375.5,8.9
96376.0,96377.0,96376.5,16.9
96377.0,96378.0,96377.5,12.3
96378.0,96379.0,96378.5,22.5
96379.0,96380.0,96379.5,14.8
96380.0,96381.0,96380.5,0.0
96381.0,96382.0,96381.5,9.6
96382.0,96383.0,96382.5,25.2
96383.0,96384.0,96383.5,1.4
96384.0,96385.0,96384.5,0.8
96385.0,96386.0,96385.5,5.5
96386.0,96387.0,96386.5,47.3
96387.0,96388.0,96387.5,103.2
96388.0,96389.0,96388.5,5.9
96389.0,96390.0,96389.5,18.6
96390.0,96391.0,96390.5,8.2
96391.0,96392.0,96391.5,14.3
96392.0,96393.0,96392.5,40.2
96393.0,96394.0,96393.5,2.8
96394.0,96395.0,96394.5,20.2
96395.0,96396.0,96395.5,27.4
96396.0,96397.0,96396.5,33.1
96397.0,96398.0,96397.5,1.6
96398.0,96399.0,96398.5,12.1
96399.0,96400.0,96399.5,2.9
96400.0,96401.0,96400.5,8.9
96401.0,96402.0,96401.5,19.3
96402.0,96403.0,96402.5,7.9
96403.0,96404.0,96403.5,5.2
96404.0,96405.0,96404.5,36.8
96405.0,96406.0,96405.5,33.9
96406.0,96407.0,96406.5,21.7
96407.0,96408.0,96407.5,3.6
96408.0,96409.0,96408.5,0.0
96409.0,96410.0,96409.5,17.9
96410.0,96411.0,96410.5,1.5
96411.0,96412.0,96411.5,5.6
96412.0,96413.0,96412.5,23.1
96413.0,96414.0,96413.5,40.1
96414.0,96415.0,96414.5,8.5
96415.0,96416.0,96415.5,35.1
96416.0,96417.0,96416.5,17.1
96417.0,96418.0,96417.5,31.9
96418.0,96419.0,96418.5,9.7
96419.0,96420.0,96419.5,8.1
96420.0,96421.0,96420.5,10.7
96421.0,96422.0,96421.5,4.6
96422.0,96423.0,96422.5,9.2
96423.0,96424.0,96423.5,4.4
96424.0,96425.0,96424.5,15.2
96425.0,96426.0,96425.5,14.9
96426.0,96427.0,96426.5,21.1
96427.0,96428.0,96427.5,16.5
96428.0,96429.0,96428.5,3.1
96429.0,96430.0,96429.5,2.2
96430.0,96431.0,96430.5,18.9
96431.0,96432.0,96431.5,4.8
96432.0,96433.0,96432.5,25.9
96433.0,96434.0,96433.5,0.0
96434.0,96435.0,96434.5,14.8
96435.0,96436.0,96435.5,33.2
96436.0,96437.0,96436.5,36.1
96437.0,96438.0,96437.5,6.4
96438.0,96439.0,96438.5,0.9
96439.0,96440.0,96439.5,7.6
96440.0,96441.0,96440.5,18.6
96441.0,96442.0,96441.5,12.4
96442.0,96443.0,96442.5,2.8
96443.0,96444.0,96443.5,2.1
96444.0,96445.0,96444.5,10.9
96445.0,96446.0,96445.5,0.6
96446.0,96447.0,96446.5,2.1
