NASA Data Processing/CAMP2Ex/SP2/CAMP2Ex-LARGE-SP2_P3B_20190925_R1.ict
37, 1001
Luke D. Ziemba
NASA Langley Research Center
Single Particle Soot Photometer (SP2), DMT
CAMP2Ex
1, 1
2019, 09, 25, 2020,05,06
0
Time_Start, seconds_past_midnight, start_seconds_past_midnight
3
1, 1, 1
-9999, -9999, -9999
Time_Stop, seconds_past_midnight, stop_seconds_past_midnight
Time_Mid, seconds_past_midnight, mid_seconds_past_midnight
BlackCarbon_STP, Black_Carbon_nanograms_per_standard_cubic_meter, AerComp_BC_InSitu_LII_Accu_MassSTP
1
N/A
19
PI_CONTACT_INFO: 21 Langley Blvd, Hampton, VA 23681
PLATFORM: NASA WFF P3-B N426NA
LOCATION: Philippines; Latitude, Longitude, and Altitude included in Hskping files (MetNav)
ASSOCIATED_DATA: InletFlag, MetNav, cloud flag
INSTRUMENT_INFO: Single particle refractory BC mass measured by laser-induced incandescence. Calibrated using laboratory-generated monodisperse fullerene soot aerosol and polynomial mass/response fit. 
DATA_INFO: Data corrected to STP (760 torr and 273K). Measurements apply to refractory black carbon particles with diameter between 100 and 700nm
UNCERTAINTY: 10%
ULOD_FLAG: -7777
ULOD_VALUE: N/A
LLOD_FLAG: -8888
LLOD_VALUE: N/A
DM_CONTACT_INFO: Luke D. Ziemba, luke.ziemba@nasa.gov, (757)864-6246
PROJECT_INFO: CAMP2Ex based at Clark International Airport, Philippines
STIPULATIONS_ON_USE: Data users are strongly encouraged to contact the instrument PI for information on instrument caveats and best practices.
OTHER_COMMENTS: Data affected by cloud penetrations have NOT been removed.Switched between forward-facing isokinetic inlet and counterflow virtual impactor; flag is provided (InletFlag).Data are removed for calibrations,insufficient laser power,and pump failure.
REVISION: R1
R0: Final Data.  No further adjustments are planned.
R1: Applied time shift of -2s to DLH.
Time_Start, Time_Stop, Time_Mid, BlackCarbon_STP
[from data line 22068]
32572.0,32573.0,32572.5,53.6
32573.0,32574.0,32573.5,31.0
32574.0,32575.0,32574.5,139.9
32575.0,32576.0,32575.5,26.6
32576.0,32577.0,32576.5,32.5
32577.0,32578.0,32577.5,63.3
32578.0,32579.0,32578.5,21.3
32579.0,32580.0,32579.5,67.3
32580.0,32581.0,32580.5,53.9
32581.0,32582.0,32581.5,97.7
32582.0,32583.0,32582.5,71.4
32583.0,32584.0,32583.5,49.6
32584.0,32585.0,32584.5,60.9
32585.0,32586.0,32585.5,55.6
32586.0,32587.0,32586.5,43.5
32587.0,32588.0,32587.5,42.9
32588.0,32589.0,32588.5,17.0
32589.0,32590.0,32589.5,38.8
32590.0,32591.0,32590.5,73.0
32591.0,32592.0,32591.5,29.2
32592.0,32593.0,32592.5,53.4
32593.0,32594.0,32593.5,69.4
32594.0,32595.0,32594.5,59.7
32595.0,32596.0,32595.5,60.5
32596.0,32597.0,32596.5,51.1
32597.0,32598.0,32597.5,33.6
32598.0,32599.0,32598.5,120.9
32599.0,32600.0,32599.5,120.4
32600.0,32601.0,32600.5,62.4
32601.0,32602.0,32601.5,64.3
32602.0,32603.0,32602.5,36.4
32603.0,32604.0,32603.5,32.9
32604.0,32605.0,32604.5,64.7
32605.0,32606.0,32605.5,40.7
32606.0,32607.0,32606.5,124.0
32607.0,32608.0,32607.5,48.5
32608.0,32609.0,32608.5,58.3
32609.0,32610.0,32609.5,76.4
32610.0,32611.0,32610.5,20.9
32611.0,32612.0,32611.5,12.5
32612.0,32613.0,32612.5,55.9
32613.0,32614.0,32613.5,51.7
32614.0,32615.0,32614.5,44.2
32615.0,32616.0,32615.5,152.7
32616.0,32617.0,32616.5,39.9
32617.0,32618.0,32617.5,39.5
32618.0,32619.0,32618.5,33.5
32619.0,32620.0,32619.5,201.9
32620.0,32621.0,32620.5,17.1
32621.0,32622.0,32621.5,41.4
32622.0,32623.0,32622.5,52.1
32623.0,32624.0,32623.5,49.2
32624.0,32625.0,32624.5,78.3
32625.0,32626.0,32625.5,56.3
32626.0,32627.0,32626.5,32.0
32627.0,32628.0,32627.5,36.6
32628.0,32629.0,32628.5,24.6
32629.0,32630.0,32629.5,63.7
32630.0,32631.0,32630.5,196.1
32631.0,32632.0,32631.5,37.5
32632.0,32633.0,32632.5,42.2
32633.0,32634.0,32633.5,36.8
32634.0,32635.0,32634.5,42.8
32635.0,32636.0,32635.5,109.7
32636.0,32637.0,32636.5,61.2
32637.0,32638.0,32637.5,98.7
32638.0,32639.0,32638.5,35.8
32639.0,32640.0,32639.5,124.0
32640.0,32641.0,32640.5,86.6
32641.0,32642.0,32641.5,57.5
32642.0,32643.0,32642.5,24.9
32643.0,32644.0,32643.5,57.5
32644.0,32645.0,32644.5,67.1
32645.0,32646.0,32645.5,38.6
32646.0,32647.0,32646.5,44.0
32647.0,32648.0,32647.5,43.7
32648.0,32649.0,32648.5,23.5
32649.0,32650.0,32649.5,30.2
32650.0,32651.0,32650.5,71.4
32651.0,32652.0,32651.5,43.9
32652.0,32653.0,32652.5,29.3
32653.0,32654.0,32653.5,49.9
32654.0,32655.0,32654.5,180.8
32655.0,32656.0,32655.5,74.8
32656.0,32657.0,32656.5,154.4
32657.0,32658.0,32657.5,58.5
32658.0,32659.0,32658.5,45.9
32659.0,32660.0,32659.5,48.6
32660.0,32661.0,32660.5,40.9
32661.0,32662.0,32661.5,43.8
32662.0,32663.0,32662.5,40.0
32663.0,32664.0,32663.5,61.3
32664.0,32665.0,32664.5,46.0
32665.0,32666.0,32665.5,41.3
32666.0,32667.0,32666.5,76.6
32667.0,32668.0,32667.5,84.6
32668.0,32669.0,32668.5,57.5
32669.0,32670.0,32669.5,174.9
32670.0,32671.0,32670.5,31.2
32671.0,32672.0,32671.5,141.2
32672.0,32673.0,32672.5,81.4
32673.0,32674.0,32673.5,107.0
32674.0,32675.0,32674.5,20.4
32675.0,32676.0,32675.5,38.4
32676.0,32677.0,32676.5,43.6
32677.0,32678.0,32677.5,36.8
32678.0,32679.0,32678.5,86.0
32679.0,32680.0,32679.5,68.8
32680.0,32681.0,32680.5,107.5
32681.0,32682.0,32681.5,51.9
32682.0,32683.0,32682.5,49.3
32683.0,32684.0,32683.5,86.1
32684.0,32685.0,32684.5,113.5
32685.0,32686.0,32685.5,76.6
32686.0,32687.0,32686.5,60.2
32687.0,32688.0,32687.5,81.3
32688.0,32689.0,32688.5,61.5
32689.0,32690.0,32689.5,70.5
32690.0,32691.0,32690.5,51.8
32691.0,32692.0,32691.5,75.9
32692.0,32693.0,32692.5,80.1
32693.0,32694.0,32693.5,118.8
32694.0,32695.0,32694.5,130.9
32695.0,32696.0,32695.5,67.0
32696.0,32697.0,32696.5,273.6
32697.0,32698.0,32697.5,99.7
32698.0,32699.0,32698.5,32.2
32699.0,32700.0,32699.5,201.3
32700.0,32701.0,32700.5,172.9
32701.0,32702.0,32701.5,94.5
32702.0,32703.0,32702.5,57.9
32703.0,32704.0,32703.5,66.0
32704.0,32705.0,32704.5,197.2
32705.0,32706.0,32705.5,47.1
32706.0,32707.0,32706.5,50.5
32707.0,32708.0,32707.5,78.4
32708.0,32709.0,32708.5,95.6
32709.0,32710.0,32709.5,98.3
32710.0,32711.0,32710.5,144.6
32711.0,32712.0,32711.5,274.4
32712.0,32713.0,32712.5,180.6
32713.0,32714.0,32713.5,130.0
32714.0,32715.0,32714.5,163.8
32715.0,32716.0,32715.5,47.5
32716.0,32717.0,32716.5,66.6
32717.0,32718.0,32717.5,122.8
32718.0,32719.0,32718.5,32.5
32719.0,32720.0,32719.5,97.3
32720.0,32721.0,32720.5,109.9
32721.0,32722.0,32721.5,120.5
32722.0,32723.0,32722.5,248.9
32723.0,32724.0,32723.5,82.3
32724.0,32725.0,32724.5,75.3
32725.0,32726.0,32725.5,73.8
32726.0,32727.0,32726.5,82.2
32727.0,32728.0,32727.5,108.4
32728.0,32729.0,32728.5,76.8
32729.0,32730.0,32729.5,193.2
32730.0,32731.0,32730.5,51.8
32731.0,32732.0,32731.5,76.1
32732.0,32733.0,32732.5,35.7
32733.0,32734.0,32733.5,51.2
32734.0,32735.0,32734.5,142.7
32735.0,32736.0,32735.5,140.5
32736.0,32737.0,32736.5,214.3
32737.0,32738.0,32737.5,40.8
32738.0,32739.0,32738.5,83.4
32739.0,32740.0,32739.5,66.7
32740.0,32741.0,32740.5,100.4
32741.0,32742.0,32741.5,54.0
32742.0,32743.0,32742.5,125.3
32743.0,32744.0,32743.5,156.6
32744.0,32745.0,32744.5,49.6
32745.0,32746.0,32745.5,59.5
32746.0,32747.0,32746.5,63.5
32747.0,32748.0,32747.5,83.2
32748.0,32749.0,32748.5,106.0
32749.0,32750.0,32749.5,44.0
32750.0,32751.0,32750.5,111.1
32751.0,32752.0,32751.5,51.9
32752.0,32753.0,32752.5,70.8
32753.0,32754.0,32753.5,81.2
32754.0,32755.0,32754.5,157.2
32755.0,32756.0,32755.5,140.8
32756.0,32757.0,32756.5,97.9
32757.0,32758.0,32757.5,154.1
32758.0,32759.0,32758.5,59.1
32759.0,32760.0,32759.5,101.4
32760.0,32761.0,32760.5,49.6
32761.0,32762.0,32761.5,92.3
32762.0,32763.0,32762.5,62.6
32763.0,32764.0,32763.5,79.9
32764.0,32765.0,32764.5,59.6
32765.0,32766.0,32765.5,162.5
32766.0,32767.0,32766.5,64.1
32767.0,32768.0,32767.5,86.9
32768.0,32769.0,32768.5,77.3
32769.0,32770.0,32769.5,89.1
32770.0,32771.0,32770.5,84.9
32771.0,32772.0,32771.5,132.1
32772.0,32773.0,32772.5,106.4
32773.0,32774.0,32773.5,137.1
32774.0,32775.0,32774.5,91.8
32775.0,32776.0,32775.5,183.8
32776.0,32777.0,32776.5,76.6
32777.0,32778.0,32777.5,145.0
32778.0,32779.0,32778.5,140.8
32779.0,32780.0,32779.5,183.0
32780.0,32781.0,32780.5,128.2
32781.0,32782.0,32781.5,102.1
32782.0,32783.0,32782.5,171.7
32783.0,32784.0,32783.5,128.6
32784.0,32785.0,32784.5,129.5
32785.0,32786.0,32785.5,68.1
32786.0,32787.0,32786.5,106.7
32787.0,32788.0,32787.5,112.9
32788.0,32789.0,32788.5,243.6
32789.0,32790.0,32789.5,108.3
32790.0,32791.0,32790.5,122.2
32791.0,32792.0,32791.5,231.0
32792.0,32793.0,32792.5,135.9
32793.0,32794.0,32793.5,181.1
32794.0,32795.0,32794.5,177.7
32795.0,32796.0,32795.5,154.1
32796.0,32797.0,32796.5,221.9
32797.0,32798.0,32797.5,160.7
32798.0,32799.0,32798.5,128.0
32799.0,32800.0,32799.5,91.6
32800.0,32801.0,32800.5,156.0
32801.0,32802.0,32801.5,128.9
32802.0,32803.0,32802.5,333.7
32803.0,32804.0,32803.5,139.8
32804.0,32805.0,32804.5,260.9
32805.0,32806.0,32805.5,166.6
32806.0,32807.0,32806.5,219.1
32807.0,32808.0,32807.5,360.6
32808.0,32809.0,32808.5,217.5
32809.0,32810.0,32809.5,198.2
32810.0,32811.0,32810.5,215.2
32811.0,32812.0,32811.5,155.9
32812.0,32813.0,32812.5,314.7
32813.0,32814.0,32813.5,450.0
32814.0,32815.0,32814.5,229.3
32815.0,32816.0,32815.5,153.5
32816.0,32817.0,32816.5,125.5
32817.0,32818.0,32817.5,278.3
32818.0,32819.0,32818.5,200.1
32819.0,32820.0,32819.5,152.4
32820.0,32821.0,32820.5,232.6
32821.0,32822.0,32821.5,210.3
32822.0,32823.0,32822.5,129.9
32823.0,32824.0,32823.5,304.8
32824.0,32825.0,32824.5,269.0
32825.0,32826.0,32825.5,212.2
32826.0,32827.0,32826.5,176.0
32827.0,32828.0,32827.5,215.4
32828.0,32829.0,32828.5,270.6
32829.0,32830.0,32829.5,268.1
32830.0,32831.0,32830.5,302.5
32831.0,32832.0,32831.5,109.2
32832.0,32833.0,32832.5,190.6
32833.0,32834.0,32833.5,213.1
32834.0,32835.0,32834.5,137.2
32835.0,32836.0,32835.5,130.0
32836.0,32837.0,32836.5,222.7
32837.0,32838.0,32837.5,230.9
32838.0,32839.0,32838.5,274.9
32839.0,32840.0,32839.5,285.0
32840.0,32841.0,32840.5,197.3
32841.0,32842.0,32841.5,206.7
32842.0,32843.0,32842.5,217.0
32843.0,32844.0,32843.5,151.2
32844.0,32845.0,32844.5,250.4
32845.0,32846.0,32845.5,153.9
32846.0,32847.0,32846.5,144.1
32847.0,32848.0,32847.5,174.3
32848.0,32849.0,32848.5,187.2
32849.0,32850.0,32849.5,158.7
32850.0,32851.0,32850.5,158.4
32851.0,32852.0,32851.5,197.9
32852.0,32853.0,32852.5,114.0
32853.0,32854.0,32853.5,155.1
32854.0,32855.0,32854.5,209.5
32855.0,32856.0,32855.5,200.8
32856.0,32857.0,32856.5,318.2
32857.0,32858.0,32857.5,213.3
32858.0,32859.0,32858.5,285.0
32859.0,32860.0,32859.5,192.6
32860.0,32861.0,32860.5,109.8
32861.0,32862.0,32861.5,147.0
32862.0,32863.0,32862.5,144.2
32863.0,32864.0,32863.5,233.4
32864.0,32865.0,32864.5,161.3
32865.0,32866.0,32865.5,141.8
32866.0,32867.0,32866.5,211.9
32867.0,32868.0,32867.5,231.3
32868.0,32869.0,32868.5,184.8
32869.0,32870.0,32869.5,176.1
32870.0,32871.0,32870.5,139.7
32871.0,32872.0,32871.5,299.0
32872.0,32873.0,32872.5,301.0
32873.0,32874.0,32873.5,277.5
32874.0,32875.0,32874.5,183.8
32875.0,32876.0,32875.5,154.5
32876.0,32877.0,32876.5,194.2
32877.0,32878.0,32877.5,272.0
32878.0,32879.0,32878.5,309.9
32879.0,32880.0,32879.5,227.3
32880.0,32881.0,32880.5,146.8
32881.0,32882.0,32881.5,249.5
32882.0,32883.0,32882.5,166.4
32883.0,32884.0,32883.5,159.6
32884.0,32885.0,32884.5,135.2
32885.0,32886.0,32885.5,233.1
32886.0,32887.0,32886.5,126.4
32887.0,32888.0,32887.5,171.7
32888.0,32889.0,32888.5,234.3
32889.0,32890.0,32889.5,264.6
32890.0,32891.0,32890.5,169.1
32891.0,32892.0,32891.5,309.3
32892.0,32893.0,32892.5,130.4
32893.0,32894.0,32893.5,222.3
32894.0,32895.0,32894.5,109.2
32895.0,32896.0,32895.5,130.3
32896.0,32897.0,32896.5,205.9
32897.0,32898.0,32897.5,157.2
32898.0,32899.0,32898.5,81.2
32899.0,32900.0,32899.5,90.8
32900.0,32901.0,32900.5,167.0
32901.0,32902.0,32901.5,386.9
32902.0,32903.0,32902.5,154.5
32903.0,32904.0,32903.5,134.8
32904.0,32905.0,32904.5,143.6
32905.0,32906.0,32905.5,200.1
32906.0,32907.0,32906.5,311.3
32907.0,32908.0,32907.5,327.0
32908.0,32909.0,32908.5,233.2
32909.0,32910.0,32909.5,272.8
32910.0,32911.0,32910.5,279.1
32911.0,32912.0,32911.5,255.7
32912.0,32913.0,32912.5,363.4
32913.0,32914.0,32913.5,366.2
32914.0,32915.0,32914.5,315.7
32915.0,32916.0,32915.5,248.0
32916.0,32917.0,32916.5,344.9
32917.0,32918.0,32917.5,287.2
32918.0,32919.0,32918.5,525.1
32919.0,32920.0,32919.5,379.1
32920.0,32921.0,32920.5,644.5
32921.0,32922.0,32921.5,599.4
32922.0,32923.0,32922.5,420.3
32923.0,32924.0,32923.5,516.7
32924.0,32925.0,32924.5,368.5
32925.0,32926.0,32925.5,723.0
32926.0,32927.0,32926.5,572.6
32927.0,32928.0,32927.5,460.1
32928.0,32929.0,32928.5,495.7
32929.0,32930.0,32929.5,376.5
32930.0,32931.0,32930.5,616.2
32931.0,32932.0,32931.5,661.1
32932.0,32933.0,32932.5,736.2
32933.0,32934.0,32933.5,663.0
32934.0,32935.0,32934.5,746.7
32935.0,32936.0,32935.5,607.7
32936.0,32937.0,32936.5,534.3
32937.0,32938.0,32937.5,502.8
32938.0,32939.0,32938.5,477.1
32939.0,32940.0,32939.5,509.3
32940.0,32941.0,32940.5,563.8
32941.0,32942.0,32941.5,864.9
32942.0,32943.0,32942.5,554.3
