NASA Data Processing/CAMP2Ex/SP2/CAMP2Ex-LARGE-SP2_P3B_20190829_R1.ict
37, 1001
Luke D. Ziemba
NASA Langley Research Center
Single Particle Soot Photometer (SP2), DMT
CAMP2Ex
1, 1
2019, 08, 29, 2020,05,06
0
Time_Start, seconds_past_midnight, start_seconds_past_midnight
3
1, 1, 1
-9999, -9999, -9999
Time_Stop, seconds_past_midnight, stop_seconds_past_midnight
Time_Mid, seconds_past_midnight, mid_seconds_past_midnight
BlackCarbon_STP, Black_Carbon_nanograms_per_standard_cubic_meter, AerComp_BC_InSitu_LII_Accu_MassSTP
1
N/A
19
PI_CONTACT_INFO: 21 Langley Blvd, Hampton, VA 23681
PLATFORM: NASA WFF P3-B N426NA
LOCATION: Philippines; Latitude, Longitude, and Altitude included in Hskping files (MetNav)
ASSOCIATED_DATA: InletFlag, MetNav, cloud flag
INSTRUMENT_INFO: Single particle refractory BC mass measured by laser-induced incandescence. Calibrated using laboratory-generated monodisperse fullerene soot aerosol and polynomial mass/response fit. 
DATA_INFO: Data corrected to STP (760 torr and 273K). Measurements apply to refractory black carbon particles with diameter between 100 and 700nm
UNCERTAINTY: 10%
ULOD_FLAG: -7777
ULOD_VALUE: N/A
LLOD_FLAG: -8888
LLOD_VALUE: N/A
DM_CONTACT_INFO: Luke D. Ziemba, luke.ziemba@nasa.gov, (757)864-6246
PROJECT_INFO: CAMP2Ex based at Clark International Airport, Philippines
STIPULATIONS_ON_USE: Data users are strongly encouraged to contact the instrument PI for information on instrument caveats and best practices.
OTHER_COMMENTS: Data affected by cloud penetrations have NOT been removed.Switched between forward-facing isokinetic inlet and counterflow virtual impactor; flag is provided (InletFlag).Data are removed for calibrations,insufficient laser power,and pump failure.
REVISION: R1
R0: Final Data.  No further adjustments are planned.
R1: Applied time shift of -2s to DLH.
Time_Start, Time_Stop, Time_Mid, BlackCarbon_STP
[from data line 21217]
102010.0,102011.0,102010.5,7.0
102011.0,102012.0,102011.5,2.0
102012.0,102013.0,102012.5,0.5
102013.0,102014.0,102013.5,1.2
102014.0,102015.0,102014.5,1.5
102015.0,102016.0,102015.5,2.6
102016.0,102017.0,102016.5,9.5
102017.0,102018.0,102017.5,0.0
102018.0,102019.0,102018.5,5.6
102019.0,102020.0,102019.5,4.1
102020.0,102021.0,102020.5,0.8
102021.0,102022.0,102021.5,8.6
102022.0,102023.0,102022.5,0.7
102023.0,102024.0,102023.5,0.0
102024.0,102025.0,102024.5,5.4
102025.0,102026.0,102025.5,0.0
102026.0,102027.0,102026.5,0.4
102027.0,102028.0,102027.5,0.8
102028.0,102029.0,102028.5,0.5
102029.0,102030.0,102029.5,0.0
102030.0,102031.0,102030.5,1.5
102031.0,102032.0,102031.5,1.7
102032.0,102033.0,102032.5,2.1
102033.0,102034.0,102033.5,0.0
102034.0,102035.0,102034.5,3.5
102035.0,102036.0,102035.5,1.2
102036.0,102037.0,102036.5,0.0
102037.0,102038.0,102037.5,0.4
102038.0,102039.0,102038.5,2.0
102039.0,102040.0,102039.5,0.0
102040.0,102041.0,102040.5,0.0
102041.0,102042.0,102041.5,0.0
102042.0,102043.0,102042.5,0.0
102043.0,102044.0,102043.5,0.0
102044.0,102045.0,102044.5,0.5
102045.0,102046.0,102045.5,0.0
102046.0,102047.0,102046.5,4.4
102047.0,102048.0,102047.5,0.0
102048.0,102049.0,102048.5,0.0
102049.0,102050.0,102049.5,0.0
102050.0,102051.0,102050.5,0.5
102051.0,102052.0,102051.5,6.5
102052.0,102053.0,102052.5,3.1
102053.0,102054.0,102053.5,0.0
102054.0,102055.0,102054.5,1.0
102055.0,102056.0,102055.5,0.0
102056.0,102057.0,102056.5,0.0
102057.0,102058.0,102057.5,0.0
102058.0,102059.0,102058.5,0.6
102059.0,102060.0,102059.5,0.9
102060.0,102061.0,102060.5,0.0
102061.0,102062.0,102061.5,0.0
102062.0,102063.0,102062.5,0.7
102063.0,102064.0,102063.5,0.0
102064.0,102065.0,102064.5,0.0
102065.0,102066.0,102065.5,0.0
102066.0,102067.0,102066.5,0.0
102067.0,102068.0,102067.5,0.0
102068.0,102069.0,102068.5,0.0
102069.0,102070.0,102069.5,0.0
102070.0,102071.0,102070.5,0.0
102071.0,102072.0,102071.5,0.0
102072.0,102073.0,102072.5,0.0
102073.0,102074.0,102073.5,0.0
102074.0,102075.0,102074.5,0.0
102075.0,102076.0,102075.5,0.0
102076.0,102077.0,102076.5,0.0
102077.0,102078.0,102077.5,0.0
102078.0,102079.0,102078.5,0.0
102079.0,102080.0,102079.5,0.0
102080.0,102081.0,102080.5,0.0
102081.0,102082.0,102081.5,0.0
102082.0,102083.0,102082.5,0.0
102083.0,102084.0,102083.5,0.0
102084.0,102085.0,102084.5,0.0
102085.0,102086.0,102085.5,0.0
102086.0,102087.0,102086.5,0.0
102087.0,102088.0,102087.5,0.0
102088.0,102089.0,102088.5,0.0
102089.0,102090.0,102089.5,0.0
102090.0,102091.0,102090.5,0.0
102091.0,102092.0,102091.5,0.0
102092.0,102093.0,102092.5,0.0
102093.0,102094.0,102093.5,0.0
102094.0,102095.0,102094.5,0.0
102095.0,102096.0,102095.5,0.0
102096.0,102097.0,102096.5,0.0
102097.0,102098.0,102097.5,0.0
102098.0,102099.0,102098.5,0.0
102099.0,102100.0,102099.5,0.0
102100.0,102101.0,102100.5,0.0
102101.0,102102.0,102101.5,0.0
102102.0,102103.0,102102.5,0.0
102103.0,102104.0,102103.5,0.0
102104.0,102105.0,102104.5,0.0
102105.0,102106.0,102105.5,0.0
102106.0,102107.0,102106.5,0.0
102107.0,102108.0,102107.5,0.0
102108.0,102109.0,102108.5,0.0
102109.0,102110.0,102109.5,0.0
102110.0,102111.0,102110.5,0.0
102111.0,102112.0,102111.5,0.0
102112.0,102113.0,102112.5,0.0
102113.0,102114.0,102113.5,0.0
102114.0,102115.0,102114.5,0.0
102115.0,102116.0,102115.5,0.0
102116.0,102117.0,102116.5,0.0
102117.0,102118.0,102117.5,0.0
102118.0,102119.0,102118.5,0.0
102119.0,102120.0,102119.5,0.0
102120.0,102121.0,102120.5,0.0
102121.0,102122.0,102121.5,0.0
102122.0,102123.0,102122.5,0.0
102123.0,102124.0,102123.5,0.0
102124.0,102125.0,102124.5,0.0
102125.0,102126.0,102125.5,0.0
102126.0,102127.0,102126.5,0.0
102127.0,102128.0,102127.5,0.0
102128.0,102129.0,102128.5,0.0
102129.0,102130.0,102129.5,0.0
102130.0,102131.0,102130.5,0.0
102131.0,102132.0,102131.5,0.0
102132.0,102133.0,102132.5,0.0
102133.0,102134.0,102133.5,0.0
102134.0,102135.0,102134.5,0.0
102135.0,102136.0,102135.5,0.0
102136.0,102137.0,102136.5,0.0
102137.0,102138.0,102137.5,0.0
102138.0,102139.0,102138.5,0.0
102139.0,102140.0,102139.5,0.0
102140.0,102141.0,102140.5,0.0
102141.0,102142.0,102141.5,0.0
102142.0,102143.0,102142.5,0.0
102143.0,102144.0,102143.5,0.0
102144.0,102145.0,102144.5,0.0
102145.0,102146.0,102145.5,0.0
102146.0,102147.0,102146.5,0.0
102147.0,102148.0,102147.5,0.0
102148.0,102149.0,102148.5,0.0
102149.0,102150.0,102149.5,0.0
102150.0,102151.0,102150.5,0.0
102151.0,102152.0,102151.5,0.0
102152.0,102153.0,102152.5,0.0
102153.0,102154.0,102153.5,0.0
102154.0,102155.0,102154.5,0.0
102155.0,102156.0,102155.5,0.0
102156.0,102157.0,102156.5,0.0
102157.0,102158.0,102157.5,0.0
102158.0,102159.0,102158.5,0.0
102159.0,102160.0,102159.5,0.0
102160.0,102161.0,102160.5,0.0
102161.0,102162.0,102161.5,0.0
102162.0,102163.0,102162.5,0.0
102163.0,102164.0,102163.5,0.0
102164.0,102165.0,102164.5,0.0
102165.0,102166.0,102165.5,0.0
102166.0,102167.0,102166.5,0.0
102167.0,102168.0,102167.5,0.0
102168.0,102169.0,102168.5,0.0
102169.0,102170.0,102169.5,0.0
102170.0,102171.0,102170.5,0.0
102171.0,102172.0,102171.5,0.0
102172.0,102173.0,102172.5,0.0
102173.0,102174.0,102173.5,0.0
102174.0,102175.0,102174.5,0.0
102175.0,102176.0,102175.5,0.0
102176.0,102177.0,102176.5,0.0
102177.0,102178.0,102177.5,0.0
102178.0,102179.0,102178.5,0.0
102179.0,102180.0,102179.5,0.0
102180.0,102181.0,102180.5,0.0
102181.0,102182.0,102181.5,0.0
102182.0,102183.0,102182.5,0.0
102183.0,102184.0,102183.5,0.0
102184.0,102185.0,102184.5,0.0
102185.0,102186.0,102185.5,0.0
102186.0,102187.0,102186.5,0.0
102187.0,102188.0,102187.5,0.0
102188.0,102189.0,102188.5,0.0
102189.0,102190.0,102189.5,0.0
102190.0,102191.0,102190.5,0.0
102191.0,102192.0,102191.5,0.0
102192.0,102193.0,102192.5,0.0
102193.0,102194.0,102193.5,0.0
102194.0,102195.0,102194.5,0.0
102195.0,102196.0,102195.5,0.0
102196.0,102197.0,102196.5,0.0
102197.0,102198.0,102197.5,0.0
102198.0,102199.0,102198.5,0.0
102199.0,102200.0,102199.5,0.0
102200.0,102201.0,102200.5,0.0
102201.0,102202.0,102201.5,0.0
102202.0,102203.0,102202.5,0.0
102203.0,102204.0,102203.5,0.0
102204.0,102205.0,102204.5,0.0
102205.0,102206.0,102205.5,0.0
102206.0,102207.0,102206.5,0.0
102207.0,102208.0,102207.5,0.0
102208.0,102209.0,102208.5,0.0
102209.0,102210.0,102209.5,0.0
102210.0,102211.0,102210.5,0.0
102211.0,102212.0,102211.5,0.0
102212.0,102213.0,102212.5,0.0
102213.0,102214.0,102213.5,0.0
102214.0,102215.0,102214.5,0.0
102215.0,102216.0,102215.5,0.0
102216.0,102217.0,102216.5,0.0
102217.0,102218.0,102217.5,0.0
102218.0,102219.0,102218.5,0.0
102219.0,102220.0,102219.5,0.0
102220.0,102221.0,102220.5,0.0
102221.0,102222.0,102221.5,0.0
102222.0,102223.0,102222.5,0.0
102223.0,102224.0,102223.5,0.0
102224.0,102225.0,102224.5,0.0
102225.0,102226.0,102225.5,0.0
102226.0,102227.0,102226.5,0.0
102227.0,102228.0,102227.5,0.0
102228.0,102229.0,102228.5,0.0
102229.0,102230.0,102229.5,0.0
102230.0,102231.0,102230.5,0.0
102231.0,102232.0,102231.5,0.0
102232.0,102233.0,102232.5,0.0
102233.0,102234.0,102233.5,0.0
102234.0,102235.0,102234.5,0.0
102235.0,102236.0,102235.5,0.0
102236.0,102237.0,102236.5,0.0
102237.0,102238.0,102237.5,0.0
102238.0,102239.0,102238.5,0.0
102239.0,102240.0,102239.5,0.0
102240.0,102241.0,102240.5,0.0
102241.0,102242.0,102241.5,0.0
102242.0,102243.0,102242.5,0.0
102243.0,102244.0,102243.5,0.0
102244.0,102245.0,102244.5,0.0
102245.0,102246.0,102245.5,0.0
102246.0,102247.0,102246.5,0.0
102247.0,102248.0,102247.5,0.0
102248.0,102249.0,102248.5,0.0
102249.0,102250.0,102249.5,0.0
102250.0,102251.0,102250.5,0.0
102251.0,102252.0,102251.5,0.0
102252.0,102253.0,102252.5,0.0
102253.0,102254.0,102253.5,0.0
102254.0,102255.0,102254.5,0.0
102255.0,102256.0,102255.5,0.0
102256.0,102257.0,102256.5,0.0
102257.0,102258.0,102257.5,0.0
102258.0,102259.0,102258.5,0.0
102259.0,102260.0,102259.5,0.0
102260.0,102261.0,102260.5,0.0
102261.0,102262.0,102261.5,0.0
102262.0,102263.0,102262.5,0.0
102263.0,102264.0,102263.5,0.0
102264.0,102265.0,102264.5,0.0
102265.0,102266.0,102265.5,0.0
102266.0,102267.0,102266.5,0.0
102267.0,102268.0,102267.5,0.0
102268.0,102269.0,102268.5,0.0
102269.0,102270.0,102269.5,0.0
102270.0,102271.0,102270.5,0.0
102271.0,102272.0,102271.5,0.0
102272.0,102273.0,102272.5,0.0
102273.0,102274.0,102273.5,0.0
102274.0,102275.0,102274.5,0.0
102275.0,102276.0,102275.5,0.0
102276.0,102277.0,102276.5,0.0
102277.0,102278.0,102277.5,0.0
102278.0,102279.0,102278.5,0.0
102279.0,102280.0,102279.5,0.0
102280.0,102281.0,102280.5,0.0
102281.0,102282.0,102281.5,0.0
102282.0,102283.0,102282.5,0.0
102283.0,102284.0,102283.5,0.0
102284.0,102285.0,102284.5,0.0
102285.0,102286.0,102285.5,0.0
102286.0,102287.0,102286.5,0.0
102287.0,102288.0,102287.5,0.0
102288.0,102289.0,102288.5,0.0
102289.0,102290.0,102289.5,0.0
102290.0,102291.0,102290.5,0.0
102291.0,102292.0,102291.5,0.0
102292.0,102293.0,102292.5,0.0
102293.0,102294.0,102293.5,0.0
102294.0,102295.0,102294.5,0.0
102295.0,102296.0,102295.5,0.0
102296.0,102297.0,102296.5,0.0
102297.0,102298.0,102297.5,0.0
102298.0,102299.0,102298.5,0.0
102299.0,102300.0,102299.5,0.0
102300.0,102301.0,102300.5,0.0
102301.0,102302.0,102301.5,0.0
102302.0,102303.0,102302.5,0.0
102303.0,102304.0,102303.5,0.0
102304.0,102305.0,102304.5,0.0
102305.0,102306.0,102305.5,0.0
102306.0,102307.0,102306.5,0.0
102307.0,102308.0,102307.5,0.0
102308.0,102309.0,102308.5,0.0
102309.0,102310.0,102309.5,0.0
102310.0,102311.0,102310.5,0.0
102311.0,102312.0,102311.5,0.0
102312.0,102313.0,102312.5,0.0
102313.0,102314.0,102313.5,0.0
102314.0,102315.0,102314.5,0.0
102315.0,102316.0,102315.5,0.0
102316.0,102317.0,102316.5,0.0
102317.0,102318.0,102317.5,0.0
102318.0,102319.0,102318.5,0.0
102319.0,102320.0,102319.5,0.0
102320.0,102321.0,102320.5,0.0
102321.0,102322.0,102321.5,0.0
102322.0,102323.0,102322.5,0.0
102323.0,102324.0,102323.5,0.0
102324.0,102325.0,102324.5,0.0
102325.0,102326.0,102325.5,0.0
102326.0,102327.0,102326.5,0.0
102327.0,102328.0,102327.5,0.0
102328.0,102329.0,102328.5,0.0
102329.0,102330.0,102329.5,0.0
102330.0,102331.0,102330.5,0.0
102331.0,102332.0,102331.5,0.0
102332.0,102333.0,102332.5,0.0
102333.0,102334.0,102333.5,0.0
102334.0,102335.0,102334.5,0.0
102335.0,102336.0,102335.5,0.0
102336.0,102337.0,102336.5,0.0
102337.0,102338.0,102337.5,0.0
102338.0,102339.0,102338.5,0.0
102339.0,102340.0,102339.5,0.0
102340.0,102341.0,102340.5,0.0
102341.0,102342.0,102341.5,0.0
102342.0,102343.0,102342.5,0.0
102343.0,102344.0,102343.5,0.0
102344.0,102345.0,102344.5,0.0
102345.0,102346.0,102345.5,0.0
102346.0,102347.0,102346.5,0.0
102347.0,102348.0,102347.5,0.0
102348.0,102349.0,102348.5,0.0
102349.0,102350.0,102349.5,0.0
102350.0,102351.0,102350.5,0.0
102351.0,102352.0,102351.5,0.0
102352.0,102353.0,102352.5,0.0
102353.0,102354.0,102353.5,0.0
102354.0,102355.0,102354.5,0.0
102355.0,102356.0,102355.5,0.0
102356.0,102357.0,102356.5,0.0
102357.0,102358.0,102357.5,0.0
102358.0,102359.0,102358.5,0.0
102359.0,102360.0,102359.5,0.0
102360.0,102361.0,102360.5,0.0
102361.0,102362.0,102361.5,0.0
102362.0,102363.0,102362.5,0.0
102363.0,102364.0,102363.5,0.0
102364.0,102365.0,102364.5,0.0
102365.0,102366.0,102365.5,0.0
102366.0,102367.0,102366.5,0.0
102367.0,102368.0,102367.5,0.0
102368.0,102369.0,102368.5,0.0
102369.0,102370.0,102369.5,0.0
102370.0,102371.0,102370.5,0.0
102371.0,102372.0,102371.5,0.0
102372.0,102373.0,102372.5,0.0
102373.0,102374.0,102373.5,0.0
102374.0,102375.0,102374.5,0.0
102375.0,102376.0,102375.5,0.0
102376.0,102377.0,102376.5,0.0
102377.0,102378.0,102377.5,0.0
102378.0,102379.0,102378.5,0.0
102379.0,102380.0,102379.5,0.0
102380.0,102381.0,102380.5,0.0
102381.0,102382.0,102381.5,0.0
102382.0,102383.0,102382.5,0.0
102383.0,102384.0,102383.5,0.0
102384.0,102385.0,102384.5,0.0
102385.0,102386.0,102385.5,0.0
102386.0,102387.0,102386.5,0.0
102387.0,102388.0,102387.5,0.0
102388.0,102389.0,102388.5,0.0
102389.0,102390.0,102389.5,0.0
102390.0,102391.0,102390.5,0.0
102391.0,102392.0,102391.5,0.0
102392.0,102393.0,102392.5,0.0
102393.0,102394.0,102393.5,0.0
102394.0,102395.0,102394.5,0.0
102395.0,102396.0,102395.5,0.0
102396.0,102397.0,102396.5,0.0
102397.0,102398.0,102397.5,0.0
102398.0,102399.0,102398.5,0.0
102399.0,102400.0,102399.5,0.0
102400.0,102401.0,102400.5,0.0
102401.0,102402.0,102401.5,2.3
102402.0,102403.0,102402.5,0.0
102403.0,102404.0,102403.5,0.0
102404.0,102405.0,102404.5,0.0
102405.0,102406.0,102405.5,0.0
102406.0,102407.0,102406.5,2.6
102407.0,102408.0,102407.5,0.0
102408.0,102409.0,102408.5,0.0
102409.0,102410.0,102409.5,0.0
102410.0,102411.0,102410.5,0.0
102411.0,102412.0,102411.5,0.0
102412.0,102413.0,102412.5,0.0
102413.0,102414.0,102413.5,0.0
102414.0,102415.0,102414.5,0.0
102415.0,102416.0,102415.5,0.0
102416.0,102417.0,102416.5,0.0
102417.0,102418.0,102417.5,0.0
102418.0,102419.0,102418.5,0.0
102419.0,102420.0,102419.5,0.0
102420.0,102421.0,102420.5,0.0
102421.0,102422.0,102421.5,0.0
102422.0,102423.0,102422.5,0.0
102423.0,102424.0,102423.5,0.0
102424.0,102425.0,102424.5,0.0
102425.0,102426.0,102425.5,0.0
102426.0,102427.0,102426.5,0.0
102427.0,102428.0,102427.5,0.0
102428.0,102429.0,102428.5,0.0
102429.0,102430.0,102429.5,0.0
102430.0,102431.0,102430.5,0.0
102431.0,102432.0,102431.5,0.0
102432.0,102433.0,102432.5,0.0
102433.0,102434.0,102433.5,0.0
102434.0,102435.0,102434.5,0.0
102435.0,102436.0,102435.5,0.0
102436.0,102437.0,102436.5,0.0
102437.0,102438.0,102437.5,0.0
102438.0,102439.0,102438.5,0.0
102439.0,102440.0,102439.5,0.0
102440.0,102441.0,102440.5,0.0
102441.0,102442.0,102441.5,0.0
102442.0,102443.0,102442.5,0.0
102443.0,102444.0,102443.5,0.0
102444.0,102445.0,102444.5,0.0
102445.0,102446.0,102445.5,0.0
102446.0,102447.0,102446.5,0.0
102447.0,102448.0,102447.5,0.0
102448.0,102449.0,102448.5,0.0
102449.0,102450.0,102449.5,0.0
102450.0,102451.0,102450.5,0.0
102451.0,102452.0,102451.5,0.0
102452.0,102453.0,102452.5,0.0
102453.0,102454.0,102453.5,0.0
102454.0,102455.0,102454.5,0.0
102455.0,102456.0,102455.5,0.0
102456.0,102457.0,102456.5,0.0
102457.0,102458.0,102457.5,0.0
102458.0,102459.0,102458.5,0.0
102459.0,102460.0,102459.5,0.0
102460.0,102461.0,102460.5,0.0
102461.0,102462.0,102461.5,0.0
102462.0,102463.0,102462.5,0.0
102463.0,102464.0,102463.5,0.0
102464.0,102465.0,102464.5,0.0
102465.0,102466.0,102465.5,1.2
102466.0,102467.0,102466.5,0.0
102467.0,102468.0,102467.5,2.8
102468.0,102469.0,102468.5,0.0
102469.0,102470.0,102469.5,0.0
102470.0,102471.0,102470.5,6.2
102471.0,102472.0,102471.5,0.0
102472.0,102473.0,102472.5,0.0
102473.0,102474.0,102473.5,0.0
102474.0,102475.0,102474.5,0.0
102475.0,102476.0,102475.5,0.0
102476.0,102477.0,102476.5,0.0
102477.0,102478.0,102477.5,0.0
102478.0,102479.0,102478.5,0.0
102479.0,102480.0,102479.5,0.0
102480.0,102481.0,102480.5,0.0
102481.0,102482.0,102481.5,0.0
102482.0,102483.0,102482.5,0.0
102483.0,102484.0,102483.5,0.0
102484.0,102485.0,102484.5,0.0
102485.0,102486.0,102485.5,0.6
102486.0,102487.0,102486.5,0.0
102487.0,102488.0,102487.5,0.0
102488.0,102489.0,102488.5,3.1
102489.0,102490.0,102489.5,11.0
102490.0,102491.0,102490.5,0.8
102491.0,102492.0,102491.5,0.0
102492.0,102493.0,102492.5,0.0
102493.0,102494.0,102493.5,0.0
102494.0,102495.0,102494.5,0.0
102495.0,102496.0,102495.5,0.0
102496.0,102497.0,102496.5,0.4
102497.0,102498.0,102497.5,0.0
102498.0,102499.0,102498.5,0.5
102499.0,102500.0,102499.5,0.0
102500.0,102501.0,102500.5,0.0
102501.0,102502.0,102501.5,0.0
102502.0,102503.0,102502.5,0.0
102503.0,102504.0,102503.5,0.6
102504.0,102505.0,102504.5,0.0
102505.0,102506.0,102505.5,1.7
102506.0,102507.0,102506.5,0.3
102507.0,102508.0,102507.5,1.4
102508.0,102509.0,102508.5,0.0
102509.0,102510.0,102509.5,0.9
102510.0,102511.0,102510.5,0.0
102511.0,102512.0,102511.5,0.0
102512.0,102513.0,102512.5,0.0
102513.0,102514.0,102513.5,0.0
102514.0,102515.0,102514.5,0.0
102515.0,102516.0,102515.5,3.1
102516.0,102517.0,102516.5,0.6
102517.0,102518.0,102517.5,0.0
102518.0,102519.0,102518.5,0.0
102519.0,102520.0,102519.5,5.8
102520.0,102521.0,102520.5,1.0
102521.0,102522.0,102521.5,12.8
102522.0,102523.0,102522.5,0.0
102523.0,102524.0,102523.5,0.0
102524.0,102525.0,102524.5,0.0
