NASA Data Processing/CAMP2Ex/SP2/CAMP2Ex-LARGE-SP2_P3B_20191001_R1.ict
37, 1001
Luke D. Ziemba
NASA Langley Research Center
Single Particle Soot Photometer (SP2), DMT
CAMP2Ex
1, 1
2019, 10, 01, 2020,05,06
0
Time_Start, seconds_past_midnight, start_seconds_past_midnight
3
1, 1, 1
-9999, -9999, -9999
Time_Stop, seconds_past_midnight, stop_seconds_past_midnight
Time_Mid, seconds_past_midnight, mid_seconds_past_midnight
BlackCarbon_STP, Black_Carbon_nanograms_per_standard_cubic_meter, AerComp_BC_InSitu_LII_Accu_MassSTP
1
N/A
19
PI_CONTACT_INFO: 21 Langley Blvd, Hampton, VA 23681
PLATFORM: NASA WFF P3-B N426NA
LOCATION: Philippines; Latitude, Longitude, and Altitude included in Hskping files (MetNav)
ASSOCIATED_DATA: InletFlag, MetNav, cloud flag
INSTRUMENT_INFO: Single particle refractory BC mass measured by laser-induced incandescence. Calibrated using laboratory-generated monodisperse fullerene soot aerosol and polynomial mass/response fit. 
DATA_INFO: Data corrected to STP (760 torr and 273K). Measurements apply to refractory black carbon particles with diameter between 100 and 700nm
UNCERTAINTY: 10%
ULOD_FLAG: -7777
ULOD_VALUE: N/A
LLOD_FLAG: -8888
LLOD_VALUE: N/A
DM_CONTACT_INFO: Luke D. Ziemba, luke.ziemba@nasa.gov, (757)864-6246
PROJECT_INFO: CAMP2Ex based at Clark International Airport, Philippines
STIPULATIONS_ON_USE: Data users are strongly encouraged to contact the instrument PI for information on instrument caveats and best practices.
OTHER_COMMENTS: Data affected by cloud penetrations have NOT been removed.Switched between forward-facing isokinetic inlet and counterflow virtual impactor; flag is provided (InletFlag).Data are removed for calibrations,insufficient laser power,and pump failure.
REVISION: R1
R0: Final Data.  No further adjustments are planned.
R1: Applied time shift of -2s to DLH.
Time_Start, Time_Stop, Time_Mid, BlackCarbon_STP
[from data line 27807]
105854.0,105855.0,105854.5,46.8
105855.0,105856.0,105855.5,18.6
105856.0,105857.0,105856.5,36.7
105857.0,105858.0,105857.5,30.0
105858.0,105859.0,105858.5,111.3
105859.0,105860.0,105859.5,39.3
105860.0,105861.0,105860.5,54.2
105861.0,105862.0,105861.5,38.7
105862.0,105863.0,105862.5,143.2
105863.0,105864.0,105863.5,135.4
105864.0,105865.0,105864.5,58.8
105865.0,105866.0,105865.5,162.1
105866.0,105867.0,105866.5,24.6
105867.0,105868.0,105867.5,58.9
105868.0,105869.0,105868.5,115.2
105869.0,105870.0,105869.5,111.7
105870.0,105871.0,105870.5,44.1
105871.0,105872.0,105871.5,70.5
105872.0,105873.0,105872.5,45.2
105873.0,105874.0,105873.5,191.1
105874.0,105875.0,105874.5,43.6
105875.0,105876.0,105875.5,37.8
105876.0,105877.0,105876.5,74.2
105877.0,105878.0,105877.5,33.1
105878.0,105879.0,105878.5,217.3
105879.0,105880.0,105879.5,8.9
105880.0,105881.0,105880.5,83.0
105881.0,105882.0,105881.5,41.6
105882.0,105883.0,105882.5,29.6
105883.0,105884.0,105883.5,57.7
105884.0,105885.0,105884.5,45.1
105885.0,105886.0,105885.5,25.7
105886.0,105887.0,105886.5,67.5
105887.0,105888.0,105887.5,72.2
105888.0,105889.0,105888.5,78.1
105889.0,105890.0,105889.5,45.7
105890.0,105891.0,105890.5,74.4
105891.0,105892.0,105891.5,54.0
105892.0,105893.0,105892.5,39.9
105893.0,105894.0,105893.5,85.9
105894.0,105895.0,105894.5,101.5
105895.0,105896.0,105895.5,11.9
105896.0,105897.0,105896.5,149.4
105897.0,105898.0,105897.5,90.5
105898.0,105899.0,105898.5,93.2
105899.0,105900.0,105899.5,38.6
105900.0,105901.0,105900.5,6.0
105901.0,105902.0,105901.5,82.4
105902.0,105903.0,105902.5,60.4
105903.0,105904.0,105903.5,19.0
105904.0,105905.0,105904.5,11.0
105905.0,105906.0,105905.5,14.6
105906.0,105907.0,105906.5,7.0
105907.0,105908.0,105907.5,25.4
105908.0,105909.0,105908.5,57.7
105909.0,105910.0,105909.5,29.2
105910.0,105911.0,105910.5,6.8
105911.0,105912.0,105911.5,6.1
105912.0,105913.0,105912.5,6.9
105913.0,105914.0,105913.5,3.3
105914.0,105915.0,105914.5,1.8
105915.0,105916.0,105915.5,0.2
105916.0,105917.0,105916.5,5.4
105917.0,105918.0,105917.5,13.9
105918.0,105919.0,105918.5,9.5
105919.0,105920.0,105919.5,10.7
105920.0,105921.0,105920.5,0.2
105921.0,105922.0,105921.5,8.7
105922.0,105923.0,105922.5,33.3
105923.0,105924.0,105923.5,15.4
105924.0,105925.0,105924.5,11.5
105925.0,105926.0,105925.5,0.0
105926.0,105927.0,105926.5,14.1
105927.0,105928.0,105927.5,2.7
105928.0,105929.0,105928.5,5.1
105929.0,105930.0,105929.5,5.1
105930.0,105931.0,105930.5,14.2
105931.0,105932.0,105931.5,2.3
105932.0,105933.0,105932.5,2.0
105933.0,105934.0,105933.5,71.3
105934.0,105935.0,105934.5,45.2
105935.0,105936.0,105935.5,27.7
105936.0,105937.0,105936.5,17.6
105937.0,105938.0,105937.5,22.9
105938.0,105939.0,105938.5,3.0
105939.0,105940.0,105939.5,7.1
105940.0,105941.0,105940.5,17.4
105941.0,105942.0,105941.5,9.1
105942.0,105943.0,105942.5,12.6
105943.0,105944.0,105943.5,15.4
105944.0,105945.0,105944.5,19.7
105945.0,105946.0,105945.5,0.3
105946.0,105947.0,105946.5,2.6
105947.0,105948.0,105947.5,3.4
105948.0,105949.0,105948.5,3.2
105949.0,105950.0,105949.5,8.2
105950.0,105951.0,105950.5,9.0
105951.0,105952.0,105951.5,18.0
105952.0,105953.0,105952.5,1.5
105953.0,105954.0,105953.5,11.9
105954.0,105955.0,105954.5,4.9
105955.0,105956.0,105955.5,1.7
105956.0,105957.0,105956.5,0.5
105957.0,105958.0,105957.5,17.3
105958.0,105959.0,105958.5,15.4
105959.0,105960.0,105959.5,12.3
105960.0,105961.0,105960.5,1.1
105961.0,105962.0,105961.5,3.0
105962.0,105963.0,105962.5,5.8
105963.0,105964.0,105963.5,5.0
105964.0,105965.0,105964.5,0.2
105965.0,105966.0,105965.5,9.3
105966.0,105967.0,105966.5,19.8
105967.0,105968.0,105967.5,24.2
105968.0,105969.0,105968.5,15.7
105969.0,105970.0,105969.5,9.8
105970.0,105971.0,105970.5,9.7
105971.0,105972.0,105971.5,3.3
105972.0,105973.0,105972.5,77.2
105973.0,105974.0,105973.5,23.2
105974.0,105975.0,105974.5,2.5
105975.0,105976.0,105975.5,26.0
105976.0,105977.0,105976.5,59.2
105977.0,105978.0,105977.5,32.4
105978.0,105979.0,105978.5,34.8
105979.0,105980.0,105979.5,46.8
105980.0,105981.0,105980.5,46.3
105981.0,105982.0,105981.5,70.6
105982.0,105983.0,105982.5,55.2
105983.0,105984.0,105983.5,71.0
105984.0,105985.0,105984.5,62.3
105985.0,105986.0,105985.5,29.3
105986.0,105987.0,105986.5,68.3
105987.0,105988.0,105987.5,33.0
105988.0,105989.0,105988.5,111.1
105989.0,105990.0,105989.5,85.8
105990.0,105991.0,105990.5,103.1
105991.0,105992.0,105991.5,48.2
105992.0,105993.0,105992.5,39.5
105993.0,105994.0,105993.5,174.1
105994.0,105995.0,105994.5,128.0
105995.0,105996.0,105995.5,75.9
105996.0,105997.0,105996.5,128.9
105997.0,105998.0,105997.5,63.6
105998.0,105999.0,105998.5,91.8
105999.0,106000.0,105999.5,32.0
106000.0,106001.0,106000.5,123.0
106001.0,106002.0,106001.5,68.8
106002.0,106003.0,106002.5,47.7
106003.0,106004.0,106003.5,222.3
106004.0,106005.0,106004.5,67.2
106005.0,106006.0,106005.5,68.2
106006.0,106007.0,106006.5,92.3
106007.0,106008.0,106007.5,134.8
106008.0,106009.0,106008.5,21.1
106009.0,106010.0,106009.5,57.4
106010.0,106011.0,106010.5,65.2
106011.0,106012.0,106011.5,71.0
106012.0,106013.0,106012.5,8.3
106013.0,106014.0,106013.5,48.6
106014.0,106015.0,106014.5,190.5
106015.0,106016.0,106015.5,80.1
106016.0,106017.0,106016.5,148.4
106017.0,106018.0,106017.5,151.9
106018.0,106019.0,106018.5,79.9
106019.0,106020.0,106019.5,47.1
106020.0,106021.0,106020.5,31.6
106021.0,106022.0,106021.5,65.3
106022.0,106023.0,106022.5,61.6
106023.0,106024.0,106023.5,39.4
106024.0,106025.0,106024.5,31.1
106025.0,106026.0,106025.5,13.5
106026.0,106027.0,106026.5,62.2
106027.0,106028.0,106027.5,6.9
106028.0,106029.0,106028.5,18.0
106029.0,106030.0,106029.5,7.8
106030.0,106031.0,106030.5,0.0
106031.0,106032.0,106031.5,2.2
106032.0,106033.0,106032.5,8.8
106033.0,106034.0,106033.5,21.0
106034.0,106035.0,106034.5,1.2
106035.0,106036.0,106035.5,12.0
106036.0,106037.0,106036.5,12.4
106037.0,106038.0,106037.5,6.6
106038.0,106039.0,106038.5,2.5
106039.0,106040.0,106039.5,0.5
106040.0,106041.0,106040.5,10.4
106041.0,106042.0,106041.5,19.7
106042.0,106043.0,106042.5,6.7
106043.0,106044.0,106043.5,0.0
106044.0,106045.0,106044.5,0.2
106045.0,106046.0,106045.5,0.3
106046.0,106047.0,106046.5,0.2
106047.0,106048.0,106047.5,10.3
106048.0,106049.0,106048.5,4.2
106049.0,106050.0,106049.5,18.7
106050.0,106051.0,106050.5,6.2
106051.0,106052.0,106051.5,24.6
106052.0,106053.0,106052.5,9.2
106053.0,106054.0,106053.5,7.4
106054.0,106055.0,106054.5,3.3
106055.0,106056.0,106055.5,40.2
106056.0,106057.0,106056.5,15.7
106057.0,106058.0,106057.5,9.4
106058.0,106059.0,106058.5,9.3
106059.0,106060.0,106059.5,25.8
106060.0,106061.0,106060.5,0.4
106061.0,106062.0,106061.5,9.1
106062.0,106063.0,106062.5,2.1
106063.0,106064.0,106063.5,22.2
106064.0,106065.0,106064.5,7.5
106065.0,106066.0,106065.5,32.4
106066.0,106067.0,106066.5,16.8
106067.0,106068.0,106067.5,17.2
106068.0,106069.0,106068.5,8.9
106069.0,106070.0,106069.5,30.6
106070.0,106071.0,106070.5,16.5
106071.0,106072.0,106071.5,26.7
106072.0,106073.0,106072.5,33.9
106073.0,106074.0,106073.5,6.6
106074.0,106075.0,106074.5,47.5
106075.0,106076.0,106075.5,10.2
106076.0,106077.0,106076.5,31.4
106077.0,106078.0,106077.5,21.5
106078.0,106079.0,106078.5,61.4
106079.0,106080.0,106079.5,100.2
106080.0,106081.0,106080.5,16.4
106081.0,106082.0,106081.5,36.9
106082.0,106083.0,106082.5,164.9
106083.0,106084.0,106083.5,21.9
106084.0,106085.0,106084.5,69.5
106085.0,106086.0,106085.5,5.3
106086.0,106087.0,106086.5,33.5
106087.0,106088.0,106087.5,27.3
106088.0,106089.0,106088.5,25.7
106089.0,106090.0,106089.5,3.8
106090.0,106091.0,106090.5,66.3
106091.0,106092.0,106091.5,5.1
106092.0,106093.0,106092.5,2.5
106093.0,106094.0,106093.5,46.3
106094.0,106095.0,106094.5,30.5
106095.0,106096.0,106095.5,10.6
106096.0,106097.0,106096.5,19.3
106097.0,106098.0,106097.5,0.3
106098.0,106099.0,106098.5,7.9
106099.0,106100.0,106099.5,0.0
106100.0,106101.0,106100.5,35.4
106101.0,106102.0,106101.5,19.2
106102.0,106103.0,106102.5,0.7
106103.0,106104.0,106103.5,2.6
106104.0,106105.0,106104.5,32.3
106105.0,106106.0,106105.5,5.5
106106.0,106107.0,106106.5,1.4
106107.0,106108.0,106107.5,1.1
106108.0,106109.0,106108.5,16.4
106109.0,106110.0,106109.5,14.9
106110.0,106111.0,106110.5,14.8
106111.0,106112.0,106111.5,2.6
106112.0,106113.0,106112.5,7.1
106113.0,106114.0,106113.5,24.9
106114.0,106115.0,106114.5,9.5
106115.0,106116.0,106115.5,1.7
106116.0,106117.0,106116.5,7.6
106117.0,106118.0,106117.5,3.4
106118.0,106119.0,106118.5,13.6
106119.0,106120.0,106119.5,8.3
106120.0,106121.0,106120.5,22.7
106121.0,106122.0,106121.5,10.2
106122.0,106123.0,106122.5,76.9
106123.0,106124.0,106123.5,7.3
106124.0,106125.0,106124.5,5.2
106125.0,106126.0,106125.5,0.3
106126.0,106127.0,106126.5,33.6
106127.0,106128.0,106127.5,4.5
106128.0,106129.0,106128.5,10.0
106129.0,106130.0,106129.5,2.6
106130.0,106131.0,106130.5,0.0
106131.0,106132.0,106131.5,2.7
106132.0,106133.0,106132.5,6.5
106133.0,106134.0,106133.5,1.7
106134.0,106135.0,106134.5,1.2
106135.0,106136.0,106135.5,44.2
106136.0,106137.0,106136.5,23.1
106137.0,106138.0,106137.5,0.5
106138.0,106139.0,106138.5,14.6
106139.0,106140.0,106139.5,18.7
106140.0,106141.0,106140.5,0.4
106141.0,106142.0,106141.5,0.0
106142.0,106143.0,106142.5,0.0
106143.0,106144.0,106143.5,0.0
106144.0,106145.0,106144.5,7.7
106145.0,106146.0,106145.5,24.8
106146.0,106147.0,106146.5,0.0
106147.0,106148.0,106147.5,0.0
106148.0,106149.0,106148.5,6.5
106149.0,106150.0,106149.5,8.3
106150.0,106151.0,106150.5,0.0
106151.0,106152.0,106151.5,0.0
106152.0,106153.0,106152.5,0.0
106153.0,106154.0,106153.5,12.6
106154.0,106155.0,106154.5,0.0
106155.0,106156.0,106155.5,4.9
106156.0,106157.0,106156.5,0.0
106157.0,106158.0,106157.5,0.0
106158.0,106159.0,106158.5,2.0
106159.0,106160.0,106159.5,6.2
106160.0,106161.0,106160.5,0.0
106161.0,106162.0,106161.5,0.0
106162.0,106163.0,106162.5,0.0
106163.0,106164.0,106163.5,0.3
106164.0,106165.0,106164.5,0.3
106165.0,106166.0,106165.5,1.5
106166.0,106167.0,106166.5,0.4
106167.0,106168.0,106167.5,6.6
106168.0,106169.0,106168.5,0.0
106169.0,106170.0,106169.5,1.6
106170.0,106171.0,106170.5,0.0
106171.0,106172.0,106171.5,0.9
106172.0,106173.0,106172.5,1.1
106173.0,106174.0,106173.5,0.0
106174.0,106175.0,106174.5,0.0
106175.0,106176.0,106175.5,0.0
106176.0,106177.0,106176.5,3.3
106177.0,106178.0,106177.5,1.5
106178.0,106179.0,106178.5,6.1
106179.0,106180.0,106179.5,0.4
106180.0,106181.0,106180.5,0.0
106181.0,106182.0,106181.5,2.2
106182.0,106183.0,106182.5,10.3
106183.0,106184.0,106183.5,8.0
106184.0,106185.0,106184.5,0.0
106185.0,106186.0,106185.5,0.0
106186.0,106187.0,106186.5,14.1
106187.0,106188.0,106187.5,0.0
106188.0,106189.0,106188.5,1.3
106189.0,106190.0,106189.5,7.2
106190.0,106191.0,106190.5,3.4
106191.0,106192.0,106191.5,0.0
106192.0,106193.0,106192.5,3.3
106193.0,106194.0,106193.5,0.0
106194.0,106195.0,106194.5,0.0
106195.0,106196.0,106195.5,44.8
106196.0,106197.0,106196.5,0.0
106197.0,106198.0,106197.5,1.1
106198.0,106199.0,106198.5,0.0
106199.0,106200.0,106199.5,0.2
106200.0,106201.0,106200.5,1.6
106201.0,106202.0,106201.5,0.5
106202.0,106203.0,106202.5,0.0
106203.0,106204.0,106203.5,0.0
106204.0,106205.0,106204.5,0.0
106205.0,106206.0,106205.5,0.0
106206.0,106207.0,106206.5,0.0
106207.0,106208.0,106207.5,0.0
106208.0,106209.0,106208.5,0.0
106209.0,106210.0,106209.5,4.8
106210.0,106211.0,106210.5,0.0
106211.0,106212.0,106211.5,0.3
106212.0,106213.0,106212.5,0.8
106213.0,106214.0,106213.5,3.0
106214.0,106215.0,106214.5,0.0
106215.0,106216.0,106215.5,9.6
106216.0,106217.0,106216.5,0.0
106217.0,106218.0,106217.5,3.0
106218.0,106219.0,106218.5,0.0
106219.0,106220.0,106219.5,2.3
106220.0,106221.0,106220.5,0.0
106221.0,106222.0,106221.5,0.0
106222.0,106223.0,106222.5,2.1
106223.0,106224.0,106223.5,0.7
106224.0,106225.0,106224.5,0.3
106225.0,106226.0,106225.5,2.8
106226.0,106227.0,106226.5,21.2
106227.0,106228.0,106227.5,0.0
106228.0,106229.0,106228.5,0.2
106229.0,106230.0,106229.5,0.0
106230.0,106231.0,106230.5,10.7
106231.0,106232.0,106231.5,0.0
106232.0,106233.0,106232.5,0.0
106233.0,106234.0,106233.5,2.2
106234.0,106235.0,106234.5,1.0
106235.0,106236.0,106235.5,0.4
106236.0,106237.0,106236.5,25.7
106237.0,106238.0,106237.5,0.0
106238.0,106239.0,106238.5,2.7
106239.0,106240.0,106239.5,1.8
106240.0,106241.0,106240.5,7.9
106241.0,106242.0,106241.5,2.1
106242.0,106243.0,106242.5,0.0
106243.0,106244.0,106243.5,25.5
106244.0,106245.0,106244.5,0.3
106245.0,106246.0,106245.5,19.4
106246.0,106247.0,106246.5,3.0
106247.0,106248.0,106247.5,1.1
106248.0,106249.0,106248.5,0.2
106249.0,106250.0,106249.5,0.0
106250.0,106251.0,106250.5,0.0
106251.0,106252.0,106251.5,1.4
106252.0,106253.0,106252.5,0.0
106253.0,106254.0,106253.5,0.0
106254.0,106255.0,106254.5,0.0
106255.0,106256.0,106255.5,0.0
106256.0,106257.0,106256.5,0.0
106257.0,106258.0,106257.5,1.2
106258.0,106259.0,106258.5,0.4
106259.0,106260.0,106259.5,1.2
106260.0,106261.0,106260.5,5.6
106261.0,106262.0,106261.5,1.1
106262.0,106263.0,106262.5,0.0
106263.0,106264.0,106263.5,0.0
106264.0,106265.0,106264.5,0.0
106265.0,106266.0,106265.5,0.3
106266.0,106267.0,106266.5,1.0
106267.0,106268.0,106267.5,0.0
106268.0,106269.0,106268.5,0.0
106269.0,106270.0,106269.5,0.0
106270.0,106271.0,106270.5,0.0
106271.0,106272.0,106271.5,0.0
106272.0,106273.0,106272.5,0.5
106273.0,106274.0,106273.5,0.0
106274.0,106275.0,106274.5,0.0
106275.0,106276.0,106275.5,0.0
106276.0,106277.0,106276.5,0.0
106277.0,106278.0,106277.5,0.9
106278.0,106279.0,106278.5,2.0
106279.0,106280.0,106279.5,0.0
106280.0,106281.0,106280.5,0.0
106281.0,106282.0,106281.5,0.0
106282.0,106283.0,106282.5,0.0
106283.0,106284.0,106283.5,0.0
106284.0,106285.0,106284.5,0.0
106285.0,106286.0,106285.5,0.0
106286.0,106287.0,106286.5,2.5
106287.0,106288.0,106287.5,0.0
106288.0,106289.0,106288.5,0.0
106289.0,106290.0,106289.5,0.0
106290.0,106291.0,106290.5,0.0
106291.0,106292.0,106291.5,0.0
106292.0,106293.0,106292.5,0.0
106293.0,106294.0,106293.5,0.0
106294.0,106295.0,106294.5,0.0
106295.0,106296.0,106295.5,0.0
106296.0,106297.0,106296.5,0.0
106297.0,106298.0,106297.5,0.0
106298.0,106299.0,106298.5,0.0
106299.0,106300.0,106299.5,0.0
106300.0,106301.0,106300.5,0.0
106301.0,106302.0,106301.5,1.0
106302.0,106303.0,106302.5,0.0
106303.0,106304.0,106303.5,0.0
106304.0,106305.0,106304.5,0.0
106305.0,106306.0,106305.5,0.0
106306.0,106307.0,106306.5,0.0
106307.0,106308.0,106307.5,6.4
106308.0,106309.0,106308.5,0.0
106309.0,106310.0,106309.5,0.0
106310.0,106311.0,106310.5,0.0
106311.0,106312.0,106311.5,0.0
106312.0,106313.0,106312.5,0.0
106313.0,106314.0,106313.5,0.0
106314.0,106315.0,106314.5,0.0
106315.0,106316.0,106315.5,0.0
106316.0,106317.0,106316.5,0.0
106317.0,106318.0,106317.5,0.0
106318.0,106319.0,106318.5,0.0
106319.0,106320.0,106319.5,0.0
106320.0,106321.0,106320.5,0.0
106321.0,106322.0,106321.5,0.0
106322.0,106323.0,106322.5,0.0
106323.0,106324.0,106323.5,0.0
106324.0,106325.0,106324.5,0.0
106325.0,106326.0,106325.5,0.0
106326.0,106327.0,106326.5,0.0
106327.0,106328.0,106327.5,0.0
106328.0,106329.0,106328.5,0.0
106329.0,106330.0,106329.5,0.0
106330.0,106331.0,106330.5,0.0
106331.0,106332.0,106331.5,0.0
106332.0,106333.0,106332.5,0.0
106333.0,106334.0,106333.5,0.0
106334.0,106335.0,106334.5,0.0
106335.0,106336.0,106335.5,0.0
106336.0,106337.0,106336.5,0.0
106337.0,106338.0,106337.5,0.0
106338.0,106339.0,106338.5,0.0
106339.0,106340.0,106339.5,0.0
106340.0,106341.0,106340.5,0.0
106341.0,106342.0,106341.5,0.0
106342.0,106343.0,106342.5,0.0
106343.0,106344.0,106343.5,0.0
106344.0,106345.0,106344.5,0.0
106345.0,106346.0,106345.5,0.0
106346.0,106347.0,106346.5,0.0
106347.0,106348.0,106347.5,0.9
106348.0,106349.0,106348.5,0.0
106349.0,106350.0,106349.5,0.0
106350.0,106351.0,106350.5,0.0
106351.0,106352.0,106351.5,0.0
106352.0,106353.0,106352.5,0.0
106353.0,106354.0,106353.5,0.0
106354.0,106355.0,106354.5,0.0
106355.0,106356.0,106355.5,0.0
106356.0,106357.0,106356.5,0.0
106357.0,106358.0,106357.5,0.0
106358.0,106359.0,106358.5,0.0
106359.0,106360.0,106359.5,0.0
106360.0,106361.0,106360.5,0.0
106361.0,106362.0,106361.5,0.0
