NASA Data Processing/CAMP2Ex/SP2/CAMP2Ex-LARGE-SP2_P3B_20190929_R1.ict
37, 1001
Luke D. Ziemba
NASA Langley Research Center
Single Particle Soot Photometer (SP2), DMT
CAMP2Ex
1, 1
2019, 09, 29, 2020,05,06
0
Time_Start, seconds_past_midnight, start_seconds_past_midnight
3
1, 1, 1
-9999, -9999, -9999
Time_Stop, seconds_past_midnight, stop_seconds_past_midnight
Time_Mid, seconds_past_midnight, mid_seconds_past_midnight
BlackCarbon_STP, Black_Carbon_nanograms_per_standard_cubic_meter, AerComp_BC_InSitu_LII_Accu_MassSTP
1
N/A
19
PI_CONTACT_INFO: 21 Langley Blvd, Hampton, VA 23681
PLATFORM: NASA WFF P3-B N426NA
LOCATION: Philippines; Latitude, Longitude, and Altitude included in Hskping files (MetNav)
ASSOCIATED_DATA: InletFlag, MetNav, cloud flag
INSTRUMENT_INFO: Single particle refractory BC mass measured by laser-induced incandescence. Calibrated using laboratory-generated monodisperse fullerene soot aerosol and polynomial mass/response fit. 
DATA_INFO: Data corrected to STP (760 torr and 273K). Measurements apply to refractory black carbon particles with diameter between 100 and 700nm
UNCERTAINTY: 10%
ULOD_FLAG: -7777
ULOD_VALUE: N/A
LLOD_FLAG: -8888
LLOD_VALUE: N/A
DM_CONTACT_INFO: Luke D. Ziemba, luke.ziemba@nasa.gov, (757)864-6246
PROJECT_INFO: CAMP2Ex based at Clark International Airport, Philippines
STIPULATIONS_ON_USE: Data users are strongly encouraged to contact the instrument PI for information on instrument caveats and best practices.
OTHER_COMMENTS: Data affected by cloud penetrations have NOT been removed.Switched between forward-facing isokinetic inlet and counterflow virtual impactor; flag is provided (InletFlag).Data are removed for calibrations,insufficient laser power,and pump failure.
REVISION: R1
R0: Final Data.  No further adjustments are planned.
R1: Applied time shift of -2s to DLH.
Time_Start, Time_Stop, Time_Mid, BlackCarbon_STP
[from data line 5229]
14163.0,14164.0,14163.5,0.0
14164.0,14165.0,14164.5,0.0
14165.0,14166.0,14165.5,0.0
14166.0,14167.0,14166.5,0.0
14167.0,14168.0,14167.5,0.0
14168.0,14169.0,14168.5,0.8
14169.0,14170.0,14169.5,0.0
14170.0,14171.0,14170.5,0.0
14171.0,14172.0,14171.5,0.0
14172.0,14173.0,14172.5,1.6
14173.0,14174.0,14173.5,0.0
14174.0,14175.0,14174.5,0.0
14175.0,14176.0,14175.5,0.0
14176.0,14177.0,14176.5,0.0
14177.0,14178.0,14177.5,4.1
14178.0,14179.0,14178.5,0.0
14179.0,14180.0,14179.5,0.0
14180.0,14181.0,14180.5,0.0
14181.0,14182.0,14181.5,0.0
14182.0,14183.0,14182.5,0.0
14183.0,14184.0,14183.5,0.0
14184.0,14185.0,14184.5,0.0
14185.0,14186.0,14185.5,2.8
14186.0,14187.0,14186.5,0.2
14187.0,14188.0,14187.5,0.0
14188.0,14189.0,14188.5,0.0
14189.0,14190.0,14189.5,0.4
14190.0,14191.0,14190.5,8.1
14191.0,14192.0,14191.5,0.0
14192.0,14193.0,14192.5,1.7
14193.0,14194.0,14193.5,0.0
14194.0,14195.0,14194.5,0.0
14195.0,14196.0,14195.5,0.0
14196.0,14197.0,14196.5,0.7
14197.0,14198.0,14197.5,0.0
14198.0,14199.0,14198.5,0.0
14199.0,14200.0,14199.5,0.0
14200.0,14201.0,14200.5,0.0
14201.0,14202.0,14201.5,0.0
14202.0,14203.0,14202.5,0.9
14203.0,14204.0,14203.5,0.0
14204.0,14205.0,14204.5,0.0
14205.0,14206.0,14205.5,0.0
14206.0,14207.0,14206.5,0.0
14207.0,14208.0,14207.5,0.0
14208.0,14209.0,14208.5,0.3
14209.0,14210.0,14209.5,0.3
14210.0,14211.0,14210.5,0.0
14211.0,14212.0,14211.5,0.0
14212.0,14213.0,14212.5,0.0
14213.0,14214.0,14213.5,0.0
14214.0,14215.0,14214.5,0.0
14215.0,14216.0,14215.5,0.0
14216.0,14217.0,14216.5,0.0
14217.0,14218.0,14217.5,0.0
14218.0,14219.0,14218.5,0.0
14219.0,14220.0,14219.5,0.0
14220.0,14221.0,14220.5,0.0
14221.0,14222.0,14221.5,0.0
14222.0,14223.0,14222.5,0.0
14223.0,14224.0,14223.5,0.0
14224.0,14225.0,14224.5,0.0
14225.0,14226.0,14225.5,0.0
14226.0,14227.0,14226.5,0.0
14227.0,14228.0,14227.5,0.0
14228.0,14229.0,14228.5,0.0
14229.0,14230.0,14229.5,0.0
14230.0,14231.0,14230.5,2.3
14231.0,14232.0,14231.5,0.0
14232.0,14233.0,14232.5,0.2
14233.0,14234.0,14233.5,0.0
14234.0,14235.0,14234.5,0.0
14235.0,14236.0,14235.5,8.8
14236.0,14237.0,14236.5,0.0
14237.0,14238.0,14237.5,0.0
14238.0,14239.0,14238.5,0.0
14239.0,14240.0,14239.5,0.0
14240.0,14241.0,14240.5,2.9
14241.0,14242.0,14241.5,0.0
14242.0,14243.0,14242.5,0.0
14243.0,14244.0,14243.5,0.0
14244.0,14245.0,14244.5,0.0
14245.0,14246.0,14245.5,0.0
14246.0,14247.0,14246.5,0.0
14247.0,14248.0,14247.5,5.6
14248.0,14249.0,14248.5,0.0
14249.0,14250.0,14249.5,0.0
14250.0,14251.0,14250.5,0.0
14251.0,14252.0,14251.5,0.0
14252.0,14253.0,14252.5,0.0
14253.0,14254.0,14253.5,0.0
14254.0,14255.0,14254.5,0.0
14255.0,14256.0,14255.5,0.0
14256.0,14257.0,14256.5,0.0
14257.0,14258.0,14257.5,0.0
14258.0,14259.0,14258.5,15.0
14259.0,14260.0,14259.5,0.0
14260.0,14261.0,14260.5,0.0
14261.0,14262.0,14261.5,0.0
14262.0,14263.0,14262.5,3.8
14263.0,14264.0,14263.5,0.0
14264.0,14265.0,14264.5,0.0
14265.0,14266.0,14265.5,0.0
14266.0,14267.0,14266.5,3.1
14267.0,14268.0,14267.5,0.0
14268.0,14269.0,14268.5,40.1
14269.0,14270.0,14269.5,0.0
14270.0,14271.0,14270.5,0.0
14271.0,14272.0,14271.5,0.0
14272.0,14273.0,14272.5,0.0
14273.0,14274.0,14273.5,0.0
14274.0,14275.0,14274.5,0.0
14275.0,14276.0,14275.5,0.0
14276.0,14277.0,14276.5,0.0
14277.0,14278.0,14277.5,2.3
14278.0,14279.0,14278.5,0.0
14279.0,14280.0,14279.5,0.0
14280.0,14281.0,14280.5,0.0
14281.0,14282.0,14281.5,0.0
14282.0,14283.0,14282.5,0.0
14283.0,14284.0,14283.5,0.0
14284.0,14285.0,14284.5,0.0
14285.0,14286.0,14285.5,0.0
14286.0,14287.0,14286.5,0.0
14287.0,14288.0,14287.5,0.0
14288.0,14289.0,14288.5,0.0
14289.0,14290.0,14289.5,0.0
14290.0,14291.0,14290.5,0.0
14291.0,14292.0,14291.5,0.0
14292.0,14293.0,14292.5,0.0
14293.0,14294.0,14293.5,0.0
14294.0,14295.0,14294.5,0.0
14295.0,14296.0,14295.5,0.0
14296.0,14297.0,14296.5,0.2
14297.0,14298.0,14297.5,0.0
14298.0,14299.0,14298.5,0.0
14299.0,14300.0,14299.5,0.0
14300.0,14301.0,14300.5,0.0
14301.0,14302.0,14301.5,4.4
14302.0,14303.0,14302.5,0.0
14303.0,14304.0,14303.5,5.5
14304.0,14305.0,14304.5,0.0
14305.0,14306.0,14305.5,0.0
14306.0,14307.0,14306.5,0.0
14307.0,14308.0,14307.5,0.0
14308.0,14309.0,14308.5,0.0
14309.0,14310.0,14309.5,0.0
14310.0,14311.0,14310.5,0.0
14311.0,14312.0,14311.5,0.0
14312.0,14313.0,14312.5,0.0
14313.0,14314.0,14313.5,0.0
14314.0,14315.0,14314.5,0.0
14315.0,14316.0,14315.5,0.0
14316.0,14317.0,14316.5,0.0
14317.0,14318.0,14317.5,0.0
14318.0,14319.0,14318.5,0.0
14319.0,14320.0,14319.5,0.0
14320.0,14321.0,14320.5,0.0
14321.0,14322.0,14321.5,0.0
14322.0,14323.0,14322.5,0.0
14323.0,14324.0,14323.5,0.0
14324.0,14325.0,14324.5,0.4
14325.0,14326.0,14325.5,0.0
14326.0,14327.0,14326.5,0.0
14327.0,14328.0,14327.5,0.0
14328.0,14329.0,14328.5,0.0
14329.0,14330.0,14329.5,0.0
14330.0,14331.0,14330.5,0.0
14331.0,14332.0,14331.5,0.0
14332.0,14333.0,14332.5,0.0
14333.0,14334.0,14333.5,12.0
14334.0,14335.0,14334.5,0.0
14335.0,14336.0,14335.5,0.0
14336.0,14337.0,14336.5,0.0
14337.0,14338.0,14337.5,0.0
14338.0,14339.0,14338.5,0.0
14339.0,14340.0,14339.5,0.0
14340.0,14341.0,14340.5,0.0
14341.0,14342.0,14341.5,1.8
14342.0,14343.0,14342.5,0.0
14343.0,14344.0,14343.5,0.0
14344.0,14345.0,14344.5,0.0
14345.0,14346.0,14345.5,0.0
14346.0,14347.0,14346.5,0.0
14347.0,14348.0,14347.5,0.0
14348.0,14349.0,14348.5,0.0
14349.0,14350.0,14349.5,0.0
14350.0,14351.0,14350.5,0.0
14351.0,14352.0,14351.5,0.0
14352.0,14353.0,14352.5,0.0
14353.0,14354.0,14353.5,0.0
14354.0,14355.0,14354.5,0.0
14355.0,14356.0,14355.5,0.0
14356.0,14357.0,14356.5,0.0
14357.0,14358.0,14357.5,0.0
14358.0,14359.0,14358.5,0.0
14359.0,14360.0,14359.5,0.0
14360.0,14361.0,14360.5,0.0
14361.0,14362.0,14361.5,0.0
14362.0,14363.0,14362.5,0.0
14363.0,14364.0,14363.5,0.0
14364.0,14365.0,14364.5,0.0
14365.0,14366.0,14365.5,0.0
14366.0,14367.0,14366.5,0.0
14367.0,14368.0,14367.5,0.0
14368.0,14369.0,14368.5,0.0
14369.0,14370.0,14369.5,0.0
14370.0,14371.0,14370.5,0.0
14371.0,14372.0,14371.5,0.0
14372.0,14373.0,14372.5,0.0
14373.0,14374.0,14373.5,0.0
14374.0,14375.0,14374.5,0.0
14375.0,14376.0,14375.5,0.0
14376.0,14377.0,14376.5,0.0
14377.0,14378.0,14377.5,0.0
14378.0,14379.0,14378.5,0.0
14379.0,14380.0,14379.5,0.0
14380.0,14381.0,14380.5,0.0
14381.0,14382.0,14381.5,0.0
14382.0,14383.0,14382.5,0.0
14383.0,14384.0,14383.5,0.0
14384.0,14385.0,14384.5,0.0
14385.0,14386.0,14385.5,0.0
14386.0,14387.0,14386.5,0.0
14387.0,14388.0,14387.5,0.0
14388.0,14389.0,14388.5,0.0
14389.0,14390.0,14389.5,0.0
14390.0,14391.0,14390.5,0.0
14391.0,14392.0,14391.5,0.0
14392.0,14393.0,14392.5,0.0
14393.0,14394.0,14393.5,0.0
14394.0,14395.0,14394.5,0.0
14395.0,14396.0,14395.5,0.0
14396.0,14397.0,14396.5,0.0
14397.0,14398.0,14397.5,0.0
14398.0,14399.0,14398.5,0.0
14399.0,14400.0,14399.5,0.0
14400.0,14401.0,14400.5,0.0
14401.0,14402.0,14401.5,0.0
14402.0,14403.0,14402.5,0.0
14403.0,14404.0,14403.5,0.0
14404.0,14405.0,14404.5,0.0
14405.0,14406.0,14405.5,0.0
14406.0,14407.0,14406.5,0.0
14407.0,14408.0,14407.5,0.0
14408.0,14409.0,14408.5,0.0
14409.0,14410.0,14409.5,0.0
14410.0,14411.0,14410.5,0.0
14411.0,14412.0,14411.5,0.0
14412.0,14413.0,14412.5,0.0
14413.0,14414.0,14413.5,0.0
14414.0,14415.0,14414.5,0.0
14415.0,14416.0,14415.5,0.0
14416.0,14417.0,14416.5,0.0
14417.0,14418.0,14417.5,0.0
14418.0,14419.0,14418.5,0.0
14419.0,14420.0,14419.5,0.0
14420.0,14421.0,14420.5,0.0
14421.0,14422.0,14421.5,0.0
14422.0,14423.0,14422.5,0.0
14423.0,14424.0,14423.5,0.0
14424.0,14425.0,14424.5,0.0
14425.0,14426.0,14425.5,0.0
14426.0,14427.0,14426.5,0.0
14427.0,14428.0,14427.5,0.0
14428.0,14429.0,14428.5,0.0
14429.0,14430.0,14429.5,0.0
14430.0,14431.0,14430.5,0.0
14431.0,14432.0,14431.5,0.0
14432.0,14433.0,14432.5,0.0
14433.0,14434.0,14433.5,0.0
14434.0,14435.0,14434.5,0.0
14435.0,14436.0,14435.5,0.0
14436.0,14437.0,14436.5,0.0
14437.0,14438.0,14437.5,0.0
14438.0,14439.0,14438.5,0.0
14439.0,14440.0,14439.5,0.0
14440.0,14441.0,14440.5,0.0
14441.0,14442.0,14441.5,0.0
14442.0,14443.0,14442.5,0.0
14443.0,14444.0,14443.5,0.0
14444.0,14445.0,14444.5,0.0
14445.0,14446.0,14445.5,0.0
14446.0,14447.0,14446.5,0.0
14447.0,14448.0,14447.5,0.0
14448.0,14449.0,14448.5,0.0
14449.0,14450.0,14449.5,0.0
14450.0,14451.0,14450.5,0.0
14451.0,14452.0,14451.5,0.0
14452.0,14453.0,14452.5,0.0
14453.0,14454.0,14453.5,0.0
14454.0,14455.0,14454.5,0.0
14455.0,14456.0,14455.5,0.0
14456.0,14457.0,14456.5,0.0
14457.0,14458.0,14457.5,0.0
14458.0,14459.0,14458.5,0.0
14459.0,14460.0,14459.5,0.0
14460.0,14461.0,14460.5,0.0
14461.0,14462.0,14461.5,0.0
14462.0,14463.0,14462.5,0.0
14463.0,14464.0,14463.5,0.0
14464.0,14465.0,14464.5,0.0
14465.0,14466.0,14465.5,0.0
14466.0,14467.0,14466.5,0.0
14467.0,14468.0,14467.5,0.0
14468.0,14469.0,14468.5,0.0
14469.0,14470.0,14469.5,0.0
14470.0,14471.0,14470.5,0.0
14471.0,14472.0,14471.5,0.0
14472.0,14473.0,14472.5,0.0
14473.0,14474.0,14473.5,0.0
14474.0,14475.0,14474.5,0.0
14475.0,14476.0,14475.5,0.0
14476.0,14477.0,14476.5,1.6
14477.0,14478.0,14477.5,0.0
14478.0,14479.0,14478.5,0.0
14479.0,14480.0,14479.5,0.0
14480.0,14481.0,14480.5,0.0
14481.0,14482.0,14481.5,1.3
14482.0,14483.0,14482.5,0.0
14483.0,14484.0,14483.5,0.0
14484.0,14485.0,14484.5,0.0
14485.0,14486.0,14485.5,0.0
14486.0,14487.0,14486.5,0.0
14487.0,14488.0,14487.5,0.0
14488.0,14489.0,14488.5,0.0
14489.0,14490.0,14489.5,0.0
14490.0,14491.0,14490.5,0.0
14491.0,14492.0,14491.5,0.0
14492.0,14493.0,14492.5,0.0
14493.0,14494.0,14493.5,0.0
14494.0,14495.0,14494.5,0.0
14495.0,14496.0,14495.5,0.0
14496.0,14497.0,14496.5,1.3
14497.0,14498.0,14497.5,0.0
14498.0,14499.0,14498.5,0.9
14499.0,14500.0,14499.5,0.0
14500.0,14501.0,14500.5,0.0
14501.0,14502.0,14501.5,0.0
14502.0,14503.0,14502.5,0.0
14503.0,14504.0,14503.5,0.0
14504.0,14505.0,14504.5,0.0
14505.0,14506.0,14505.5,0.0
14506.0,14507.0,14506.5,0.0
14507.0,14508.0,14507.5,0.0
14508.0,14509.0,14508.5,0.0
14509.0,14510.0,14509.5,0.0
14510.0,14511.0,14510.5,0.0
14511.0,14512.0,14511.5,0.0
14512.0,14513.0,14512.5,0.0
14513.0,14514.0,14513.5,0.0
14514.0,14515.0,14514.5,0.0
14515.0,14516.0,14515.5,0.0
14516.0,14517.0,14516.5,0.0
14517.0,14518.0,14517.5,0.0
14518.0,14519.0,14518.5,0.0
14519.0,14520.0,14519.5,0.0
14520.0,14521.0,14520.5,1.5
14521.0,14522.0,14521.5,4.2
14522.0,14523.0,14522.5,0.0
14523.0,14524.0,14523.5,0.3
14524.0,14525.0,14524.5,0.0
14525.0,14526.0,14525.5,0.0
14526.0,14527.0,14526.5,0.0
14527.0,14528.0,14527.5,0.5
14528.0,14529.0,14528.5,3.0
14529.0,14530.0,14529.5,0.5
14530.0,14531.0,14530.5,0.0
14531.0,14532.0,14531.5,0.0
14532.0,14533.0,14532.5,0.0
14533.0,14534.0,14533.5,0.0
14534.0,14535.0,14534.5,0.0
14535.0,14536.0,14535.5,0.0
14536.0,14537.0,14536.5,0.0
14537.0,14538.0,14537.5,0.0
14538.0,14539.0,14538.5,0.0
14539.0,14540.0,14539.5,0.0
14540.0,14541.0,14540.5,0.0
14541.0,14542.0,14541.5,0.0
14542.0,14543.0,14542.5,0.0
14543.0,14544.0,14543.5,0.0
14544.0,14545.0,14544.5,0.0
14545.0,14546.0,14545.5,6.4
14546.0,14547.0,14546.5,0.0
14547.0,14548.0,14547.5,0.0
14548.0,14549.0,14548.5,0.0
14549.0,14550.0,14549.5,0.0
14550.0,14551.0,14550.5,0.0
14551.0,14552.0,14551.5,0.0
14552.0,14553.0,14552.5,0.0
14553.0,14554.0,14553.5,0.0
14554.0,14555.0,14554.5,0.0
14555.0,14556.0,14555.5,0.0
14556.0,14557.0,14556.5,0.0
14557.0,14558.0,14557.5,0.0
14558.0,14559.0,14558.5,0.0
14559.0,14560.0,14559.5,0.0
14560.0,14561.0,14560.5,0.0
14561.0,14562.0,14561.5,0.0
14562.0,14563.0,14562.5,6.0
14563.0,14564.0,14563.5,0.0
14564.0,14565.0,14564.5,0.0
14565.0,14566.0,14565.5,0.0
14566.0,14567.0,14566.5,0.0
14567.0,14568.0,14567.5,1.2
14568.0,14569.0,14568.5,0.0
14569.0,14570.0,14569.5,0.0
14570.0,14571.0,14570.5,0.0
14571.0,14572.0,14571.5,0.0
14572.0,14573.0,14572.5,0.9
14573.0,14574.0,14573.5,0.0
14574.0,14575.0,14574.5,1.4
14575.0,14576.0,14575.5,0.5
14576.0,14577.0,14576.5,0.0
14577.0,14578.0,14577.5,0.0
14578.0,14579.0,14578.5,0.0
14579.0,14580.0,14579.5,1.0
14580.0,14581.0,14580.5,0.6
14581.0,14582.0,14581.5,0.0
14582.0,14583.0,14582.5,0.0
14583.0,14584.0,14583.5,0.0
14584.0,14585.0,14584.5,0.0
14585.0,14586.0,14585.5,0.0
14586.0,14587.0,14586.5,0.0
14587.0,14588.0,14587.5,0.0
14588.0,14589.0,14588.5,0.0
14589.0,14590.0,14589.5,0.0
14590.0,14591.0,14590.5,0.0
14591.0,14592.0,14591.5,0.0
14592.0,14593.0,14592.5,0.0
14593.0,14594.0,14593.5,0.0
14594.0,14595.0,14594.5,0.2
14595.0,14596.0,14595.5,0.0
14596.0,14597.0,14596.5,0.0
14597.0,14598.0,14597.5,0.0
14598.0,14599.0,14598.5,0.0
14599.0,14600.0,14599.5,0.0
14600.0,14601.0,14600.5,0.0
14601.0,14602.0,14601.5,0.0
14602.0,14603.0,14602.5,0.0
14603.0,14604.0,14603.5,0.0
14604.0,14605.0,14604.5,0.0
14605.0,14606.0,14605.5,0.0
14606.0,14607.0,14606.5,0.0
14607.0,14608.0,14607.5,0.0
14608.0,14609.0,14608.5,0.0
14609.0,14610.0,14609.5,0.0
14610.0,14611.0,14610.5,0.0
14611.0,14612.0,14611.5,0.0
14612.0,14613.0,14612.5,0.0
14613.0,14614.0,14613.5,0.0
14614.0,14615.0,14614.5,0.0
14615.0,14616.0,14615.5,0.0
14616.0,14617.0,14616.5,0.0
14617.0,14618.0,14617.5,0.0
14618.0,14619.0,14618.5,0.0
14619.0,14620.0,14619.5,0.0
14620.0,14621.0,14620.5,0.0
14621.0,14622.0,14621.5,0.0
14622.0,14623.0,14622.5,0.0
14623.0,14624.0,14623.5,0.0
14624.0,14625.0,14624.5,0.0
14625.0,14626.0,14625.5,0.0
14626.0,14627.0,14626.5,0.0
14627.0,14628.0,14627.5,0.0
14628.0,14629.0,14628.5,0.0
14629.0,14630.0,14629.5,0.0
14630.0,14631.0,14630.5,0.0
14631.0,14632.0,14631.5,0.0
14632.0,14633.0,14632.5,0.0
14633.0,14634.0,14633.5,0.0
14634.0,14635.0,14634.5,0.0
14635.0,14636.0,14635.5,0.0
14636.0,14637.0,14636.5,0.0
14637.0,14638.0,14637.5,0.0
14638.0,14639.0,14638.5,0.0
14639.0,14640.0,14639.5,0.0
14640.0,14641.0,14640.5,0.0
14641.0,14642.0,14641.5,0.0
14642.0,14643.0,14642.5,0.0
14643.0,14644.0,14643.5,0.0
14644.0,14645.0,14644.5,0.0
14645.0,14646.0,14645.5,0.0
14646.0,14647.0,14646.5,0.0
14647.0,14648.0,14647.5,0.0
14648.0,14649.0,14648.5,0.0
14649.0,14650.0,14649.5,0.0
14650.0,14651.0,14650.5,0.0
14651.0,14652.0,14651.5,0.0
14652.0,14653.0,14652.5,0.0
14653.0,14654.0,14653.5,0.0
14654.0,14655.0,14654.5,0.0
14655.0,14656.0,14655.5,0.0
14656.0,14657.0,14656.5,0.0
14657.0,14658.0,14657.5,0.0
14658.0,14659.0,14658.5,0.0
14659.0,14660.0,14659.5,0.0
14660.0,14661.0,14660.5,0.0
14661.0,14662.0,14661.5,0.0
14662.0,14663.0,14662.5,0.0
14663.0,14664.0,14663.5,0.0
14664.0,14665.0,14664.5,0.0
14665.0,14666.0,14665.5,0.0
14666.0,14667.0,14666.5,0.0
14667.0,14668.0,14667.5,0.0
14668.0,14669.0,14668.5,0.0
14669.0,14670.0,14669.5,0.0
14670.0,14671.0,14670.5,0.0
14671.0,14672.0,14671.5,0.0
14672.0,14673.0,14672.5,0.0
14673.0,14674.0,14673.5,0.0
14674.0,14675.0,14674.5,0.0
14675.0,14676.0,14675.5,0.0
14676.0,14677.0,14676.5,0.0
14677.0,14678.0,14677.5,0.0
14678.0,14679.0,14678.5,0.0
14679.0,14680.0,14679.5,0.0
14680.0,14681.0,14680.5,0.0
14681.0,14682.0,14681.5,0.0
14682.0,14683.0,14682.5,0.0
14683.0,14684.0,14683.5,0.0
14684.0,14685.0,14684.5,0.0
14685.0,14686.0,14685.5,0.0
14686.0,14687.0,14686.5,0.0
14687.0,14688.0,14687.5,0.0
14688.0,14689.0,14688.5,0.0
14689.0,14690.0,14689.5,0.0
14690.0,14691.0,14690.5,0.0
14691.0,14692.0,14691.5,0.0
14692.0,14693.0,14692.5,0.0
14693.0,14694.0,14693.5,0.0
14694.0,14695.0,14694.5,0.0
14695.0,14696.0,14695.5,0.0
14696.0,14697.0,14696.5,0.0
14697.0,14698.0,14697.5,0.0
14698.0,14699.0,14698.5,0.0
14699.0,14700.0,14699.5,0.0
14700.0,14701.0,14700.5,0.0
14701.0,14702.0,14701.5,0.0
14702.0,14703.0,14702.5,0.0
14703.0,14704.0,14703.5,0.0
14704.0,14705.0,14704.5,0.0
14705.0,14706.0,14705.5,0.0
14706.0,14707.0,14706.5,0.0
14707.0,14708.0,14707.5,0.0
14708.0,14709.0,14708.5,0.0
14709.0,14710.0,14709.5,0.0
14710.0,14711.0,14710.5,0.0
14711.0,14712.0,14711.5,0.0
14712.0,14713.0,14712.5,0.0
14713.0,14714.0,14713.5,0.0
14714.0,14715.0,14714.5,0.0
14715.0,14716.0,14715.5,0.0
14716.0,14717.0,14716.5,0.0
14717.0,14718.0,14717.5,0.0
14718.0,14719.0,14718.5,0.0
14719.0,14720.0,14719.5,0.0
14720.0,14721.0,14720.5,0.0
14721.0,14722.0,14721.5,0.0
14722.0,14723.0,14722.5,0.0
14723.0,14724.0,14723.5,0.0
14724.0,14725.0,14724.5,0.0
14725.0,14726.0,14725.5,0.0
14726.0,14727.0,14726.5,0.0
14727.0,14728.0,14727.5,0.0
14728.0,14729.0,14728.5,0.0
14729.0,14730.0,14729.5,0.0
14730.0,14731.0,14730.5,0.0
14731.0,14732.0,14731.5,0.0
14732.0,14733.0,14732.5,0.0
14733.0,14734.0,14733.5,0.0
