NASA Data Processing/CAMP2Ex/SP2/CAMP2Ex-LARGE-SP2_P3B_20190913_R1.ict
37, 1001
Luke D. Ziemba
NASA Langley Research Center
Single Particle Soot Photometer (SP2), DMT
CAMP2Ex
1, 1
2019, 09, 13, 2020,05,06
0
Time_Start, seconds_past_midnight, start_seconds_past_midnight
3
1, 1, 1
-9999, -9999, -9999
Time_Stop, seconds_past_midnight, stop_seconds_past_midnight
Time_Mid, seconds_past_midnight, mid_seconds_past_midnight
BlackCarbon_STP, Black_Carbon_nanograms_per_standard_cubic_meter, AerComp_BC_InSitu_LII_Accu_MassSTP
1
N/A
19
PI_CONTACT_INFO: 21 Langley Blvd, Hampton, VA 23681
PLATFORM: NASA WFF P3-B N426NA
LOCATION: Philippines; Latitude, Longitude, and Altitude included in Hskping files (MetNav)
ASSOCIATED_DATA: InletFlag, MetNav, cloud flag
INSTRUMENT_INFO: Single particle refractory BC mass measured by laser-induced incandescence. Calibrated using laboratory-generated monodisperse fullerene soot aerosol and polynomial mass/response fit. 
DATA_INFO: Data corrected to STP (760 torr and 273K). Measurements apply to refractory black carbon particles with diameter between 100 and 700nm
UNCERTAINTY: 10%
ULOD_FLAG: -7777
ULOD_VALUE: N/A
LLOD_FLAG: -8888
LLOD_VALUE: N/A
DM_CONTACT_INFO: Luke D. Ziemba, luke.ziemba@nasa.gov, (757)864-6246
PROJECT_INFO: CAMP2Ex based at Clark International Airport, Philippines
STIPULATIONS_ON_USE: Data users are strongly encouraged to contact the instrument PI for information on instrument caveats and best practices.
OTHER_COMMENTS: Data affected by cloud penetrations have NOT been removed.Switched between forward-facing isokinetic inlet and counterflow virtual impactor; flag is provided (InletFlag).Data are removed for calibrations,insufficient laser power,and pump failure.
REVISION: R1
R0: Final Data.  No further adjustments are planned.
R1: Applied time shift of -2s to DLH.
Time_Start, Time_Stop, Time_Mid, BlackCarbon_STP
[from data line 3411]
77937.0,77938.0,77937.5,0.0
77938.0,77939.0,77938.5,0.0
77939.0,77940.0,77939.5,0.0
77940.0,77941.0,77940.5,0.0
77941.0,77942.0,77941.5,0.0
77942.0,77943.0,77942.5,0.0
77943.0,77944.0,77943.5,0.0
77944.0,77945.0,77944.5,0.0
77945.0,77946.0,77945.5,0.0
77946.0,77947.0,77946.5,0.0
77947.0,77948.0,77947.5,0.0
77948.0,77949.0,77948.5,0.0
77949.0,77950.0,77949.5,0.0
77950.0,77951.0,77950.5,0.0
77951.0,77952.0,77951.5,0.0
77952.0,77953.0,77952.5,0.0
77953.0,77954.0,77953.5,0.0
77954.0,77955.0,77954.5,0.0
77955.0,77956.0,77955.5,0.0
77956.0,77957.0,77956.5,0.0
77957.0,77958.0,77957.5,0.0
77958.0,77959.0,77958.5,0.0
77959.0,77960.0,77959.5,0.0
77960.0,77961.0,77960.5,0.0
77961.0,77962.0,77961.5,0.0
77962.0,77963.0,77962.5,0.0
77963.0,77964.0,77963.5,0.0
77964.0,77965.0,77964.5,0.0
77965.0,77966.0,77965.5,0.0
77966.0,77967.0,77966.5,0.0
77967.0,77968.0,77967.5,0.0
77968.0,77969.0,77968.5,0.0
77969.0,77970.0,77969.5,0.0
77970.0,77971.0,77970.5,0.0
77971.0,77972.0,77971.5,0.0
77972.0,77973.0,77972.5,0.0
77973.0,77974.0,77973.5,0.0
77974.0,77975.0,77974.5,0.0
77975.0,77976.0,77975.5,0.0
77976.0,77977.0,77976.5,0.0
77977.0,77978.0,77977.5,0.0
77978.0,77979.0,77978.5,0.0
77979.0,77980.0,77979.5,0.0
77980.0,77981.0,77980.5,0.0
77981.0,77982.0,77981.5,0.0
77982.0,77983.0,77982.5,0.0
77983.0,77984.0,77983.5,0.0
77984.0,77985.0,77984.5,0.0
77985.0,77986.0,77985.5,0.0
77986.0,77987.0,77986.5,0.0
77987.0,77988.0,77987.5,0.0
77988.0,77989.0,77988.5,0.0
77989.0,77990.0,77989.5,0.0
77990.0,77991.0,77990.5,0.0
77991.0,77992.0,77991.5,0.0
77992.0,77993.0,77992.5,0.0
77993.0,77994.0,77993.5,0.0
77994.0,77995.0,77994.5,0.0
77995.0,77996.0,77995.5,0.0
77996.0,77997.0,77996.5,0.0
77997.0,77998.0,77997.5,0.0
77998.0,77999.0,77998.5,0.0
77999.0,78000.0,77999.5,0.0
78000.0,78001.0,78000.5,0.0
78001.0,78002.0,78001.5,0.0
78002.0,78003.0,78002.5,0.0
78003.0,78004.0,78003.5,0.0
78004.0,78005.0,78004.5,0.0
78005.0,78006.0,78005.5,0.0
78006.0,78007.0,78006.5,0.0
78007.0,78008.0,78007.5,0.0
78008.0,78009.0,78008.5,0.0
78009.0,78010.0,78009.5,0.0
78010.0,78011.0,78010.5,0.0
78011.0,78012.0,78011.5,0.0
78012.0,78013.0,78012.5,0.0
78013.0,78014.0,78013.5,0.0
78014.0,78015.0,78014.5,0.0
78015.0,78016.0,78015.5,0.0
78016.0,78017.0,78016.5,0.0
78017.0,78018.0,78017.5,0.0
78018.0,78019.0,78018.5,0.0
78019.0,78020.0,78019.5,0.0
78020.0,78021.0,78020.5,0.0
78021.0,78022.0,78021.5,0.0
78022.0,78023.0,78022.5,0.0
78023.0,78024.0,78023.5,0.0
78024.0,78025.0,78024.5,0.0
78025.0,78026.0,78025.5,0.0
78026.0,78027.0,78026.5,0.0
78027.0,78028.0,78027.5,0.0
78028.0,78029.0,78028.5,0.0
78029.0,78030.0,78029.5,0.0
78030.0,78031.0,78030.5,0.0
78031.0,78032.0,78031.5,0.0
78032.0,78033.0,78032.5,0.0
78033.0,78034.0,78033.5,0.0
78034.0,78035.0,78034.5,0.0
78035.0,78036.0,78035.5,0.0
78036.0,78037.0,78036.5,0.0
78037.0,78038.0,78037.5,0.0
78038.0,78039.0,78038.5,0.0
78039.0,78040.0,78039.5,0.0
78040.0,78041.0,78040.5,0.0
78041.0,78042.0,78041.5,0.0
78042.0,78043.0,78042.5,0.0
78043.0,78044.0,78043.5,0.0
78044.0,78045.0,78044.5,0.0
78045.0,78046.0,78045.5,0.0
78046.0,78047.0,78046.5,0.0
78047.0,78048.0,78047.5,0.0
78048.0,78049.0,78048.5,0.0
78049.0,78050.0,78049.5,0.0
78050.0,78051.0,78050.5,0.0
78051.0,78052.0,78051.5,0.0
78052.0,78053.0,78052.5,0.0
78053.0,78054.0,78053.5,0.0
78054.0,78055.0,78054.5,0.0
78055.0,78056.0,78055.5,0.0
78056.0,78057.0,78056.5,0.0
78057.0,78058.0,78057.5,0.0
78058.0,78059.0,78058.5,0.0
78059.0,78060.0,78059.5,0.0
78060.0,78061.0,78060.5,0.0
78061.0,78062.0,78061.5,0.0
78062.0,78063.0,78062.5,0.0
78063.0,78064.0,78063.5,0.0
78064.0,78065.0,78064.5,0.0
78065.0,78066.0,78065.5,0.0
78066.0,78067.0,78066.5,0.0
78067.0,78068.0,78067.5,0.0
78068.0,78069.0,78068.5,0.0
78069.0,78070.0,78069.5,0.0
78070.0,78071.0,78070.5,0.0
78071.0,78072.0,78071.5,0.0
78072.0,78073.0,78072.5,0.0
78073.0,78074.0,78073.5,0.0
78074.0,78075.0,78074.5,0.0
78075.0,78076.0,78075.5,0.0
78076.0,78077.0,78076.5,0.0
78077.0,78078.0,78077.5,0.0
78078.0,78079.0,78078.5,0.0
78079.0,78080.0,78079.5,0.0
78080.0,78081.0,78080.5,0.0
78081.0,78082.0,78081.5,0.0
78082.0,78083.0,78082.5,0.0
78083.0,78084.0,78083.5,0.0
78084.0,78085.0,78084.5,0.0
78085.0,78086.0,78085.5,0.0
78086.0,78087.0,78086.5,0.0
78087.0,78088.0,78087.5,0.0
78088.0,78089.0,78088.5,0.0
78089.0,78090.0,78089.5,0.0
78090.0,78091.0,78090.5,0.0
78091.0,78092.0,78091.5,0.0
78092.0,78093.0,78092.5,0.0
78093.0,78094.0,78093.5,0.0
78094.0,78095.0,78094.5,0.0
78095.0,78096.0,78095.5,0.0
78096.0,78097.0,78096.5,0.0
78097.0,78098.0,78097.5,2.0
78098.0,78099.0,78098.5,0.0
78099.0,78100.0,78099.5,0.0
78100.0,78101.0,78100.5,0.0
78101.0,78102.0,78101.5,0.0
78102.0,78103.0,78102.5,0.0
78103.0,78104.0,78103.5,0.0
78104.0,78105.0,78104.5,0.0
78105.0,78106.0,78105.5,0.0
78106.0,78107.0,78106.5,0.0
78107.0,78108.0,78107.5,1.9
78108.0,78109.0,78108.5,1.5
78109.0,78110.0,78109.5,0.0
78110.0,78111.0,78110.5,0.0
78111.0,78112.0,78111.5,0.0
78112.0,78113.0,78112.5,0.0
78113.0,78114.0,78113.5,0.0
78114.0,78115.0,78114.5,0.0
78115.0,78116.0,78115.5,0.0
78116.0,78117.0,78116.5,0.0
78117.0,78118.0,78117.5,0.0
78118.0,78119.0,78118.5,0.0
78119.0,78120.0,78119.5,0.0
78120.0,78121.0,78120.5,0.0
78121.0,78122.0,78121.5,0.0
78122.0,78123.0,78122.5,0.0
78123.0,78124.0,78123.5,0.0
78124.0,78125.0,78124.5,0.0
78125.0,78126.0,78125.5,0.0
78126.0,78127.0,78126.5,0.0
78127.0,78128.0,78127.5,0.0
78128.0,78129.0,78128.5,0.0
78129.0,78130.0,78129.5,0.0
78130.0,78131.0,78130.5,0.0
78131.0,78132.0,78131.5,0.0
78132.0,78133.0,78132.5,0.0
78133.0,78134.0,78133.5,0.0
78134.0,78135.0,78134.5,0.0
78135.0,78136.0,78135.5,0.0
78136.0,78137.0,78136.5,0.0
78137.0,78138.0,78137.5,0.0
78138.0,78139.0,78138.5,0.0
78139.0,78140.0,78139.5,0.0
78140.0,78141.0,78140.5,0.0
78141.0,78142.0,78141.5,0.0
78142.0,78143.0,78142.5,0.0
78143.0,78144.0,78143.5,0.0
78144.0,78145.0,78144.5,0.0
78145.0,78146.0,78145.5,0.0
78146.0,78147.0,78146.5,0.0
78147.0,78148.0,78147.5,0.0
78148.0,78149.0,78148.5,0.0
78149.0,78150.0,78149.5,0.0
78150.0,78151.0,78150.5,0.0
78151.0,78152.0,78151.5,0.0
78152.0,78153.0,78152.5,0.0
78153.0,78154.0,78153.5,0.0
78154.0,78155.0,78154.5,0.0
78155.0,78156.0,78155.5,0.0
78156.0,78157.0,78156.5,0.0
78157.0,78158.0,78157.5,0.0
78158.0,78159.0,78158.5,0.0
78159.0,78160.0,78159.5,0.0
78160.0,78161.0,78160.5,0.0
78161.0,78162.0,78161.5,0.0
78162.0,78163.0,78162.5,0.0
78163.0,78164.0,78163.5,0.0
78164.0,78165.0,78164.5,0.0
78165.0,78166.0,78165.5,0.0
78166.0,78167.0,78166.5,0.0
78167.0,78168.0,78167.5,0.0
78168.0,78169.0,78168.5,0.0
78169.0,78170.0,78169.5,0.0
78170.0,78171.0,78170.5,0.0
78171.0,78172.0,78171.5,0.0
78172.0,78173.0,78172.5,0.0
78173.0,78174.0,78173.5,0.0
78174.0,78175.0,78174.5,0.0
78175.0,78176.0,78175.5,0.0
78176.0,78177.0,78176.5,0.0
78177.0,78178.0,78177.5,0.0
78178.0,78179.0,78178.5,0.0
78179.0,78180.0,78179.5,0.0
78180.0,78181.0,78180.5,0.0
78181.0,78182.0,78181.5,0.0
78182.0,78183.0,78182.5,0.0
78183.0,78184.0,78183.5,0.0
78184.0,78185.0,78184.5,0.0
78185.0,78186.0,78185.5,0.0
78186.0,78187.0,78186.5,0.0
78187.0,78188.0,78187.5,0.0
78188.0,78189.0,78188.5,0.0
78189.0,78190.0,78189.5,0.0
78190.0,78191.0,78190.5,0.0
78191.0,78192.0,78191.5,0.0
78192.0,78193.0,78192.5,0.0
78193.0,78194.0,78193.5,0.0
78194.0,78195.0,78194.5,0.0
78195.0,78196.0,78195.5,0.0
78196.0,78197.0,78196.5,0.0
78197.0,78198.0,78197.5,0.0
78198.0,78199.0,78198.5,0.0
78199.0,78200.0,78199.5,0.0
78200.0,78201.0,78200.5,0.0
78201.0,78202.0,78201.5,0.0
78202.0,78203.0,78202.5,0.0
78203.0,78204.0,78203.5,0.0
78204.0,78205.0,78204.5,0.0
78205.0,78206.0,78205.5,0.0
78206.0,78207.0,78206.5,0.0
78207.0,78208.0,78207.5,0.0
78208.0,78209.0,78208.5,0.0
78209.0,78210.0,78209.5,0.0
78210.0,78211.0,78210.5,0.0
78211.0,78212.0,78211.5,0.0
78212.0,78213.0,78212.5,0.0
78213.0,78214.0,78213.5,0.0
78214.0,78215.0,78214.5,0.0
78215.0,78216.0,78215.5,0.0
78216.0,78217.0,78216.5,0.0
78217.0,78218.0,78217.5,0.0
78218.0,78219.0,78218.5,0.0
78219.0,78220.0,78219.5,0.0
78220.0,78221.0,78220.5,0.0
78221.0,78222.0,78221.5,0.0
78222.0,78223.0,78222.5,0.0
78223.0,78224.0,78223.5,0.0
78224.0,78225.0,78224.5,0.0
78225.0,78226.0,78225.5,0.0
78226.0,78227.0,78226.5,0.0
78227.0,78228.0,78227.5,0.0
78228.0,78229.0,78228.5,0.0
78229.0,78230.0,78229.5,0.0
78230.0,78231.0,78230.5,0.0
78231.0,78232.0,78231.5,0.0
78232.0,78233.0,78232.5,0.0
78233.0,78234.0,78233.5,0.0
78234.0,78235.0,78234.5,0.0
78235.0,78236.0,78235.5,0.0
78236.0,78237.0,78236.5,0.0
78237.0,78238.0,78237.5,0.0
78238.0,78239.0,78238.5,0.0
78239.0,78240.0,78239.5,0.0
78240.0,78241.0,78240.5,0.0
78241.0,78242.0,78241.5,0.0
78242.0,78243.0,78242.5,0.0
78243.0,78244.0,78243.5,0.0
78244.0,78245.0,78244.5,0.0
78245.0,78246.0,78245.5,0.0
78246.0,78247.0,78246.5,0.0
78247.0,78248.0,78247.5,0.0
78248.0,78249.0,78248.5,0.0
78249.0,78250.0,78249.5,0.0
78250.0,78251.0,78250.5,0.0
78251.0,78252.0,78251.5,0.0
78252.0,78253.0,78252.5,0.0
78253.0,78254.0,78253.5,0.0
78254.0,78255.0,78254.5,0.0
78255.0,78256.0,78255.5,0.0
78256.0,78257.0,78256.5,0.0
78257.0,78258.0,78257.5,0.0
78258.0,78259.0,78258.5,0.0
78259.0,78260.0,78259.5,0.0
78260.0,78261.0,78260.5,0.0
78261.0,78262.0,78261.5,0.0
78262.0,78263.0,78262.5,0.0
78263.0,78264.0,78263.5,0.0
78264.0,78265.0,78264.5,0.0
78265.0,78266.0,78265.5,0.0
78266.0,78267.0,78266.5,0.0
78267.0,78268.0,78267.5,0.0
78268.0,78269.0,78268.5,0.0
78269.0,78270.0,78269.5,0.0
78270.0,78271.0,78270.5,0.0
78271.0,78272.0,78271.5,0.0
78272.0,78273.0,78272.5,0.0
78273.0,78274.0,78273.5,0.0
78274.0,78275.0,78274.5,0.0
78275.0,78276.0,78275.5,0.0
78276.0,78277.0,78276.5,0.0
78277.0,78278.0,78277.5,0.0
78278.0,78279.0,78278.5,0.0
78279.0,78280.0,78279.5,0.0
78280.0,78281.0,78280.5,0.0
78281.0,78282.0,78281.5,0.0
78282.0,78283.0,78282.5,0.0
78283.0,78284.0,78283.5,0.0
78284.0,78285.0,78284.5,0.0
78285.0,78286.0,78285.5,0.0
78286.0,78287.0,78286.5,0.0
78287.0,78288.0,78287.5,0.0
78288.0,78289.0,78288.5,0.0
78289.0,78290.0,78289.5,0.0
78290.0,78291.0,78290.5,0.0
78291.0,78292.0,78291.5,0.0
78292.0,78293.0,78292.5,0.0
78293.0,78294.0,78293.5,0.0
78294.0,78295.0,78294.5,0.0
78295.0,78296.0,78295.5,0.0
78296.0,78297.0,78296.5,0.0
78297.0,78298.0,78297.5,0.0
78298.0,78299.0,78298.5,0.0
78299.0,78300.0,78299.5,0.0
78300.0,78301.0,78300.5,0.0
78301.0,78302.0,78301.5,0.0
78302.0,78303.0,78302.5,0.0
78303.0,78304.0,78303.5,0.0
78304.0,78305.0,78304.5,0.0
78305.0,78306.0,78305.5,0.0
78306.0,78307.0,78306.5,0.0
78307.0,78308.0,78307.5,0.0
78308.0,78309.0,78308.5,0.0
78309.0,78310.0,78309.5,0.0
78310.0,78311.0,78310.5,0.0
78311.0,78312.0,78311.5,0.0
78312.0,78313.0,78312.5,0.0
78313.0,78314.0,78313.5,0.0
78314.0,78315.0,78314.5,0.0
78315.0,78316.0,78315.5,0.0
78316.0,78317.0,78316.5,0.0
78317.0,78318.0,78317.5,0.0
78318.0,78319.0,78318.5,0.0
78319.0,78320.0,78319.5,0.0
78320.0,78321.0,78320.5,0.0
78321.0,78322.0,78321.5,0.0
78322.0,78323.0,78322.5,0.0
78323.0,78324.0,78323.5,0.0
78324.0,78325.0,78324.5,0.0
78325.0,78326.0,78325.5,0.0
78326.0,78327.0,78326.5,0.0
78327.0,78328.0,78327.5,0.0
78328.0,78329.0,78328.5,0.0
78329.0,78330.0,78329.5,0.0
78330.0,78331.0,78330.5,0.0
78331.0,78332.0,78331.5,0.0
78332.0,78333.0,78332.5,0.0
78333.0,78334.0,78333.5,0.0
78334.0,78335.0,78334.5,0.0
78335.0,78336.0,78335.5,0.0
78336.0,78337.0,78336.5,0.0
78337.0,78338.0,78337.5,0.0
78338.0,78339.0,78338.5,0.0
78339.0,78340.0,78339.5,0.0
78340.0,78341.0,78340.5,0.0
78341.0,78342.0,78341.5,0.0
78342.0,78343.0,78342.5,0.0
78343.0,78344.0,78343.5,0.0
78344.0,78345.0,78344.5,0.0
78345.0,78346.0,78345.5,0.0
78346.0,78347.0,78346.5,0.0
78347.0,78348.0,78347.5,0.0
78348.0,78349.0,78348.5,0.0
78349.0,78350.0,78349.5,0.0
78350.0,78351.0,78350.5,0.0
78351.0,78352.0,78351.5,0.0
78352.0,78353.0,78352.5,0.0
78353.0,78354.0,78353.5,0.0
78354.0,78355.0,78354.5,0.0
78355.0,78356.0,78355.5,0.0
78356.0,78357.0,78356.5,0.0
78357.0,78358.0,78357.5,0.0
78358.0,78359.0,78358.5,0.0
78359.0,78360.0,78359.5,0.0
78360.0,78361.0,78360.5,0.0
78361.0,78362.0,78361.5,0.0
78362.0,78363.0,78362.5,0.0
78363.0,78364.0,78363.5,0.0
78364.0,78365.0,78364.5,0.0
78365.0,78366.0,78365.5,0.0
78366.0,78367.0,78366.5,0.0
78367.0,78368.0,78367.5,0.0
78368.0,78369.0,78368.5,0.0
78369.0,78370.0,78369.5,0.0
78370.0,78371.0,78370.5,0.0
78371.0,78372.0,78371.5,0.0
78372.0,78373.0,78372.5,0.0
78373.0,78374.0,78373.5,0.0
78374.0,78375.0,78374.5,0.0
78375.0,78376.0,78375.5,0.0
78376.0,78377.0,78376.5,0.0
78377.0,78378.0,78377.5,0.0
78378.0,78379.0,78378.5,0.0
78379.0,78380.0,78379.5,0.0
78380.0,78381.0,78380.5,0.0
78381.0,78382.0,78381.5,0.0
78382.0,78383.0,78382.5,0.0
78383.0,78384.0,78383.5,0.0
78384.0,78385.0,78384.5,0.0
78385.0,78386.0,78385.5,0.0
78386.0,78387.0,78386.5,0.0
78387.0,78388.0,78387.5,0.0
78388.0,78389.0,78388.5,0.0
78389.0,78390.0,78389.5,0.0
78390.0,78391.0,78390.5,0.0
78391.0,78392.0,78391.5,0.0
78392.0,78393.0,78392.5,0.0
78393.0,78394.0,78393.5,0.0
78394.0,78395.0,78394.5,0.0
78395.0,78396.0,78395.5,0.0
78396.0,78397.0,78396.5,0.0
78397.0,78398.0,78397.5,0.0
78398.0,78399.0,78398.5,0.0
78399.0,78400.0,78399.5,0.0
78400.0,78401.0,78400.5,0.0
78401.0,78402.0,78401.5,0.0
78402.0,78403.0,78402.5,0.0
78403.0,78404.0,78403.5,0.0
78404.0,78405.0,78404.5,0.0
78405.0,78406.0,78405.5,0.0
78406.0,78407.0,78406.5,0.0
78407.0,78408.0,78407.5,0.0
78408.0,78409.0,78408.5,0.0
78409.0,78410.0,78409.5,0.0
78410.0,78411.0,78410.5,0.0
78411.0,78412.0,78411.5,0.0
78412.0,78413.0,78412.5,0.0
78413.0,78414.0,78413.5,0.0
78414.0,78415.0,78414.5,0.0
78415.0,78416.0,78415.5,0.0
78416.0,78417.0,78416.5,0.0
78417.0,78418.0,78417.5,0.0
78418.0,78419.0,78418.5,0.0
78419.0,78420.0,78419.5,0.0
78420.0,78421.0,78420.5,0.0
78421.0,78422.0,78421.5,0.0
78422.0,78423.0,78422.5,0.0
78423.0,78424.0,78423.5,0.0
78424.0,78425.0,78424.5,0.0
78425.0,78426.0,78425.5,0.0
78426.0,78427.0,78426.5,0.0
78427.0,78428.0,78427.5,0.0
78428.0,78429.0,78428.5,0.0
78429.0,78430.0,78429.5,0.0
78430.0,78431.0,78430.5,0.0
78431.0,78432.0,78431.5,0.0
78432.0,78433.0,78432.5,0.0
78433.0,78434.0,78433.5,0.0
78434.0,78435.0,78434.5,0.0
78435.0,78436.0,78435.5,0.0
78436.0,78437.0,78436.5,0.0
78437.0,78438.0,78437.5,0.0
78438.0,78439.0,78438.5,0.0
78439.0,78440.0,78439.5,0.0
78440.0,78441.0,78440.5,0.0
78441.0,78442.0,78441.5,0.0
78442.0,78443.0,78442.5,0.0
78443.0,78444.0,78443.5,0.0
78444.0,78445.0,78444.5,0.0
78445.0,78446.0,78445.5,0.0
78446.0,78447.0,78446.5,0.0
78447.0,78448.0,78447.5,0.0
78448.0,78449.0,78448.5,0.0
78449.0,78450.0,78449.5,0.0
78450.0,78451.0,78450.5,0.0
78451.0,78452.0,78451.5,0.0
78452.0,78453.0,78452.5,0.0
78453.0,78454.0,78453.5,0.0
78454.0,78455.0,78454.5,0.0
78455.0,78456.0,78455.5,0.0
78456.0,78457.0,78456.5,0.0
78457.0,78458.0,78457.5,0.0
78458.0,78459.0,78458.5,0.0
78459.0,78460.0,78459.5,0.0
78460.0,78461.0,78460.5,0.0
78461.0,78462.0,78461.5,0.0
78462.0,78463.0,78462.5,0.0
78463.0,78464.0,78463.5,0.0
78464.0,78465.0,78464.5,0.0
78465.0,78466.0,78465.5,0.0
78466.0,78467.0,78466.5,0.0
78467.0,78468.0,78467.5,0.0
78468.0,78469.0,78468.5,0.0
78469.0,78470.0,78469.5,0.0
78470.0,78471.0,78470.5,0.0
78471.0,78472.0,78471.5,0.0
78472.0,78473.0,78472.5,0.0
78473.0,78474.0,78473.5,0.0
78474.0,78475.0,78474.5,0.0
78475.0,78476.0,78475.5,0.0
78476.0,78477.0,78476.5,0.0
78477.0,78478.0,78477.5,0.0
78478.0,78479.0,78478.5,0.0
78479.0,78480.0,78479.5,0.0
78480.0,78481.0,78480.5,0.0
78481.0,78482.0,78481.5,0.0
78482.0,78483.0,78482.5,0.0
78483.0,78484.0,78483.5,0.0
78484.0,78485.0,78484.5,0.0
78485.0,78486.0,78485.5,0.0
78486.0,78487.0,78486.5,0.0
78487.0,78488.0,78487.5,0.0
78488.0,78489.0,78488.5,0.0
78489.0,78490.0,78489.5,0.0
78490.0,78491.0,78490.5,0.0
78491.0,78492.0,78491.5,0.0
78492.0,78493.0,78492.5,0.0
78493.0,78494.0,78493.5,0.0
78494.0,78495.0,78494.5,0.0
78495.0,78496.0,78495.5,0.0
78496.0,78497.0,78496.5,0.0
78497.0,78498.0,78497.5,0.0
78498.0,78499.0,78498.5,0.0
78499.0,78500.0,78499.5,0.0
78500.0,78501.0,78500.5,0.0
78501.0,78502.0,78501.5,0.0
78502.0,78503.0,78502.5,0.0
78503.0,78504.0,78503.5,0.0
78504.0,78505.0,78504.5,0.0
78505.0,78506.0,78505.5,0.0
78506.0,78507.0,78506.5,0.0
78507.0,78508.0,78507.5,0.0
