NASA Data Processing/CAMP2Ex/SP2/CAMP2Ex-LARGE-SP2_P3B_20190913_R1.ict
37, 1001
Luke D. Ziemba
NASA Langley Research Center
Single Particle Soot Photometer (SP2), DMT
CAMP2Ex
1, 1
2019, 09, 13, 2020,05,06
0
Time_Start, seconds_past_midnight, start_seconds_past_midnight
3
1, 1, 1
-9999, -9999, -9999
Time_Stop, seconds_past_midnight, stop_seconds_past_midnight
Time_Mid, seconds_past_midnight, mid_seconds_past_midnight
BlackCarbon_STP, Black_Carbon_nanograms_per_standard_cubic_meter, AerComp_BC_InSitu_LII_Accu_MassSTP
1
N/A
19
PI_CONTACT_INFO: 21 Langley Blvd, Hampton, VA 23681
PLATFORM: NASA WFF P3-B N426NA
LOCATION: Philippines; Latitude, Longitude, and Altitude included in Hskping files (MetNav)
ASSOCIATED_DATA: InletFlag, MetNav, cloud flag
INSTRUMENT_INFO: Single particle refractory BC mass measured by laser-induced incandescence. Calibrated using laboratory-generated monodisperse fullerene soot aerosol and polynomial mass/response fit. 
DATA_INFO: Data corrected to STP (760 torr and 273K). Measurements apply to refractory black carbon particles with diameter between 100 and 700nm
UNCERTAINTY: 10%
ULOD_FLAG: -7777
ULOD_VALUE: N/A
LLOD_FLAG: -8888
LLOD_VALUE: N/A
DM_CONTACT_INFO: Luke D. Ziemba, luke.ziemba@nasa.gov, (757)864-6246
PROJECT_INFO: CAMP2Ex based at Clark International Airport, Philippines
STIPULATIONS_ON_USE: Data users are strongly encouraged to contact the instrument PI for information on instrument caveats and best practices.
OTHER_COMMENTS: Data affected by cloud penetrations have NOT been removed.Switched between forward-facing isokinetic inlet and counterflow virtual impactor; flag is provided (InletFlag).Data are removed for calibrations,insufficient laser power,and pump failure.
REVISION: R1
R0: Final Data.  No further adjustments are planned.
R1: Applied time shift of -2s to DLH.
Time_Start, Time_Stop, Time_Mid, BlackCarbon_STP
[from data line 4554]
79080.0,79081.0,79080.5,0.0
79081.0,79082.0,79081.5,0.0
79082.0,79083.0,79082.5,0.0
79083.0,79084.0,79083.5,0.0
79084.0,79085.0,79084.5,0.0
79085.0,79086.0,79085.5,0.0
79086.0,79087.0,79086.5,0.0
79087.0,79088.0,79087.5,0.0
79088.0,79089.0,79088.5,0.0
79089.0,79090.0,79089.5,0.0
79090.0,79091.0,79090.5,0.0
79091.0,79092.0,79091.5,0.0
79092.0,79093.0,79092.5,0.0
79093.0,79094.0,79093.5,0.0
79094.0,79095.0,79094.5,0.0
79095.0,79096.0,79095.5,0.0
79096.0,79097.0,79096.5,0.0
79097.0,79098.0,79097.5,0.0
79098.0,79099.0,79098.5,0.0
79099.0,79100.0,79099.5,0.0
79100.0,79101.0,79100.5,0.0
79101.0,79102.0,79101.5,0.0
79102.0,79103.0,79102.5,0.0
79103.0,79104.0,79103.5,0.0
79104.0,79105.0,79104.5,0.0
79105.0,79106.0,79105.5,0.0
79106.0,79107.0,79106.5,0.0
79107.0,79108.0,79107.5,0.0
79108.0,79109.0,79108.5,0.0
79109.0,79110.0,79109.5,0.0
79110.0,79111.0,79110.5,0.0
79111.0,79112.0,79111.5,0.0
79112.0,79113.0,79112.5,0.0
79113.0,79114.0,79113.5,0.0
79114.0,79115.0,79114.5,0.0
79115.0,79116.0,79115.5,0.0
79116.0,79117.0,79116.5,0.0
79117.0,79118.0,79117.5,0.0
79118.0,79119.0,79118.5,0.0
79119.0,79120.0,79119.5,0.0
79120.0,79121.0,79120.5,0.0
79121.0,79122.0,79121.5,0.0
79122.0,79123.0,79122.5,0.0
79123.0,79124.0,79123.5,0.0
79124.0,79125.0,79124.5,0.0
79125.0,79126.0,79125.5,0.0
79126.0,79127.0,79126.5,0.0
79127.0,79128.0,79127.5,0.0
79128.0,79129.0,79128.5,0.0
79129.0,79130.0,79129.5,0.0
79130.0,79131.0,79130.5,0.0
79131.0,79132.0,79131.5,0.0
79132.0,79133.0,79132.5,0.0
79133.0,79134.0,79133.5,0.0
79134.0,79135.0,79134.5,0.0
79135.0,79136.0,79135.5,0.0
79136.0,79137.0,79136.5,0.0
79137.0,79138.0,79137.5,0.0
79138.0,79139.0,79138.5,0.0
79139.0,79140.0,79139.5,0.0
79140.0,79141.0,79140.5,0.0
79141.0,79142.0,79141.5,0.0
79142.0,79143.0,79142.5,0.0
79143.0,79144.0,79143.5,0.0
79144.0,79145.0,79144.5,0.0
79145.0,79146.0,79145.5,0.0
79146.0,79147.0,79146.5,0.0
79147.0,79148.0,79147.5,0.0
79148.0,79149.0,79148.5,0.0
79149.0,79150.0,79149.5,0.0
79150.0,79151.0,79150.5,0.0
79151.0,79152.0,79151.5,0.0
79152.0,79153.0,79152.5,0.0
79153.0,79154.0,79153.5,0.0
79154.0,79155.0,79154.5,0.0
79155.0,79156.0,79155.5,0.0
79156.0,79157.0,79156.5,0.0
79157.0,79158.0,79157.5,0.0
79158.0,79159.0,79158.5,0.0
79159.0,79160.0,79159.5,0.0
79160.0,79161.0,79160.5,0.0
79161.0,79162.0,79161.5,0.0
79162.0,79163.0,79162.5,0.0
79163.0,79164.0,79163.5,0.0
79164.0,79165.0,79164.5,0.0
79165.0,79166.0,79165.5,0.0
79166.0,79167.0,79166.5,0.0
79167.0,79168.0,79167.5,0.0
79168.0,79169.0,79168.5,0.0
79169.0,79170.0,79169.5,0.0
79170.0,79171.0,79170.5,0.0
79171.0,79172.0,79171.5,0.0
79172.0,79173.0,79172.5,0.0
79173.0,79174.0,79173.5,0.0
79174.0,79175.0,79174.5,0.0
79175.0,79176.0,79175.5,0.0
79176.0,79177.0,79176.5,0.0
79177.0,79178.0,79177.5,0.0
79178.0,79179.0,79178.5,0.0
79179.0,79180.0,79179.5,0.0
79180.0,79181.0,79180.5,0.0
79181.0,79182.0,79181.5,0.0
79182.0,79183.0,79182.5,0.0
79183.0,79184.0,79183.5,0.0
79184.0,79185.0,79184.5,0.0
79185.0,79186.0,79185.5,0.0
79186.0,79187.0,79186.5,0.0
79187.0,79188.0,79187.5,0.0
79188.0,79189.0,79188.5,0.0
79189.0,79190.0,79189.5,0.0
79190.0,79191.0,79190.5,0.0
79191.0,79192.0,79191.5,0.0
79192.0,79193.0,79192.5,0.0
79193.0,79194.0,79193.5,0.0
79194.0,79195.0,79194.5,0.0
79195.0,79196.0,79195.5,0.0
79196.0,79197.0,79196.5,0.0
79197.0,79198.0,79197.5,0.0
79198.0,79199.0,79198.5,0.0
79199.0,79200.0,79199.5,0.0
79200.0,79201.0,79200.5,0.0
79201.0,79202.0,79201.5,0.0
79202.0,79203.0,79202.5,0.0
79203.0,79204.0,79203.5,0.0
79204.0,79205.0,79204.5,0.0
79205.0,79206.0,79205.5,0.0
79206.0,79207.0,79206.5,0.0
79207.0,79208.0,79207.5,0.0
79208.0,79209.0,79208.5,0.0
79209.0,79210.0,79209.5,0.0
79210.0,79211.0,79210.5,0.0
79211.0,79212.0,79211.5,0.0
79212.0,79213.0,79212.5,0.0
79213.0,79214.0,79213.5,0.0
79214.0,79215.0,79214.5,0.0
79215.0,79216.0,79215.5,0.0
79216.0,79217.0,79216.5,0.0
79217.0,79218.0,79217.5,0.0
79218.0,79219.0,79218.5,0.0
79219.0,79220.0,79219.5,0.0
79220.0,79221.0,79220.5,0.0
79221.0,79222.0,79221.5,0.0
79222.0,79223.0,79222.5,0.0
79223.0,79224.0,79223.5,0.0
79224.0,79225.0,79224.5,0.0
79225.0,79226.0,79225.5,0.0
79226.0,79227.0,79226.5,0.0
79227.0,79228.0,79227.5,0.0
79228.0,79229.0,79228.5,0.0
79229.0,79230.0,79229.5,0.0
79230.0,79231.0,79230.5,0.0
79231.0,79232.0,79231.5,0.0
79232.0,79233.0,79232.5,0.0
79233.0,79234.0,79233.5,0.0
79234.0,79235.0,79234.5,0.0
79235.0,79236.0,79235.5,0.0
79236.0,79237.0,79236.5,0.0
79237.0,79238.0,79237.5,0.0
79238.0,79239.0,79238.5,0.0
79239.0,79240.0,79239.5,0.0
79240.0,79241.0,79240.5,0.0
79241.0,79242.0,79241.5,0.0
79242.0,79243.0,79242.5,0.0
79243.0,79244.0,79243.5,0.0
79244.0,79245.0,79244.5,0.0
79245.0,79246.0,79245.5,0.0
79246.0,79247.0,79246.5,0.0
79247.0,79248.0,79247.5,0.0
79248.0,79249.0,79248.5,0.0
79249.0,79250.0,79249.5,0.0
79250.0,79251.0,79250.5,0.0
79251.0,79252.0,79251.5,0.0
79252.0,79253.0,79252.5,0.0
79253.0,79254.0,79253.5,0.0
79254.0,79255.0,79254.5,0.0
79255.0,79256.0,79255.5,0.0
79256.0,79257.0,79256.5,0.0
79257.0,79258.0,79257.5,0.0
79258.0,79259.0,79258.5,0.0
79259.0,79260.0,79259.5,0.0
79260.0,79261.0,79260.5,0.0
79261.0,79262.0,79261.5,0.0
79262.0,79263.0,79262.5,0.0
79263.0,79264.0,79263.5,0.0
79264.0,79265.0,79264.5,0.0
79265.0,79266.0,79265.5,0.0
79266.0,79267.0,79266.5,0.0
79267.0,79268.0,79267.5,0.0
79268.0,79269.0,79268.5,0.0
79269.0,79270.0,79269.5,0.0
79270.0,79271.0,79270.5,0.0
79271.0,79272.0,79271.5,0.0
79272.0,79273.0,79272.5,0.0
79273.0,79274.0,79273.5,0.0
79274.0,79275.0,79274.5,0.0
79275.0,79276.0,79275.5,0.0
79276.0,79277.0,79276.5,0.0
79277.0,79278.0,79277.5,0.0
79278.0,79279.0,79278.5,0.0
79279.0,79280.0,79279.5,0.0
79280.0,79281.0,79280.5,0.0
79281.0,79282.0,79281.5,0.0
79282.0,79283.0,79282.5,0.0
79283.0,79284.0,79283.5,0.0
79284.0,79285.0,79284.5,0.0
79285.0,79286.0,79285.5,0.0
79286.0,79287.0,79286.5,0.0
79287.0,79288.0,79287.5,0.0
79288.0,79289.0,79288.5,0.0
79289.0,79290.0,79289.5,0.0
79290.0,79291.0,79290.5,0.0
79291.0,79292.0,79291.5,0.0
79292.0,79293.0,79292.5,0.0
79293.0,79294.0,79293.5,0.0
79294.0,79295.0,79294.5,0.0
79295.0,79296.0,79295.5,0.0
79296.0,79297.0,79296.5,0.0
79297.0,79298.0,79297.5,0.0
79298.0,79299.0,79298.5,0.0
79299.0,79300.0,79299.5,0.0
79300.0,79301.0,79300.5,0.0
79301.0,79302.0,79301.5,0.0
79302.0,79303.0,79302.5,0.0
79303.0,79304.0,79303.5,0.0
79304.0,79305.0,79304.5,0.0
79305.0,79306.0,79305.5,0.0
79306.0,79307.0,79306.5,0.0
79307.0,79308.0,79307.5,0.0
79308.0,79309.0,79308.5,0.0
79309.0,79310.0,79309.5,0.0
79310.0,79311.0,79310.5,0.0
79311.0,79312.0,79311.5,0.0
79312.0,79313.0,79312.5,0.0
79313.0,79314.0,79313.5,0.0
79314.0,79315.0,79314.5,0.0
79315.0,79316.0,79315.5,0.0
79316.0,79317.0,79316.5,0.0
79317.0,79318.0,79317.5,0.0
79318.0,79319.0,79318.5,0.0
79319.0,79320.0,79319.5,0.0
79320.0,79321.0,79320.5,0.0
79321.0,79322.0,79321.5,0.0
79322.0,79323.0,79322.5,0.0
79323.0,79324.0,79323.5,0.0
79324.0,79325.0,79324.5,0.0
79325.0,79326.0,79325.5,0.0
79326.0,79327.0,79326.5,0.0
79327.0,79328.0,79327.5,0.0
79328.0,79329.0,79328.5,0.0
79329.0,79330.0,79329.5,0.0
79330.0,79331.0,79330.5,0.0
79331.0,79332.0,79331.5,0.0
79332.0,79333.0,79332.5,0.0
79333.0,79334.0,79333.5,0.0
79334.0,79335.0,79334.5,0.0
79335.0,79336.0,79335.5,0.0
79336.0,79337.0,79336.5,0.0
79337.0,79338.0,79337.5,0.0
79338.0,79339.0,79338.5,0.0
79339.0,79340.0,79339.5,0.0
79340.0,79341.0,79340.5,0.0
79341.0,79342.0,79341.5,0.0
79342.0,79343.0,79342.5,0.0
79343.0,79344.0,79343.5,0.0
79344.0,79345.0,79344.5,0.0
79345.0,79346.0,79345.5,0.0
79346.0,79347.0,79346.5,0.0
79347.0,79348.0,79347.5,0.0
79348.0,79349.0,79348.5,0.0
79349.0,79350.0,79349.5,0.0
79350.0,79351.0,79350.5,0.0
79351.0,79352.0,79351.5,0.0
79352.0,79353.0,79352.5,0.0
79353.0,79354.0,79353.5,0.0
79354.0,79355.0,79354.5,0.0
79355.0,79356.0,79355.5,0.0
79356.0,79357.0,79356.5,0.0
79357.0,79358.0,79357.5,0.0
79358.0,79359.0,79358.5,0.0
79359.0,79360.0,79359.5,0.0
79360.0,79361.0,79360.5,0.0
79361.0,79362.0,79361.5,0.0
79362.0,79363.0,79362.5,0.0
79363.0,79364.0,79363.5,0.0
79364.0,79365.0,79364.5,0.0
79365.0,79366.0,79365.5,0.0
79366.0,79367.0,79366.5,0.0
79367.0,79368.0,79367.5,0.0
79368.0,79369.0,79368.5,0.0
79369.0,79370.0,79369.5,0.0
79370.0,79371.0,79370.5,0.0
79371.0,79372.0,79371.5,0.0
79372.0,79373.0,79372.5,0.0
79373.0,79374.0,79373.5,0.0
79374.0,79375.0,79374.5,0.0
79375.0,79376.0,79375.5,0.0
79376.0,79377.0,79376.5,0.0
79377.0,79378.0,79377.5,0.0
79378.0,79379.0,79378.5,0.0
79379.0,79380.0,79379.5,0.0
79380.0,79381.0,79380.5,0.0
79381.0,79382.0,79381.5,0.0
79382.0,79383.0,79382.5,0.0
79383.0,79384.0,79383.5,0.0
79384.0,79385.0,79384.5,0.0
79385.0,79386.0,79385.5,0.0
79386.0,79387.0,79386.5,0.0
79387.0,79388.0,79387.5,0.0
79388.0,79389.0,79388.5,0.0
79389.0,79390.0,79389.5,0.0
79390.0,79391.0,79390.5,0.0
79391.0,79392.0,79391.5,0.0
79392.0,79393.0,79392.5,0.0
79393.0,79394.0,79393.5,0.0
79394.0,79395.0,79394.5,0.0
79395.0,79396.0,79395.5,0.0
79396.0,79397.0,79396.5,0.0
79397.0,79398.0,79397.5,0.0
79398.0,79399.0,79398.5,0.0
79399.0,79400.0,79399.5,0.0
79400.0,79401.0,79400.5,0.0
79401.0,79402.0,79401.5,0.0
79402.0,79403.0,79402.5,0.0
79403.0,79404.0,79403.5,0.0
79404.0,79405.0,79404.5,0.0
79405.0,79406.0,79405.5,0.0
79406.0,79407.0,79406.5,0.0
79407.0,79408.0,79407.5,0.0
79408.0,79409.0,79408.5,0.0
79409.0,79410.0,79409.5,0.0
79410.0,79411.0,79410.5,0.0
79411.0,79412.0,79411.5,0.0
79412.0,79413.0,79412.5,0.0
79413.0,79414.0,79413.5,0.0
79414.0,79415.0,79414.5,0.0
79415.0,79416.0,79415.5,0.0
79416.0,79417.0,79416.5,0.0
79417.0,79418.0,79417.5,0.0
79418.0,79419.0,79418.5,0.0
79419.0,79420.0,79419.5,0.0
79420.0,79421.0,79420.5,0.0
79421.0,79422.0,79421.5,0.0
79422.0,79423.0,79422.5,0.0
79423.0,79424.0,79423.5,0.0
79424.0,79425.0,79424.5,0.0
79425.0,79426.0,79425.5,0.0
79426.0,79427.0,79426.5,0.0
79427.0,79428.0,79427.5,0.0
79428.0,79429.0,79428.5,0.0
79429.0,79430.0,79429.5,0.0
79430.0,79431.0,79430.5,0.0
79431.0,79432.0,79431.5,0.0
79432.0,79433.0,79432.5,0.0
79433.0,79434.0,79433.5,0.0
79434.0,79435.0,79434.5,0.0
79435.0,79436.0,79435.5,0.0
79436.0,79437.0,79436.5,0.0
79437.0,79438.0,79437.5,0.0
79438.0,79439.0,79438.5,0.0
79439.0,79440.0,79439.5,0.0
79440.0,79441.0,79440.5,0.0
79441.0,79442.0,79441.5,0.0
79442.0,79443.0,79442.5,0.0
79443.0,79444.0,79443.5,0.0
79444.0,79445.0,79444.5,0.0
79445.0,79446.0,79445.5,0.0
79446.0,79447.0,79446.5,0.0
79447.0,79448.0,79447.5,0.0
79448.0,79449.0,79448.5,0.0
79449.0,79450.0,79449.5,0.0
79450.0,79451.0,79450.5,0.0
79451.0,79452.0,79451.5,0.0
79452.0,79453.0,79452.5,0.0
79453.0,79454.0,79453.5,0.0
79454.0,79455.0,79454.5,0.0
79455.0,79456.0,79455.5,0.0
79456.0,79457.0,79456.5,0.0
79457.0,79458.0,79457.5,0.0
79458.0,79459.0,79458.5,0.0
79459.0,79460.0,79459.5,0.0
79460.0,79461.0,79460.5,0.0
79461.0,79462.0,79461.5,0.0
79462.0,79463.0,79462.5,0.0
79463.0,79464.0,79463.5,0.0
79464.0,79465.0,79464.5,0.0
79465.0,79466.0,79465.5,0.0
79466.0,79467.0,79466.5,0.0
79467.0,79468.0,79467.5,0.0
79468.0,79469.0,79468.5,0.0
79469.0,79470.0,79469.5,0.0
79470.0,79471.0,79470.5,0.0
79471.0,79472.0,79471.5,0.0
79472.0,79473.0,79472.5,0.0
79473.0,79474.0,79473.5,0.0
79474.0,79475.0,79474.5,0.0
79475.0,79476.0,79475.5,0.0
79476.0,79477.0,79476.5,0.0
79477.0,79478.0,79477.5,0.0
79478.0,79479.0,79478.5,0.0
79479.0,79480.0,79479.5,0.0
79480.0,79481.0,79480.5,0.0
79481.0,79482.0,79481.5,0.0
79482.0,79483.0,79482.5,0.0
79483.0,79484.0,79483.5,0.0
79484.0,79485.0,79484.5,0.0
79485.0,79486.0,79485.5,0.0
79486.0,79487.0,79486.5,0.0
79487.0,79488.0,79487.5,0.0
79488.0,79489.0,79488.5,0.0
79489.0,79490.0,79489.5,0.0
79490.0,79491.0,79490.5,0.0
79491.0,79492.0,79491.5,0.0
79492.0,79493.0,79492.5,0.0
79493.0,79494.0,79493.5,0.0
79494.0,79495.0,79494.5,0.0
79495.0,79496.0,79495.5,0.0
79496.0,79497.0,79496.5,0.0
79497.0,79498.0,79497.5,0.0
79498.0,79499.0,79498.5,0.0
79499.0,79500.0,79499.5,0.0
79500.0,79501.0,79500.5,0.0
79501.0,79502.0,79501.5,0.0
79502.0,79503.0,79502.5,0.0
79503.0,79504.0,79503.5,0.0
79504.0,79505.0,79504.5,0.0
79505.0,79506.0,79505.5,0.0
79506.0,79507.0,79506.5,0.0
79507.0,79508.0,79507.5,0.0
79508.0,79509.0,79508.5,0.0
79509.0,79510.0,79509.5,0.0
79510.0,79511.0,79510.5,0.0
79511.0,79512.0,79511.5,0.0
79512.0,79513.0,79512.5,0.0
79513.0,79514.0,79513.5,0.0
79514.0,79515.0,79514.5,0.0
79515.0,79516.0,79515.5,0.0
79516.0,79517.0,79516.5,0.0
79517.0,79518.0,79517.5,0.0
79518.0,79519.0,79518.5,0.0
79519.0,79520.0,79519.5,0.0
79520.0,79521.0,79520.5,0.0
79521.0,79522.0,79521.5,0.0
79522.0,79523.0,79522.5,0.0
79523.0,79524.0,79523.5,0.0
79524.0,79525.0,79524.5,0.0
79525.0,79526.0,79525.5,0.0
79526.0,79527.0,79526.5,0.0
79527.0,79528.0,79527.5,0.0
79528.0,79529.0,79528.5,0.0
79529.0,79530.0,79529.5,0.0
79530.0,79531.0,79530.5,0.0
79531.0,79532.0,79531.5,0.0
79532.0,79533.0,79532.5,0.0
79533.0,79534.0,79533.5,0.0
79534.0,79535.0,79534.5,0.0
79535.0,79536.0,79535.5,0.0
79536.0,79537.0,79536.5,0.0
79537.0,79538.0,79537.5,0.0
79538.0,79539.0,79538.5,0.0
79539.0,79540.0,79539.5,0.0
79540.0,79541.0,79540.5,0.0
79541.0,79542.0,79541.5,0.0
79542.0,79543.0,79542.5,0.0
79543.0,79544.0,79543.5,0.0
79544.0,79545.0,79544.5,0.0
79545.0,79546.0,79545.5,0.0
79546.0,79547.0,79546.5,0.0
79547.0,79548.0,79547.5,0.0
79548.0,79549.0,79548.5,0.0
79549.0,79550.0,79549.5,0.0
79550.0,79551.0,79550.5,0.0
79551.0,79552.0,79551.5,0.0
79552.0,79553.0,79552.5,0.0
79553.0,79554.0,79553.5,0.0
79554.0,79555.0,79554.5,0.0
79555.0,79556.0,79555.5,0.0
79556.0,79557.0,79556.5,0.0
79557.0,79558.0,79557.5,0.0
79558.0,79559.0,79558.5,0.0
79559.0,79560.0,79559.5,0.0
79560.0,79561.0,79560.5,0.0
79561.0,79562.0,79561.5,0.0
79562.0,79563.0,79562.5,0.0
79563.0,79564.0,79563.5,0.0
79564.0,79565.0,79564.5,0.0
79565.0,79566.0,79565.5,0.0
79566.0,79567.0,79566.5,0.0
79567.0,79568.0,79567.5,0.0
79568.0,79569.0,79568.5,0.0
79569.0,79570.0,79569.5,0.0
79570.0,79571.0,79570.5,0.0
79571.0,79572.0,79571.5,0.0
79572.0,79573.0,79572.5,0.0
79573.0,79574.0,79573.5,0.0
79574.0,79575.0,79574.5,0.0
79575.0,79576.0,79575.5,0.0
79576.0,79577.0,79576.5,0.0
79577.0,79578.0,79577.5,0.0
79578.0,79579.0,79578.5,0.0
79579.0,79580.0,79579.5,0.0
79580.0,79581.0,79580.5,0.0
79581.0,79582.0,79581.5,0.0
79582.0,79583.0,79582.5,0.0
79583.0,79584.0,79583.5,0.0
79584.0,79585.0,79584.5,0.0
79585.0,79586.0,79585.5,0.0
79586.0,79587.0,79586.5,0.0
79587.0,79588.0,79587.5,0.0
79588.0,79589.0,79588.5,0.0
79589.0,79590.0,79589.5,0.0
79590.0,79591.0,79590.5,0.0
79591.0,79592.0,79591.5,0.0
79592.0,79593.0,79592.5,0.0
79593.0,79594.0,79593.5,0.0
79594.0,79595.0,79594.5,0.0
79595.0,79596.0,79595.5,0.0
79596.0,79597.0,79596.5,0.0
79597.0,79598.0,79597.5,0.0
79598.0,79599.0,79598.5,0.0
79599.0,79600.0,79599.5,0.0
79600.0,79601.0,79600.5,0.0
79601.0,79602.0,79601.5,0.0
79602.0,79603.0,79602.5,0.0
79603.0,79604.0,79603.5,0.0
79604.0,79605.0,79604.5,0.0
79605.0,79606.0,79605.5,0.0
79606.0,79607.0,79606.5,0.0
79607.0,79608.0,79607.5,0.0
79608.0,79609.0,79608.5,0.0
79609.0,79610.0,79609.5,0.0
79610.0,79611.0,79610.5,45.0
79611.0,79612.0,79611.5,30.1
79612.0,79613.0,79612.5,0.7
79613.0,79614.0,79613.5,0.0
79614.0,79615.0,79614.5,0.9
79615.0,79616.0,79615.5,2.2
79616.0,79617.0,79616.5,0.0
79617.0,79618.0,79617.5,0.0
79618.0,79619.0,79618.5,0.0
79619.0,79620.0,79619.5,0.0
79620.0,79621.0,79620.5,1.0
79621.0,79622.0,79621.5,0.0
79622.0,79623.0,79622.5,0.0
79623.0,79624.0,79623.5,0.9
79624.0,79625.0,79624.5,0.0
79625.0,79626.0,79625.5,0.0
79626.0,79627.0,79626.5,0.0
79627.0,79628.0,79627.5,0.0
79628.0,79629.0,79628.5,0.0
79629.0,79630.0,79629.5,0.0
79630.0,79631.0,79630.5,0.0
79631.0,79632.0,79631.5,0.0
79632.0,79633.0,79632.5,0.0
79633.0,79634.0,79633.5,0.0
79634.0,79635.0,79634.5,0.0
79635.0,79636.0,79635.5,0.0
79636.0,79637.0,79636.5,0.0
79637.0,79638.0,79637.5,0.0
79638.0,79639.0,79638.5,0.0
79639.0,79640.0,79639.5,0.0
79640.0,79641.0,79640.5,0.0
79641.0,79642.0,79641.5,0.0
79642.0,79643.0,79642.5,0.0
79643.0,79644.0,79643.5,0.0
79644.0,79645.0,79644.5,0.0
79645.0,79646.0,79645.5,0.0
79646.0,79647.0,79646.5,0.0
79647.0,79648.0,79647.5,0.0
79648.0,79649.0,79648.5,0.0
79649.0,79650.0,79649.5,0.0
