NASA Data Processing/CAMP2Ex/SP2/CAMP2Ex-LARGE-SP2_P3B_20191001_R1.ict
37, 1001
Luke D. Ziemba
NASA Langley Research Center
Single Particle Soot Photometer (SP2), DMT
CAMP2Ex
1, 1
2019, 10, 01, 2020,05,06
0
Time_Start, seconds_past_midnight, start_seconds_past_midnight
3
1, 1, 1
-9999, -9999, -9999
Time_Stop, seconds_past_midnight, stop_seconds_past_midnight
Time_Mid, seconds_past_midnight, mid_seconds_past_midnight
BlackCarbon_STP, Black_Carbon_nanograms_per_standard_cubic_meter, AerComp_BC_InSitu_LII_Accu_MassSTP
1
N/A
19
PI_CONTACT_INFO: 21 Langley Blvd, Hampton, VA 23681
PLATFORM: NASA WFF P3-B N426NA
LOCATION: Philippines; Latitude, Longitude, and Altitude included in Hskping files (MetNav)
ASSOCIATED_DATA: InletFlag, MetNav, cloud flag
INSTRUMENT_INFO: Single particle refractory BC mass measured by laser-induced incandescence. Calibrated using laboratory-generated monodisperse fullerene soot aerosol and polynomial mass/response fit. 
DATA_INFO: Data corrected to STP (760 torr and 273K). Measurements apply to refractory black carbon particles with diameter between 100 and 700nm
UNCERTAINTY: 10%
ULOD_FLAG: -7777
ULOD_VALUE: N/A
LLOD_FLAG: -8888
LLOD_VALUE: N/A
DM_CONTACT_INFO: Luke D. Ziemba, luke.ziemba@nasa.gov, (757)864-6246
PROJECT_INFO: CAMP2Ex based at Clark International Airport, Philippines
STIPULATIONS_ON_USE: Data users are strongly encouraged to contact the instrument PI for information on instrument caveats and best practices.
OTHER_COMMENTS: Data affected by cloud penetrations have NOT been removed.Switched between forward-facing isokinetic inlet and counterflow virtual impactor; flag is provided (InletFlag).Data are removed for calibrations,insufficient laser power,and pump failure.
REVISION: R1
R0: Final Data.  No further adjustments are planned.
R1: Applied time shift of -2s to DLH.
Time_Start, Time_Stop, Time_Mid, BlackCarbon_STP
[from data line 8950]
86997.0,86998.0,86997.5,18.6
86998.0,86999.0,86998.5,3.9
86999.0,87000.0,86999.5,5.3
87000.0,87001.0,87000.5,18.3
87001.0,87002.0,87001.5,72.3
87002.0,87003.0,87002.5,309.7
87003.0,87004.0,87003.5,84.6
87004.0,87005.0,87004.5,135.7
87005.0,87006.0,87005.5,64.9
87006.0,87007.0,87006.5,102.0
87007.0,87008.0,87007.5,230.5
87008.0,87009.0,87008.5,82.9
87009.0,87010.0,87009.5,46.5
87010.0,87011.0,87010.5,116.9
87011.0,87012.0,87011.5,122.8
87012.0,87013.0,87012.5,59.9
87013.0,87014.0,87013.5,186.4
87014.0,87015.0,87014.5,108.9
87015.0,87016.0,87015.5,118.0
87016.0,87017.0,87016.5,60.9
87017.0,87018.0,87017.5,137.4
87018.0,87019.0,87018.5,60.3
87019.0,87020.0,87019.5,89.8
87020.0,87021.0,87020.5,102.5
87021.0,87022.0,87021.5,57.5
87022.0,87023.0,87022.5,153.3
87023.0,87024.0,87023.5,98.6
87024.0,87025.0,87024.5,100.6
87025.0,87026.0,87025.5,62.3
87026.0,87027.0,87026.5,170.3
87027.0,87028.0,87027.5,90.9
87028.0,87029.0,87028.5,278.2
87029.0,87030.0,87029.5,70.8
87030.0,87031.0,87030.5,79.3
87031.0,87032.0,87031.5,143.8
87032.0,87033.0,87032.5,246.3
87033.0,87034.0,87033.5,79.9
87034.0,87035.0,87034.5,102.7
87035.0,87036.0,87035.5,128.9
87036.0,87037.0,87036.5,133.6
87037.0,87038.0,87037.5,114.8
87038.0,87039.0,87038.5,94.5
87039.0,87040.0,87039.5,53.5
87040.0,87041.0,87040.5,89.3
87041.0,87042.0,87041.5,98.6
87042.0,87043.0,87042.5,132.7
87043.0,87044.0,87043.5,86.5
87044.0,87045.0,87044.5,85.4
87045.0,87046.0,87045.5,95.5
87046.0,87047.0,87046.5,134.9
87047.0,87048.0,87047.5,70.7
87048.0,87049.0,87048.5,89.9
87049.0,87050.0,87049.5,23.6
87050.0,87051.0,87050.5,49.0
87051.0,87052.0,87051.5,56.5
87052.0,87053.0,87052.5,52.1
87053.0,87054.0,87053.5,85.0
87054.0,87055.0,87054.5,98.9
87055.0,87056.0,87055.5,88.3
87056.0,87057.0,87056.5,89.7
87057.0,87058.0,87057.5,89.5
87058.0,87059.0,87058.5,124.6
87059.0,87060.0,87059.5,82.0
87060.0,87061.0,87060.5,69.6
87061.0,87062.0,87061.5,91.2
87062.0,87063.0,87062.5,187.2
87063.0,87064.0,87063.5,12.4
87064.0,87065.0,87064.5,26.6
87065.0,87066.0,87065.5,22.2
87066.0,87067.0,87066.5,23.5
87067.0,87068.0,87067.5,15.2
87068.0,87069.0,87068.5,19.5
87069.0,87070.0,87069.5,39.3
87070.0,87071.0,87070.5,94.4
87071.0,87072.0,87071.5,61.8
87072.0,87073.0,87072.5,172.0
87073.0,87074.0,87073.5,57.2
87074.0,87075.0,87074.5,44.2
87075.0,87076.0,87075.5,89.2
87076.0,87077.0,87076.5,72.8
87077.0,87078.0,87077.5,137.2
87078.0,87079.0,87078.5,99.5
87079.0,87080.0,87079.5,85.8
87080.0,87081.0,87080.5,156.3
87081.0,87082.0,87081.5,49.3
87082.0,87083.0,87082.5,173.9
87083.0,87084.0,87083.5,103.6
87084.0,87085.0,87084.5,80.0
87085.0,87086.0,87085.5,34.2
87086.0,87087.0,87086.5,114.3
87087.0,87088.0,87087.5,78.0
87088.0,87089.0,87088.5,123.9
87089.0,87090.0,87089.5,115.6
87090.0,87091.0,87090.5,51.2
87091.0,87092.0,87091.5,91.1
87092.0,87093.0,87092.5,55.0
87093.0,87094.0,87093.5,78.0
87094.0,87095.0,87094.5,168.7
87095.0,87096.0,87095.5,33.1
87096.0,87097.0,87096.5,97.7
87097.0,87098.0,87097.5,84.6
87098.0,87099.0,87098.5,126.8
87099.0,87100.0,87099.5,117.5
87100.0,87101.0,87100.5,69.2
87101.0,87102.0,87101.5,176.4
87102.0,87103.0,87102.5,55.4
87103.0,87104.0,87103.5,57.0
87104.0,87105.0,87104.5,132.6
87105.0,87106.0,87105.5,101.0
87106.0,87107.0,87106.5,89.3
87107.0,87108.0,87107.5,29.5
87108.0,87109.0,87108.5,173.0
87109.0,87110.0,87109.5,50.1
87110.0,87111.0,87110.5,127.4
87111.0,87112.0,87111.5,131.5
87112.0,87113.0,87112.5,74.6
87113.0,87114.0,87113.5,79.0
87114.0,87115.0,87114.5,93.6
87115.0,87116.0,87115.5,58.8
87116.0,87117.0,87116.5,48.7
87117.0,87118.0,87117.5,109.1
87118.0,87119.0,87118.5,81.6
87119.0,87120.0,87119.5,71.4
87120.0,87121.0,87120.5,108.7
87121.0,87122.0,87121.5,133.8
87122.0,87123.0,87122.5,83.1
87123.0,87124.0,87123.5,78.4
87124.0,87125.0,87124.5,143.2
87125.0,87126.0,87125.5,121.4
87126.0,87127.0,87126.5,45.7
87127.0,87128.0,87127.5,74.6
87128.0,87129.0,87128.5,81.1
87129.0,87130.0,87129.5,48.6
87130.0,87131.0,87130.5,120.5
87131.0,87132.0,87131.5,91.3
87132.0,87133.0,87132.5,44.1
87133.0,87134.0,87133.5,53.1
87134.0,87135.0,87134.5,105.3
87135.0,87136.0,87135.5,100.3
87136.0,87137.0,87136.5,73.4
87137.0,87138.0,87137.5,86.9
87138.0,87139.0,87138.5,128.7
87139.0,87140.0,87139.5,69.0
87140.0,87141.0,87140.5,54.2
87141.0,87142.0,87141.5,195.3
87142.0,87143.0,87142.5,76.5
87143.0,87144.0,87143.5,31.4
87144.0,87145.0,87144.5,25.5
87145.0,87146.0,87145.5,52.2
87146.0,87147.0,87146.5,51.9
87147.0,87148.0,87147.5,53.6
87148.0,87149.0,87148.5,167.5
87149.0,87150.0,87149.5,100.9
87150.0,87151.0,87150.5,45.6
87151.0,87152.0,87151.5,39.5
87152.0,87153.0,87152.5,76.8
87153.0,87154.0,87153.5,81.3
87154.0,87155.0,87154.5,239.8
87155.0,87156.0,87155.5,60.7
87156.0,87157.0,87156.5,43.4
87157.0,87158.0,87157.5,46.7
87158.0,87159.0,87158.5,162.7
87159.0,87160.0,87159.5,48.4
87160.0,87161.0,87160.5,41.9
87161.0,87162.0,87161.5,44.4
87162.0,87163.0,87162.5,37.8
87163.0,87164.0,87163.5,123.9
87164.0,87165.0,87164.5,76.3
87165.0,87166.0,87165.5,96.3
87166.0,87167.0,87166.5,95.8
87167.0,87168.0,87167.5,112.8
87168.0,87169.0,87168.5,158.7
87169.0,87170.0,87169.5,119.3
87170.0,87171.0,87170.5,175.2
87171.0,87172.0,87171.5,106.6
87172.0,87173.0,87172.5,60.6
87173.0,87174.0,87173.5,21.9
87174.0,87175.0,87174.5,31.2
87175.0,87176.0,87175.5,57.0
87176.0,87177.0,87176.5,58.4
87177.0,87178.0,87177.5,88.2
87178.0,87179.0,87178.5,75.3
87179.0,87180.0,87179.5,70.4
87180.0,87181.0,87180.5,76.2
87181.0,87182.0,87181.5,69.6
87182.0,87183.0,87182.5,136.6
87183.0,87184.0,87183.5,45.7
87184.0,87185.0,87184.5,39.0
87185.0,87186.0,87185.5,139.6
87186.0,87187.0,87186.5,39.9
87187.0,87188.0,87187.5,100.8
87188.0,87189.0,87188.5,115.0
87189.0,87190.0,87189.5,45.8
87190.0,87191.0,87190.5,89.9
87191.0,87192.0,87191.5,43.9
87192.0,87193.0,87192.5,21.9
87193.0,87194.0,87193.5,80.7
87194.0,87195.0,87194.5,56.9
87195.0,87196.0,87195.5,76.1
87196.0,87197.0,87196.5,15.6
87197.0,87198.0,87197.5,69.6
87198.0,87199.0,87198.5,101.9
87199.0,87200.0,87199.5,93.4
87200.0,87201.0,87200.5,52.1
87201.0,87202.0,87201.5,55.9
87202.0,87203.0,87202.5,56.6
87203.0,87204.0,87203.5,58.8
87204.0,87205.0,87204.5,93.6
87205.0,87206.0,87205.5,31.7
87206.0,87207.0,87206.5,66.6
87207.0,87208.0,87207.5,44.5
87208.0,87209.0,87208.5,72.4
87209.0,87210.0,87209.5,14.1
87210.0,87211.0,87210.5,95.6
87211.0,87212.0,87211.5,20.6
87212.0,87213.0,87212.5,107.2
87213.0,87214.0,87213.5,52.9
87214.0,87215.0,87214.5,44.6
87215.0,87216.0,87215.5,55.7
87216.0,87217.0,87216.5,31.8
87217.0,87218.0,87217.5,96.7
87218.0,87219.0,87218.5,31.2
87219.0,87220.0,87219.5,105.6
87220.0,87221.0,87220.5,48.6
87221.0,87222.0,87221.5,17.0
87222.0,87223.0,87222.5,73.8
87223.0,87224.0,87223.5,78.0
87224.0,87225.0,87224.5,82.9
87225.0,87226.0,87225.5,97.5
87226.0,87227.0,87226.5,92.2
87227.0,87228.0,87227.5,232.7
87228.0,87229.0,87228.5,37.8
87229.0,87230.0,87229.5,122.3
87230.0,87231.0,87230.5,220.8
87231.0,87232.0,87231.5,60.5
87232.0,87233.0,87232.5,40.9
87233.0,87234.0,87233.5,104.9
87234.0,87235.0,87234.5,72.1
87235.0,87236.0,87235.5,95.7
87236.0,87237.0,87236.5,137.7
87237.0,87238.0,87237.5,41.5
87238.0,87239.0,87238.5,236.5
87239.0,87240.0,87239.5,211.2
87240.0,87241.0,87240.5,33.9
87241.0,87242.0,87241.5,178.3
87242.0,87243.0,87242.5,39.9
87243.0,87244.0,87243.5,208.5
87244.0,87245.0,87244.5,56.2
87245.0,87246.0,87245.5,15.9
87246.0,87247.0,87246.5,62.5
87247.0,87248.0,87247.5,93.5
87248.0,87249.0,87248.5,34.7
87249.0,87250.0,87249.5,47.3
87250.0,87251.0,87250.5,70.8
87251.0,87252.0,87251.5,49.9
87252.0,87253.0,87252.5,50.3
87253.0,87254.0,87253.5,64.9
87254.0,87255.0,87254.5,63.0
87255.0,87256.0,87255.5,24.8
87256.0,87257.0,87256.5,29.3
87257.0,87258.0,87257.5,58.9
87258.0,87259.0,87258.5,71.8
87259.0,87260.0,87259.5,48.2
87260.0,87261.0,87260.5,47.8
87261.0,87262.0,87261.5,67.4
87262.0,87263.0,87262.5,45.2
87263.0,87264.0,87263.5,26.1
87264.0,87265.0,87264.5,74.9
87265.0,87266.0,87265.5,69.9
87266.0,87267.0,87266.5,96.4
87267.0,87268.0,87267.5,47.5
87268.0,87269.0,87268.5,35.2
87269.0,87270.0,87269.5,36.9
87270.0,87271.0,87270.5,112.9
87271.0,87272.0,87271.5,112.9
87272.0,87273.0,87272.5,68.0
87273.0,87274.0,87273.5,35.2
87274.0,87275.0,87274.5,63.6
87275.0,87276.0,87275.5,75.1
87276.0,87277.0,87276.5,90.1
87277.0,87278.0,87277.5,50.0
87278.0,87279.0,87278.5,55.9
87279.0,87280.0,87279.5,155.8
87280.0,87281.0,87280.5,45.9
87281.0,87282.0,87281.5,101.1
87282.0,87283.0,87282.5,36.1
87283.0,87284.0,87283.5,30.8
87284.0,87285.0,87284.5,76.5
87285.0,87286.0,87285.5,48.5
87286.0,87287.0,87286.5,280.6
87287.0,87288.0,87287.5,75.8
87288.0,87289.0,87288.5,105.9
87289.0,87290.0,87289.5,95.1
87290.0,87291.0,87290.5,61.8
87291.0,87292.0,87291.5,33.7
87292.0,87293.0,87292.5,202.7
87293.0,87294.0,87293.5,122.6
87294.0,87295.0,87294.5,119.6
87295.0,87296.0,87295.5,39.7
87296.0,87297.0,87296.5,91.0
87297.0,87298.0,87297.5,82.6
87298.0,87299.0,87298.5,41.8
87299.0,87300.0,87299.5,65.5
87300.0,87301.0,87300.5,59.1
87301.0,87302.0,87301.5,46.2
87302.0,87303.0,87302.5,30.4
87303.0,87304.0,87303.5,35.5
87304.0,87305.0,87304.5,32.6
87305.0,87306.0,87305.5,55.3
87306.0,87307.0,87306.5,43.5
87307.0,87308.0,87307.5,92.3
87308.0,87309.0,87308.5,197.2
87309.0,87310.0,87309.5,111.4
87310.0,87311.0,87310.5,38.5
87311.0,87312.0,87311.5,74.8
87312.0,87313.0,87312.5,48.4
87313.0,87314.0,87313.5,41.5
87314.0,87315.0,87314.5,62.2
87315.0,87316.0,87315.5,182.1
87316.0,87317.0,87316.5,39.2
87317.0,87318.0,87317.5,208.5
87318.0,87319.0,87318.5,33.9
87319.0,87320.0,87319.5,137.1
87320.0,87321.0,87320.5,95.2
87321.0,87322.0,87321.5,50.8
87322.0,87323.0,87322.5,44.6
87323.0,87324.0,87323.5,41.7
87324.0,87325.0,87324.5,110.9
87325.0,87326.0,87325.5,37.3
87326.0,87327.0,87326.5,110.5
87327.0,87328.0,87327.5,62.3
87328.0,87329.0,87328.5,100.6
87329.0,87330.0,87329.5,85.8
87330.0,87331.0,87330.5,84.1
87331.0,87332.0,87331.5,58.7
87332.0,87333.0,87332.5,106.9
87333.0,87334.0,87333.5,37.9
87334.0,87335.0,87334.5,86.3
87335.0,87336.0,87335.5,49.4
87336.0,87337.0,87336.5,43.5
87337.0,87338.0,87337.5,69.3
87338.0,87339.0,87338.5,140.1
87339.0,87340.0,87339.5,96.5
87340.0,87341.0,87340.5,90.7
87341.0,87342.0,87341.5,192.9
87342.0,87343.0,87342.5,113.8
87343.0,87344.0,87343.5,177.2
87344.0,87345.0,87344.5,125.0
87345.0,87346.0,87345.5,75.9
87346.0,87347.0,87346.5,72.3
87347.0,87348.0,87347.5,87.7
87348.0,87349.0,87348.5,117.7
87349.0,87350.0,87349.5,81.1
87350.0,87351.0,87350.5,73.6
87351.0,87352.0,87351.5,117.7
87352.0,87353.0,87352.5,86.6
87353.0,87354.0,87353.5,112.4
87354.0,87355.0,87354.5,5.2
87355.0,87356.0,87355.5,74.4
87356.0,87357.0,87356.5,90.5
87357.0,87358.0,87357.5,62.3
87358.0,87359.0,87358.5,213.6
87359.0,87360.0,87359.5,163.8
87360.0,87361.0,87360.5,171.5
87361.0,87362.0,87361.5,32.9
87362.0,87363.0,87362.5,75.3
87363.0,87364.0,87363.5,15.2
87364.0,87365.0,87364.5,10.0
87365.0,87366.0,87365.5,0.0
87366.0,87367.0,87366.5,3.9
87367.0,87368.0,87367.5,15.9
87368.0,87369.0,87368.5,1.8
87369.0,87370.0,87369.5,2.3
87370.0,87371.0,87370.5,89.9
87371.0,87372.0,87371.5,51.6
87372.0,87373.0,87372.5,8.3
87373.0,87374.0,87373.5,1.7
87374.0,87375.0,87374.5,41.7
87375.0,87376.0,87375.5,46.3
87376.0,87377.0,87376.5,31.5
87377.0,87378.0,87377.5,33.7
87378.0,87379.0,87378.5,27.5
87379.0,87380.0,87379.5,28.5
87380.0,87381.0,87380.5,29.9
87381.0,87382.0,87381.5,15.1
87382.0,87383.0,87382.5,55.0
87383.0,87384.0,87383.5,35.0
87384.0,87385.0,87384.5,4.6
87385.0,87386.0,87385.5,102.4
87386.0,87387.0,87386.5,43.4
87387.0,87388.0,87387.5,16.4
87388.0,87389.0,87388.5,29.6
87389.0,87390.0,87389.5,26.5
87390.0,87391.0,87390.5,101.4
87391.0,87392.0,87391.5,81.3
87392.0,87393.0,87392.5,72.8
87393.0,87394.0,87393.5,37.3
87394.0,87395.0,87394.5,23.2
87395.0,87396.0,87395.5,23.5
87396.0,87397.0,87396.5,40.2
87397.0,87398.0,87397.5,48.2
87398.0,87399.0,87398.5,29.3
87399.0,87400.0,87399.5,40.6
87400.0,87401.0,87400.5,17.3
87401.0,87402.0,87401.5,26.1
87402.0,87403.0,87402.5,111.7
87403.0,87404.0,87403.5,28.7
87404.0,87405.0,87404.5,15.2
87405.0,87406.0,87405.5,13.6
87406.0,87407.0,87406.5,40.6
87407.0,87408.0,87407.5,13.4
87408.0,87409.0,87408.5,27.3
87409.0,87410.0,87409.5,20.2
87410.0,87411.0,87410.5,13.6
87411.0,87412.0,87411.5,44.9
87412.0,87413.0,87412.5,26.0
87413.0,87414.0,87413.5,34.4
87414.0,87415.0,87414.5,7.7
87415.0,87416.0,87415.5,26.1
87416.0,87417.0,87416.5,25.7
87417.0,87418.0,87417.5,23.1
87418.0,87419.0,87418.5,29.9
87419.0,87420.0,87419.5,34.7
87420.0,87421.0,87420.5,37.7
87421.0,87422.0,87421.5,26.0
87422.0,87423.0,87422.5,8.7
87423.0,87424.0,87423.5,6.7
87424.0,87425.0,87424.5,75.3
87425.0,87426.0,87425.5,146.9
87426.0,87427.0,87426.5,79.6
87427.0,87428.0,87427.5,55.2
87428.0,87429.0,87428.5,44.1
87429.0,87430.0,87429.5,29.0
87430.0,87431.0,87430.5,9.2
87431.0,87432.0,87431.5,50.9
87432.0,87433.0,87432.5,48.4
87433.0,87434.0,87433.5,57.8
87434.0,87435.0,87434.5,34.4
87435.0,87436.0,87435.5,33.3
87436.0,87437.0,87436.5,144.9
87437.0,87438.0,87437.5,137.7
87438.0,87439.0,87438.5,138.9
87439.0,87440.0,87439.5,55.4
87440.0,87441.0,87440.5,92.9
87441.0,87442.0,87441.5,12.6
87442.0,87443.0,87442.5,148.0
87443.0,87444.0,87443.5,62.6
87444.0,87445.0,87444.5,26.0
87445.0,87446.0,87445.5,86.2
87446.0,87447.0,87446.5,121.7
87447.0,87448.0,87447.5,84.1
87448.0,87449.0,87448.5,106.4
87449.0,87450.0,87449.5,25.3
87450.0,87451.0,87450.5,52.4
87451.0,87452.0,87451.5,35.4
87452.0,87453.0,87452.5,84.7
87453.0,87454.0,87453.5,44.0
87454.0,87455.0,87454.5,19.9
87455.0,87456.0,87455.5,51.2
87456.0,87457.0,87456.5,28.1
87457.0,87458.0,87457.5,21.5
87458.0,87459.0,87458.5,39.7
87459.0,87460.0,87459.5,29.3
87460.0,87461.0,87460.5,26.2
87461.0,87462.0,87461.5,12.5
87462.0,87463.0,87462.5,20.4
87463.0,87464.0,87463.5,53.3
87464.0,87465.0,87464.5,37.6
87465.0,87466.0,87465.5,60.9
87466.0,87467.0,87466.5,5.0
87467.0,87468.0,87467.5,29.3
87468.0,87469.0,87468.5,142.8
87469.0,87470.0,87469.5,38.2
87470.0,87471.0,87470.5,46.3
87471.0,87472.0,87471.5,43.7
87472.0,87473.0,87472.5,29.5
87473.0,87474.0,87473.5,10.9
87474.0,87475.0,87474.5,40.1
87475.0,87476.0,87475.5,18.6
87476.0,87477.0,87476.5,32.1
87477.0,87478.0,87477.5,39.8
87478.0,87479.0,87478.5,34.3
87479.0,87480.0,87479.5,45.2
87480.0,87481.0,87480.5,36.4
87481.0,87482.0,87481.5,24.6
87482.0,87483.0,87482.5,57.3
87483.0,87484.0,87483.5,68.2
87484.0,87485.0,87484.5,164.8
87485.0,87486.0,87485.5,32.9
87486.0,87487.0,87486.5,44.8
87487.0,87488.0,87487.5,23.6
87488.0,87489.0,87488.5,16.9
87489.0,87490.0,87489.5,27.6
87490.0,87491.0,87490.5,32.9
87491.0,87492.0,87491.5,21.2
87492.0,87493.0,87492.5,23.3
87493.0,87494.0,87493.5,72.3
87494.0,87495.0,87494.5,44.3
87495.0,87496.0,87495.5,28.7
87496.0,87497.0,87496.5,31.1
87497.0,87498.0,87497.5,41.8
87498.0,87499.0,87498.5,21.2
87499.0,87500.0,87499.5,29.7
87500.0,87501.0,87500.5,33.8
87501.0,87502.0,87501.5,10.0
87502.0,87503.0,87502.5,51.8
87503.0,87504.0,87503.5,16.8
87504.0,87505.0,87504.5,3.1
87505.0,87506.0,87505.5,19.9
87506.0,87507.0,87506.5,38.5
87507.0,87508.0,87507.5,27.4
87508.0,87509.0,87508.5,12.5
87509.0,87510.0,87509.5,20.2
87510.0,87511.0,87510.5,81.8
87511.0,87512.0,87511.5,26.4
87512.0,87513.0,87512.5,34.8
87513.0,87514.0,87513.5,24.1
87514.0,87515.0,87514.5,33.5
87515.0,87516.0,87515.5,19.0
87516.0,87517.0,87516.5,40.6
87517.0,87518.0,87517.5,69.6
87518.0,87519.0,87518.5,34.7
87519.0,87520.0,87519.5,7.7
87520.0,87521.0,87520.5,0.8
87521.0,87522.0,87521.5,9.4
87522.0,87523.0,87522.5,0.0
87523.0,87524.0,87523.5,0.0
87524.0,87525.0,87524.5,4.1
87525.0,87526.0,87525.5,1.1
87526.0,87527.0,87526.5,2.9
87527.0,87528.0,87527.5,52.8
87528.0,87529.0,87528.5,59.8
87529.0,87530.0,87529.5,51.6
87530.0,87531.0,87530.5,45.9
87531.0,87532.0,87531.5,71.5
87532.0,87533.0,87532.5,14.8
87533.0,87534.0,87533.5,0.0
87534.0,87535.0,87534.5,0.5
87535.0,87536.0,87535.5,0.0
87536.0,87537.0,87536.5,0.0
87537.0,87538.0,87537.5,1.2
87538.0,87539.0,87538.5,14.8
87539.0,87540.0,87539.5,0.0
87540.0,87541.0,87540.5,0.6
87541.0,87542.0,87541.5,0.0
87542.0,87543.0,87542.5,0.6
87543.0,87544.0,87543.5,0.0
87544.0,87545.0,87544.5,2.0
