NASA Data Processing/CAMP2Ex/SP2/CAMP2Ex-LARGE-SP2_P3B_20191001_R1.ict
37, 1001
Luke D. Ziemba
NASA Langley Research Center
Single Particle Soot Photometer (SP2), DMT
CAMP2Ex
1, 1
2019, 10, 01, 2020,05,06
0
Time_Start, seconds_past_midnight, start_seconds_past_midnight
3
1, 1, 1
-9999, -9999, -9999
Time_Stop, seconds_past_midnight, stop_seconds_past_midnight
Time_Mid, seconds_past_midnight, mid_seconds_past_midnight
BlackCarbon_STP, Black_Carbon_nanograms_per_standard_cubic_meter, AerComp_BC_InSitu_LII_Accu_MassSTP
1
N/A
19
PI_CONTACT_INFO: 21 Langley Blvd, Hampton, VA 23681
PLATFORM: NASA WFF P3-B N426NA
LOCATION: Philippines; Latitude, Longitude, and Altitude included in Hskping files (MetNav)
ASSOCIATED_DATA: InletFlag, MetNav, cloud flag
INSTRUMENT_INFO: Single particle refractory BC mass measured by laser-induced incandescence. Calibrated using laboratory-generated monodisperse fullerene soot aerosol and polynomial mass/response fit. 
DATA_INFO: Data corrected to STP (760 torr and 273K). Measurements apply to refractory black carbon particles with diameter between 100 and 700nm
UNCERTAINTY: 10%
ULOD_FLAG: -7777
ULOD_VALUE: N/A
LLOD_FLAG: -8888
LLOD_VALUE: N/A
DM_CONTACT_INFO: Luke D. Ziemba, luke.ziemba@nasa.gov, (757)864-6246
PROJECT_INFO: CAMP2Ex based at Clark International Airport, Philippines
STIPULATIONS_ON_USE: Data users are strongly encouraged to contact the instrument PI for information on instrument caveats and best practices.
OTHER_COMMENTS: Data affected by cloud penetrations have NOT been removed.Switched between forward-facing isokinetic inlet and counterflow virtual impactor; flag is provided (InletFlag).Data are removed for calibrations,insufficient laser power,and pump failure.
REVISION: R1
R0: Final Data.  No further adjustments are planned.
R1: Applied time shift of -2s to DLH.
Time_Start, Time_Stop, Time_Mid, BlackCarbon_STP
[from data line 13345]
91392.0,91393.0,91392.5,152.7
91393.0,91394.0,91393.5,102.5
91394.0,91395.0,91394.5,295.3
91395.0,91396.0,91395.5,119.3
91396.0,91397.0,91396.5,206.1
91397.0,91398.0,91397.5,64.9
91398.0,91399.0,91398.5,100.1
91399.0,91400.0,91399.5,87.9
91400.0,91401.0,91400.5,86.8
91401.0,91402.0,91401.5,131.4
91402.0,91403.0,91402.5,85.1
91403.0,91404.0,91403.5,85.5
91404.0,91405.0,91404.5,95.8
91405.0,91406.0,91405.5,137.8
91406.0,91407.0,91406.5,172.2
91407.0,91408.0,91407.5,125.6
91408.0,91409.0,91408.5,71.7
91409.0,91410.0,91409.5,81.7
91410.0,91411.0,91410.5,88.8
91411.0,91412.0,91411.5,182.2
91412.0,91413.0,91412.5,204.6
91413.0,91414.0,91413.5,107.5
91414.0,91415.0,91414.5,89.4
91415.0,91416.0,91415.5,75.3
91416.0,91417.0,91416.5,123.9
91417.0,91418.0,91417.5,90.0
91418.0,91419.0,91418.5,146.8
91419.0,91420.0,91419.5,132.7
91420.0,91421.0,91420.5,114.3
91421.0,91422.0,91421.5,81.4
91422.0,91423.0,91422.5,100.2
91423.0,91424.0,91423.5,36.9
91424.0,91425.0,91424.5,254.6
91425.0,91426.0,91425.5,75.9
91426.0,91427.0,91426.5,55.8
91427.0,91428.0,91427.5,154.2
91428.0,91429.0,91428.5,142.4
91429.0,91430.0,91429.5,169.0
91430.0,91431.0,91430.5,47.2
91431.0,91432.0,91431.5,63.3
91432.0,91433.0,91432.5,178.1
91433.0,91434.0,91433.5,106.5
91434.0,91435.0,91434.5,76.4
91435.0,91436.0,91435.5,219.4
91436.0,91437.0,91436.5,96.1
91437.0,91438.0,91437.5,57.1
91438.0,91439.0,91438.5,125.3
91439.0,91440.0,91439.5,118.8
91440.0,91441.0,91440.5,72.5
91441.0,91442.0,91441.5,122.0
91442.0,91443.0,91442.5,38.8
91443.0,91444.0,91443.5,58.8
91444.0,91445.0,91444.5,77.7
91445.0,91446.0,91445.5,208.2
91446.0,91447.0,91446.5,64.1
91447.0,91448.0,91447.5,115.5
91448.0,91449.0,91448.5,94.7
91449.0,91450.0,91449.5,129.5
91450.0,91451.0,91450.5,38.5
91451.0,91452.0,91451.5,176.5
91452.0,91453.0,91452.5,76.8
91453.0,91454.0,91453.5,35.0
91454.0,91455.0,91454.5,141.7
91455.0,91456.0,91455.5,116.2
91456.0,91457.0,91456.5,168.6
91457.0,91458.0,91457.5,65.1
91458.0,91459.0,91458.5,91.8
91459.0,91460.0,91459.5,51.9
91460.0,91461.0,91460.5,87.3
91461.0,91462.0,91461.5,142.6
91462.0,91463.0,91462.5,102.8
91463.0,91464.0,91463.5,96.1
91464.0,91465.0,91464.5,130.9
91465.0,91466.0,91465.5,81.0
91466.0,91467.0,91466.5,182.2
91467.0,91468.0,91467.5,120.6
91468.0,91469.0,91468.5,99.1
91469.0,91470.0,91469.5,53.1
91470.0,91471.0,91470.5,86.7
91471.0,91472.0,91471.5,186.4
91472.0,91473.0,91472.5,87.3
91473.0,91474.0,91473.5,109.2
91474.0,91475.0,91474.5,93.4
91475.0,91476.0,91475.5,77.1
91476.0,91477.0,91476.5,84.1
91477.0,91478.0,91477.5,49.7
91478.0,91479.0,91478.5,89.8
91479.0,91480.0,91479.5,32.3
91480.0,91481.0,91480.5,50.4
91481.0,91482.0,91481.5,236.3
91482.0,91483.0,91482.5,78.7
91483.0,91484.0,91483.5,82.8
91484.0,91485.0,91484.5,74.2
91485.0,91486.0,91485.5,30.8
91486.0,91487.0,91486.5,198.2
91487.0,91488.0,91487.5,85.0
91488.0,91489.0,91488.5,60.6
91489.0,91490.0,91489.5,76.7
91490.0,91491.0,91490.5,21.7
91491.0,91492.0,91491.5,39.8
91492.0,91493.0,91492.5,37.9
91493.0,91494.0,91493.5,110.2
91494.0,91495.0,91494.5,53.9
91495.0,91496.0,91495.5,93.9
91496.0,91497.0,91496.5,55.6
91497.0,91498.0,91497.5,84.9
91498.0,91499.0,91498.5,54.3
91499.0,91500.0,91499.5,89.9
91500.0,91501.0,91500.5,202.7
91501.0,91502.0,91501.5,125.3
91502.0,91503.0,91502.5,52.2
91503.0,91504.0,91503.5,46.7
91504.0,91505.0,91504.5,110.3
91505.0,91506.0,91505.5,66.3
91506.0,91507.0,91506.5,131.7
91507.0,91508.0,91507.5,71.2
91508.0,91509.0,91508.5,78.6
91509.0,91510.0,91509.5,101.8
91510.0,91511.0,91510.5,129.5
91511.0,91512.0,91511.5,85.6
91512.0,91513.0,91512.5,199.7
91513.0,91514.0,91513.5,84.0
91514.0,91515.0,91514.5,42.5
91515.0,91516.0,91515.5,47.7
91516.0,91517.0,91516.5,75.6
91517.0,91518.0,91517.5,105.6
91518.0,91519.0,91518.5,143.5
91519.0,91520.0,91519.5,73.8
91520.0,91521.0,91520.5,232.0
91521.0,91522.0,91521.5,71.5
91522.0,91523.0,91522.5,92.1
91523.0,91524.0,91523.5,80.8
91524.0,91525.0,91524.5,131.6
91525.0,91526.0,91525.5,116.3
91526.0,91527.0,91526.5,113.2
91527.0,91528.0,91527.5,105.9
91528.0,91529.0,91528.5,45.9
91529.0,91530.0,91529.5,158.5
91530.0,91531.0,91530.5,128.4
91531.0,91532.0,91531.5,132.8
91532.0,91533.0,91532.5,73.0
91533.0,91534.0,91533.5,41.2
91534.0,91535.0,91534.5,253.2
91535.0,91536.0,91535.5,39.4
91536.0,91537.0,91536.5,48.6
91537.0,91538.0,91537.5,37.0
91538.0,91539.0,91538.5,20.4
91539.0,91540.0,91539.5,122.2
91540.0,91541.0,91540.5,40.3
91541.0,91542.0,91541.5,88.7
91542.0,91543.0,91542.5,183.7
91543.0,91544.0,91543.5,59.1
91544.0,91545.0,91544.5,95.8
91545.0,91546.0,91545.5,52.1
91546.0,91547.0,91546.5,137.2
91547.0,91548.0,91547.5,57.5
91548.0,91549.0,91548.5,64.5
91549.0,91550.0,91549.5,25.3
91550.0,91551.0,91550.5,123.7
91551.0,91552.0,91551.5,98.3
91552.0,91553.0,91552.5,56.3
91553.0,91554.0,91553.5,93.3
91554.0,91555.0,91554.5,77.7
91555.0,91556.0,91555.5,97.8
91556.0,91557.0,91556.5,87.9
91557.0,91558.0,91557.5,33.1
91558.0,91559.0,91558.5,99.5
91559.0,91560.0,91559.5,76.6
91560.0,91561.0,91560.5,86.8
91561.0,91562.0,91561.5,172.2
91562.0,91563.0,91562.5,56.8
91563.0,91564.0,91563.5,73.8
91564.0,91565.0,91564.5,48.9
91565.0,91566.0,91565.5,82.0
91566.0,91567.0,91566.5,92.6
91567.0,91568.0,91567.5,59.8
91568.0,91569.0,91568.5,92.2
91569.0,91570.0,91569.5,99.2
91570.0,91571.0,91570.5,92.8
91571.0,91572.0,91571.5,161.8
91572.0,91573.0,91572.5,95.8
91573.0,91574.0,91573.5,130.3
91574.0,91575.0,91574.5,25.4
91575.0,91576.0,91575.5,140.8
91576.0,91577.0,91576.5,52.2
91577.0,91578.0,91577.5,104.3
91578.0,91579.0,91578.5,106.2
91579.0,91580.0,91579.5,88.4
91580.0,91581.0,91580.5,27.9
91581.0,91582.0,91581.5,40.8
91582.0,91583.0,91582.5,131.2
91583.0,91584.0,91583.5,41.5
91584.0,91585.0,91584.5,117.4
91585.0,91586.0,91585.5,132.1
91586.0,91587.0,91586.5,177.9
91587.0,91588.0,91587.5,53.5
91588.0,91589.0,91588.5,78.6
91589.0,91590.0,91589.5,190.9
91590.0,91591.0,91590.5,38.1
91591.0,91592.0,91591.5,45.4
91592.0,91593.0,91592.5,89.9
91593.0,91594.0,91593.5,44.8
91594.0,91595.0,91594.5,111.3
91595.0,91596.0,91595.5,39.3
91596.0,91597.0,91596.5,79.2
91597.0,91598.0,91597.5,55.5
91598.0,91599.0,91598.5,147.9
91599.0,91600.0,91599.5,80.2
91600.0,91601.0,91600.5,74.0
91601.0,91602.0,91601.5,135.3
91602.0,91603.0,91602.5,100.2
91603.0,91604.0,91603.5,110.0
91604.0,91605.0,91604.5,52.2
91605.0,91606.0,91605.5,273.7
91606.0,91607.0,91606.5,103.4
91607.0,91608.0,91607.5,40.9
91608.0,91609.0,91608.5,126.8
91609.0,91610.0,91609.5,250.6
91610.0,91611.0,91610.5,43.1
91611.0,91612.0,91611.5,119.1
91612.0,91613.0,91612.5,61.7
91613.0,91614.0,91613.5,89.6
91614.0,91615.0,91614.5,105.5
91615.0,91616.0,91615.5,60.1
91616.0,91617.0,91616.5,135.3
91617.0,91618.0,91617.5,92.8
91618.0,91619.0,91618.5,81.2
91619.0,91620.0,91619.5,164.3
91620.0,91621.0,91620.5,35.5
91621.0,91622.0,91621.5,50.9
91622.0,91623.0,91622.5,82.3
91623.0,91624.0,91623.5,44.2
91624.0,91625.0,91624.5,82.4
91625.0,91626.0,91625.5,107.3
91626.0,91627.0,91626.5,201.3
91627.0,91628.0,91627.5,82.5
91628.0,91629.0,91628.5,75.3
91629.0,91630.0,91629.5,197.2
91630.0,91631.0,91630.5,39.7
91631.0,91632.0,91631.5,161.2
91632.0,91633.0,91632.5,58.7
91633.0,91634.0,91633.5,49.0
91634.0,91635.0,91634.5,102.4
91635.0,91636.0,91635.5,59.7
91636.0,91637.0,91636.5,90.1
91637.0,91638.0,91637.5,158.9
91638.0,91639.0,91638.5,44.8
91639.0,91640.0,91639.5,120.5
91640.0,91641.0,91640.5,67.7
91641.0,91642.0,91641.5,72.2
91642.0,91643.0,91642.5,91.4
91643.0,91644.0,91643.5,95.7
91644.0,91645.0,91644.5,72.1
91645.0,91646.0,91645.5,56.7
91646.0,91647.0,91646.5,66.4
91647.0,91648.0,91647.5,92.9
91648.0,91649.0,91648.5,27.0
91649.0,91650.0,91649.5,134.0
91650.0,91651.0,91650.5,117.9
91651.0,91652.0,91651.5,27.6
91652.0,91653.0,91652.5,70.6
91653.0,91654.0,91653.5,35.5
91654.0,91655.0,91654.5,73.6
91655.0,91656.0,91655.5,33.7
91656.0,91657.0,91656.5,41.4
91657.0,91658.0,91657.5,60.2
91658.0,91659.0,91658.5,47.9
91659.0,91660.0,91659.5,58.2
91660.0,91661.0,91660.5,39.6
91661.0,91662.0,91661.5,132.2
91662.0,91663.0,91662.5,26.4
91663.0,91664.0,91663.5,76.8
91664.0,91665.0,91664.5,52.8
91665.0,91666.0,91665.5,62.7
91666.0,91667.0,91666.5,53.6
91667.0,91668.0,91667.5,79.9
91668.0,91669.0,91668.5,28.7
91669.0,91670.0,91669.5,67.2
91670.0,91671.0,91670.5,212.0
91671.0,91672.0,91671.5,98.8
91672.0,91673.0,91672.5,51.6
91673.0,91674.0,91673.5,56.1
91674.0,91675.0,91674.5,50.7
91675.0,91676.0,91675.5,63.2
91676.0,91677.0,91676.5,25.8
91677.0,91678.0,91677.5,65.7
91678.0,91679.0,91678.5,39.4
91679.0,91680.0,91679.5,61.5
91680.0,91681.0,91680.5,69.7
91681.0,91682.0,91681.5,126.8
91682.0,91683.0,91682.5,20.5
91683.0,91684.0,91683.5,62.1
91684.0,91685.0,91684.5,98.4
91685.0,91686.0,91685.5,55.4
91686.0,91687.0,91686.5,79.6
91687.0,91688.0,91687.5,41.7
91688.0,91689.0,91688.5,49.7
91689.0,91690.0,91689.5,80.9
91690.0,91691.0,91690.5,70.1
91691.0,91692.0,91691.5,97.7
91692.0,91693.0,91692.5,46.4
91693.0,91694.0,91693.5,28.6
91694.0,91695.0,91694.5,29.5
91695.0,91696.0,91695.5,49.1
91696.0,91697.0,91696.5,113.2
91697.0,91698.0,91697.5,97.3
91698.0,91699.0,91698.5,89.9
91699.0,91700.0,91699.5,25.6
91700.0,91701.0,91700.5,62.3
91701.0,91702.0,91701.5,126.8
91702.0,91703.0,91702.5,50.4
91703.0,91704.0,91703.5,55.9
91704.0,91705.0,91704.5,33.5
91705.0,91706.0,91705.5,65.6
91706.0,91707.0,91706.5,73.1
91707.0,91708.0,91707.5,94.0
91708.0,91709.0,91708.5,56.6
91709.0,91710.0,91709.5,63.7
91710.0,91711.0,91710.5,46.3
91711.0,91712.0,91711.5,83.2
91712.0,91713.0,91712.5,102.4
91713.0,91714.0,91713.5,56.3
91714.0,91715.0,91714.5,42.3
91715.0,91716.0,91715.5,76.8
91716.0,91717.0,91716.5,20.4
91717.0,91718.0,91717.5,106.8
91718.0,91719.0,91718.5,67.5
91719.0,91720.0,91719.5,141.1
91720.0,91721.0,91720.5,86.6
91721.0,91722.0,91721.5,93.5
91722.0,91723.0,91722.5,31.1
91723.0,91724.0,91723.5,156.0
91724.0,91725.0,91724.5,33.4
91725.0,91726.0,91725.5,117.8
91726.0,91727.0,91726.5,56.4
91727.0,91728.0,91727.5,54.0
91728.0,91729.0,91728.5,145.3
91729.0,91730.0,91729.5,67.8
91730.0,91731.0,91730.5,49.6
91731.0,91732.0,91731.5,57.5
91732.0,91733.0,91732.5,40.7
91733.0,91734.0,91733.5,11.8
91734.0,91735.0,91734.5,37.1
91735.0,91736.0,91735.5,48.7
91736.0,91737.0,91736.5,41.3
91737.0,91738.0,91737.5,60.1
91738.0,91739.0,91738.5,29.5
91739.0,91740.0,91739.5,81.6
91740.0,91741.0,91740.5,40.4
91741.0,91742.0,91741.5,47.1
91742.0,91743.0,91742.5,84.5
91743.0,91744.0,91743.5,42.6
91744.0,91745.0,91744.5,40.0
91745.0,91746.0,91745.5,110.8
91746.0,91747.0,91746.5,48.4
91747.0,91748.0,91747.5,97.0
91748.0,91749.0,91748.5,117.1
91749.0,91750.0,91749.5,89.5
91750.0,91751.0,91750.5,49.8
91751.0,91752.0,91751.5,44.4
91752.0,91753.0,91752.5,89.3
91753.0,91754.0,91753.5,212.6
91754.0,91755.0,91754.5,36.4
91755.0,91756.0,91755.5,23.7
91756.0,91757.0,91756.5,46.1
91757.0,91758.0,91757.5,78.4
91758.0,91759.0,91758.5,95.4
91759.0,91760.0,91759.5,158.6
91760.0,91761.0,91760.5,96.0
91761.0,91762.0,91761.5,50.9
91762.0,91763.0,91762.5,103.9
91763.0,91764.0,91763.5,49.7
91764.0,91765.0,91764.5,51.4
91765.0,91766.0,91765.5,78.5
91766.0,91767.0,91766.5,39.9
91767.0,91768.0,91767.5,53.7
91768.0,91769.0,91768.5,156.1
91769.0,91770.0,91769.5,39.9
91770.0,91771.0,91770.5,66.6
91771.0,91772.0,91771.5,64.2
91772.0,91773.0,91772.5,43.9
91773.0,91774.0,91773.5,87.9
91774.0,91775.0,91774.5,107.5
91775.0,91776.0,91775.5,31.6
91776.0,91777.0,91776.5,212.4
91777.0,91778.0,91777.5,95.9
91778.0,91779.0,91778.5,48.0
91779.0,91780.0,91779.5,48.0
91780.0,91781.0,91780.5,67.0
91781.0,91782.0,91781.5,75.9
91782.0,91783.0,91782.5,65.3
91783.0,91784.0,91783.5,76.0
91784.0,91785.0,91784.5,55.8
91785.0,91786.0,91785.5,59.5
91786.0,91787.0,91786.5,48.3
91787.0,91788.0,91787.5,39.6
91788.0,91789.0,91788.5,39.0
91789.0,91790.0,91789.5,88.2
91790.0,91791.0,91790.5,27.5
91791.0,91792.0,91791.5,73.5
91792.0,91793.0,91792.5,88.5
91793.0,91794.0,91793.5,111.9
91794.0,91795.0,91794.5,91.5
91795.0,91796.0,91795.5,72.7
91796.0,91797.0,91796.5,16.5
91797.0,91798.0,91797.5,56.3
91798.0,91799.0,91798.5,56.8
91799.0,91800.0,91799.5,98.1
91800.0,91801.0,91800.5,2.5
91801.0,91802.0,91801.5,50.4
91802.0,91803.0,91802.5,100.7
91803.0,91804.0,91803.5,60.5
91804.0,91805.0,91804.5,37.4
91805.0,91806.0,91805.5,178.2
91806.0,91807.0,91806.5,51.7
91807.0,91808.0,91807.5,51.8
91808.0,91809.0,91808.5,63.8
91809.0,91810.0,91809.5,100.9
91810.0,91811.0,91810.5,47.5
91811.0,91812.0,91811.5,160.5
91812.0,91813.0,91812.5,58.2
91813.0,91814.0,91813.5,217.8
91814.0,91815.0,91814.5,69.2
91815.0,91816.0,91815.5,28.2
91816.0,91817.0,91816.5,111.9
91817.0,91818.0,91817.5,46.7
91818.0,91819.0,91818.5,71.2
91819.0,91820.0,91819.5,51.8
91820.0,91821.0,91820.5,95.8
91821.0,91822.0,91821.5,133.8
91822.0,91823.0,91822.5,85.5
91823.0,91824.0,91823.5,176.4
91824.0,91825.0,91824.5,66.9
91825.0,91826.0,91825.5,207.6
91826.0,91827.0,91826.5,137.0
91827.0,91828.0,91827.5,79.5
91828.0,91829.0,91828.5,48.9
91829.0,91830.0,91829.5,41.9
91830.0,91831.0,91830.5,62.3
91831.0,91832.0,91831.5,56.1
91832.0,91833.0,91832.5,128.7
91833.0,91834.0,91833.5,189.5
91834.0,91835.0,91834.5,74.6
91835.0,91836.0,91835.5,63.1
91836.0,91837.0,91836.5,110.6
91837.0,91838.0,91837.5,46.3
91838.0,91839.0,91838.5,59.7
91839.0,91840.0,91839.5,80.6
91840.0,91841.0,91840.5,56.4
91841.0,91842.0,91841.5,109.6
91842.0,91843.0,91842.5,73.2
91843.0,91844.0,91843.5,52.3
91844.0,91845.0,91844.5,29.6
91845.0,91846.0,91845.5,55.3
91846.0,91847.0,91846.5,102.5
91847.0,91848.0,91847.5,43.4
91848.0,91849.0,91848.5,59.8
91849.0,91850.0,91849.5,155.6
91850.0,91851.0,91850.5,46.0
91851.0,91852.0,91851.5,136.3
91852.0,91853.0,91852.5,192.8
91853.0,91854.0,91853.5,18.8
91854.0,91855.0,91854.5,23.9
91855.0,91856.0,91855.5,91.7
91856.0,91857.0,91856.5,46.1
91857.0,91858.0,91857.5,53.1
91858.0,91859.0,91858.5,104.8
91859.0,91860.0,91859.5,181.2
91860.0,91861.0,91860.5,69.8
91861.0,91862.0,91861.5,47.8
91862.0,91863.0,91862.5,86.0
91863.0,91864.0,91863.5,74.1
91864.0,91865.0,91864.5,53.0
91865.0,91866.0,91865.5,65.2
91866.0,91867.0,91866.5,56.8
91867.0,91868.0,91867.5,34.3
91868.0,91869.0,91868.5,36.4
91869.0,91870.0,91869.5,26.2
91870.0,91871.0,91870.5,44.3
91871.0,91872.0,91871.5,87.7
91872.0,91873.0,91872.5,54.5
91873.0,91874.0,91873.5,31.7
91874.0,91875.0,91874.5,76.7
91875.0,91876.0,91875.5,76.6
91876.0,91877.0,91876.5,120.9
91877.0,91878.0,91877.5,51.7
91878.0,91879.0,91878.5,30.2
91879.0,91880.0,91879.5,63.3
91880.0,91881.0,91880.5,45.3
91881.0,91882.0,91881.5,61.2
91882.0,91883.0,91882.5,56.4
91883.0,91884.0,91883.5,50.0
91884.0,91885.0,91884.5,45.2
91885.0,91886.0,91885.5,63.9
91886.0,91887.0,91886.5,64.9
91887.0,91888.0,91887.5,132.8
91888.0,91889.0,91888.5,71.3
91889.0,91890.0,91889.5,62.5
91890.0,91891.0,91890.5,66.7
91891.0,91892.0,91891.5,70.4
91892.0,91893.0,91892.5,107.6
91893.0,91894.0,91893.5,29.5
91894.0,91895.0,91894.5,25.7
91895.0,91896.0,91895.5,32.6
91896.0,91897.0,91896.5,38.7
91897.0,91898.0,91897.5,121.4
91898.0,91899.0,91898.5,53.6
91899.0,91900.0,91899.5,107.0
91900.0,91901.0,91900.5,47.0
91901.0,91902.0,91901.5,140.4
91902.0,91903.0,91902.5,23.6
91903.0,91904.0,91903.5,114.1
91904.0,91905.0,91904.5,123.5
91905.0,91906.0,91905.5,58.2
91906.0,91907.0,91906.5,69.9
91907.0,91908.0,91907.5,90.1
91908.0,91909.0,91908.5,42.6
91909.0,91910.0,91909.5,47.4
91910.0,91911.0,91910.5,90.9
91911.0,91912.0,91911.5,27.8
91912.0,91913.0,91912.5,33.0
91913.0,91914.0,91913.5,72.9
91914.0,91915.0,91914.5,121.2
91915.0,91916.0,91915.5,83.8
91916.0,91917.0,91916.5,106.5
91917.0,91918.0,91917.5,90.9
91918.0,91919.0,91918.5,28.1
91919.0,91920.0,91919.5,52.0
91920.0,91921.0,91920.5,53.6
91921.0,91922.0,91921.5,20.5
91922.0,91923.0,91922.5,39.6
91923.0,91924.0,91923.5,74.2
91924.0,91925.0,91924.5,62.9
91925.0,91926.0,91925.5,64.7
91926.0,91927.0,91926.5,30.6
91927.0,91928.0,91927.5,25.1
91928.0,91929.0,91928.5,24.8
91929.0,91930.0,91929.5,103.9
91930.0,91931.0,91930.5,74.9
91931.0,91932.0,91931.5,35.6
91932.0,91933.0,91932.5,79.2
91933.0,91934.0,91933.5,70.8
91934.0,91935.0,91934.5,181.8
91935.0,91936.0,91935.5,94.6
91936.0,91937.0,91936.5,44.5
91937.0,91938.0,91937.5,61.2
