NASA Data Processing/CAMP2Ex/SP2/CAMP2Ex-LARGE-SP2_P3B_20190829_R1.ict
37, 1001
Luke D. Ziemba
NASA Langley Research Center
Single Particle Soot Photometer (SP2), DMT
CAMP2Ex
1, 1
2019, 08, 29, 2020,05,06
0
Time_Start, seconds_past_midnight, start_seconds_past_midnight
3
1, 1, 1
-9999, -9999, -9999
Time_Stop, seconds_past_midnight, stop_seconds_past_midnight
Time_Mid, seconds_past_midnight, mid_seconds_past_midnight
BlackCarbon_STP, Black_Carbon_nanograms_per_standard_cubic_meter, AerComp_BC_InSitu_LII_Accu_MassSTP
1
N/A
19
PI_CONTACT_INFO: 21 Langley Blvd, Hampton, VA 23681
PLATFORM: NASA WFF P3-B N426NA
LOCATION: Philippines; Latitude, Longitude, and Altitude included in Hskping files (MetNav)
ASSOCIATED_DATA: InletFlag, MetNav, cloud flag
INSTRUMENT_INFO: Single particle refractory BC mass measured by laser-induced incandescence. Calibrated using laboratory-generated monodisperse fullerene soot aerosol and polynomial mass/response fit. 
DATA_INFO: Data corrected to STP (760 torr and 273K). Measurements apply to refractory black carbon particles with diameter between 100 and 700nm
UNCERTAINTY: 10%
ULOD_FLAG: -7777
ULOD_VALUE: N/A
LLOD_FLAG: -8888
LLOD_VALUE: N/A
DM_CONTACT_INFO: Luke D. Ziemba, luke.ziemba@nasa.gov, (757)864-6246
PROJECT_INFO: CAMP2Ex based at Clark International Airport, Philippines
STIPULATIONS_ON_USE: Data users are strongly encouraged to contact the instrument PI for information on instrument caveats and best practices.
OTHER_COMMENTS: Data affected by cloud penetrations have NOT been removed.Switched between forward-facing isokinetic inlet and counterflow virtual impactor; flag is provided (InletFlag).Data are removed for calibrations,insufficient laser power,and pump failure.
REVISION: R1
R0: Final Data.  No further adjustments are planned.
R1: Applied time shift of -2s to DLH.
Time_Start, Time_Stop, Time_Mid, BlackCarbon_STP
[from data line 7389]
88182.0,88183.0,88182.5,53.2
88183.0,88184.0,88183.5,193.2
88184.0,88185.0,88184.5,45.1
88185.0,88186.0,88185.5,68.1
88186.0,88187.0,88186.5,66.2
88187.0,88188.0,88187.5,21.5
88188.0,88189.0,88188.5,32.3
88189.0,88190.0,88189.5,89.7
88190.0,88191.0,88190.5,15.9
88191.0,88192.0,88191.5,21.6
88192.0,88193.0,88192.5,52.7
88193.0,88194.0,88193.5,73.2
88194.0,88195.0,88194.5,46.2
88195.0,88196.0,88195.5,34.0
88196.0,88197.0,88196.5,17.8
88197.0,88198.0,88197.5,13.7
88198.0,88199.0,88198.5,4.8
88199.0,88200.0,88199.5,14.7
88200.0,88201.0,88200.5,13.3
88201.0,88202.0,88201.5,25.5
88202.0,88203.0,88202.5,47.8
88203.0,88204.0,88203.5,5.5
88204.0,88205.0,88204.5,12.0
88205.0,88206.0,88205.5,2.2
88206.0,88207.0,88206.5,25.5
88207.0,88208.0,88207.5,3.3
88208.0,88209.0,88208.5,1.5
88209.0,88210.0,88209.5,9.8
88210.0,88211.0,88210.5,17.1
88211.0,88212.0,88211.5,10.0
88212.0,88213.0,88212.5,0.3
88213.0,88214.0,88213.5,10.9
88214.0,88215.0,88214.5,0.6
88215.0,88216.0,88215.5,0.6
88216.0,88217.0,88216.5,0.5
88217.0,88218.0,88217.5,1.0
88218.0,88219.0,88218.5,0.0
88219.0,88220.0,88219.5,0.0
88220.0,88221.0,88220.5,0.0
88221.0,88222.0,88221.5,10.0
88222.0,88223.0,88222.5,0.7
88223.0,88224.0,88223.5,0.0
88224.0,88225.0,88224.5,0.0
88225.0,88226.0,88225.5,3.6
88226.0,88227.0,88226.5,0.0
88227.0,88228.0,88227.5,0.5
88228.0,88229.0,88228.5,0.0
88229.0,88230.0,88229.5,0.0
88230.0,88231.0,88230.5,0.0
88231.0,88232.0,88231.5,0.0
88232.0,88233.0,88232.5,0.5
88233.0,88234.0,88233.5,0.0
88234.0,88235.0,88234.5,4.7
88235.0,88236.0,88235.5,0.0
88236.0,88237.0,88236.5,0.8
88237.0,88238.0,88237.5,3.5
88238.0,88239.0,88238.5,0.0
88239.0,88240.0,88239.5,1.0
88240.0,88241.0,88240.5,0.0
88241.0,88242.0,88241.5,0.5
88242.0,88243.0,88242.5,0.0
88243.0,88244.0,88243.5,0.0
88244.0,88245.0,88244.5,0.0
88245.0,88246.0,88245.5,0.0
88246.0,88247.0,88246.5,0.0
88247.0,88248.0,88247.5,0.0
88248.0,88249.0,88248.5,0.0
88249.0,88250.0,88249.5,0.0
88250.0,88251.0,88250.5,0.0
88251.0,88252.0,88251.5,0.0
88252.0,88253.0,88252.5,0.0
88253.0,88254.0,88253.5,0.0
88254.0,88255.0,88254.5,0.0
88255.0,88256.0,88255.5,0.0
88256.0,88257.0,88256.5,0.0
88257.0,88258.0,88257.5,0.0
88258.0,88259.0,88258.5,0.0
88259.0,88260.0,88259.5,0.0
88260.0,88261.0,88260.5,0.4
88261.0,88262.0,88261.5,0.0
88262.0,88263.0,88262.5,0.0
88263.0,88264.0,88263.5,0.0
88264.0,88265.0,88264.5,0.0
88265.0,88266.0,88265.5,0.0
88266.0,88267.0,88266.5,0.0
88267.0,88268.0,88267.5,0.0
88268.0,88269.0,88268.5,0.0
88269.0,88270.0,88269.5,0.0
88270.0,88271.0,88270.5,0.0
88271.0,88272.0,88271.5,0.0
88272.0,88273.0,88272.5,0.0
88273.0,88274.0,88273.5,0.0
88274.0,88275.0,88274.5,0.0
88275.0,88276.0,88275.5,0.0
88276.0,88277.0,88276.5,0.0
88277.0,88278.0,88277.5,0.0
88278.0,88279.0,88278.5,0.0
88279.0,88280.0,88279.5,0.0
88280.0,88281.0,88280.5,0.0
88281.0,88282.0,88281.5,0.0
88282.0,88283.0,88282.5,0.0
88283.0,88284.0,88283.5,0.0
88284.0,88285.0,88284.5,0.0
88285.0,88286.0,88285.5,0.0
88286.0,88287.0,88286.5,0.0
88287.0,88288.0,88287.5,0.0
88288.0,88289.0,88288.5,0.0
88289.0,88290.0,88289.5,0.0
88290.0,88291.0,88290.5,0.0
88291.0,88292.0,88291.5,0.0
88292.0,88293.0,88292.5,0.0
88293.0,88294.0,88293.5,0.0
88294.0,88295.0,88294.5,0.0
88295.0,88296.0,88295.5,0.0
88296.0,88297.0,88296.5,0.0
88297.0,88298.0,88297.5,0.0
88298.0,88299.0,88298.5,0.0
88299.0,88300.0,88299.5,0.0
88300.0,88301.0,88300.5,0.0
88301.0,88302.0,88301.5,0.0
88302.0,88303.0,88302.5,0.0
88303.0,88304.0,88303.5,0.0
88304.0,88305.0,88304.5,0.0
88305.0,88306.0,88305.5,0.0
88306.0,88307.0,88306.5,0.0
88307.0,88308.0,88307.5,0.0
88308.0,88309.0,88308.5,0.0
88309.0,88310.0,88309.5,0.0
88310.0,88311.0,88310.5,0.0
88311.0,88312.0,88311.5,0.0
88312.0,88313.0,88312.5,0.0
88313.0,88314.0,88313.5,0.0
88314.0,88315.0,88314.5,0.0
88315.0,88316.0,88315.5,0.0
88316.0,88317.0,88316.5,0.0
88317.0,88318.0,88317.5,0.0
88318.0,88319.0,88318.5,0.0
88319.0,88320.0,88319.5,0.0
88320.0,88321.0,88320.5,0.0
88321.0,88322.0,88321.5,0.0
88322.0,88323.0,88322.5,0.0
88323.0,88324.0,88323.5,0.0
88324.0,88325.0,88324.5,0.0
88325.0,88326.0,88325.5,0.0
88326.0,88327.0,88326.5,0.0
88327.0,88328.0,88327.5,0.0
88328.0,88329.0,88328.5,0.0
88329.0,88330.0,88329.5,0.0
88330.0,88331.0,88330.5,0.0
88331.0,88332.0,88331.5,0.0
88332.0,88333.0,88332.5,0.0
88333.0,88334.0,88333.5,0.0
88334.0,88335.0,88334.5,0.0
88335.0,88336.0,88335.5,0.0
88336.0,88337.0,88336.5,0.0
88337.0,88338.0,88337.5,0.0
88338.0,88339.0,88338.5,0.0
88339.0,88340.0,88339.5,0.0
88340.0,88341.0,88340.5,0.0
88341.0,88342.0,88341.5,0.6
88342.0,88343.0,88342.5,0.0
88343.0,88344.0,88343.5,2.6
88344.0,88345.0,88344.5,0.9
88345.0,88346.0,88345.5,1.4
88346.0,88347.0,88346.5,1.4
88347.0,88348.0,88347.5,0.0
88348.0,88349.0,88348.5,0.5
88349.0,88350.0,88349.5,2.7
88350.0,88351.0,88350.5,5.1
88351.0,88352.0,88351.5,0.0
88352.0,88353.0,88352.5,0.0
88353.0,88354.0,88353.5,12.7
88354.0,88355.0,88354.5,0.0
88355.0,88356.0,88355.5,0.0
88356.0,88357.0,88356.5,1.1
88357.0,88358.0,88357.5,0.0
88358.0,88359.0,88358.5,0.0
88359.0,88360.0,88359.5,1.8
88360.0,88361.0,88360.5,0.0
88361.0,88362.0,88361.5,1.9
88362.0,88363.0,88362.5,0.0
88363.0,88364.0,88363.5,0.0
88364.0,88365.0,88364.5,0.8
88365.0,88366.0,88365.5,0.0
88366.0,88367.0,88366.5,0.0
88367.0,88368.0,88367.5,0.3
88368.0,88369.0,88368.5,0.0
88369.0,88370.0,88369.5,0.0
88370.0,88371.0,88370.5,0.0
88371.0,88372.0,88371.5,0.0
88372.0,88373.0,88372.5,0.0
88373.0,88374.0,88373.5,0.0
88374.0,88375.0,88374.5,0.0
88375.0,88376.0,88375.5,0.0
88376.0,88377.0,88376.5,0.0
88377.0,88378.0,88377.5,0.0
88378.0,88379.0,88378.5,0.0
88379.0,88380.0,88379.5,0.0
88380.0,88381.0,88380.5,0.4
88381.0,88382.0,88381.5,0.9
88382.0,88383.0,88382.5,0.0
88383.0,88384.0,88383.5,0.0
88384.0,88385.0,88384.5,0.0
88385.0,88386.0,88385.5,0.0
88386.0,88387.0,88386.5,3.0
88387.0,88388.0,88387.5,38.9
88388.0,88389.0,88388.5,71.1
88389.0,88390.0,88389.5,78.5
88390.0,88391.0,88390.5,44.0
88391.0,88392.0,88391.5,82.4
88392.0,88393.0,88392.5,163.7
88393.0,88394.0,88393.5,55.3
88394.0,88395.0,88394.5,151.3
88395.0,88396.0,88395.5,392.7
88396.0,88397.0,88396.5,170.6
88397.0,88398.0,88397.5,521.0
88398.0,88399.0,88398.5,436.1
88399.0,88400.0,88399.5,333.0
88400.0,88401.0,88400.5,359.7
88401.0,88402.0,88401.5,212.1
88402.0,88403.0,88402.5,634.0
88403.0,88404.0,88403.5,392.1
88404.0,88405.0,88404.5,158.5
88405.0,88406.0,88405.5,210.5
88406.0,88407.0,88406.5,237.4
88407.0,88408.0,88407.5,109.6
88408.0,88409.0,88408.5,160.1
88409.0,88410.0,88409.5,211.6
88410.0,88411.0,88410.5,198.0
88411.0,88412.0,88411.5,173.1
88412.0,88413.0,88412.5,362.5
88413.0,88414.0,88413.5,370.4
88414.0,88415.0,88414.5,176.7
88415.0,88416.0,88415.5,169.5
88416.0,88417.0,88416.5,157.1
88417.0,88418.0,88417.5,439.5
88418.0,88419.0,88418.5,177.1
88419.0,88420.0,88419.5,194.7
88420.0,88421.0,88420.5,249.9
88421.0,88422.0,88421.5,411.0
88422.0,88423.0,88422.5,213.7
88423.0,88424.0,88423.5,270.0
88424.0,88425.0,88424.5,394.1
88425.0,88426.0,88425.5,411.7
88426.0,88427.0,88426.5,151.1
88427.0,88428.0,88427.5,367.0
88428.0,88429.0,88428.5,79.0
88429.0,88430.0,88429.5,225.0
88430.0,88431.0,88430.5,131.0
88431.0,88432.0,88431.5,257.5
88432.0,88433.0,88432.5,288.3
88433.0,88434.0,88433.5,63.1
88434.0,88435.0,88434.5,165.5
88435.0,88436.0,88435.5,89.6
88436.0,88437.0,88436.5,113.4
88437.0,88438.0,88437.5,98.9
88438.0,88439.0,88438.5,104.9
88439.0,88440.0,88439.5,110.8
88440.0,88441.0,88440.5,31.9
88441.0,88442.0,88441.5,57.4
88442.0,88443.0,88442.5,141.2
88443.0,88444.0,88443.5,116.8
88444.0,88445.0,88444.5,114.1
88445.0,88446.0,88445.5,41.5
88446.0,88447.0,88446.5,93.0
88447.0,88448.0,88447.5,61.1
88448.0,88449.0,88448.5,125.8
88449.0,88450.0,88449.5,33.9
88450.0,88451.0,88450.5,41.2
88451.0,88452.0,88451.5,17.5
88452.0,88453.0,88452.5,13.9
88453.0,88454.0,88453.5,20.3
88454.0,88455.0,88454.5,55.0
88455.0,88456.0,88455.5,141.4
88456.0,88457.0,88456.5,46.6
88457.0,88458.0,88457.5,20.1
88458.0,88459.0,88458.5,31.0
88459.0,88460.0,88459.5,7.0
88460.0,88461.0,88460.5,12.4
88461.0,88462.0,88461.5,0.9
88462.0,88463.0,88462.5,7.7
88463.0,88464.0,88463.5,5.9
88464.0,88465.0,88464.5,2.9
88465.0,88466.0,88465.5,6.1
88466.0,88467.0,88466.5,96.5
88467.0,88468.0,88467.5,23.2
88468.0,88469.0,88468.5,30.7
88469.0,88470.0,88469.5,22.2
88470.0,88471.0,88470.5,9.7
88471.0,88472.0,88471.5,19.4
88472.0,88473.0,88472.5,58.6
88473.0,88474.0,88473.5,25.4
88474.0,88475.0,88474.5,1.2
88475.0,88476.0,88475.5,27.5
88476.0,88477.0,88476.5,1.1
88477.0,88478.0,88477.5,0.4
88478.0,88479.0,88478.5,2.0
88479.0,88480.0,88479.5,2.9
88480.0,88481.0,88480.5,0.0
88481.0,88482.0,88481.5,0.0
88482.0,88483.0,88482.5,0.0
88483.0,88484.0,88483.5,0.0
88484.0,88485.0,88484.5,3.7
88485.0,88486.0,88485.5,0.0
88486.0,88487.0,88486.5,0.0
88487.0,88488.0,88487.5,1.9
88488.0,88489.0,88488.5,0.5
88489.0,88490.0,88489.5,0.9
88490.0,88491.0,88490.5,0.0
88491.0,88492.0,88491.5,0.0
88492.0,88493.0,88492.5,0.0
88493.0,88494.0,88493.5,0.0
88494.0,88495.0,88494.5,1.0
88495.0,88496.0,88495.5,0.0
88496.0,88497.0,88496.5,1.8
88497.0,88498.0,88497.5,0.0
88498.0,88499.0,88498.5,0.0
88499.0,88500.0,88499.5,0.0
88500.0,88501.0,88500.5,0.0
88501.0,88502.0,88501.5,0.0
88502.0,88503.0,88502.5,0.0
88503.0,88504.0,88503.5,0.0
88504.0,88505.0,88504.5,0.0
88505.0,88506.0,88505.5,0.0
88506.0,88507.0,88506.5,0.0
88507.0,88508.0,88507.5,0.0
88508.0,88509.0,88508.5,0.5
88509.0,88510.0,88509.5,1.7
88510.0,88511.0,88510.5,17.8
88511.0,88512.0,88511.5,3.3
88512.0,88513.0,88512.5,0.0
88513.0,88514.0,88513.5,24.5
88514.0,88515.0,88514.5,0.0
88515.0,88516.0,88515.5,18.1
88516.0,88517.0,88516.5,0.6
88517.0,88518.0,88517.5,9.0
88518.0,88519.0,88518.5,5.2
88519.0,88520.0,88519.5,10.3
88520.0,88521.0,88520.5,3.9
88521.0,88522.0,88521.5,3.1
88522.0,88523.0,88522.5,2.1
88523.0,88524.0,88523.5,1.7
88524.0,88525.0,88524.5,0.0
88525.0,88526.0,88525.5,3.1
88526.0,88527.0,88526.5,3.7
88527.0,88528.0,88527.5,4.3
88528.0,88529.0,88528.5,22.3
88529.0,88530.0,88529.5,60.9
88530.0,88531.0,88530.5,19.4
88531.0,88532.0,88531.5,11.8
88532.0,88533.0,88532.5,15.3
88533.0,88534.0,88533.5,0.4
88534.0,88535.0,88534.5,1.4
88535.0,88536.0,88535.5,1.5
88536.0,88537.0,88536.5,23.7
88537.0,88538.0,88537.5,0.5
88538.0,88539.0,88538.5,0.0
88539.0,88540.0,88539.5,3.9
88540.0,88541.0,88540.5,0.8
88541.0,88542.0,88541.5,3.5
88542.0,88543.0,88542.5,2.3
88543.0,88544.0,88543.5,1.5
88544.0,88545.0,88544.5,2.4
88545.0,88546.0,88545.5,10.8
88546.0,88547.0,88546.5,4.7
88547.0,88548.0,88547.5,2.9
88548.0,88549.0,88548.5,10.7
88549.0,88550.0,88549.5,39.6
88550.0,88551.0,88550.5,36.7
88551.0,88552.0,88551.5,7.2
88552.0,88553.0,88552.5,97.6
88553.0,88554.0,88553.5,21.2
88554.0,88555.0,88554.5,28.3
88555.0,88556.0,88555.5,30.2
88556.0,88557.0,88556.5,46.8
88557.0,88558.0,88557.5,21.0
88558.0,88559.0,88558.5,25.6
88559.0,88560.0,88559.5,37.7
88560.0,88561.0,88560.5,41.0
88561.0,88562.0,88561.5,18.4
88562.0,88563.0,88562.5,56.0
88563.0,88564.0,88563.5,23.0
88564.0,88565.0,88564.5,77.5
88565.0,88566.0,88565.5,9.2
88566.0,88567.0,88566.5,94.8
88567.0,88568.0,88567.5,11.3
88568.0,88569.0,88568.5,12.6
88569.0,88570.0,88569.5,172.5
88570.0,88571.0,88570.5,36.0
88571.0,88572.0,88571.5,24.5
88572.0,88573.0,88572.5,8.1
88573.0,88574.0,88573.5,55.7
88574.0,88575.0,88574.5,212.1
88575.0,88576.0,88575.5,73.5
88576.0,88577.0,88576.5,10.5
88577.0,88578.0,88577.5,33.5
88578.0,88579.0,88578.5,51.6
88579.0,88580.0,88579.5,53.7
88580.0,88581.0,88580.5,25.6
88581.0,88582.0,88581.5,31.1
88582.0,88583.0,88582.5,26.2
88583.0,88584.0,88583.5,16.4
88584.0,88585.0,88584.5,11.0
88585.0,88586.0,88585.5,57.2
88586.0,88587.0,88586.5,19.6
88587.0,88588.0,88587.5,29.9
88588.0,88589.0,88588.5,82.8
88589.0,88590.0,88589.5,67.4
88590.0,88591.0,88590.5,56.2
88591.0,88592.0,88591.5,103.2
88592.0,88593.0,88592.5,46.5
88593.0,88594.0,88593.5,341.5
88594.0,88595.0,88594.5,127.5
88595.0,88596.0,88595.5,59.9
88596.0,88597.0,88596.5,44.4
88597.0,88598.0,88597.5,7.7
88598.0,88599.0,88598.5,24.5
88599.0,88600.0,88599.5,30.2
88600.0,88601.0,88600.5,76.3
88601.0,88602.0,88601.5,303.1
88602.0,88603.0,88602.5,98.4
88603.0,88604.0,88603.5,161.0
88604.0,88605.0,88604.5,25.1
88605.0,88606.0,88605.5,19.9
88606.0,88607.0,88606.5,18.7
88607.0,88608.0,88607.5,56.9
88608.0,88609.0,88608.5,24.1
88609.0,88610.0,88609.5,28.9
88610.0,88611.0,88610.5,54.9
88611.0,88612.0,88611.5,42.5
88612.0,88613.0,88612.5,0.6
88613.0,88614.0,88613.5,9.3
88614.0,88615.0,88614.5,13.3
88615.0,88616.0,88615.5,6.5
88616.0,88617.0,88616.5,1.8
88617.0,88618.0,88617.5,23.1
88618.0,88619.0,88618.5,23.0
88619.0,88620.0,88619.5,19.9
88620.0,88621.0,88620.5,5.6
88621.0,88622.0,88621.5,21.5
88622.0,88623.0,88622.5,2.7
88623.0,88624.0,88623.5,19.6
88624.0,88625.0,88624.5,5.7
88625.0,88626.0,88625.5,36.0
88626.0,88627.0,88626.5,14.9
88627.0,88628.0,88627.5,39.8
88628.0,88629.0,88628.5,3.0
88629.0,88630.0,88629.5,22.7
88630.0,88631.0,88630.5,11.4
88631.0,88632.0,88631.5,0.6
88632.0,88633.0,88632.5,2.7
88633.0,88634.0,88633.5,22.3
88634.0,88635.0,88634.5,11.3
88635.0,88636.0,88635.5,34.1
88636.0,88637.0,88636.5,17.6
88637.0,88638.0,88637.5,17.9
88638.0,88639.0,88638.5,37.6
88639.0,88640.0,88639.5,37.9
88640.0,88641.0,88640.5,64.8
88641.0,88642.0,88641.5,18.1
88642.0,88643.0,88642.5,12.6
88643.0,88644.0,88643.5,2.0
88644.0,88645.0,88644.5,6.1
88645.0,88646.0,88645.5,22.4
88646.0,88647.0,88646.5,7.5
88647.0,88648.0,88647.5,43.0
88648.0,88649.0,88648.5,55.1
88649.0,88650.0,88649.5,6.4
88650.0,88651.0,88650.5,8.9
88651.0,88652.0,88651.5,55.2
88652.0,88653.0,88652.5,12.7
88653.0,88654.0,88653.5,5.4
88654.0,88655.0,88654.5,1.9
88655.0,88656.0,88655.5,17.6
88656.0,88657.0,88656.5,126.0
88657.0,88658.0,88657.5,52.0
88658.0,88659.0,88658.5,16.1
88659.0,88660.0,88659.5,4.1
88660.0,88661.0,88660.5,17.1
88661.0,88662.0,88661.5,44.4
88662.0,88663.0,88662.5,1.0
88663.0,88664.0,88663.5,29.1
88664.0,88665.0,88664.5,43.6
88665.0,88666.0,88665.5,21.9
88666.0,88667.0,88666.5,28.0
88667.0,88668.0,88667.5,64.6
88668.0,88669.0,88668.5,12.8
88669.0,88670.0,88669.5,24.0
88670.0,88671.0,88670.5,17.0
88671.0,88672.0,88671.5,0.0
88672.0,88673.0,88672.5,17.0
88673.0,88674.0,88673.5,15.4
88674.0,88675.0,88674.5,11.1
88675.0,88676.0,88675.5,0.5
88676.0,88677.0,88676.5,20.5
88677.0,88678.0,88677.5,24.1
88678.0,88679.0,88678.5,10.0
88679.0,88680.0,88679.5,1.1
88680.0,88681.0,88680.5,1.9
88681.0,88682.0,88681.5,5.4
88682.0,88683.0,88682.5,13.9
88683.0,88684.0,88683.5,6.6
88684.0,88685.0,88684.5,0.7
88685.0,88686.0,88685.5,0.0
88686.0,88687.0,88686.5,17.6
88687.0,88688.0,88687.5,6.9
88688.0,88689.0,88688.5,0.4
88689.0,88690.0,88689.5,0.0
88690.0,88691.0,88690.5,0.6
88691.0,88692.0,88691.5,1.3
88692.0,88693.0,88692.5,0.0
88693.0,88694.0,88693.5,0.9
88694.0,88695.0,88694.5,0.0
88695.0,88696.0,88695.5,2.1
88696.0,88697.0,88696.5,0.0
88697.0,88698.0,88697.5,0.4
88698.0,88699.0,88698.5,0.4
88699.0,88700.0,88699.5,0.0
88700.0,88701.0,88700.5,2.2
88701.0,88702.0,88701.5,0.0
88702.0,88703.0,88702.5,0.8
88703.0,88704.0,88703.5,2.7
88704.0,88705.0,88704.5,0.4
88705.0,88706.0,88705.5,0.0
88706.0,88707.0,88706.5,2.6
88707.0,88708.0,88707.5,2.9
88708.0,88709.0,88708.5,0.0
88709.0,88710.0,88709.5,0.0
88710.0,88711.0,88710.5,0.0
88711.0,88712.0,88711.5,0.0
88712.0,88713.0,88712.5,0.0
88713.0,88714.0,88713.5,0.0
88714.0,88715.0,88714.5,0.0
88715.0,88716.0,88715.5,0.0
88716.0,88717.0,88716.5,0.0
88717.0,88718.0,88717.5,0.0
88718.0,88719.0,88718.5,0.0
88719.0,88720.0,88719.5,0.0
88720.0,88721.0,88720.5,0.0
88721.0,88722.0,88721.5,0.0
88722.0,88723.0,88722.5,0.0
88723.0,88724.0,88723.5,0.0
88724.0,88725.0,88724.5,0.0
88725.0,88726.0,88725.5,0.0
88726.0,88727.0,88726.5,0.0
88727.0,88728.0,88727.5,0.0
88728.0,88729.0,88728.5,0.0
88729.0,88730.0,88729.5,0.0
88730.0,88731.0,88730.5,0.0
88731.0,88732.0,88731.5,0.0
88732.0,88733.0,88732.5,0.0
88733.0,88734.0,88733.5,0.0
88734.0,88735.0,88734.5,0.0
88735.0,88736.0,88735.5,0.0
88736.0,88737.0,88736.5,0.0
88737.0,88738.0,88737.5,0.0
88738.0,88739.0,88738.5,0.0
88739.0,88740.0,88739.5,0.0
88740.0,88741.0,88740.5,1.0
88741.0,88742.0,88741.5,0.0
