NASA Data Processing/CAMP2Ex/SP2/CAMP2Ex-LARGE-SP2_P3B_20191005_R1.ict
37, 1001
Luke D. Ziemba
NASA Langley Research Center
Single Particle Soot Photometer (SP2), DMT
CAMP2Ex
1, 1
2019, 10, 05, 2020,05,06
0
Time_Start, seconds_past_midnight, start_seconds_past_midnight
3
1, 1, 1
-9999, -9999, -9999
Time_Stop, seconds_past_midnight, stop_seconds_past_midnight
Time_Mid, seconds_past_midnight, mid_seconds_past_midnight
BlackCarbon_STP, Black_Carbon_nanograms_per_standard_cubic_meter, AerComp_BC_InSitu_LII_Accu_MassSTP
1
N/A
19
PI_CONTACT_INFO: 21 Langley Blvd, Hampton, VA 23681
PLATFORM: NASA WFF P3-B N426NA
LOCATION: Philippines; Latitude, Longitude, and Altitude included in Hskping files (MetNav)
ASSOCIATED_DATA: InletFlag, MetNav, cloud flag
INSTRUMENT_INFO: Single particle refractory BC mass measured by laser-induced incandescence. Calibrated using laboratory-generated monodisperse fullerene soot aerosol and polynomial mass/response fit. 
DATA_INFO: Data corrected to STP (760 torr and 273K). Measurements apply to refractory black carbon particles with diameter between 100 and 700nm
UNCERTAINTY: 10%
ULOD_FLAG: -7777
ULOD_VALUE: N/A
LLOD_FLAG: -8888
LLOD_VALUE: N/A
DM_CONTACT_INFO: Luke D. Ziemba, luke.ziemba@nasa.gov, (757)864-6246
PROJECT_INFO: CAMP2Ex based at Clark International Airport, Philippines
STIPULATIONS_ON_USE: Data users are strongly encouraged to contact the instrument PI for information on instrument caveats and best practices.
OTHER_COMMENTS: Data affected by cloud penetrations have NOT been removed.Switched between forward-facing isokinetic inlet and counterflow virtual impactor; flag is provided (InletFlag).Data are removed for calibrations,insufficient laser power,and pump failure.
REVISION: R1
R0: Final Data.  No further adjustments are planned.
R1: Applied time shift of -2s to DLH.
Time_Start, Time_Stop, Time_Mid, BlackCarbon_STP
[from data line 15871]
21377.0,21378.0,21377.5,0.0
21378.0,21379.0,21378.5,0.0
21379.0,21380.0,21379.5,0.0
21380.0,21381.0,21380.5,0.0
21381.0,21382.0,21381.5,0.0
21382.0,21383.0,21382.5,0.0
21383.0,21384.0,21383.5,0.0
21384.0,21385.0,21384.5,0.0
21385.0,21386.0,21385.5,0.0
21386.0,21387.0,21386.5,0.0
21387.0,21388.0,21387.5,0.0
21388.0,21389.0,21388.5,0.0
21389.0,21390.0,21389.5,0.0
21390.0,21391.0,21390.5,0.0
21391.0,21392.0,21391.5,0.0
21392.0,21393.0,21392.5,0.0
21393.0,21394.0,21393.5,0.0
21394.0,21395.0,21394.5,0.0
21395.0,21396.0,21395.5,0.0
21396.0,21397.0,21396.5,0.0
21397.0,21398.0,21397.5,0.0
21398.0,21399.0,21398.5,0.0
21399.0,21400.0,21399.5,0.0
21400.0,21401.0,21400.5,0.0
21401.0,21402.0,21401.5,0.0
21402.0,21403.0,21402.5,0.0
21403.0,21404.0,21403.5,0.0
21404.0,21405.0,21404.5,0.0
21405.0,21406.0,21405.5,0.0
21406.0,21407.0,21406.5,0.0
21407.0,21408.0,21407.5,0.0
21408.0,21409.0,21408.5,0.0
21409.0,21410.0,21409.5,0.0
21410.0,21411.0,21410.5,0.0
21411.0,21412.0,21411.5,0.0
21412.0,21413.0,21412.5,0.0
21413.0,21414.0,21413.5,0.0
21414.0,21415.0,21414.5,0.0
21415.0,21416.0,21415.5,0.0
21416.0,21417.0,21416.5,0.0
21417.0,21418.0,21417.5,0.0
21418.0,21419.0,21418.5,0.0
21419.0,21420.0,21419.5,0.0
21420.0,21421.0,21420.5,0.0
21421.0,21422.0,21421.5,0.0
21422.0,21423.0,21422.5,0.0
21423.0,21424.0,21423.5,0.0
21424.0,21425.0,21424.5,0.0
21425.0,21426.0,21425.5,0.0
21426.0,21427.0,21426.5,0.0
21427.0,21428.0,21427.5,0.0
21428.0,21429.0,21428.5,0.0
21429.0,21430.0,21429.5,0.0
21430.0,21431.0,21430.5,0.0
21431.0,21432.0,21431.5,0.0
21432.0,21433.0,21432.5,0.0
21433.0,21434.0,21433.5,0.0
21434.0,21435.0,21434.5,0.0
21435.0,21436.0,21435.5,0.0
21436.0,21437.0,21436.5,0.0
21437.0,21438.0,21437.5,0.0
21438.0,21439.0,21438.5,0.0
21439.0,21440.0,21439.5,0.0
21440.0,21441.0,21440.5,0.0
21441.0,21442.0,21441.5,0.0
21442.0,21443.0,21442.5,0.0
21443.0,21444.0,21443.5,0.0
21444.0,21445.0,21444.5,0.0
21445.0,21446.0,21445.5,0.0
21446.0,21447.0,21446.5,0.0
21447.0,21448.0,21447.5,0.0
21448.0,21449.0,21448.5,0.0
21449.0,21450.0,21449.5,0.0
21450.0,21451.0,21450.5,0.0
21451.0,21452.0,21451.5,0.0
21452.0,21453.0,21452.5,0.0
21453.0,21454.0,21453.5,0.0
21454.0,21455.0,21454.5,0.0
21455.0,21456.0,21455.5,0.0
21456.0,21457.0,21456.5,0.0
21457.0,21458.0,21457.5,0.0
21458.0,21459.0,21458.5,0.0
21459.0,21460.0,21459.5,0.0
21460.0,21461.0,21460.5,0.0
21461.0,21462.0,21461.5,0.0
21462.0,21463.0,21462.5,0.0
21463.0,21464.0,21463.5,0.0
21464.0,21465.0,21464.5,0.0
21465.0,21466.0,21465.5,0.0
21466.0,21467.0,21466.5,0.0
21467.0,21468.0,21467.5,0.0
21468.0,21469.0,21468.5,0.0
21469.0,21470.0,21469.5,0.0
21470.0,21471.0,21470.5,0.0
21471.0,21472.0,21471.5,0.0
21472.0,21473.0,21472.5,0.0
21473.0,21474.0,21473.5,0.0
21474.0,21475.0,21474.5,0.0
21475.0,21476.0,21475.5,0.0
21476.0,21477.0,21476.5,0.0
21477.0,21478.0,21477.5,0.0
21478.0,21479.0,21478.5,0.0
21479.0,21480.0,21479.5,0.0
21480.0,21481.0,21480.5,0.0
21481.0,21482.0,21481.5,0.0
21482.0,21483.0,21482.5,0.0
21483.0,21484.0,21483.5,0.0
21484.0,21485.0,21484.5,0.0
21485.0,21486.0,21485.5,0.0
21486.0,21487.0,21486.5,0.0
21487.0,21488.0,21487.5,0.0
21488.0,21489.0,21488.5,0.0
21489.0,21490.0,21489.5,0.0
21490.0,21491.0,21490.5,0.0
21491.0,21492.0,21491.5,0.0
21492.0,21493.0,21492.5,0.0
21493.0,21494.0,21493.5,0.0
21494.0,21495.0,21494.5,0.0
21495.0,21496.0,21495.5,0.0
21496.0,21497.0,21496.5,0.0
21497.0,21498.0,21497.5,0.0
21498.0,21499.0,21498.5,0.0
21499.0,21500.0,21499.5,0.0
21500.0,21501.0,21500.5,0.0
21501.0,21502.0,21501.5,0.0
21502.0,21503.0,21502.5,0.0
21503.0,21504.0,21503.5,0.0
21504.0,21505.0,21504.5,0.0
21505.0,21506.0,21505.5,0.0
21506.0,21507.0,21506.5,0.0
21507.0,21508.0,21507.5,0.0
21508.0,21509.0,21508.5,0.0
21509.0,21510.0,21509.5,0.0
21510.0,21511.0,21510.5,0.0
21511.0,21512.0,21511.5,0.0
21512.0,21513.0,21512.5,0.0
21513.0,21514.0,21513.5,0.0
21514.0,21515.0,21514.5,0.0
21515.0,21516.0,21515.5,0.0
21516.0,21517.0,21516.5,0.0
21517.0,21518.0,21517.5,0.0
21518.0,21519.0,21518.5,0.0
21519.0,21520.0,21519.5,0.0
21520.0,21521.0,21520.5,0.0
21521.0,21522.0,21521.5,0.0
21522.0,21523.0,21522.5,0.0
21523.0,21524.0,21523.5,0.0
21524.0,21525.0,21524.5,0.0
21525.0,21526.0,21525.5,0.0
21526.0,21527.0,21526.5,0.0
21527.0,21528.0,21527.5,0.0
21528.0,21529.0,21528.5,0.0
21529.0,21530.0,21529.5,0.0
21530.0,21531.0,21530.5,0.0
21531.0,21532.0,21531.5,0.0
21532.0,21533.0,21532.5,0.0
21533.0,21534.0,21533.5,0.0
21534.0,21535.0,21534.5,0.0
21535.0,21536.0,21535.5,0.0
21536.0,21537.0,21536.5,0.0
21537.0,21538.0,21537.5,0.0
21538.0,21539.0,21538.5,0.0
21539.0,21540.0,21539.5,0.0
21540.0,21541.0,21540.5,0.0
21541.0,21542.0,21541.5,0.0
21542.0,21543.0,21542.5,0.0
21543.0,21544.0,21543.5,0.0
21544.0,21545.0,21544.5,0.0
21545.0,21546.0,21545.5,0.0
21546.0,21547.0,21546.5,0.0
21547.0,21548.0,21547.5,0.0
21548.0,21549.0,21548.5,0.0
21549.0,21550.0,21549.5,0.0
21550.0,21551.0,21550.5,0.0
21551.0,21552.0,21551.5,0.0
21552.0,21553.0,21552.5,0.0
21553.0,21554.0,21553.5,0.0
21554.0,21555.0,21554.5,0.0
21555.0,21556.0,21555.5,0.0
21556.0,21557.0,21556.5,0.0
21557.0,21558.0,21557.5,0.0
21558.0,21559.0,21558.5,0.0
21559.0,21560.0,21559.5,0.0
21560.0,21561.0,21560.5,0.0
21561.0,21562.0,21561.5,0.0
21562.0,21563.0,21562.5,0.0
21563.0,21564.0,21563.5,0.0
21564.0,21565.0,21564.5,0.0
21565.0,21566.0,21565.5,0.0
21566.0,21567.0,21566.5,0.0
21567.0,21568.0,21567.5,0.0
21568.0,21569.0,21568.5,0.0
21569.0,21570.0,21569.5,0.0
21570.0,21571.0,21570.5,0.0
21571.0,21572.0,21571.5,0.0
21572.0,21573.0,21572.5,0.0
21573.0,21574.0,21573.5,0.0
21574.0,21575.0,21574.5,0.0
21575.0,21576.0,21575.5,0.0
21576.0,21577.0,21576.5,0.0
21577.0,21578.0,21577.5,0.0
21578.0,21579.0,21578.5,3.5
21579.0,21580.0,21579.5,9.7
21580.0,21581.0,21580.5,0.0
21581.0,21582.0,21581.5,0.0
21582.0,21583.0,21582.5,0.0
21583.0,21584.0,21583.5,0.0
21584.0,21585.0,21584.5,0.0
21585.0,21586.0,21585.5,0.0
21586.0,21587.0,21586.5,1.0
21587.0,21588.0,21587.5,0.0
21588.0,21589.0,21588.5,0.0
21589.0,21590.0,21589.5,0.0
21590.0,21591.0,21590.5,1.0
21591.0,21592.0,21591.5,0.0
21592.0,21593.0,21592.5,0.0
21593.0,21594.0,21593.5,0.0
21594.0,21595.0,21594.5,0.0
21595.0,21596.0,21595.5,0.4
21596.0,21597.0,21596.5,0.0
21597.0,21598.0,21597.5,4.1
21598.0,21599.0,21598.5,0.0
21599.0,21600.0,21599.5,0.0
21600.0,21601.0,21600.5,0.0
21601.0,21602.0,21601.5,0.7
21602.0,21603.0,21602.5,0.0
21603.0,21604.0,21603.5,0.0
21604.0,21605.0,21604.5,0.0
21605.0,21606.0,21605.5,0.0
21606.0,21607.0,21606.5,0.0
21607.0,21608.0,21607.5,0.0
21608.0,21609.0,21608.5,1.8
21609.0,21610.0,21609.5,0.4
21610.0,21611.0,21610.5,0.0
21611.0,21612.0,21611.5,0.0
21612.0,21613.0,21612.5,0.0
21613.0,21614.0,21613.5,4.2
21614.0,21615.0,21614.5,0.8
21615.0,21616.0,21615.5,3.7
21616.0,21617.0,21616.5,1.5
21617.0,21618.0,21617.5,0.0
21618.0,21619.0,21618.5,0.4
21619.0,21620.0,21619.5,0.0
21620.0,21621.0,21620.5,0.0
21621.0,21622.0,21621.5,0.0
21622.0,21623.0,21622.5,0.0
21623.0,21624.0,21623.5,0.0
21624.0,21625.0,21624.5,0.0
21625.0,21626.0,21625.5,0.0
21626.0,21627.0,21626.5,0.0
21627.0,21628.0,21627.5,0.0
21628.0,21629.0,21628.5,2.2
21629.0,21630.0,21629.5,0.0
21630.0,21631.0,21630.5,0.0
21631.0,21632.0,21631.5,0.0
21632.0,21633.0,21632.5,0.4
21633.0,21634.0,21633.5,0.0
21634.0,21635.0,21634.5,19.1
21635.0,21636.0,21635.5,0.0
21636.0,21637.0,21636.5,3.9
21637.0,21638.0,21637.5,0.0
21638.0,21639.0,21638.5,0.0
21639.0,21640.0,21639.5,0.0
21640.0,21641.0,21640.5,0.0
21641.0,21642.0,21641.5,0.4
21642.0,21643.0,21642.5,0.0
21643.0,21644.0,21643.5,0.0
21644.0,21645.0,21644.5,0.8
21645.0,21646.0,21645.5,0.0
21646.0,21647.0,21646.5,0.0
21647.0,21648.0,21647.5,0.0
21648.0,21649.0,21648.5,0.0
21649.0,21650.0,21649.5,2.2
21650.0,21651.0,21650.5,0.0
21651.0,21652.0,21651.5,0.0
21652.0,21653.0,21652.5,0.0
21653.0,21654.0,21653.5,1.2
21654.0,21655.0,21654.5,1.2
21655.0,21656.0,21655.5,0.0
21656.0,21657.0,21656.5,1.5
21657.0,21658.0,21657.5,0.8
21658.0,21659.0,21658.5,0.0
21659.0,21660.0,21659.5,0.0
21660.0,21661.0,21660.5,0.0
21661.0,21662.0,21661.5,0.0
21662.0,21663.0,21662.5,0.0
21663.0,21664.0,21663.5,0.0
21664.0,21665.0,21664.5,0.0
21665.0,21666.0,21665.5,0.0
21666.0,21667.0,21666.5,0.0
21667.0,21668.0,21667.5,0.0
21668.0,21669.0,21668.5,0.0
21669.0,21670.0,21669.5,0.0
21670.0,21671.0,21670.5,0.0
21671.0,21672.0,21671.5,0.0
21672.0,21673.0,21672.5,0.0
21673.0,21674.0,21673.5,1.9
21674.0,21675.0,21674.5,1.5
21675.0,21676.0,21675.5,0.0
21676.0,21677.0,21676.5,0.0
21677.0,21678.0,21677.5,0.0
21678.0,21679.0,21678.5,0.0
21679.0,21680.0,21679.5,0.0
21680.0,21681.0,21680.5,0.7
21681.0,21682.0,21681.5,0.0
21682.0,21683.0,21682.5,0.7
21683.0,21684.0,21683.5,0.0
21684.0,21685.0,21684.5,0.0
21685.0,21686.0,21685.5,0.8
21686.0,21687.0,21686.5,1.5
21687.0,21688.0,21687.5,0.0
21688.0,21689.0,21688.5,0.0
21689.0,21690.0,21689.5,0.0
21690.0,21691.0,21690.5,47.0
21691.0,21692.0,21691.5,0.0
21692.0,21693.0,21692.5,1.0
21693.0,21694.0,21693.5,0.0
21694.0,21695.0,21694.5,0.0
21695.0,21696.0,21695.5,0.0
21696.0,21697.0,21696.5,0.0
21697.0,21698.0,21697.5,0.0
21698.0,21699.0,21698.5,0.0
21699.0,21700.0,21699.5,0.0
21700.0,21701.0,21700.5,0.0
21701.0,21702.0,21701.5,0.0
21702.0,21703.0,21702.5,0.0
21703.0,21704.0,21703.5,0.0
21704.0,21705.0,21704.5,0.0
21705.0,21706.0,21705.5,1.1
21706.0,21707.0,21706.5,0.0
21707.0,21708.0,21707.5,0.0
21708.0,21709.0,21708.5,0.0
21709.0,21710.0,21709.5,0.4
21710.0,21711.0,21710.5,0.0
21711.0,21712.0,21711.5,0.0
21712.0,21713.0,21712.5,0.0
21713.0,21714.0,21713.5,0.0
21714.0,21715.0,21714.5,0.0
21715.0,21716.0,21715.5,0.0
21716.0,21717.0,21716.5,0.0
21717.0,21718.0,21717.5,0.0
21718.0,21719.0,21718.5,0.0
21719.0,21720.0,21719.5,0.0
21720.0,21721.0,21720.5,0.5
21721.0,21722.0,21721.5,0.0
21722.0,21723.0,21722.5,0.0
21723.0,21724.0,21723.5,0.4
21724.0,21725.0,21724.5,0.4
21725.0,21726.0,21725.5,0.0
21726.0,21727.0,21726.5,0.0
21727.0,21728.0,21727.5,1.5
21728.0,21729.0,21728.5,0.0
21729.0,21730.0,21729.5,0.0
21730.0,21731.0,21730.5,0.4
21731.0,21732.0,21731.5,1.4
21732.0,21733.0,21732.5,1.0
21733.0,21734.0,21733.5,0.0
21734.0,21735.0,21734.5,0.0
21735.0,21736.0,21735.5,0.0
21736.0,21737.0,21736.5,0.0
21737.0,21738.0,21737.5,0.0
21738.0,21739.0,21738.5,0.0
21739.0,21740.0,21739.5,0.0
21740.0,21741.0,21740.5,2.3
21741.0,21742.0,21741.5,0.0
21742.0,21743.0,21742.5,0.0
21743.0,21744.0,21743.5,0.0
21744.0,21745.0,21744.5,0.0
21745.0,21746.0,21745.5,0.0
21746.0,21747.0,21746.5,0.0
21747.0,21748.0,21747.5,0.0
21748.0,21749.0,21748.5,0.0
21749.0,21750.0,21749.5,0.0
21750.0,21751.0,21750.5,0.0
21751.0,21752.0,21751.5,0.0
21752.0,21753.0,21752.5,0.0
21753.0,21754.0,21753.5,0.0
21754.0,21755.0,21754.5,0.6
21755.0,21756.0,21755.5,0.0
21756.0,21757.0,21756.5,0.0
21757.0,21758.0,21757.5,0.0
21758.0,21759.0,21758.5,0.0
21759.0,21760.0,21759.5,0.0
21760.0,21761.0,21760.5,0.0
21761.0,21762.0,21761.5,0.0
21762.0,21763.0,21762.5,0.0
21763.0,21764.0,21763.5,0.0
21764.0,21765.0,21764.5,0.0
21765.0,21766.0,21765.5,3.9
21766.0,21767.0,21766.5,0.0
21767.0,21768.0,21767.5,0.0
21768.0,21769.0,21768.5,0.0
21769.0,21770.0,21769.5,0.0
21770.0,21771.0,21770.5,0.0
21771.0,21772.0,21771.5,1.1
21772.0,21773.0,21772.5,0.4
21773.0,21774.0,21773.5,0.0
21774.0,21775.0,21774.5,0.0
21775.0,21776.0,21775.5,0.0
21776.0,21777.0,21776.5,0.0
21777.0,21778.0,21777.5,0.0
21778.0,21779.0,21778.5,0.0
21779.0,21780.0,21779.5,0.0
21780.0,21781.0,21780.5,0.0
21781.0,21782.0,21781.5,0.7
21782.0,21783.0,21782.5,0.0
21783.0,21784.0,21783.5,0.0
21784.0,21785.0,21784.5,0.0
21785.0,21786.0,21785.5,0.0
21786.0,21787.0,21786.5,0.0
21787.0,21788.0,21787.5,0.0
21788.0,21789.0,21788.5,1.8
21789.0,21790.0,21789.5,0.9
21790.0,21791.0,21790.5,0.0
21791.0,21792.0,21791.5,0.0
21792.0,21793.0,21792.5,0.4
21793.0,21794.0,21793.5,0.0
21794.0,21795.0,21794.5,0.0
21795.0,21796.0,21795.5,0.6
21796.0,21797.0,21796.5,0.0
21797.0,21798.0,21797.5,0.0
21798.0,21799.0,21798.5,0.0
21799.0,21800.0,21799.5,0.0
21800.0,21801.0,21800.5,0.0
21801.0,21802.0,21801.5,0.0
21802.0,21803.0,21802.5,0.0
21803.0,21804.0,21803.5,0.0
21804.0,21805.0,21804.5,1.2
21805.0,21806.0,21805.5,0.0
21806.0,21807.0,21806.5,0.0
21807.0,21808.0,21807.5,0.0
21808.0,21809.0,21808.5,0.0
21809.0,21810.0,21809.5,0.0
21810.0,21811.0,21810.5,0.0
21811.0,21812.0,21811.5,0.0
21812.0,21813.0,21812.5,0.0
21813.0,21814.0,21813.5,0.0
21814.0,21815.0,21814.5,0.0
21815.0,21816.0,21815.5,0.0
21816.0,21817.0,21816.5,0.0
21817.0,21818.0,21817.5,0.0
21818.0,21819.0,21818.5,0.0
21819.0,21820.0,21819.5,0.0
21820.0,21821.0,21820.5,0.0
21821.0,21822.0,21821.5,0.0
21822.0,21823.0,21822.5,0.0
21823.0,21824.0,21823.5,0.0
21824.0,21825.0,21824.5,0.0
21825.0,21826.0,21825.5,0.0
21826.0,21827.0,21826.5,0.0
21827.0,21828.0,21827.5,0.0
21828.0,21829.0,21828.5,0.0
21829.0,21830.0,21829.5,0.0
21830.0,21831.0,21830.5,0.0
21831.0,21832.0,21831.5,0.0
21832.0,21833.0,21832.5,0.0
21833.0,21834.0,21833.5,0.0
21834.0,21835.0,21834.5,0.0
21835.0,21836.0,21835.5,0.0
21836.0,21837.0,21836.5,0.0
21837.0,21838.0,21837.5,0.0
21838.0,21839.0,21838.5,0.0
21839.0,21840.0,21839.5,0.0
21840.0,21841.0,21840.5,0.0
21841.0,21842.0,21841.5,0.0
21842.0,21843.0,21842.5,18.5
21843.0,21844.0,21843.5,75.1
21844.0,21845.0,21844.5,48.7
21845.0,21846.0,21845.5,103.6
21846.0,21847.0,21846.5,38.3
21847.0,21848.0,21847.5,470.2
21848.0,21849.0,21848.5,165.4
21849.0,21850.0,21849.5,118.3
21850.0,21851.0,21850.5,54.9
21851.0,21852.0,21851.5,26.1
21852.0,21853.0,21852.5,159.6
21853.0,21854.0,21853.5,291.6
21854.0,21855.0,21854.5,503.1
21855.0,21856.0,21855.5,163.8
21856.0,21857.0,21856.5,27.8
21857.0,21858.0,21857.5,43.4
21858.0,21859.0,21858.5,7.1
21859.0,21860.0,21859.5,0.8
21860.0,21861.0,21860.5,0.0
21861.0,21862.0,21861.5,0.0
21862.0,21863.0,21862.5,0.0
21863.0,21864.0,21863.5,0.0
21864.0,21865.0,21864.5,0.0
21865.0,21866.0,21865.5,0.0
21866.0,21867.0,21866.5,0.0
21867.0,21868.0,21867.5,0.0
21868.0,21869.0,21868.5,0.0
21869.0,21870.0,21869.5,0.0
21870.0,21871.0,21870.5,0.0
21871.0,21872.0,21871.5,4.5
21872.0,21873.0,21872.5,5.4
21873.0,21874.0,21873.5,0.0
21874.0,21875.0,21874.5,0.0
21875.0,21876.0,21875.5,0.7
21876.0,21877.0,21876.5,0.0
21877.0,21878.0,21877.5,0.0
21878.0,21879.0,21878.5,0.0
21879.0,21880.0,21879.5,0.0
21880.0,21881.0,21880.5,0.0
21881.0,21882.0,21881.5,0.0
21882.0,21883.0,21882.5,0.0
21883.0,21884.0,21883.5,0.0
21884.0,21885.0,21884.5,0.0
21885.0,21886.0,21885.5,0.7
21886.0,21887.0,21886.5,0.0
21887.0,21888.0,21887.5,1.8
21888.0,21889.0,21888.5,0.0
21889.0,21890.0,21889.5,0.0
21890.0,21891.0,21890.5,0.0
21891.0,21892.0,21891.5,0.0
21892.0,21893.0,21892.5,0.0
21893.0,21894.0,21893.5,0.0
21894.0,21895.0,21894.5,0.0
21895.0,21896.0,21895.5,0.0
21896.0,21897.0,21896.5,0.0
21897.0,21898.0,21897.5,0.0
21898.0,21899.0,21898.5,0.0
21899.0,21900.0,21899.5,0.0
21900.0,21901.0,21900.5,0.0
21901.0,21902.0,21901.5,0.0
21902.0,21903.0,21902.5,1.9
21903.0,21904.0,21903.5,0.9
21904.0,21905.0,21904.5,0.4
21905.0,21906.0,21905.5,0.0
21906.0,21907.0,21906.5,0.0
21907.0,21908.0,21907.5,11.5
21908.0,21909.0,21908.5,0.0
21909.0,21910.0,21909.5,9.2
21910.0,21911.0,21910.5,0.0
21911.0,21912.0,21911.5,0.0
21912.0,21913.0,21912.5,0.0
21913.0,21914.0,21913.5,0.0
21914.0,21915.0,21914.5,0.0
21915.0,21916.0,21915.5,0.0
21916.0,21917.0,21916.5,0.9
21917.0,21918.0,21917.5,0.5
21918.0,21919.0,21918.5,0.0
21919.0,21920.0,21919.5,0.0
21920.0,21921.0,21920.5,0.0
21921.0,21922.0,21921.5,0.0
21922.0,21923.0,21922.5,0.0
21923.0,21924.0,21923.5,0.0
21924.0,21925.0,21924.5,0.0
21925.0,21926.0,21925.5,0.0
21926.0,21927.0,21926.5,0.0
21927.0,21928.0,21927.5,0.0
21928.0,21929.0,21928.5,0.0
21929.0,21930.0,21929.5,0.0
21930.0,21931.0,21930.5,0.0
21931.0,21932.0,21931.5,0.0
21932.0,21933.0,21932.5,0.0
21933.0,21934.0,21933.5,0.0
21934.0,21935.0,21934.5,0.0
21935.0,21936.0,21935.5,0.0
21936.0,21937.0,21936.5,0.0
21937.0,21938.0,21937.5,0.0
21938.0,21939.0,21938.5,0.0
21939.0,21940.0,21939.5,0.0
21940.0,21941.0,21940.5,0.0
21941.0,21942.0,21941.5,0.0
21942.0,21943.0,21942.5,0.0
21943.0,21944.0,21943.5,0.0
21944.0,21945.0,21944.5,0.0
21945.0,21946.0,21945.5,0.0
21946.0,21947.0,21946.5,0.0
