NASA Data Processing/CAMP2Ex/SP2/CAMP2Ex-LARGE-SP2_P3B_20190925_R1.ict
37, 1001
Luke D. Ziemba
NASA Langley Research Center
Single Particle Soot Photometer (SP2), DMT
CAMP2Ex
1, 1
2019, 09, 25, 2020,05,06
0
Time_Start, seconds_past_midnight, start_seconds_past_midnight
3
1, 1, 1
-9999, -9999, -9999
Time_Stop, seconds_past_midnight, stop_seconds_past_midnight
Time_Mid, seconds_past_midnight, mid_seconds_past_midnight
BlackCarbon_STP, Black_Carbon_nanograms_per_standard_cubic_meter, AerComp_BC_InSitu_LII_Accu_MassSTP
1
N/A
19
PI_CONTACT_INFO: 21 Langley Blvd, Hampton, VA 23681
PLATFORM: NASA WFF P3-B N426NA
LOCATION: Philippines; Latitude, Longitude, and Altitude included in Hskping files (MetNav)
ASSOCIATED_DATA: InletFlag, MetNav, cloud flag
INSTRUMENT_INFO: Single particle refractory BC mass measured by laser-induced incandescence. Calibrated using laboratory-generated monodisperse fullerene soot aerosol and polynomial mass/response fit. 
DATA_INFO: Data corrected to STP (760 torr and 273K). Measurements apply to refractory black carbon particles with diameter between 100 and 700nm
UNCERTAINTY: 10%
ULOD_FLAG: -7777
ULOD_VALUE: N/A
LLOD_FLAG: -8888
LLOD_VALUE: N/A
DM_CONTACT_INFO: Luke D. Ziemba, luke.ziemba@nasa.gov, (757)864-6246
PROJECT_INFO: CAMP2Ex based at Clark International Airport, Philippines
STIPULATIONS_ON_USE: Data users are strongly encouraged to contact the instrument PI for information on instrument caveats and best practices.
OTHER_COMMENTS: Data affected by cloud penetrations have NOT been removed.Switched between forward-facing isokinetic inlet and counterflow virtual impactor; flag is provided (InletFlag).Data are removed for calibrations,insufficient laser power,and pump failure.
REVISION: R1
R0: Final Data.  No further adjustments are planned.
R1: Applied time shift of -2s to DLH.
Time_Start, Time_Stop, Time_Mid, BlackCarbon_STP
[from data line 1117]
11621.0,11622.0,11621.5,0.0
11622.0,11623.0,11622.5,0.0
11623.0,11624.0,11623.5,0.0
11624.0,11625.0,11624.5,0.0
11625.0,11626.0,11625.5,0.0
11626.0,11627.0,11626.5,0.4
11627.0,11628.0,11627.5,0.0
11628.0,11629.0,11628.5,0.0
11629.0,11630.0,11629.5,0.0
11630.0,11631.0,11630.5,0.0
11631.0,11632.0,11631.5,0.0
11632.0,11633.0,11632.5,0.0
11633.0,11634.0,11633.5,0.0
11634.0,11635.0,11634.5,0.0
11635.0,11636.0,11635.5,0.0
11636.0,11637.0,11636.5,0.0
11637.0,11638.0,11637.5,0.0
11638.0,11639.0,11638.5,1.0
11639.0,11640.0,11639.5,0.0
11640.0,11641.0,11640.5,0.0
11641.0,11642.0,11641.5,0.0
11642.0,11643.0,11642.5,0.0
11643.0,11644.0,11643.5,0.0
11644.0,11645.0,11644.5,0.0
11645.0,11646.0,11645.5,0.0
11646.0,11647.0,11646.5,0.0
11647.0,11648.0,11647.5,0.0
11648.0,11649.0,11648.5,0.0
11649.0,11650.0,11649.5,0.0
11650.0,11651.0,11650.5,0.0
11651.0,11652.0,11651.5,0.0
11652.0,11653.0,11652.5,0.0
11653.0,11654.0,11653.5,0.0
11654.0,11655.0,11654.5,0.4
11655.0,11656.0,11655.5,0.0
11656.0,11657.0,11656.5,0.0
11657.0,11658.0,11657.5,0.0
11658.0,11659.0,11658.5,0.0
11659.0,11660.0,11659.5,0.0
11660.0,11661.0,11660.5,0.0
11661.0,11662.0,11661.5,0.0
11662.0,11663.0,11662.5,0.0
11663.0,11664.0,11663.5,0.6
11664.0,11665.0,11664.5,0.0
11665.0,11666.0,11665.5,0.0
11666.0,11667.0,11666.5,3.7
11667.0,11668.0,11667.5,0.0
11668.0,11669.0,11668.5,0.0
11669.0,11670.0,11669.5,0.0
11670.0,11671.0,11670.5,0.0
11671.0,11672.0,11671.5,0.0
11672.0,11673.0,11672.5,0.0
11673.0,11674.0,11673.5,1.6
11674.0,11675.0,11674.5,0.0
11675.0,11676.0,11675.5,0.0
11676.0,11677.0,11676.5,0.0
11677.0,11678.0,11677.5,0.0
11678.0,11679.0,11678.5,0.0
11679.0,11680.0,11679.5,0.0
11680.0,11681.0,11680.5,0.0
11681.0,11682.0,11681.5,0.0
11682.0,11683.0,11682.5,0.0
11683.0,11684.0,11683.5,0.0
11684.0,11685.0,11684.5,0.0
11685.0,11686.0,11685.5,0.0
11686.0,11687.0,11686.5,0.0
11687.0,11688.0,11687.5,0.0
11688.0,11689.0,11688.5,0.0
11689.0,11690.0,11689.5,0.0
11690.0,11691.0,11690.5,0.0
11691.0,11692.0,11691.5,0.0
11692.0,11693.0,11692.5,0.0
11693.0,11694.0,11693.5,0.0
11694.0,11695.0,11694.5,0.0
11695.0,11696.0,11695.5,0.0
11696.0,11697.0,11696.5,0.0
11697.0,11698.0,11697.5,0.6
11698.0,11699.0,11698.5,0.0
11699.0,11700.0,11699.5,0.0
11700.0,11701.0,11700.5,0.0
11701.0,11702.0,11701.5,0.0
11702.0,11703.0,11702.5,0.0
11703.0,11704.0,11703.5,0.0
11704.0,11705.0,11704.5,0.0
11705.0,11706.0,11705.5,0.0
11706.0,11707.0,11706.5,0.0
11707.0,11708.0,11707.5,0.0
11708.0,11709.0,11708.5,0.0
11709.0,11710.0,11709.5,0.0
11710.0,11711.0,11710.5,0.0
11711.0,11712.0,11711.5,0.0
11712.0,11713.0,11712.5,0.0
11713.0,11714.0,11713.5,0.0
11714.0,11715.0,11714.5,0.0
11715.0,11716.0,11715.5,0.0
11716.0,11717.0,11716.5,0.0
11717.0,11718.0,11717.5,0.0
11718.0,11719.0,11718.5,0.0
11719.0,11720.0,11719.5,0.0
11720.0,11721.0,11720.5,0.0
11721.0,11722.0,11721.5,0.0
11722.0,11723.0,11722.5,0.0
11723.0,11724.0,11723.5,0.0
11724.0,11725.0,11724.5,0.0
11725.0,11726.0,11725.5,0.0
11726.0,11727.0,11726.5,0.0
11727.0,11728.0,11727.5,0.0
11728.0,11729.0,11728.5,0.0
11729.0,11730.0,11729.5,0.0
11730.0,11731.0,11730.5,0.0
11731.0,11732.0,11731.5,0.0
11732.0,11733.0,11732.5,0.0
11733.0,11734.0,11733.5,0.0
11734.0,11735.0,11734.5,0.0
11735.0,11736.0,11735.5,0.0
11736.0,11737.0,11736.5,0.0
11737.0,11738.0,11737.5,0.0
11738.0,11739.0,11738.5,0.0
11739.0,11740.0,11739.5,0.0
11740.0,11741.0,11740.5,0.0
11741.0,11742.0,11741.5,0.0
11742.0,11743.0,11742.5,0.0
11743.0,11744.0,11743.5,0.0
11744.0,11745.0,11744.5,0.0
11745.0,11746.0,11745.5,0.0
11746.0,11747.0,11746.5,0.0
11747.0,11748.0,11747.5,0.0
11748.0,11749.0,11748.5,0.0
11749.0,11750.0,11749.5,0.0
11750.0,11751.0,11750.5,0.0
11751.0,11752.0,11751.5,0.0
11752.0,11753.0,11752.5,0.0
11753.0,11754.0,11753.5,0.0
11754.0,11755.0,11754.5,0.0
11755.0,11756.0,11755.5,0.0
11756.0,11757.0,11756.5,0.0
11757.0,11758.0,11757.5,0.0
11758.0,11759.0,11758.5,0.0
11759.0,11760.0,11759.5,0.0
11760.0,11761.0,11760.5,0.0
11761.0,11762.0,11761.5,0.0
11762.0,11763.0,11762.5,0.0
11763.0,11764.0,11763.5,0.0
11764.0,11765.0,11764.5,0.0
11765.0,11766.0,11765.5,0.0
11766.0,11767.0,11766.5,0.0
11767.0,11768.0,11767.5,0.0
11768.0,11769.0,11768.5,0.0
11769.0,11770.0,11769.5,0.0
11770.0,11771.0,11770.5,0.0
11771.0,11772.0,11771.5,0.0
11772.0,11773.0,11772.5,0.0
11773.0,11774.0,11773.5,0.0
11774.0,11775.0,11774.5,0.0
11775.0,11776.0,11775.5,0.0
11776.0,11777.0,11776.5,0.0
11777.0,11778.0,11777.5,0.0
11778.0,11779.0,11778.5,0.0
11779.0,11780.0,11779.5,0.0
11780.0,11781.0,11780.5,4.6
11781.0,11782.0,11781.5,0.0
11782.0,11783.0,11782.5,0.0
11783.0,11784.0,11783.5,0.0
11784.0,11785.0,11784.5,0.0
11785.0,11786.0,11785.5,0.0
11786.0,11787.0,11786.5,0.0
11787.0,11788.0,11787.5,4.3
11788.0,11789.0,11788.5,0.0
11789.0,11790.0,11789.5,0.0
11790.0,11791.0,11790.5,1.1
11791.0,11792.0,11791.5,0.0
11792.0,11793.0,11792.5,0.0
11793.0,11794.0,11793.5,0.0
11794.0,11795.0,11794.5,0.0
11795.0,11796.0,11795.5,0.0
11796.0,11797.0,11796.5,0.0
11797.0,11798.0,11797.5,0.0
11798.0,11799.0,11798.5,0.0
11799.0,11800.0,11799.5,0.0
11800.0,11801.0,11800.5,0.0
11801.0,11802.0,11801.5,0.0
11802.0,11803.0,11802.5,0.0
11803.0,11804.0,11803.5,0.0
11804.0,11805.0,11804.5,0.0
11805.0,11806.0,11805.5,0.0
11806.0,11807.0,11806.5,0.0
11807.0,11808.0,11807.5,0.0
11808.0,11809.0,11808.5,0.0
11809.0,11810.0,11809.5,0.0
11810.0,11811.0,11810.5,0.0
11811.0,11812.0,11811.5,0.0
11812.0,11813.0,11812.5,0.0
11813.0,11814.0,11813.5,0.0
11814.0,11815.0,11814.5,0.0
11815.0,11816.0,11815.5,0.0
11816.0,11817.0,11816.5,0.0
11817.0,11818.0,11817.5,0.0
11818.0,11819.0,11818.5,0.0
11819.0,11820.0,11819.5,0.0
11820.0,11821.0,11820.5,0.0
11821.0,11822.0,11821.5,0.0
11822.0,11823.0,11822.5,0.0
11823.0,11824.0,11823.5,0.0
11824.0,11825.0,11824.5,0.0
11825.0,11826.0,11825.5,0.0
11826.0,11827.0,11826.5,0.0
11827.0,11828.0,11827.5,1.2
11828.0,11829.0,11828.5,0.0
11829.0,11830.0,11829.5,0.0
11830.0,11831.0,11830.5,0.0
11831.0,11832.0,11831.5,0.0
11832.0,11833.0,11832.5,0.0
11833.0,11834.0,11833.5,0.0
11834.0,11835.0,11834.5,0.0
11835.0,11836.0,11835.5,0.0
11836.0,11837.0,11836.5,0.0
11837.0,11838.0,11837.5,0.0
11838.0,11839.0,11838.5,0.0
11839.0,11840.0,11839.5,0.0
11840.0,11841.0,11840.5,0.0
11841.0,11842.0,11841.5,0.0
11842.0,11843.0,11842.5,0.0
11843.0,11844.0,11843.5,0.0
11844.0,11845.0,11844.5,0.0
11845.0,11846.0,11845.5,0.0
11846.0,11847.0,11846.5,0.0
11847.0,11848.0,11847.5,0.0
11848.0,11849.0,11848.5,0.0
11849.0,11850.0,11849.5,0.0
11850.0,11851.0,11850.5,2.0
11851.0,11852.0,11851.5,0.0
11852.0,11853.0,11852.5,0.0
11853.0,11854.0,11853.5,0.0
11854.0,11855.0,11854.5,0.0
11855.0,11856.0,11855.5,0.0
11856.0,11857.0,11856.5,0.0
11857.0,11858.0,11857.5,0.0
11858.0,11859.0,11858.5,0.0
11859.0,11860.0,11859.5,0.0
11860.0,11861.0,11860.5,0.0
11861.0,11862.0,11861.5,0.0
11862.0,11863.0,11862.5,0.0
11863.0,11864.0,11863.5,0.0
11864.0,11865.0,11864.5,0.0
11865.0,11866.0,11865.5,0.0
11866.0,11867.0,11866.5,0.0
11867.0,11868.0,11867.5,0.0
11868.0,11869.0,11868.5,0.0
11869.0,11870.0,11869.5,0.0
11870.0,11871.0,11870.5,0.0
11871.0,11872.0,11871.5,0.0
11872.0,11873.0,11872.5,0.0
11873.0,11874.0,11873.5,0.0
11874.0,11875.0,11874.5,0.0
11875.0,11876.0,11875.5,0.0
11876.0,11877.0,11876.5,0.0
11877.0,11878.0,11877.5,0.0
11878.0,11879.0,11878.5,0.0
11879.0,11880.0,11879.5,0.0
11880.0,11881.0,11880.5,0.0
11881.0,11882.0,11881.5,0.0
11882.0,11883.0,11882.5,0.0
11883.0,11884.0,11883.5,0.0
11884.0,11885.0,11884.5,2.2
11885.0,11886.0,11885.5,0.0
11886.0,11887.0,11886.5,0.0
11887.0,11888.0,11887.5,0.3
11888.0,11889.0,11888.5,0.0
11889.0,11890.0,11889.5,0.0
11890.0,11891.0,11890.5,0.0
11891.0,11892.0,11891.5,0.0
11892.0,11893.0,11892.5,0.0
11893.0,11894.0,11893.5,0.0
11894.0,11895.0,11894.5,0.0
11895.0,11896.0,11895.5,0.0
11896.0,11897.0,11896.5,0.0
11897.0,11898.0,11897.5,0.0
11898.0,11899.0,11898.5,0.0
11899.0,11900.0,11899.5,0.0
11900.0,11901.0,11900.5,0.0
11901.0,11902.0,11901.5,0.0
11902.0,11903.0,11902.5,0.0
11903.0,11904.0,11903.5,0.0
11904.0,11905.0,11904.5,0.0
11905.0,11906.0,11905.5,0.0
11906.0,11907.0,11906.5,0.0
11907.0,11908.0,11907.5,0.0
11908.0,11909.0,11908.5,0.0
11909.0,11910.0,11909.5,0.0
11910.0,11911.0,11910.5,0.0
11911.0,11912.0,11911.5,0.0
11912.0,11913.0,11912.5,0.0
11913.0,11914.0,11913.5,0.0
11914.0,11915.0,11914.5,1.4
11915.0,11916.0,11915.5,0.0
11916.0,11917.0,11916.5,0.0
11917.0,11918.0,11917.5,0.0
11918.0,11919.0,11918.5,0.0
11919.0,11920.0,11919.5,0.0
11920.0,11921.0,11920.5,0.0
11921.0,11922.0,11921.5,0.0
11922.0,11923.0,11922.5,0.0
11923.0,11924.0,11923.5,0.0
11924.0,11925.0,11924.5,0.0
11925.0,11926.0,11925.5,0.0
11926.0,11927.0,11926.5,0.0
11927.0,11928.0,11927.5,0.0
11928.0,11929.0,11928.5,0.0
11929.0,11930.0,11929.5,0.0
11930.0,11931.0,11930.5,0.0
11931.0,11932.0,11931.5,0.0
11932.0,11933.0,11932.5,0.0
11933.0,11934.0,11933.5,0.0
11934.0,11935.0,11934.5,0.0
11935.0,11936.0,11935.5,0.0
11936.0,11937.0,11936.5,0.0
11937.0,11938.0,11937.5,0.0
11938.0,11939.0,11938.5,0.0
11939.0,11940.0,11939.5,0.0
11940.0,11941.0,11940.5,0.0
11941.0,11942.0,11941.5,0.0
11942.0,11943.0,11942.5,0.0
11943.0,11944.0,11943.5,0.0
11944.0,11945.0,11944.5,0.0
11945.0,11946.0,11945.5,0.0
11946.0,11947.0,11946.5,0.0
11947.0,11948.0,11947.5,0.0
11948.0,11949.0,11948.5,0.0
11949.0,11950.0,11949.5,0.0
11950.0,11951.0,11950.5,0.0
11951.0,11952.0,11951.5,0.0
11952.0,11953.0,11952.5,0.0
11953.0,11954.0,11953.5,0.0
11954.0,11955.0,11954.5,0.0
11955.0,11956.0,11955.5,0.0
11956.0,11957.0,11956.5,0.0
11957.0,11958.0,11957.5,0.0
11958.0,11959.0,11958.5,0.4
11959.0,11960.0,11959.5,0.0
11960.0,11961.0,11960.5,0.0
11961.0,11962.0,11961.5,0.0
11962.0,11963.0,11962.5,0.0
11963.0,11964.0,11963.5,0.0
11964.0,11965.0,11964.5,0.0
11965.0,11966.0,11965.5,0.0
11966.0,11967.0,11966.5,0.0
11967.0,11968.0,11967.5,0.0
11968.0,11969.0,11968.5,0.0
11969.0,11970.0,11969.5,0.0
11970.0,11971.0,11970.5,0.7
11971.0,11972.0,11971.5,0.0
11972.0,11973.0,11972.5,0.0
11973.0,11974.0,11973.5,0.0
11974.0,11975.0,11974.5,0.0
11975.0,11976.0,11975.5,0.0
11976.0,11977.0,11976.5,0.0
11977.0,11978.0,11977.5,0.0
11978.0,11979.0,11978.5,0.0
11979.0,11980.0,11979.5,0.0
11980.0,11981.0,11980.5,0.0
11981.0,11982.0,11981.5,0.0
11982.0,11983.0,11982.5,0.0
11983.0,11984.0,11983.5,0.0
11984.0,11985.0,11984.5,0.0
11985.0,11986.0,11985.5,0.0
11986.0,11987.0,11986.5,0.0
11987.0,11988.0,11987.5,0.0
11988.0,11989.0,11988.5,0.0
11989.0,11990.0,11989.5,0.0
11990.0,11991.0,11990.5,0.0
11991.0,11992.0,11991.5,0.0
11992.0,11993.0,11992.5,0.0
11993.0,11994.0,11993.5,0.0
11994.0,11995.0,11994.5,0.0
11995.0,11996.0,11995.5,0.0
11996.0,11997.0,11996.5,0.0
11997.0,11998.0,11997.5,0.0
11998.0,11999.0,11998.5,0.0
11999.0,12000.0,11999.5,0.0
12000.0,12001.0,12000.5,0.0
12001.0,12002.0,12001.5,0.0
12002.0,12003.0,12002.5,0.0
12003.0,12004.0,12003.5,0.0
12004.0,12005.0,12004.5,0.0
12005.0,12006.0,12005.5,0.0
12006.0,12007.0,12006.5,0.0
12007.0,12008.0,12007.5,0.0
12008.0,12009.0,12008.5,0.0
12009.0,12010.0,12009.5,0.8
12010.0,12011.0,12010.5,0.0
12011.0,12012.0,12011.5,0.5
12012.0,12013.0,12012.5,0.6
12013.0,12014.0,12013.5,0.0
12014.0,12015.0,12014.5,0.0
12015.0,12016.0,12015.5,0.0
12016.0,12017.0,12016.5,0.0
12017.0,12018.0,12017.5,0.0
12018.0,12019.0,12018.5,0.0
12019.0,12020.0,12019.5,0.3
12020.0,12021.0,12020.5,0.0
12021.0,12022.0,12021.5,0.0
12022.0,12023.0,12022.5,0.0
12023.0,12024.0,12023.5,0.0
12024.0,12025.0,12024.5,0.0
12025.0,12026.0,12025.5,0.0
12026.0,12027.0,12026.5,0.0
12027.0,12028.0,12027.5,0.0
12028.0,12029.0,12028.5,0.0
12029.0,12030.0,12029.5,0.0
12030.0,12031.0,12030.5,0.0
12031.0,12032.0,12031.5,0.0
12032.0,12033.0,12032.5,0.0
12033.0,12034.0,12033.5,0.0
12034.0,12035.0,12034.5,0.0
12035.0,12036.0,12035.5,0.0
12036.0,12037.0,12036.5,0.0
12037.0,12038.0,12037.5,0.0
12038.0,12039.0,12038.5,0.0
12039.0,12040.0,12039.5,0.0
12040.0,12041.0,12040.5,0.0
12041.0,12042.0,12041.5,0.0
12042.0,12043.0,12042.5,0.0
12043.0,12044.0,12043.5,0.0
12044.0,12045.0,12044.5,0.0
12045.0,12046.0,12045.5,0.0
12046.0,12047.0,12046.5,0.0
12047.0,12048.0,12047.5,0.0
12048.0,12049.0,12048.5,0.0
12049.0,12050.0,12049.5,0.0
12050.0,12051.0,12050.5,0.0
12051.0,12052.0,12051.5,0.0
12052.0,12053.0,12052.5,0.0
12053.0,12054.0,12053.5,0.0
12054.0,12055.0,12054.5,0.0
12055.0,12056.0,12055.5,0.0
12056.0,12057.0,12056.5,0.0
12057.0,12058.0,12057.5,0.0
12058.0,12059.0,12058.5,0.0
12059.0,12060.0,12059.5,0.0
12060.0,12061.0,12060.5,0.0
12061.0,12062.0,12061.5,0.0
12062.0,12063.0,12062.5,0.0
12063.0,12064.0,12063.5,0.0
12064.0,12065.0,12064.5,0.0
12065.0,12066.0,12065.5,0.0
12066.0,12067.0,12066.5,0.0
12067.0,12068.0,12067.5,0.0
12068.0,12069.0,12068.5,0.0
12069.0,12070.0,12069.5,0.0
12070.0,12071.0,12070.5,0.0
12071.0,12072.0,12071.5,0.0
12072.0,12073.0,12072.5,0.0
12073.0,12074.0,12073.5,0.0
12074.0,12075.0,12074.5,0.0
12075.0,12076.0,12075.5,0.0
12076.0,12077.0,12076.5,0.0
12077.0,12078.0,12077.5,0.0
12078.0,12079.0,12078.5,0.0
12079.0,12080.0,12079.5,0.0
12080.0,12081.0,12080.5,0.0
12081.0,12082.0,12081.5,0.0
12082.0,12083.0,12082.5,0.0
12083.0,12084.0,12083.5,0.0
12084.0,12085.0,12084.5,0.0
12085.0,12086.0,12085.5,0.0
12086.0,12087.0,12086.5,0.0
12087.0,12088.0,12087.5,0.0
12088.0,12089.0,12088.5,0.0
12089.0,12090.0,12089.5,0.0
12090.0,12091.0,12090.5,0.0
12091.0,12092.0,12091.5,0.0
12092.0,12093.0,12092.5,0.0
12093.0,12094.0,12093.5,0.0
12094.0,12095.0,12094.5,0.0
12095.0,12096.0,12095.5,0.0
12096.0,12097.0,12096.5,0.0
12097.0,12098.0,12097.5,0.0
12098.0,12099.0,12098.5,0.0
12099.0,12100.0,12099.5,0.0
12100.0,12101.0,12100.5,0.0
12101.0,12102.0,12101.5,0.0
12102.0,12103.0,12102.5,0.0
12103.0,12104.0,12103.5,0.0
12104.0,12105.0,12104.5,0.0
12105.0,12106.0,12105.5,0.0
12106.0,12107.0,12106.5,0.0
12107.0,12108.0,12107.5,0.0
12108.0,12109.0,12108.5,0.0
12109.0,12110.0,12109.5,0.0
12110.0,12111.0,12110.5,0.0
12111.0,12112.0,12111.5,0.0
12112.0,12113.0,12112.5,0.0
12113.0,12114.0,12113.5,0.0
12114.0,12115.0,12114.5,0.0
12115.0,12116.0,12115.5,0.0
12116.0,12117.0,12116.5,0.0
12117.0,12118.0,12117.5,0.0
12118.0,12119.0,12118.5,0.0
12119.0,12120.0,12119.5,0.0
12120.0,12121.0,12120.5,0.0
12121.0,12122.0,12121.5,0.0
12122.0,12123.0,12122.5,0.0
12123.0,12124.0,12123.5,0.0
12124.0,12125.0,12124.5,0.0
12125.0,12126.0,12125.5,0.0
12126.0,12127.0,12126.5,0.0
12127.0,12128.0,12127.5,0.0
12128.0,12129.0,12128.5,0.0
12129.0,12130.0,12129.5,0.0
12130.0,12131.0,12130.5,0.0
12131.0,12132.0,12131.5,0.0
12132.0,12133.0,12132.5,0.0
12133.0,12134.0,12133.5,0.0
12134.0,12135.0,12134.5,0.0
12135.0,12136.0,12135.5,0.0
12136.0,12137.0,12136.5,0.0
12137.0,12138.0,12137.5,0.0
12138.0,12139.0,12138.5,0.0
12139.0,12140.0,12139.5,0.0
12140.0,12141.0,12140.5,0.0
12141.0,12142.0,12141.5,0.0
12142.0,12143.0,12142.5,0.0
12143.0,12144.0,12143.5,0.0
12144.0,12145.0,12144.5,0.0
12145.0,12146.0,12145.5,0.0
12146.0,12147.0,12146.5,0.0
12147.0,12148.0,12147.5,0.0
12148.0,12149.0,12148.5,0.0
12149.0,12150.0,12149.5,0.0
12150.0,12151.0,12150.5,0.0
12151.0,12152.0,12151.5,0.0
12152.0,12153.0,12152.5,0.0
12153.0,12154.0,12153.5,0.0
12154.0,12155.0,12154.5,0.0
12155.0,12156.0,12155.5,0.0
12156.0,12157.0,12156.5,0.0
12157.0,12158.0,12157.5,0.0
12158.0,12159.0,12158.5,0.0
12159.0,12160.0,12159.5,0.0
12160.0,12161.0,12160.5,0.0
12161.0,12162.0,12161.5,0.0
12162.0,12163.0,12162.5,0.0
12163.0,12164.0,12163.5,0.0
12164.0,12165.0,12164.5,4.9
12165.0,12166.0,12165.5,0.0
12166.0,12167.0,12166.5,0.0
12167.0,12168.0,12167.5,0.4
12168.0,12169.0,12168.5,0.0
12169.0,12170.0,12169.5,0.4
12170.0,12171.0,12170.5,0.0
12171.0,12172.0,12171.5,0.0
12172.0,12173.0,12172.5,0.0
12173.0,12174.0,12173.5,0.0
12174.0,12175.0,12174.5,0.0
12175.0,12176.0,12175.5,0.0
12176.0,12177.0,12176.5,0.0
12177.0,12178.0,12177.5,0.0
12178.0,12179.0,12178.5,0.0
12179.0,12180.0,12179.5,0.0
12180.0,12181.0,12180.5,3.6
12181.0,12182.0,12181.5,0.0
12182.0,12183.0,12182.5,0.0
12183.0,12184.0,12183.5,0.0
12184.0,12185.0,12184.5,0.0
12185.0,12186.0,12185.5,0.0
12186.0,12187.0,12186.5,0.0
12187.0,12188.0,12187.5,0.0
12188.0,12189.0,12188.5,0.0
12189.0,12190.0,12189.5,0.0
12190.0,12191.0,12190.5,0.0
