NASA Data Processing/CAMP2Ex/SP2/CAMP2Ex-LARGE-SP2_P3B_20190925_R1.ict
37, 1001
Luke D. Ziemba
NASA Langley Research Center
Single Particle Soot Photometer (SP2), DMT
CAMP2Ex
1, 1
2019, 09, 25, 2020,05,06
0
Time_Start, seconds_past_midnight, start_seconds_past_midnight
3
1, 1, 1
-9999, -9999, -9999
Time_Stop, seconds_past_midnight, stop_seconds_past_midnight
Time_Mid, seconds_past_midnight, mid_seconds_past_midnight
BlackCarbon_STP, Black_Carbon_nanograms_per_standard_cubic_meter, AerComp_BC_InSitu_LII_Accu_MassSTP
1
N/A
19
PI_CONTACT_INFO: 21 Langley Blvd, Hampton, VA 23681
PLATFORM: NASA WFF P3-B N426NA
LOCATION: Philippines; Latitude, Longitude, and Altitude included in Hskping files (MetNav)
ASSOCIATED_DATA: InletFlag, MetNav, cloud flag
INSTRUMENT_INFO: Single particle refractory BC mass measured by laser-induced incandescence. Calibrated using laboratory-generated monodisperse fullerene soot aerosol and polynomial mass/response fit. 
DATA_INFO: Data corrected to STP (760 torr and 273K). Measurements apply to refractory black carbon particles with diameter between 100 and 700nm
UNCERTAINTY: 10%
ULOD_FLAG: -7777
ULOD_VALUE: N/A
LLOD_FLAG: -8888
LLOD_VALUE: N/A
DM_CONTACT_INFO: Luke D. Ziemba, luke.ziemba@nasa.gov, (757)864-6246
PROJECT_INFO: CAMP2Ex based at Clark International Airport, Philippines
STIPULATIONS_ON_USE: Data users are strongly encouraged to contact the instrument PI for information on instrument caveats and best practices.
OTHER_COMMENTS: Data affected by cloud penetrations have NOT been removed.Switched between forward-facing isokinetic inlet and counterflow virtual impactor; flag is provided (InletFlag).Data are removed for calibrations,insufficient laser power,and pump failure.
REVISION: R1
R0: Final Data.  No further adjustments are planned.
R1: Applied time shift of -2s to DLH.
Time_Start, Time_Stop, Time_Mid, BlackCarbon_STP
[from data line 16493]
26997.0,26998.0,26997.5,45.7
26998.0,26999.0,26998.5,93.3
26999.0,27000.0,26999.5,48.4
27000.0,27001.0,27000.5,70.3
27001.0,27002.0,27001.5,94.3
27002.0,27003.0,27002.5,33.1
27003.0,27004.0,27003.5,83.0
27004.0,27005.0,27004.5,41.4
27005.0,27006.0,27005.5,267.1
27006.0,27007.0,27006.5,78.8
27007.0,27008.0,27007.5,58.7
27008.0,27009.0,27008.5,153.2
27009.0,27010.0,27009.5,62.5
27010.0,27011.0,27010.5,53.1
27011.0,27012.0,27011.5,92.5
27012.0,27013.0,27012.5,38.6
27013.0,27014.0,27013.5,35.2
27014.0,27015.0,27014.5,81.3
27015.0,27016.0,27015.5,94.5
27016.0,27017.0,27016.5,45.4
27017.0,27018.0,27017.5,28.2
27018.0,27019.0,27018.5,46.8
27019.0,27020.0,27019.5,67.4
27020.0,27021.0,27020.5,83.6
27021.0,27022.0,27021.5,98.3
27022.0,27023.0,27022.5,56.6
27023.0,27024.0,27023.5,46.7
27024.0,27025.0,27024.5,64.5
27025.0,27026.0,27025.5,42.6
27026.0,27027.0,27026.5,126.8
27027.0,27028.0,27027.5,98.9
27028.0,27029.0,27028.5,99.5
27029.0,27030.0,27029.5,123.7
27030.0,27031.0,27030.5,113.6
27031.0,27032.0,27031.5,57.7
27032.0,27033.0,27032.5,40.1
27033.0,27034.0,27033.5,84.8
27034.0,27035.0,27034.5,52.2
27035.0,27036.0,27035.5,53.9
27036.0,27037.0,27036.5,112.6
27037.0,27038.0,27037.5,96.2
27038.0,27039.0,27038.5,108.1
27039.0,27040.0,27039.5,111.2
27040.0,27041.0,27040.5,60.0
27041.0,27042.0,27041.5,16.2
27042.0,27043.0,27042.5,42.1
27043.0,27044.0,27043.5,67.3
27044.0,27045.0,27044.5,52.3
27045.0,27046.0,27045.5,141.7
27046.0,27047.0,27046.5,56.8
27047.0,27048.0,27047.5,34.0
27048.0,27049.0,27048.5,59.5
27049.0,27050.0,27049.5,149.0
27050.0,27051.0,27050.5,66.9
27051.0,27052.0,27051.5,86.7
27052.0,27053.0,27052.5,112.9
27053.0,27054.0,27053.5,112.2
27054.0,27055.0,27054.5,89.4
27055.0,27056.0,27055.5,194.0
27056.0,27057.0,27056.5,50.0
27057.0,27058.0,27057.5,145.6
27058.0,27059.0,27058.5,22.2
27059.0,27060.0,27059.5,109.7
27060.0,27061.0,27060.5,81.2
27061.0,27062.0,27061.5,41.6
27062.0,27063.0,27062.5,132.6
27063.0,27064.0,27063.5,138.2
27064.0,27065.0,27064.5,60.4
27065.0,27066.0,27065.5,31.5
27066.0,27067.0,27066.5,56.8
27067.0,27068.0,27067.5,68.0
27068.0,27069.0,27068.5,100.1
27069.0,27070.0,27069.5,74.8
27070.0,27071.0,27070.5,57.4
27071.0,27072.0,27071.5,75.2
27072.0,27073.0,27072.5,140.3
27073.0,27074.0,27073.5,83.4
27074.0,27075.0,27074.5,70.7
27075.0,27076.0,27075.5,92.1
27076.0,27077.0,27076.5,37.2
27077.0,27078.0,27077.5,188.9
27078.0,27079.0,27078.5,76.6
27079.0,27080.0,27079.5,64.0
27080.0,27081.0,27080.5,77.0
27081.0,27082.0,27081.5,129.3
27082.0,27083.0,27082.5,93.8
27083.0,27084.0,27083.5,53.6
27084.0,27085.0,27084.5,107.7
27085.0,27086.0,27085.5,94.5
27086.0,27087.0,27086.5,141.5
27087.0,27088.0,27087.5,91.9
27088.0,27089.0,27088.5,113.2
27089.0,27090.0,27089.5,106.4
27090.0,27091.0,27090.5,88.4
27091.0,27092.0,27091.5,69.1
27092.0,27093.0,27092.5,126.1
27093.0,27094.0,27093.5,124.5
27094.0,27095.0,27094.5,70.2
27095.0,27096.0,27095.5,149.6
27096.0,27097.0,27096.5,54.7
27097.0,27098.0,27097.5,188.4
27098.0,27099.0,27098.5,57.9
27099.0,27100.0,27099.5,78.6
27100.0,27101.0,27100.5,83.8
27101.0,27102.0,27101.5,142.6
27102.0,27103.0,27102.5,56.9
27103.0,27104.0,27103.5,86.7
27104.0,27105.0,27104.5,98.8
27105.0,27106.0,27105.5,55.6
27106.0,27107.0,27106.5,54.6
27107.0,27108.0,27107.5,69.8
27108.0,27109.0,27108.5,41.7
27109.0,27110.0,27109.5,68.2
27110.0,27111.0,27110.5,112.2
27111.0,27112.0,27111.5,45.8
27112.0,27113.0,27112.5,57.1
27113.0,27114.0,27113.5,114.4
27114.0,27115.0,27114.5,80.4
27115.0,27116.0,27115.5,70.6
27116.0,27117.0,27116.5,63.5
27117.0,27118.0,27117.5,60.7
27118.0,27119.0,27118.5,75.3
27119.0,27120.0,27119.5,65.9
27120.0,27121.0,27120.5,52.0
27121.0,27122.0,27121.5,29.2
27122.0,27123.0,27122.5,70.8
27123.0,27124.0,27123.5,92.7
27124.0,27125.0,27124.5,58.1
27125.0,27126.0,27125.5,103.8
27126.0,27127.0,27126.5,33.3
27127.0,27128.0,27127.5,36.8
27128.0,27129.0,27128.5,58.4
27129.0,27130.0,27129.5,114.4
27130.0,27131.0,27130.5,24.9
27131.0,27132.0,27131.5,36.1
27132.0,27133.0,27132.5,66.2
27133.0,27134.0,27133.5,54.5
27134.0,27135.0,27134.5,84.5
27135.0,27136.0,27135.5,52.2
27136.0,27137.0,27136.5,37.2
27137.0,27138.0,27137.5,124.2
27138.0,27139.0,27138.5,62.8
27139.0,27140.0,27139.5,53.1
27140.0,27141.0,27140.5,84.3
27141.0,27142.0,27141.5,103.5
27142.0,27143.0,27142.5,100.3
27143.0,27144.0,27143.5,108.2
27144.0,27145.0,27144.5,40.5
27145.0,27146.0,27145.5,26.0
27146.0,27147.0,27146.5,58.2
27147.0,27148.0,27147.5,64.1
27148.0,27149.0,27148.5,29.0
27149.0,27150.0,27149.5,84.0
27150.0,27151.0,27150.5,64.6
27151.0,27152.0,27151.5,128.4
27152.0,27153.0,27152.5,47.1
27153.0,27154.0,27153.5,103.6
27154.0,27155.0,27154.5,50.5
27155.0,27156.0,27155.5,107.8
27156.0,27157.0,27156.5,130.7
27157.0,27158.0,27157.5,32.6
27158.0,27159.0,27158.5,26.2
27159.0,27160.0,27159.5,22.1
27160.0,27161.0,27160.5,93.8
27161.0,27162.0,27161.5,89.2
27162.0,27163.0,27162.5,33.5
27163.0,27164.0,27163.5,74.5
27164.0,27165.0,27164.5,36.3
27165.0,27166.0,27165.5,96.1
27166.0,27167.0,27166.5,113.3
27167.0,27168.0,27167.5,62.9
27168.0,27169.0,27168.5,50.8
27169.0,27170.0,27169.5,78.2
27170.0,27171.0,27170.5,82.3
27171.0,27172.0,27171.5,23.4
27172.0,27173.0,27172.5,22.2
27173.0,27174.0,27173.5,53.7
27174.0,27175.0,27174.5,215.4
27175.0,27176.0,27175.5,122.6
27176.0,27177.0,27176.5,70.6
27177.0,27178.0,27177.5,140.7
27178.0,27179.0,27178.5,140.7
27179.0,27180.0,27179.5,130.5
27180.0,27181.0,27180.5,99.2
27181.0,27182.0,27181.5,36.1
27182.0,27183.0,27182.5,117.3
27183.0,27184.0,27183.5,74.2
27184.0,27185.0,27184.5,120.9
27185.0,27186.0,27185.5,50.9
27186.0,27187.0,27186.5,132.0
27187.0,27188.0,27187.5,86.6
27188.0,27189.0,27188.5,26.6
27189.0,27190.0,27189.5,67.7
27190.0,27191.0,27190.5,168.2
27191.0,27192.0,27191.5,82.4
27192.0,27193.0,27192.5,100.3
27193.0,27194.0,27193.5,58.3
27194.0,27195.0,27194.5,45.4
27195.0,27196.0,27195.5,69.4
27196.0,27197.0,27196.5,51.5
27197.0,27198.0,27197.5,71.5
27198.0,27199.0,27198.5,27.2
27199.0,27200.0,27199.5,88.8
27200.0,27201.0,27200.5,59.0
27201.0,27202.0,27201.5,70.5
27202.0,27203.0,27202.5,115.2
27203.0,27204.0,27203.5,45.1
27204.0,27205.0,27204.5,85.1
27205.0,27206.0,27205.5,71.5
27206.0,27207.0,27206.5,53.7
27207.0,27208.0,27207.5,171.4
27208.0,27209.0,27208.5,93.8
27209.0,27210.0,27209.5,19.8
27210.0,27211.0,27210.5,90.6
27211.0,27212.0,27211.5,95.1
27212.0,27213.0,27212.5,99.2
27213.0,27214.0,27213.5,74.1
27214.0,27215.0,27214.5,19.7
27215.0,27216.0,27215.5,100.1
27216.0,27217.0,27216.5,68.3
27217.0,27218.0,27217.5,39.2
27218.0,27219.0,27218.5,117.8
27219.0,27220.0,27219.5,66.9
27220.0,27221.0,27220.5,21.5
27221.0,27222.0,27221.5,46.0
27222.0,27223.0,27222.5,59.0
27223.0,27224.0,27223.5,45.1
27224.0,27225.0,27224.5,51.5
27225.0,27226.0,27225.5,94.1
27226.0,27227.0,27226.5,29.0
27227.0,27228.0,27227.5,41.7
27228.0,27229.0,27228.5,48.9
27229.0,27230.0,27229.5,152.4
27230.0,27231.0,27230.5,66.5
27231.0,27232.0,27231.5,75.7
27232.0,27233.0,27232.5,57.2
27233.0,27234.0,27233.5,73.0
27234.0,27235.0,27234.5,19.4
27235.0,27236.0,27235.5,167.2
27236.0,27237.0,27236.5,36.9
27237.0,27238.0,27237.5,87.1
27238.0,27239.0,27238.5,86.8
27239.0,27240.0,27239.5,78.5
27240.0,27241.0,27240.5,76.4
27241.0,27242.0,27241.5,65.4
27242.0,27243.0,27242.5,43.7
27243.0,27244.0,27243.5,97.0
27244.0,27245.0,27244.5,271.3
27245.0,27246.0,27245.5,78.2
27246.0,27247.0,27246.5,84.5
27247.0,27248.0,27247.5,138.0
27248.0,27249.0,27248.5,88.2
27249.0,27250.0,27249.5,69.7
27250.0,27251.0,27250.5,27.4
27251.0,27252.0,27251.5,98.4
27252.0,27253.0,27252.5,99.2
27253.0,27254.0,27253.5,67.7
27254.0,27255.0,27254.5,148.3
27255.0,27256.0,27255.5,57.2
27256.0,27257.0,27256.5,76.8
27257.0,27258.0,27257.5,85.2
27258.0,27259.0,27258.5,165.2
27259.0,27260.0,27259.5,39.4
27260.0,27261.0,27260.5,44.5
27261.0,27262.0,27261.5,51.2
27262.0,27263.0,27262.5,39.6
27263.0,27264.0,27263.5,142.3
27264.0,27265.0,27264.5,71.1
27265.0,27266.0,27265.5,101.6
27266.0,27267.0,27266.5,68.7
27267.0,27268.0,27267.5,57.1
27268.0,27269.0,27268.5,94.9
27269.0,27270.0,27269.5,58.3
27270.0,27271.0,27270.5,44.3
27271.0,27272.0,27271.5,22.7
27272.0,27273.0,27272.5,74.0
27273.0,27274.0,27273.5,60.8
27274.0,27275.0,27274.5,105.9
27275.0,27276.0,27275.5,97.0
27276.0,27277.0,27276.5,65.9
27277.0,27278.0,27277.5,46.5
27278.0,27279.0,27278.5,138.2
27279.0,27280.0,27279.5,96.8
27280.0,27281.0,27280.5,64.6
27281.0,27282.0,27281.5,97.3
27282.0,27283.0,27282.5,31.6
27283.0,27284.0,27283.5,44.6
27284.0,27285.0,27284.5,210.8
27285.0,27286.0,27285.5,62.2
27286.0,27287.0,27286.5,91.9
27287.0,27288.0,27287.5,30.8
27288.0,27289.0,27288.5,123.5
27289.0,27290.0,27289.5,91.1
27290.0,27291.0,27290.5,113.7
27291.0,27292.0,27291.5,91.7
27292.0,27293.0,27292.5,103.3
27293.0,27294.0,27293.5,93.3
27294.0,27295.0,27294.5,83.7
27295.0,27296.0,27295.5,85.0
27296.0,27297.0,27296.5,87.4
27297.0,27298.0,27297.5,68.5
27298.0,27299.0,27298.5,97.1
27299.0,27300.0,27299.5,54.1
27300.0,27301.0,27300.5,60.1
27301.0,27302.0,27301.5,137.2
27302.0,27303.0,27302.5,64.8
27303.0,27304.0,27303.5,141.4
27304.0,27305.0,27304.5,38.8
27305.0,27306.0,27305.5,42.0
27306.0,27307.0,27306.5,93.5
27307.0,27308.0,27307.5,60.8
27308.0,27309.0,27308.5,47.8
27309.0,27310.0,27309.5,57.9
27310.0,27311.0,27310.5,23.7
27311.0,27312.0,27311.5,114.4
27312.0,27313.0,27312.5,86.6
27313.0,27314.0,27313.5,47.3
27314.0,27315.0,27314.5,33.5
27315.0,27316.0,27315.5,72.2
27316.0,27317.0,27316.5,97.8
27317.0,27318.0,27317.5,105.3
27318.0,27319.0,27318.5,40.6
27319.0,27320.0,27319.5,32.6
27320.0,27321.0,27320.5,51.2
27321.0,27322.0,27321.5,76.8
27322.0,27323.0,27322.5,44.6
27323.0,27324.0,27323.5,127.3
27324.0,27325.0,27324.5,66.9
27325.0,27326.0,27325.5,121.8
27326.0,27327.0,27326.5,64.0
27327.0,27328.0,27327.5,59.3
27328.0,27329.0,27328.5,162.4
27329.0,27330.0,27329.5,79.1
27330.0,27331.0,27330.5,54.4
27331.0,27332.0,27331.5,67.3
27332.0,27333.0,27332.5,69.0
27333.0,27334.0,27333.5,52.6
27334.0,27335.0,27334.5,68.8
27335.0,27336.0,27335.5,188.2
27336.0,27337.0,27336.5,134.5
27337.0,27338.0,27337.5,92.9
27338.0,27339.0,27338.5,63.4
27339.0,27340.0,27339.5,106.6
27340.0,27341.0,27340.5,148.0
27341.0,27342.0,27341.5,78.5
27342.0,27343.0,27342.5,117.6
27343.0,27344.0,27343.5,69.4
27344.0,27345.0,27344.5,69.7
27345.0,27346.0,27345.5,84.0
27346.0,27347.0,27346.5,43.1
27347.0,27348.0,27347.5,152.8
27348.0,27349.0,27348.5,40.5
27349.0,27350.0,27349.5,52.1
27350.0,27351.0,27350.5,45.4
27351.0,27352.0,27351.5,37.6
27352.0,27353.0,27352.5,149.0
27353.0,27354.0,27353.5,64.8
27354.0,27355.0,27354.5,124.0
27355.0,27356.0,27355.5,59.6
27356.0,27357.0,27356.5,78.8
27357.0,27358.0,27357.5,57.5
27358.0,27359.0,27358.5,29.5
27359.0,27360.0,27359.5,153.7
27360.0,27361.0,27360.5,70.7
27361.0,27362.0,27361.5,201.9
27362.0,27363.0,27362.5,135.2
27363.0,27364.0,27363.5,55.4
27364.0,27365.0,27364.5,159.6
27365.0,27366.0,27365.5,93.1
27366.0,27367.0,27366.5,101.5
27367.0,27368.0,27367.5,79.5
27368.0,27369.0,27368.5,89.7
27369.0,27370.0,27369.5,78.8
27370.0,27371.0,27370.5,52.8
27371.0,27372.0,27371.5,142.7
27372.0,27373.0,27372.5,41.9
27373.0,27374.0,27373.5,79.1
27374.0,27375.0,27374.5,61.7
27375.0,27376.0,27375.5,42.3
27376.0,27377.0,27376.5,42.4
27377.0,27378.0,27377.5,120.7
27378.0,27379.0,27378.5,59.5
27379.0,27380.0,27379.5,142.5
27380.0,27381.0,27380.5,144.4
27381.0,27382.0,27381.5,80.0
27382.0,27383.0,27382.5,108.4
27383.0,27384.0,27383.5,96.8
27384.0,27385.0,27384.5,128.5
27385.0,27386.0,27385.5,79.2
27386.0,27387.0,27386.5,172.6
27387.0,27388.0,27387.5,81.9
27388.0,27389.0,27388.5,51.0
27389.0,27390.0,27389.5,61.4
27390.0,27391.0,27390.5,93.5
27391.0,27392.0,27391.5,89.2
27392.0,27393.0,27392.5,74.0
27393.0,27394.0,27393.5,123.8
27394.0,27395.0,27394.5,35.8
27395.0,27396.0,27395.5,59.1
27396.0,27397.0,27396.5,139.4
27397.0,27398.0,27397.5,65.3
27398.0,27399.0,27398.5,176.5
27399.0,27400.0,27399.5,177.4
27400.0,27401.0,27400.5,67.6
27401.0,27402.0,27401.5,140.6
27402.0,27403.0,27402.5,96.8
27403.0,27404.0,27403.5,92.3
27404.0,27405.0,27404.5,37.0
27405.0,27406.0,27405.5,77.9
27406.0,27407.0,27406.5,33.0
27407.0,27408.0,27407.5,55.3
27408.0,27409.0,27408.5,58.2
27409.0,27410.0,27409.5,78.7
27410.0,27411.0,27410.5,67.6
27411.0,27412.0,27411.5,129.9
27412.0,27413.0,27412.5,67.8
27413.0,27414.0,27413.5,51.2
27414.0,27415.0,27414.5,70.5
27415.0,27416.0,27415.5,129.9
27416.0,27417.0,27416.5,87.5
27417.0,27418.0,27417.5,172.4
27418.0,27419.0,27418.5,111.0
27419.0,27420.0,27419.5,73.3
27420.0,27421.0,27420.5,86.1
27421.0,27422.0,27421.5,78.6
27422.0,27423.0,27422.5,138.9
27423.0,27424.0,27423.5,80.2
27424.0,27425.0,27424.5,97.1
27425.0,27426.0,27425.5,160.2
27426.0,27427.0,27426.5,152.6
27427.0,27428.0,27427.5,99.6
27428.0,27429.0,27428.5,53.6
27429.0,27430.0,27429.5,101.1
27430.0,27431.0,27430.5,60.5
27431.0,27432.0,27431.5,72.3
27432.0,27433.0,27432.5,67.1
27433.0,27434.0,27433.5,35.1
27434.0,27435.0,27434.5,95.4
27435.0,27436.0,27435.5,88.0
27436.0,27437.0,27436.5,268.1
27437.0,27438.0,27437.5,65.0
27438.0,27439.0,27438.5,26.6
27439.0,27440.0,27439.5,176.4
27440.0,27441.0,27440.5,287.8
27441.0,27442.0,27441.5,94.0
27442.0,27443.0,27442.5,105.3
27443.0,27444.0,27443.5,92.5
27444.0,27445.0,27444.5,66.4
27445.0,27446.0,27445.5,148.4
27446.0,27447.0,27446.5,119.0
27447.0,27448.0,27447.5,22.0
27448.0,27449.0,27448.5,67.3
27449.0,27450.0,27449.5,29.5
27450.0,27451.0,27450.5,73.8
27451.0,27452.0,27451.5,96.6
27452.0,27453.0,27452.5,77.4
27453.0,27454.0,27453.5,193.6
27454.0,27455.0,27454.5,69.1
27455.0,27456.0,27455.5,94.3
27456.0,27457.0,27456.5,53.4
27457.0,27458.0,27457.5,41.0
27458.0,27459.0,27458.5,57.1
27459.0,27460.0,27459.5,116.6
27460.0,27461.0,27460.5,73.9
27461.0,27462.0,27461.5,69.1
27462.0,27463.0,27462.5,62.9
27463.0,27464.0,27463.5,67.1
27464.0,27465.0,27464.5,105.1
27465.0,27466.0,27465.5,47.3
27466.0,27467.0,27466.5,99.4
27467.0,27468.0,27467.5,125.4
27468.0,27469.0,27468.5,58.6
27469.0,27470.0,27469.5,140.2
27470.0,27471.0,27470.5,215.0
27471.0,27472.0,27471.5,59.8
27472.0,27473.0,27472.5,65.5
27473.0,27474.0,27473.5,81.1
27474.0,27475.0,27474.5,53.4
27475.0,27476.0,27475.5,37.9
27476.0,27477.0,27476.5,61.9
27477.0,27478.0,27477.5,70.8
27478.0,27479.0,27478.5,163.0
27479.0,27480.0,27479.5,57.8
27480.0,27481.0,27480.5,33.0
27481.0,27482.0,27481.5,217.1
27482.0,27483.0,27482.5,129.1
27483.0,27484.0,27483.5,45.5
27484.0,27485.0,27484.5,76.1
27485.0,27486.0,27485.5,86.6
27486.0,27487.0,27486.5,239.8
27487.0,27488.0,27487.5,49.8
27488.0,27489.0,27488.5,103.3
27489.0,27490.0,27489.5,143.0
27490.0,27491.0,27490.5,70.1
27491.0,27492.0,27491.5,106.8
27492.0,27493.0,27492.5,73.8
27493.0,27494.0,27493.5,68.1
27494.0,27495.0,27494.5,61.0
27495.0,27496.0,27495.5,43.3
27496.0,27497.0,27496.5,82.3
27497.0,27498.0,27497.5,80.8
27498.0,27499.0,27498.5,153.5
27499.0,27500.0,27499.5,53.4
27500.0,27501.0,27500.5,31.2
27501.0,27502.0,27501.5,52.1
27502.0,27503.0,27502.5,57.3
27503.0,27504.0,27503.5,68.7
27504.0,27505.0,27504.5,47.6
27505.0,27506.0,27505.5,84.3
27506.0,27507.0,27506.5,163.2
27507.0,27508.0,27507.5,88.1
27508.0,27509.0,27508.5,39.8
27509.0,27510.0,27509.5,55.0
27510.0,27511.0,27510.5,48.2
27511.0,27512.0,27511.5,70.9
27512.0,27513.0,27512.5,62.8
27513.0,27514.0,27513.5,58.8
27514.0,27515.0,27514.5,63.9
27515.0,27516.0,27515.5,78.4
27516.0,27517.0,27516.5,47.7
27517.0,27518.0,27517.5,64.8
27518.0,27519.0,27518.5,73.2
27519.0,27520.0,27519.5,87.7
27520.0,27521.0,27520.5,87.1
27521.0,27522.0,27521.5,89.1
27522.0,27523.0,27522.5,64.9
27523.0,27524.0,27523.5,49.1
27524.0,27525.0,27524.5,49.1
27525.0,27526.0,27525.5,56.9
27526.0,27527.0,27526.5,117.4
27527.0,27528.0,27527.5,65.0
27528.0,27529.0,27528.5,68.0
27529.0,27530.0,27529.5,43.3
27530.0,27531.0,27530.5,61.7
27531.0,27532.0,27531.5,174.2
27532.0,27533.0,27532.5,190.4
27533.0,27534.0,27533.5,29.4
27534.0,27535.0,27534.5,149.6
27535.0,27536.0,27535.5,61.2
27536.0,27537.0,27536.5,70.0
27537.0,27538.0,27537.5,56.8
27538.0,27539.0,27538.5,104.1
27539.0,27540.0,27539.5,81.4
27540.0,27541.0,27540.5,125.4
27541.0,27542.0,27541.5,40.9
27542.0,27543.0,27542.5,78.7
