NASA Data Processing/CAMP2Ex/SP2/CAMP2Ex-LARGE-SP2_P3B_20191003_R1.ict
37, 1001
Luke D. Ziemba
NASA Langley Research Center
Single Particle Soot Photometer (SP2), DMT
CAMP2Ex
1, 1
2019, 10, 03, 2020,05,06
0
Time_Start, seconds_past_midnight, start_seconds_past_midnight
3
1, 1, 1
-9999, -9999, -9999
Time_Stop, seconds_past_midnight, stop_seconds_past_midnight
Time_Mid, seconds_past_midnight, mid_seconds_past_midnight
BlackCarbon_STP, Black_Carbon_nanograms_per_standard_cubic_meter, AerComp_BC_InSitu_LII_Accu_MassSTP
1
N/A
19
PI_CONTACT_INFO: 21 Langley Blvd, Hampton, VA 23681
PLATFORM: NASA WFF P3-B N426NA
LOCATION: Philippines; Latitude, Longitude, and Altitude included in Hskping files (MetNav)
ASSOCIATED_DATA: InletFlag, MetNav, cloud flag
INSTRUMENT_INFO: Single particle refractory BC mass measured by laser-induced incandescence. Calibrated using laboratory-generated monodisperse fullerene soot aerosol and polynomial mass/response fit. 
DATA_INFO: Data corrected to STP (760 torr and 273K). Measurements apply to refractory black carbon particles with diameter between 100 and 700nm
UNCERTAINTY: 10%
ULOD_FLAG: -7777
ULOD_VALUE: N/A
LLOD_FLAG: -8888
LLOD_VALUE: N/A
DM_CONTACT_INFO: Luke D. Ziemba, luke.ziemba@nasa.gov, (757)864-6246
PROJECT_INFO: CAMP2Ex based at Clark International Airport, Philippines
STIPULATIONS_ON_USE: Data users are strongly encouraged to contact the instrument PI for information on instrument caveats and best practices.
OTHER_COMMENTS: Data affected by cloud penetrations have NOT been removed.Switched between forward-facing isokinetic inlet and counterflow virtual impactor; flag is provided (InletFlag).Data are removed for calibrations,insufficient laser power,and pump failure.
REVISION: R1
R0: Final Data.  No further adjustments are planned.
R1: Applied time shift of -2s to DLH.
Time_Start, Time_Stop, Time_Mid, BlackCarbon_STP
[from data line 9550]
92092.0,92093.0,92092.5,395.2
92093.0,92094.0,92093.5,575.2
92094.0,92095.0,92094.5,298.5
92095.0,92096.0,92095.5,497.4
92096.0,92097.0,92096.5,523.8
92097.0,92098.0,92097.5,648.3
92098.0,92099.0,92098.5,448.9
92099.0,92100.0,92099.5,299.1
92100.0,92101.0,92100.5,284.4
92101.0,92102.0,92101.5,516.2
92102.0,92103.0,92102.5,421.5
92103.0,92104.0,92103.5,262.6
92104.0,92105.0,92104.5,265.4
92105.0,92106.0,92105.5,270.8
92106.0,92107.0,92106.5,239.5
92107.0,92108.0,92107.5,274.7
92108.0,92109.0,92108.5,365.8
92109.0,92110.0,92109.5,351.8
92110.0,92111.0,92110.5,418.6
92111.0,92112.0,92111.5,434.7
92112.0,92113.0,92112.5,262.6
92113.0,92114.0,92113.5,468.1
92114.0,92115.0,92114.5,286.9
92115.0,92116.0,92115.5,269.8
92116.0,92117.0,92116.5,296.2
92117.0,92118.0,92117.5,361.7
92118.0,92119.0,92118.5,294.7
92119.0,92120.0,92119.5,452.2
92120.0,92121.0,92120.5,449.8
92121.0,92122.0,92121.5,301.8
92122.0,92123.0,92122.5,287.2
92123.0,92124.0,92123.5,363.3
92124.0,92125.0,92124.5,466.4
92125.0,92126.0,92125.5,403.9
92126.0,92127.0,92126.5,493.9
92127.0,92128.0,92127.5,312.2
92128.0,92129.0,92128.5,253.8
92129.0,92130.0,92129.5,397.6
92130.0,92131.0,92130.5,355.7
92131.0,92132.0,92131.5,482.2
92132.0,92133.0,92132.5,268.1
92133.0,92134.0,92133.5,528.1
92134.0,92135.0,92134.5,453.2
92135.0,92136.0,92135.5,350.1
92136.0,92137.0,92136.5,293.6
92137.0,92138.0,92137.5,643.3
92138.0,92139.0,92138.5,484.2
92139.0,92140.0,92139.5,411.9
92140.0,92141.0,92140.5,255.3
92141.0,92142.0,92141.5,327.6
92142.0,92143.0,92142.5,494.2
92143.0,92144.0,92143.5,485.1
92144.0,92145.0,92144.5,599.0
92145.0,92146.0,92145.5,377.6
92146.0,92147.0,92146.5,414.3
92147.0,92148.0,92147.5,464.0
92148.0,92149.0,92148.5,687.8
92149.0,92150.0,92149.5,465.4
92150.0,92151.0,92150.5,639.7
92151.0,92152.0,92151.5,383.7
92152.0,92153.0,92152.5,426.5
92153.0,92154.0,92153.5,482.6
92154.0,92155.0,92154.5,508.1
92155.0,92156.0,92155.5,361.4
92156.0,92157.0,92156.5,815.4
92157.0,92158.0,92157.5,439.2
92158.0,92159.0,92158.5,437.8
92159.0,92160.0,92159.5,594.5
92160.0,92161.0,92160.5,381.3
92161.0,92162.0,92161.5,417.8
92162.0,92163.0,92162.5,345.7
92163.0,92164.0,92163.5,520.5
92164.0,92165.0,92164.5,396.4
92165.0,92166.0,92165.5,517.5
92166.0,92167.0,92166.5,489.7
92167.0,92168.0,92167.5,560.3
92168.0,92169.0,92168.5,504.9
92169.0,92170.0,92169.5,477.1
92170.0,92171.0,92170.5,496.7
92171.0,92172.0,92171.5,428.5
92172.0,92173.0,92172.5,622.1
92173.0,92174.0,92173.5,617.0
92174.0,92175.0,92174.5,518.2
92175.0,92176.0,92175.5,735.8
92176.0,92177.0,92176.5,626.8
92177.0,92178.0,92177.5,653.8
92178.0,92179.0,92178.5,696.8
92179.0,92180.0,92179.5,562.5
92180.0,92181.0,92180.5,559.6
92181.0,92182.0,92181.5,511.1
92182.0,92183.0,92182.5,802.0
92183.0,92184.0,92183.5,659.0
92184.0,92185.0,92184.5,712.0
92185.0,92186.0,92185.5,513.1
92186.0,92187.0,92186.5,657.5
92187.0,92188.0,92187.5,634.6
92188.0,92189.0,92188.5,719.7
92189.0,92190.0,92189.5,651.6
92190.0,92191.0,92190.5,631.7
92191.0,92192.0,92191.5,562.7
92192.0,92193.0,92192.5,605.2
92193.0,92194.0,92193.5,636.4
92194.0,92195.0,92194.5,376.6
92195.0,92196.0,92195.5,658.4
92196.0,92197.0,92196.5,627.7
92197.0,92198.0,92197.5,649.1
92198.0,92199.0,92198.5,529.7
92199.0,92200.0,92199.5,500.2
92200.0,92201.0,92200.5,751.0
92201.0,92202.0,92201.5,387.4
92202.0,92203.0,92202.5,656.0
92203.0,92204.0,92203.5,482.0
92204.0,92205.0,92204.5,487.4
92205.0,92206.0,92205.5,531.4
92206.0,92207.0,92206.5,621.6
92207.0,92208.0,92207.5,429.9
92208.0,92209.0,92208.5,521.2
92209.0,92210.0,92209.5,470.7
92210.0,92211.0,92210.5,691.3
92211.0,92212.0,92211.5,645.3
92212.0,92213.0,92212.5,656.5
92213.0,92214.0,92213.5,379.6
92214.0,92215.0,92214.5,525.1
92215.0,92216.0,92215.5,622.7
92216.0,92217.0,92216.5,689.3
92217.0,92218.0,92217.5,626.7
92218.0,92219.0,92218.5,404.3
92219.0,92220.0,92219.5,643.3
92220.0,92221.0,92220.5,689.5
92221.0,92222.0,92221.5,762.0
92222.0,92223.0,92222.5,726.9
92223.0,92224.0,92223.5,550.4
92224.0,92225.0,92224.5,679.5
92225.0,92226.0,92225.5,544.2
92226.0,92227.0,92226.5,494.4
92227.0,92228.0,92227.5,626.6
92228.0,92229.0,92228.5,719.4
92229.0,92230.0,92229.5,547.0
92230.0,92231.0,92230.5,419.1
92231.0,92232.0,92231.5,350.9
92232.0,92233.0,92232.5,451.7
92233.0,92234.0,92233.5,624.5
92234.0,92235.0,92234.5,523.3
92235.0,92236.0,92235.5,729.3
92236.0,92237.0,92236.5,565.0
92237.0,92238.0,92237.5,513.8
92238.0,92239.0,92238.5,341.6
92239.0,92240.0,92239.5,373.8
92240.0,92241.0,92240.5,707.4
92241.0,92242.0,92241.5,514.9
92242.0,92243.0,92242.5,491.7
92243.0,92244.0,92243.5,495.3
92244.0,92245.0,92244.5,712.3
92245.0,92246.0,92245.5,367.6
92246.0,92247.0,92246.5,717.8
92247.0,92248.0,92247.5,414.4
92248.0,92249.0,92248.5,421.6
92249.0,92250.0,92249.5,626.6
92250.0,92251.0,92250.5,364.4
92251.0,92252.0,92251.5,391.7
92252.0,92253.0,92252.5,743.2
92253.0,92254.0,92253.5,504.2
92254.0,92255.0,92254.5,423.3
92255.0,92256.0,92255.5,681.8
92256.0,92257.0,92256.5,481.2
92257.0,92258.0,92257.5,448.2
92258.0,92259.0,92258.5,382.1
92259.0,92260.0,92259.5,695.5
92260.0,92261.0,92260.5,428.5
92261.0,92262.0,92261.5,410.5
92262.0,92263.0,92262.5,275.4
92263.0,92264.0,92263.5,370.9
92264.0,92265.0,92264.5,509.9
92265.0,92266.0,92265.5,460.1
92266.0,92267.0,92266.5,425.6
92267.0,92268.0,92267.5,673.7
92268.0,92269.0,92268.5,503.3
92269.0,92270.0,92269.5,570.8
92270.0,92271.0,92270.5,403.4
92271.0,92272.0,92271.5,650.1
92272.0,92273.0,92272.5,644.5
92273.0,92274.0,92273.5,404.3
92274.0,92275.0,92274.5,850.9
92275.0,92276.0,92275.5,542.1
92276.0,92277.0,92276.5,481.5
92277.0,92278.0,92277.5,402.7
92278.0,92279.0,92278.5,603.6
92279.0,92280.0,92279.5,492.7
92280.0,92281.0,92280.5,668.6
92281.0,92282.0,92281.5,460.9
92282.0,92283.0,92282.5,431.9
92283.0,92284.0,92283.5,389.3
92284.0,92285.0,92284.5,445.8
92285.0,92286.0,92285.5,382.1
92286.0,92287.0,92286.5,646.9
92287.0,92288.0,92287.5,300.2
92288.0,92289.0,92288.5,661.2
92289.0,92290.0,92289.5,534.7
92290.0,92291.0,92290.5,382.0
92291.0,92292.0,92291.5,479.3
92292.0,92293.0,92292.5,469.5
92293.0,92294.0,92293.5,473.2
92294.0,92295.0,92294.5,688.1
92295.0,92296.0,92295.5,429.1
92296.0,92297.0,92296.5,529.8
92297.0,92298.0,92297.5,531.1
92298.0,92299.0,92298.5,583.5
92299.0,92300.0,92299.5,636.4
92300.0,92301.0,92300.5,402.5
92301.0,92302.0,92301.5,680.9
92302.0,92303.0,92302.5,606.6
92303.0,92304.0,92303.5,697.1
92304.0,92305.0,92304.5,647.8
92305.0,92306.0,92305.5,407.3
92306.0,92307.0,92306.5,520.2
92307.0,92308.0,92307.5,561.1
92308.0,92309.0,92308.5,664.2
92309.0,92310.0,92309.5,477.5
92310.0,92311.0,92310.5,744.0
92311.0,92312.0,92311.5,451.4
92312.0,92313.0,92312.5,458.0
92313.0,92314.0,92313.5,600.8
92314.0,92315.0,92314.5,587.1
92315.0,92316.0,92315.5,579.1
92316.0,92317.0,92316.5,401.6
92317.0,92318.0,92317.5,479.7
92318.0,92319.0,92318.5,488.9
92319.0,92320.0,92319.5,708.4
92320.0,92321.0,92320.5,439.5
92321.0,92322.0,92321.5,517.6
92322.0,92323.0,92322.5,528.1
92323.0,92324.0,92323.5,454.8
92324.0,92325.0,92324.5,414.8
92325.0,92326.0,92325.5,526.2
92326.0,92327.0,92326.5,737.2
92327.0,92328.0,92327.5,545.5
92328.0,92329.0,92328.5,860.4
92329.0,92330.0,92329.5,394.0
92330.0,92331.0,92330.5,585.7
92331.0,92332.0,92331.5,984.2
92332.0,92333.0,92332.5,421.9
92333.0,92334.0,92333.5,525.1
92334.0,92335.0,92334.5,531.1
92335.0,92336.0,92335.5,612.6
92336.0,92337.0,92336.5,533.9
92337.0,92338.0,92337.5,639.5
92338.0,92339.0,92338.5,451.4
92339.0,92340.0,92339.5,357.2
92340.0,92341.0,92340.5,396.3
92341.0,92342.0,92341.5,630.5
92342.0,92343.0,92342.5,635.9
92343.0,92344.0,92343.5,514.6
92344.0,92345.0,92344.5,604.6
92345.0,92346.0,92345.5,520.8
92346.0,92347.0,92346.5,412.3
92347.0,92348.0,92347.5,739.4
92348.0,92349.0,92348.5,451.4
92349.0,92350.0,92349.5,353.1
92350.0,92351.0,92350.5,570.4
92351.0,92352.0,92351.5,454.8
92352.0,92353.0,92352.5,660.5
92353.0,92354.0,92353.5,455.1
92354.0,92355.0,92354.5,480.2
92355.0,92356.0,92355.5,600.1
92356.0,92357.0,92356.5,695.4
92357.0,92358.0,92357.5,607.4
92358.0,92359.0,92358.5,563.4
92359.0,92360.0,92359.5,442.4
92360.0,92361.0,92360.5,544.6
92361.0,92362.0,92361.5,444.9
92362.0,92363.0,92362.5,390.7
92363.0,92364.0,92363.5,439.9
92364.0,92365.0,92364.5,384.7
92365.0,92366.0,92365.5,328.2
92366.0,92367.0,92366.5,642.0
92367.0,92368.0,92367.5,400.7
92368.0,92369.0,92368.5,410.6
92369.0,92370.0,92369.5,709.0
92370.0,92371.0,92370.5,454.6
92371.0,92372.0,92371.5,413.4
92372.0,92373.0,92372.5,419.5
92373.0,92374.0,92373.5,295.5
92374.0,92375.0,92374.5,670.9
92375.0,92376.0,92375.5,594.0
92376.0,92377.0,92376.5,424.4
92377.0,92378.0,92377.5,370.3
92378.0,92379.0,92378.5,369.5
92379.0,92380.0,92379.5,385.1
92380.0,92381.0,92380.5,380.0
92381.0,92382.0,92381.5,491.6
92382.0,92383.0,92382.5,707.0
92383.0,92384.0,92383.5,418.1
92384.0,92385.0,92384.5,569.8
92385.0,92386.0,92385.5,599.8
92386.0,92387.0,92386.5,539.0
92387.0,92388.0,92387.5,643.2
92388.0,92389.0,92388.5,291.0
92389.0,92390.0,92389.5,578.3
92390.0,92391.0,92390.5,381.4
92391.0,92392.0,92391.5,588.1
92392.0,92393.0,92392.5,455.8
92393.0,92394.0,92393.5,263.5
92394.0,92395.0,92394.5,341.1
92395.0,92396.0,92395.5,517.7
92396.0,92397.0,92396.5,468.9
92397.0,92398.0,92397.5,358.5
92398.0,92399.0,92398.5,268.2
92399.0,92400.0,92399.5,487.4
92400.0,92401.0,92400.5,314.1
92401.0,92402.0,92401.5,248.7
92402.0,92403.0,92402.5,381.3
92403.0,92404.0,92403.5,378.0
92404.0,92405.0,92404.5,394.2
92405.0,92406.0,92405.5,466.2
92406.0,92407.0,92406.5,358.9
92407.0,92408.0,92407.5,286.2
92408.0,92409.0,92408.5,476.7
92409.0,92410.0,92409.5,367.0
92410.0,92411.0,92410.5,556.5
92411.0,92412.0,92411.5,379.8
92412.0,92413.0,92412.5,426.7
92413.0,92414.0,92413.5,487.3
92414.0,92415.0,92414.5,370.0
92415.0,92416.0,92415.5,445.5
92416.0,92417.0,92416.5,284.6
92417.0,92418.0,92417.5,373.9
92418.0,92419.0,92418.5,349.6
92419.0,92420.0,92419.5,319.2
92420.0,92421.0,92420.5,529.8
92421.0,92422.0,92421.5,291.4
92422.0,92423.0,92422.5,530.6
92423.0,92424.0,92423.5,543.9
92424.0,92425.0,92424.5,365.9
92425.0,92426.0,92425.5,531.3
92426.0,92427.0,92426.5,342.5
92427.0,92428.0,92427.5,384.5
92428.0,92429.0,92428.5,287.3
92429.0,92430.0,92429.5,525.2
92430.0,92431.0,92430.5,330.2
92431.0,92432.0,92431.5,472.6
92432.0,92433.0,92432.5,473.1
92433.0,92434.0,92433.5,338.1
92434.0,92435.0,92434.5,217.1
92435.0,92436.0,92435.5,307.4
92436.0,92437.0,92436.5,413.3
92437.0,92438.0,92437.5,304.1
92438.0,92439.0,92438.5,477.1
92439.0,92440.0,92439.5,302.2
92440.0,92441.0,92440.5,395.1
92441.0,92442.0,92441.5,305.9
92442.0,92443.0,92442.5,190.8
92443.0,92444.0,92443.5,244.9
92444.0,92445.0,92444.5,663.8
92445.0,92446.0,92445.5,672.9
92446.0,92447.0,92446.5,285.6
92447.0,92448.0,92447.5,444.8
92448.0,92449.0,92448.5,433.5
92449.0,92450.0,92449.5,327.2
92450.0,92451.0,92450.5,284.3
92451.0,92452.0,92451.5,322.4
92452.0,92453.0,92452.5,263.7
92453.0,92454.0,92453.5,321.4
92454.0,92455.0,92454.5,420.1
92455.0,92456.0,92455.5,177.3
92456.0,92457.0,92456.5,203.1
92457.0,92458.0,92457.5,334.9
92458.0,92459.0,92458.5,314.9
92459.0,92460.0,92459.5,262.8
92460.0,92461.0,92460.5,276.1
92461.0,92462.0,92461.5,474.2
92462.0,92463.0,92462.5,308.8
92463.0,92464.0,92463.5,200.6
92464.0,92465.0,92464.5,241.5
92465.0,92466.0,92465.5,233.7
92466.0,92467.0,92466.5,334.6
92467.0,92468.0,92467.5,290.9
92468.0,92469.0,92468.5,211.2
92469.0,92470.0,92469.5,278.5
92470.0,92471.0,92470.5,244.0
92471.0,92472.0,92471.5,162.3
92472.0,92473.0,92472.5,223.7
92473.0,92474.0,92473.5,211.5
92474.0,92475.0,92474.5,200.3
92475.0,92476.0,92475.5,217.9
92476.0,92477.0,92476.5,197.5
92477.0,92478.0,92477.5,148.3
92478.0,92479.0,92478.5,111.1
92479.0,92480.0,92479.5,196.9
92480.0,92481.0,92480.5,227.7
92481.0,92482.0,92481.5,325.7
92482.0,92483.0,92482.5,265.8
92483.0,92484.0,92483.5,169.2
92484.0,92485.0,92484.5,341.5
92485.0,92486.0,92485.5,189.0
92486.0,92487.0,92486.5,353.8
92487.0,92488.0,92487.5,144.8
92488.0,92489.0,92488.5,169.1
92489.0,92490.0,92489.5,146.8
92490.0,92491.0,92490.5,93.0
92491.0,92492.0,92491.5,242.6
92492.0,92493.0,92492.5,295.8
92493.0,92494.0,92493.5,161.9
92494.0,92495.0,92494.5,176.8
92495.0,92496.0,92495.5,183.2
92496.0,92497.0,92496.5,229.1
92497.0,92498.0,92497.5,148.0
92498.0,92499.0,92498.5,191.4
92499.0,92500.0,92499.5,156.3
92500.0,92501.0,92500.5,126.5
92501.0,92502.0,92501.5,123.1
92502.0,92503.0,92502.5,108.4
92503.0,92504.0,92503.5,207.6
92504.0,92505.0,92504.5,170.7
92505.0,92506.0,92505.5,219.3
92506.0,92507.0,92506.5,221.3
92507.0,92508.0,92507.5,180.9
92508.0,92509.0,92508.5,140.2
92509.0,92510.0,92509.5,272.8
92510.0,92511.0,92510.5,143.8
92511.0,92512.0,92511.5,136.7
92512.0,92513.0,92512.5,143.1
92513.0,92514.0,92513.5,75.2
92514.0,92515.0,92514.5,98.6
92515.0,92516.0,92515.5,81.9
92516.0,92517.0,92516.5,57.7
92517.0,92518.0,92517.5,229.0
92518.0,92519.0,92518.5,225.4
92519.0,92520.0,92519.5,86.0
92520.0,92521.0,92520.5,122.5
92521.0,92522.0,92521.5,78.4
92522.0,92523.0,92522.5,202.4
92523.0,92524.0,92523.5,96.2
92524.0,92525.0,92524.5,167.7
92525.0,92526.0,92525.5,265.2
92526.0,92527.0,92526.5,256.9
92527.0,92528.0,92527.5,117.8
92528.0,92529.0,92528.5,133.3
92529.0,92530.0,92529.5,91.4
92530.0,92531.0,92530.5,189.5
92531.0,92532.0,92531.5,134.6
92532.0,92533.0,92532.5,109.9
92533.0,92534.0,92533.5,169.8
92534.0,92535.0,92534.5,136.5
92535.0,92536.0,92535.5,173.7
92536.0,92537.0,92536.5,76.3
92537.0,92538.0,92537.5,123.3
92538.0,92539.0,92538.5,108.2
92539.0,92540.0,92539.5,102.1
92540.0,92541.0,92540.5,120.9
92541.0,92542.0,92541.5,146.5
92542.0,92543.0,92542.5,130.6
92543.0,92544.0,92543.5,85.3
92544.0,92545.0,92544.5,134.4
92545.0,92546.0,92545.5,167.3
92546.0,92547.0,92546.5,116.9
92547.0,92548.0,92547.5,64.7
92548.0,92549.0,92548.5,51.3
92549.0,92550.0,92549.5,63.6
92550.0,92551.0,92550.5,81.7
92551.0,92552.0,92551.5,69.1
92552.0,92553.0,92552.5,105.6
92553.0,92554.0,92553.5,131.7
92554.0,92555.0,92554.5,87.6
92555.0,92556.0,92555.5,101.1
92556.0,92557.0,92556.5,123.9
92557.0,92558.0,92557.5,48.3
92558.0,92559.0,92558.5,50.1
92559.0,92560.0,92559.5,53.4
92560.0,92561.0,92560.5,30.6
92561.0,92562.0,92561.5,28.7
92562.0,92563.0,92562.5,46.8
92563.0,92564.0,92563.5,23.2
92564.0,92565.0,92564.5,64.5
92565.0,92566.0,92565.5,38.2
92566.0,92567.0,92566.5,44.7
92567.0,92568.0,92567.5,72.8
92568.0,92569.0,92568.5,51.7
92569.0,92570.0,92569.5,82.5
92570.0,92571.0,92570.5,24.4
92571.0,92572.0,92571.5,23.5
92572.0,92573.0,92572.5,34.1
92573.0,92574.0,92573.5,18.5
92574.0,92575.0,92574.5,53.7
92575.0,92576.0,92575.5,14.7
92576.0,92577.0,92576.5,19.1
92577.0,92578.0,92577.5,15.0
92578.0,92579.0,92578.5,34.5
92579.0,92580.0,92579.5,95.0
92580.0,92581.0,92580.5,42.8
92581.0,92582.0,92581.5,33.2
92582.0,92583.0,92582.5,18.2
92583.0,92584.0,92583.5,67.8
92584.0,92585.0,92584.5,33.3
92585.0,92586.0,92585.5,46.1
92586.0,92587.0,92586.5,47.3
92587.0,92588.0,92587.5,22.5
92588.0,92589.0,92588.5,39.6
92589.0,92590.0,92589.5,8.3
92590.0,92591.0,92590.5,19.1
92591.0,92592.0,92591.5,8.5
92592.0,92593.0,92592.5,38.6
92593.0,92594.0,92593.5,65.8
92594.0,92595.0,92594.5,15.5
92595.0,92596.0,92595.5,4.2
92596.0,92597.0,92596.5,23.7
92597.0,92598.0,92597.5,0.6
92598.0,92599.0,92598.5,25.0
92599.0,92600.0,92599.5,43.2
92600.0,92601.0,92600.5,48.1
92601.0,92602.0,92601.5,34.3
92602.0,92603.0,92602.5,5.1
92603.0,92604.0,92603.5,3.2
92604.0,92605.0,92604.5,0.0
92605.0,92606.0,92605.5,8.0
92606.0,92607.0,92606.5,93.4
92607.0,92608.0,92607.5,15.7
92608.0,92609.0,92608.5,28.7
92609.0,92610.0,92609.5,22.3
92610.0,92611.0,92610.5,29.8
92611.0,92612.0,92611.5,32.8
92612.0,92613.0,92612.5,16.0
92613.0,92614.0,92613.5,12.7
92614.0,92615.0,92614.5,20.0
92615.0,92616.0,92615.5,34.5
92616.0,92617.0,92616.5,36.5
92617.0,92618.0,92617.5,13.8
92618.0,92619.0,92618.5,48.2
92619.0,92620.0,92619.5,30.1
92620.0,92621.0,92620.5,19.1
92621.0,92622.0,92621.5,15.2
92622.0,92623.0,92622.5,11.4
92623.0,92624.0,92623.5,5.5
92624.0,92625.0,92624.5,3.7
92625.0,92626.0,92625.5,27.2
92626.0,92627.0,92626.5,3.0
92627.0,92628.0,92627.5,8.2
