NASA Data Processing/CAMP2Ex/SP2/CAMP2Ex-LARGE-SP2_P3B_20190906_R1.ict
37, 1001
Luke D. Ziemba
NASA Langley Research Center
Single Particle Soot Photometer (SP2), DMT
CAMP2Ex
1, 1
2019, 09, 06, 2020,05,06
0
Time_Start, seconds_past_midnight, start_seconds_past_midnight
3
1, 1, 1
-9999, -9999, -9999
Time_Stop, seconds_past_midnight, stop_seconds_past_midnight
Time_Mid, seconds_past_midnight, mid_seconds_past_midnight
BlackCarbon_STP, Black_Carbon_nanograms_per_standard_cubic_meter, AerComp_BC_InSitu_LII_Accu_MassSTP
1
N/A
19
PI_CONTACT_INFO: 21 Langley Blvd, Hampton, VA 23681
PLATFORM: NASA WFF P3-B N426NA
LOCATION: Philippines; Latitude, Longitude, and Altitude included in Hskping files (MetNav)
ASSOCIATED_DATA: InletFlag, MetNav, cloud flag
INSTRUMENT_INFO: Single particle refractory BC mass measured by laser-induced incandescence. Calibrated using laboratory-generated monodisperse fullerene soot aerosol and polynomial mass/response fit. 
DATA_INFO: Data corrected to STP (760 torr and 273K). Measurements apply to refractory black carbon particles with diameter between 100 and 700nm
UNCERTAINTY: 10%
ULOD_FLAG: -7777
ULOD_VALUE: N/A
LLOD_FLAG: -8888
LLOD_VALUE: N/A
DM_CONTACT_INFO: Luke D. Ziemba, luke.ziemba@nasa.gov, (757)864-6246
PROJECT_INFO: CAMP2Ex based at Clark International Airport, Philippines
STIPULATIONS_ON_USE: Data users are strongly encouraged to contact the instrument PI for information on instrument caveats and best practices.
OTHER_COMMENTS: Data affected by cloud penetrations have NOT been removed.Switched between forward-facing isokinetic inlet and counterflow virtual impactor; flag is provided (InletFlag).Data are removed for calibrations,insufficient laser power,and pump failure.
REVISION: R1
R0: Final Data.  No further adjustments are planned.
R1: Applied time shift of -2s to DLH.
Time_Start, Time_Stop, Time_Mid, BlackCarbon_STP
[from data line 18184]
104354.0,104355.0,104354.5,36.0
104355.0,104356.0,104355.5,22.1
104356.0,104357.0,104356.5,19.3
104357.0,104358.0,104357.5,60.7
104358.0,104359.0,104358.5,21.9
104359.0,104360.0,104359.5,28.8
104360.0,104361.0,104360.5,42.8
104361.0,104362.0,104361.5,46.5
104362.0,104363.0,104362.5,54.8
104363.0,104364.0,104363.5,13.1
104364.0,104365.0,104364.5,0.8
104365.0,104366.0,104365.5,3.5
104366.0,104367.0,104366.5,11.4
104367.0,104368.0,104367.5,9.2
104368.0,104369.0,104368.5,16.5
104369.0,104370.0,104369.5,5.6
104370.0,104371.0,104370.5,8.1
104371.0,104372.0,104371.5,43.0
104372.0,104373.0,104372.5,39.6
104373.0,104374.0,104373.5,13.4
104374.0,104375.0,104374.5,4.2
104375.0,104376.0,104375.5,14.2
104376.0,104377.0,104376.5,1.1
104377.0,104378.0,104377.5,6.1
104378.0,104379.0,104378.5,0.0
104379.0,104380.0,104379.5,0.0
104380.0,104381.0,104380.5,0.0
104381.0,104382.0,104381.5,0.0
104382.0,104383.0,104382.5,0.0
104383.0,104384.0,104383.5,0.0
104384.0,104385.0,104384.5,0.0
104385.0,104386.0,104385.5,0.0
104386.0,104387.0,104386.5,0.0
104387.0,104388.0,104387.5,0.0
104388.0,104389.0,104388.5,0.0
104389.0,104390.0,104389.5,0.0
104390.0,104391.0,104390.5,0.0
104391.0,104392.0,104391.5,0.0
104392.0,104393.0,104392.5,0.0
104393.0,104394.0,104393.5,0.0
104394.0,104395.0,104394.5,0.0
104395.0,104396.0,104395.5,0.0
104396.0,104397.0,104396.5,0.0
104397.0,104398.0,104397.5,0.0
104398.0,104399.0,104398.5,0.0
104399.0,104400.0,104399.5,0.0
104400.0,104401.0,104400.5,0.0
104401.0,104402.0,104401.5,0.0
104402.0,104403.0,104402.5,0.0
104403.0,104404.0,104403.5,0.0
104404.0,104405.0,104404.5,0.0
104405.0,104406.0,104405.5,0.0
104406.0,104407.0,104406.5,0.0
104407.0,104408.0,104407.5,0.0
104408.0,104409.0,104408.5,0.0
104409.0,104410.0,104409.5,0.0
104410.0,104411.0,104410.5,0.0
104411.0,104412.0,104411.5,0.0
104412.0,104413.0,104412.5,0.0
104413.0,104414.0,104413.5,0.0
104414.0,104415.0,104414.5,0.0
104415.0,104416.0,104415.5,0.0
104416.0,104417.0,104416.5,0.0
104417.0,104418.0,104417.5,1.3
104418.0,104419.0,104418.5,0.0
104419.0,104420.0,104419.5,0.0
104420.0,104421.0,104420.5,0.0
104421.0,104422.0,104421.5,0.0
104422.0,104423.0,104422.5,0.0
104423.0,104424.0,104423.5,0.0
104424.0,104425.0,104424.5,0.0
104425.0,104426.0,104425.5,0.0
104426.0,104427.0,104426.5,0.0
104427.0,104428.0,104427.5,0.0
104428.0,104429.0,104428.5,0.0
104429.0,104430.0,104429.5,0.0
104430.0,104431.0,104430.5,0.0
104431.0,104432.0,104431.5,0.0
104432.0,104433.0,104432.5,0.0
104433.0,104434.0,104433.5,0.0
104434.0,104435.0,104434.5,0.0
104435.0,104436.0,104435.5,0.0
104436.0,104437.0,104436.5,0.0
104437.0,104438.0,104437.5,0.0
104438.0,104439.0,104438.5,0.0
104439.0,104440.0,104439.5,0.0
104440.0,104441.0,104440.5,0.0
104441.0,104442.0,104441.5,0.0
104442.0,104443.0,104442.5,0.0
104443.0,104444.0,104443.5,0.0
104444.0,104445.0,104444.5,0.0
104445.0,104446.0,104445.5,0.0
104446.0,104447.0,104446.5,0.0
104447.0,104448.0,104447.5,0.0
104448.0,104449.0,104448.5,0.0
104449.0,104450.0,104449.5,0.0
104450.0,104451.0,104450.5,0.0
104451.0,104452.0,104451.5,0.0
104452.0,104453.0,104452.5,0.0
104453.0,104454.0,104453.5,0.0
104454.0,104455.0,104454.5,0.0
104455.0,104456.0,104455.5,0.0
104456.0,104457.0,104456.5,0.0
104457.0,104458.0,104457.5,0.0
104458.0,104459.0,104458.5,0.0
104459.0,104460.0,104459.5,0.0
104460.0,104461.0,104460.5,0.0
104461.0,104462.0,104461.5,0.0
104462.0,104463.0,104462.5,0.0
104463.0,104464.0,104463.5,0.0
104464.0,104465.0,104464.5,0.0
104465.0,104466.0,104465.5,0.0
104466.0,104467.0,104466.5,2.2
104467.0,104468.0,104467.5,0.8
104468.0,104469.0,104468.5,0.5
104469.0,104470.0,104469.5,10.7
104470.0,104471.0,104470.5,7.7
104471.0,104472.0,104471.5,0.0
104472.0,104473.0,104472.5,3.4
104473.0,104474.0,104473.5,1.2
104474.0,104475.0,104474.5,0.0
104475.0,104476.0,104475.5,1.1
104476.0,104477.0,104476.5,0.0
104477.0,104478.0,104477.5,0.0
104478.0,104479.0,104478.5,0.0
104479.0,104480.0,104479.5,0.0
104480.0,104481.0,104480.5,1.0
104481.0,104482.0,104481.5,1.3
104482.0,104483.0,104482.5,0.0
104483.0,104484.0,104483.5,0.0
104484.0,104485.0,104484.5,0.5
104485.0,104486.0,104485.5,0.8
104486.0,104487.0,104486.5,0.0
104487.0,104488.0,104487.5,0.0
104488.0,104489.0,104488.5,0.0
104489.0,104490.0,104489.5,0.0
104490.0,104491.0,104490.5,0.0
104491.0,104492.0,104491.5,0.0
104492.0,104493.0,104492.5,0.0
104493.0,104494.0,104493.5,0.0
104494.0,104495.0,104494.5,0.0
104495.0,104496.0,104495.5,0.0
104496.0,104497.0,104496.5,0.0
104497.0,104498.0,104497.5,0.0
104498.0,104499.0,104498.5,0.0
104499.0,104500.0,104499.5,0.0
104500.0,104501.0,104500.5,0.0
104501.0,104502.0,104501.5,0.0
104502.0,104503.0,104502.5,0.0
104503.0,104504.0,104503.5,0.0
104504.0,104505.0,104504.5,0.0
104505.0,104506.0,104505.5,0.0
104506.0,104507.0,104506.5,0.0
104507.0,104508.0,104507.5,0.0
104508.0,104509.0,104508.5,0.0
104509.0,104510.0,104509.5,0.0
104510.0,104511.0,104510.5,0.0
104511.0,104512.0,104511.5,0.0
104512.0,104513.0,104512.5,0.0
104513.0,104514.0,104513.5,0.0
104514.0,104515.0,104514.5,0.0
104515.0,104516.0,104515.5,0.0
104516.0,104517.0,104516.5,0.0
104517.0,104518.0,104517.5,0.0
104518.0,104519.0,104518.5,0.0
104519.0,104520.0,104519.5,0.0
104520.0,104521.0,104520.5,0.0
104521.0,104522.0,104521.5,0.0
104522.0,104523.0,104522.5,0.0
104523.0,104524.0,104523.5,3.0
104524.0,104525.0,104524.5,2.3
104525.0,104526.0,104525.5,12.4
104526.0,104527.0,104526.5,0.5
104527.0,104528.0,104527.5,0.0
104528.0,104529.0,104528.5,0.0
104529.0,104530.0,104529.5,0.0
104530.0,104531.0,104530.5,0.0
104531.0,104532.0,104531.5,0.0
104532.0,104533.0,104532.5,0.0
104533.0,104534.0,104533.5,0.0
104534.0,104535.0,104534.5,0.0
104535.0,104536.0,104535.5,0.0
104536.0,104537.0,104536.5,0.0
104537.0,104538.0,104537.5,0.0
104538.0,104539.0,104538.5,0.0
104539.0,104540.0,104539.5,0.0
104540.0,104541.0,104540.5,0.0
104541.0,104542.0,104541.5,0.0
104542.0,104543.0,104542.5,0.0
104543.0,104544.0,104543.5,0.0
104544.0,104545.0,104544.5,0.0
104545.0,104546.0,104545.5,0.0
104546.0,104547.0,104546.5,0.0
104547.0,104548.0,104547.5,0.0
104548.0,104549.0,104548.5,0.0
104549.0,104550.0,104549.5,0.0
104550.0,104551.0,104550.5,0.0
104551.0,104552.0,104551.5,0.0
104552.0,104553.0,104552.5,0.0
104553.0,104554.0,104553.5,0.0
104554.0,104555.0,104554.5,0.0
104555.0,104556.0,104555.5,0.0
104556.0,104557.0,104556.5,0.0
104557.0,104558.0,104557.5,0.0
104558.0,104559.0,104558.5,0.0
104559.0,104560.0,104559.5,0.0
104560.0,104561.0,104560.5,0.0
104561.0,104562.0,104561.5,0.0
104562.0,104563.0,104562.5,0.0
104563.0,104564.0,104563.5,0.0
104564.0,104565.0,104564.5,0.0
104565.0,104566.0,104565.5,0.0
104566.0,104567.0,104566.5,0.0
104567.0,104568.0,104567.5,0.0
104568.0,104569.0,104568.5,0.0
104569.0,104570.0,104569.5,0.0
104570.0,104571.0,104570.5,0.0
104571.0,104572.0,104571.5,0.0
104572.0,104573.0,104572.5,0.0
104573.0,104574.0,104573.5,0.0
104574.0,104575.0,104574.5,0.0
104575.0,104576.0,104575.5,0.0
104576.0,104577.0,104576.5,0.0
104577.0,104578.0,104577.5,0.0
104578.0,104579.0,104578.5,0.0
104579.0,104580.0,104579.5,0.0
104580.0,104581.0,104580.5,0.0
104581.0,104582.0,104581.5,0.0
104582.0,104583.0,104582.5,0.0
104583.0,104584.0,104583.5,0.0
104584.0,104585.0,104584.5,0.0
104585.0,104586.0,104585.5,0.0
104586.0,104587.0,104586.5,0.0
104587.0,104588.0,104587.5,0.0
104588.0,104589.0,104588.5,0.0
104589.0,104590.0,104589.5,0.0
104590.0,104591.0,104590.5,0.0
104591.0,104592.0,104591.5,0.0
104592.0,104593.0,104592.5,0.0
104593.0,104594.0,104593.5,0.0
104594.0,104595.0,104594.5,0.0
104595.0,104596.0,104595.5,0.0
104596.0,104597.0,104596.5,0.0
104597.0,104598.0,104597.5,0.0
104598.0,104599.0,104598.5,0.0
104599.0,104600.0,104599.5,0.0
104600.0,104601.0,104600.5,0.0
104601.0,104602.0,104601.5,0.0
104602.0,104603.0,104602.5,0.0
104603.0,104604.0,104603.5,0.0
104604.0,104605.0,104604.5,0.0
104605.0,104606.0,104605.5,0.0
104606.0,104607.0,104606.5,2.0
104607.0,104608.0,104607.5,0.0
104608.0,104609.0,104608.5,0.0
104609.0,104610.0,104609.5,0.0
104610.0,104611.0,104610.5,0.0
104611.0,104612.0,104611.5,0.0
104612.0,104613.0,104612.5,0.0
104613.0,104614.0,104613.5,0.0
104614.0,104615.0,104614.5,0.0
104615.0,104616.0,104615.5,0.0
104616.0,104617.0,104616.5,0.0
104617.0,104618.0,104617.5,1.0
104618.0,104619.0,104618.5,0.0
104619.0,104620.0,104619.5,0.0
104620.0,104621.0,104620.5,0.0
104621.0,104622.0,104621.5,0.0
104622.0,104623.0,104622.5,0.0
104623.0,104624.0,104623.5,0.0
104624.0,104625.0,104624.5,0.0
104625.0,104626.0,104625.5,0.0
104626.0,104627.0,104626.5,0.0
104627.0,104628.0,104627.5,0.0
104628.0,104629.0,104628.5,0.0
104629.0,104630.0,104629.5,0.0
104630.0,104631.0,104630.5,0.0
104631.0,104632.0,104631.5,0.0
104632.0,104633.0,104632.5,0.0
104633.0,104634.0,104633.5,0.0
104634.0,104635.0,104634.5,0.0
104635.0,104636.0,104635.5,0.0
104636.0,104637.0,104636.5,0.0
104637.0,104638.0,104637.5,0.0
104638.0,104639.0,104638.5,0.0
104639.0,104640.0,104639.5,0.0
104640.0,104641.0,104640.5,0.0
104641.0,104642.0,104641.5,0.0
104642.0,104643.0,104642.5,0.0
104643.0,104644.0,104643.5,0.0
104644.0,104645.0,104644.5,0.0
104645.0,104646.0,104645.5,0.0
104646.0,104647.0,104646.5,0.0
104647.0,104648.0,104647.5,0.0
104648.0,104649.0,104648.5,0.0
104649.0,104650.0,104649.5,0.0
104650.0,104651.0,104650.5,0.0
104651.0,104652.0,104651.5,0.0
104652.0,104653.0,104652.5,0.0
104653.0,104654.0,104653.5,0.0
104654.0,104655.0,104654.5,0.0
104655.0,104656.0,104655.5,0.0
104656.0,104657.0,104656.5,0.0
104657.0,104658.0,104657.5,0.0
104658.0,104659.0,104658.5,0.0
104659.0,104660.0,104659.5,0.0
104660.0,104661.0,104660.5,0.0
104661.0,104662.0,104661.5,0.0
104662.0,104663.0,104662.5,0.0
104663.0,104664.0,104663.5,0.0
104664.0,104665.0,104664.5,0.0
104665.0,104666.0,104665.5,0.0
104666.0,104667.0,104666.5,0.0
104667.0,104668.0,104667.5,0.0
104668.0,104669.0,104668.5,0.0
104669.0,104670.0,104669.5,0.0
104670.0,104671.0,104670.5,0.0
104671.0,104672.0,104671.5,0.0
104672.0,104673.0,104672.5,0.0
104673.0,104674.0,104673.5,0.0
104674.0,104675.0,104674.5,0.0
104675.0,104676.0,104675.5,0.0
104676.0,104677.0,104676.5,0.0
104677.0,104678.0,104677.5,0.0
104678.0,104679.0,104678.5,0.0
104679.0,104680.0,104679.5,0.0
104680.0,104681.0,104680.5,0.0
104681.0,104682.0,104681.5,0.0
104682.0,104683.0,104682.5,0.0
104683.0,104684.0,104683.5,0.0
104684.0,104685.0,104684.5,0.0
104685.0,104686.0,104685.5,0.0
104686.0,104687.0,104686.5,0.0
104687.0,104688.0,104687.5,0.0
104688.0,104689.0,104688.5,0.0
104689.0,104690.0,104689.5,0.0
104690.0,104691.0,104690.5,0.0
104691.0,104692.0,104691.5,0.0
104692.0,104693.0,104692.5,0.0
104693.0,104694.0,104693.5,0.0
104694.0,104695.0,104694.5,0.0
104695.0,104696.0,104695.5,0.0
104696.0,104697.0,104696.5,0.0
104697.0,104698.0,104697.5,0.0
104698.0,104699.0,104698.5,0.0
104699.0,104700.0,104699.5,0.0
104700.0,104701.0,104700.5,0.0
104701.0,104702.0,104701.5,0.0
104702.0,104703.0,104702.5,0.0
104703.0,104704.0,104703.5,0.0
104704.0,104705.0,104704.5,0.0
104705.0,104706.0,104705.5,0.0
104706.0,104707.0,104706.5,0.0
104707.0,104708.0,104707.5,0.0
104708.0,104709.0,104708.5,0.0
104709.0,104710.0,104709.5,0.0
104710.0,104711.0,104710.5,0.0
104711.0,104712.0,104711.5,0.0
104712.0,104713.0,104712.5,0.0
104713.0,104714.0,104713.5,0.0
104714.0,104715.0,104714.5,0.0
104715.0,104716.0,104715.5,0.0
104716.0,104717.0,104716.5,0.0
104717.0,104718.0,104717.5,0.0
104718.0,104719.0,104718.5,0.0
104719.0,104720.0,104719.5,0.0
104720.0,104721.0,104720.5,0.0
104721.0,104722.0,104721.5,0.0
104722.0,104723.0,104722.5,0.0
104723.0,104724.0,104723.5,0.0
104724.0,104725.0,104724.5,0.0
104725.0,104726.0,104725.5,0.0
104726.0,104727.0,104726.5,0.0
104727.0,104728.0,104727.5,0.0
104728.0,104729.0,104728.5,0.0
104729.0,104730.0,104729.5,0.0
104730.0,104731.0,104730.5,0.0
104731.0,104732.0,104731.5,0.0
104732.0,104733.0,104732.5,0.0
104733.0,104734.0,104733.5,0.0
104734.0,104735.0,104734.5,0.0
104735.0,104736.0,104735.5,0.0
104736.0,104737.0,104736.5,0.0
104737.0,104738.0,104737.5,0.0
104738.0,104739.0,104738.5,0.0
104739.0,104740.0,104739.5,0.0
104740.0,104741.0,104740.5,0.0
104741.0,104742.0,104741.5,0.0
104742.0,104743.0,104742.5,0.0
104743.0,104744.0,104743.5,0.0
104744.0,104745.0,104744.5,0.0
104745.0,104746.0,104745.5,0.0
104746.0,104747.0,104746.5,0.0
104747.0,104748.0,104747.5,0.0
104748.0,104749.0,104748.5,0.0
104749.0,104750.0,104749.5,0.0
104750.0,104751.0,104750.5,0.0
104751.0,104752.0,104751.5,0.0
104752.0,104753.0,104752.5,0.0
104753.0,104754.0,104753.5,0.0
104754.0,104755.0,104754.5,0.0
104755.0,104756.0,104755.5,0.0
104756.0,104757.0,104756.5,0.0
104757.0,104758.0,104757.5,0.0
104758.0,104759.0,104758.5,0.0
104759.0,104760.0,104759.5,0.0
104760.0,104761.0,104760.5,0.0
104761.0,104762.0,104761.5,0.0
104762.0,104763.0,104762.5,0.0
104763.0,104764.0,104763.5,0.0
104764.0,104765.0,104764.5,0.0
104765.0,104766.0,104765.5,0.0
104766.0,104767.0,104766.5,0.0
104767.0,104768.0,104767.5,0.0
104768.0,104769.0,104768.5,0.0
104769.0,104770.0,104769.5,0.0
104770.0,104771.0,104770.5,0.0
104771.0,104772.0,104771.5,0.0
104772.0,104773.0,104772.5,0.0
104773.0,104774.0,104773.5,0.0
104774.0,104775.0,104774.5,0.0
104775.0,104776.0,104775.5,0.0
104776.0,104777.0,104776.5,0.0
104777.0,104778.0,104777.5,0.0
104778.0,104779.0,104778.5,0.0
104779.0,104780.0,104779.5,0.0
104780.0,104781.0,104780.5,0.0
104781.0,104782.0,104781.5,0.0
104782.0,104783.0,104782.5,0.0
104783.0,104784.0,104783.5,0.0
104784.0,104785.0,104784.5,0.0
104785.0,104786.0,104785.5,0.0
104786.0,104787.0,104786.5,0.0
104787.0,104788.0,104787.5,0.0
104788.0,104789.0,104788.5,0.0
104789.0,104790.0,104789.5,0.0
104790.0,104791.0,104790.5,0.0
104791.0,104792.0,104791.5,0.0
104792.0,104793.0,104792.5,0.0
104793.0,104794.0,104793.5,0.0
104794.0,104795.0,104794.5,0.0
104795.0,104796.0,104795.5,0.0
104796.0,104797.0,104796.5,0.0
104797.0,104798.0,104797.5,0.0
104798.0,104799.0,104798.5,0.0
104799.0,104800.0,104799.5,0.0
104800.0,104801.0,104800.5,0.0
104801.0,104802.0,104801.5,0.0
104802.0,104803.0,104802.5,0.0
104803.0,104804.0,104803.5,0.0
104804.0,104805.0,104804.5,0.0
104805.0,104806.0,104805.5,0.0
104806.0,104807.0,104806.5,0.0
104807.0,104808.0,104807.5,0.0
104808.0,104809.0,104808.5,0.0
104809.0,104810.0,104809.5,0.0
104810.0,104811.0,104810.5,0.0
104811.0,104812.0,104811.5,0.0
104812.0,104813.0,104812.5,0.0
104813.0,104814.0,104813.5,0.0
104814.0,104815.0,104814.5,0.0
104815.0,104816.0,104815.5,0.0
104816.0,104817.0,104816.5,0.0
104817.0,104818.0,104817.5,0.0
104818.0,104819.0,104818.5,0.0
104819.0,104820.0,104819.5,0.0
104820.0,104821.0,104820.5,0.0
104821.0,104822.0,104821.5,0.0
104822.0,104823.0,104822.5,0.0
104823.0,104824.0,104823.5,0.0
104824.0,104825.0,104824.5,0.0
104825.0,104826.0,104825.5,0.0
104826.0,104827.0,104826.5,0.0
104827.0,104828.0,104827.5,0.0
104828.0,104829.0,104828.5,0.0
104829.0,104830.0,104829.5,0.0
104830.0,104831.0,104830.5,0.0
104831.0,104832.0,104831.5,0.0
104832.0,104833.0,104832.5,0.0
104833.0,104834.0,104833.5,0.0
104834.0,104835.0,104834.5,0.0
104835.0,104836.0,104835.5,0.0
104836.0,104837.0,104836.5,0.0
104837.0,104838.0,104837.5,0.0
104838.0,104839.0,104838.5,0.0
104839.0,104840.0,104839.5,0.0
104840.0,104841.0,104840.5,0.0
104841.0,104842.0,104841.5,0.0
104842.0,104843.0,104842.5,0.0
104843.0,104844.0,104843.5,0.0
104844.0,104845.0,104844.5,0.0
104845.0,104846.0,104845.5,0.0
104846.0,104847.0,104846.5,0.0
104847.0,104848.0,104847.5,0.0
104848.0,104849.0,104848.5,0.0
104849.0,104850.0,104849.5,0.0
104850.0,104851.0,104850.5,0.0
104851.0,104852.0,104851.5,0.0
104852.0,104853.0,104852.5,0.0
104853.0,104854.0,104853.5,0.0
104854.0,104855.0,104854.5,0.0
104855.0,104856.0,104855.5,0.0
104856.0,104857.0,104856.5,0.0
104857.0,104858.0,104857.5,0.0
104858.0,104859.0,104858.5,0.0
104859.0,104860.0,104859.5,0.0
104860.0,104861.0,104860.5,0.0
104861.0,104862.0,104861.5,0.0
104862.0,104863.0,104862.5,0.0
104863.0,104864.0,104863.5,0.0
104864.0,104865.0,104864.5,0.0
104865.0,104866.0,104865.5,0.0
104866.0,104867.0,104866.5,0.0
104867.0,104868.0,104867.5,0.0
