NASA Data Processing/CAMP2Ex/SP2/CAMP2Ex-LARGE-SP2_P3B_20190906_R1.ict
37, 1001
Luke D. Ziemba
NASA Langley Research Center
Single Particle Soot Photometer (SP2), DMT
CAMP2Ex
1, 1
2019, 09, 06, 2020,05,06
0
Time_Start, seconds_past_midnight, start_seconds_past_midnight
3
1, 1, 1
-9999, -9999, -9999
Time_Stop, seconds_past_midnight, stop_seconds_past_midnight
Time_Mid, seconds_past_midnight, mid_seconds_past_midnight
BlackCarbon_STP, Black_Carbon_nanograms_per_standard_cubic_meter, AerComp_BC_InSitu_LII_Accu_MassSTP
1
N/A
19
PI_CONTACT_INFO: 21 Langley Blvd, Hampton, VA 23681
PLATFORM: NASA WFF P3-B N426NA
LOCATION: Philippines; Latitude, Longitude, and Altitude included in Hskping files (MetNav)
ASSOCIATED_DATA: InletFlag, MetNav, cloud flag
INSTRUMENT_INFO: Single particle refractory BC mass measured by laser-induced incandescence. Calibrated using laboratory-generated monodisperse fullerene soot aerosol and polynomial mass/response fit. 
DATA_INFO: Data corrected to STP (760 torr and 273K). Measurements apply to refractory black carbon particles with diameter between 100 and 700nm
UNCERTAINTY: 10%
ULOD_FLAG: -7777
ULOD_VALUE: N/A
LLOD_FLAG: -8888
LLOD_VALUE: N/A
DM_CONTACT_INFO: Luke D. Ziemba, luke.ziemba@nasa.gov, (757)864-6246
PROJECT_INFO: CAMP2Ex based at Clark International Airport, Philippines
STIPULATIONS_ON_USE: Data users are strongly encouraged to contact the instrument PI for information on instrument caveats and best practices.
OTHER_COMMENTS: Data affected by cloud penetrations have NOT been removed.Switched between forward-facing isokinetic inlet and counterflow virtual impactor; flag is provided (InletFlag).Data are removed for calibrations,insufficient laser power,and pump failure.
REVISION: R1
R0: Final Data.  No further adjustments are planned.
R1: Applied time shift of -2s to DLH.
Time_Start, Time_Stop, Time_Mid, BlackCarbon_STP
[from data line 10821]
96991.0,96992.0,96991.5,0.0
96992.0,96993.0,96992.5,0.0
96993.0,96994.0,96993.5,0.0
96994.0,96995.0,96994.5,0.0
96995.0,96996.0,96995.5,0.0
96996.0,96997.0,96996.5,0.0
96997.0,96998.0,96997.5,0.0
96998.0,96999.0,96998.5,0.0
96999.0,97000.0,96999.5,0.0
97000.0,97001.0,97000.5,0.0
97001.0,97002.0,97001.5,0.0
97002.0,97003.0,97002.5,0.0
97003.0,97004.0,97003.5,0.0
97004.0,97005.0,97004.5,0.0
97005.0,97006.0,97005.5,0.0
97006.0,97007.0,97006.5,0.0
97007.0,97008.0,97007.5,0.0
97008.0,97009.0,97008.5,0.0
97009.0,97010.0,97009.5,0.0
97010.0,97011.0,97010.5,0.0
97011.0,97012.0,97011.5,0.0
97012.0,97013.0,97012.5,0.0
97013.0,97014.0,97013.5,0.0
97014.0,97015.0,97014.5,0.0
97015.0,97016.0,97015.5,0.0
97016.0,97017.0,97016.5,0.0
97017.0,97018.0,97017.5,0.0
97018.0,97019.0,97018.5,0.0
97019.0,97020.0,97019.5,0.0
97020.0,97021.0,97020.5,0.0
97021.0,97022.0,97021.5,0.0
97022.0,97023.0,97022.5,0.0
97023.0,97024.0,97023.5,0.0
97024.0,97025.0,97024.5,0.0
97025.0,97026.0,97025.5,0.0
97026.0,97027.0,97026.5,0.0
97027.0,97028.0,97027.5,0.0
97028.0,97029.0,97028.5,0.0
97029.0,97030.0,97029.5,0.0
97030.0,97031.0,97030.5,0.0
97031.0,97032.0,97031.5,1.8
97032.0,97033.0,97032.5,0.2
97033.0,97034.0,97033.5,16.6
97034.0,97035.0,97034.5,58.2
97035.0,97036.0,97035.5,19.2
97036.0,97037.0,97036.5,27.2
97037.0,97038.0,97037.5,3.5
97038.0,97039.0,97038.5,1.3
97039.0,97040.0,97039.5,0.4
97040.0,97041.0,97040.5,3.1
97041.0,97042.0,97041.5,13.0
97042.0,97043.0,97042.5,19.8
97043.0,97044.0,97043.5,10.5
97044.0,97045.0,97044.5,11.2
97045.0,97046.0,97045.5,59.2
97046.0,97047.0,97046.5,17.1
97047.0,97048.0,97047.5,59.2
97048.0,97049.0,97048.5,44.3
97049.0,97050.0,97049.5,20.0
97050.0,97051.0,97050.5,77.8
97051.0,97052.0,97051.5,32.7
97052.0,97053.0,97052.5,31.8
97053.0,97054.0,97053.5,17.7
97054.0,97055.0,97054.5,13.4
97055.0,97056.0,97055.5,14.2
97056.0,97057.0,97056.5,26.5
97057.0,97058.0,97057.5,17.2
97058.0,97059.0,97058.5,21.6
97059.0,97060.0,97059.5,41.4
97060.0,97061.0,97060.5,38.8
97061.0,97062.0,97061.5,29.5
97062.0,97063.0,97062.5,4.3
97063.0,97064.0,97063.5,7.6
97064.0,97065.0,97064.5,2.2
97065.0,97066.0,97065.5,0.4
97066.0,97067.0,97066.5,0.4
97067.0,97068.0,97067.5,5.1
97068.0,97069.0,97068.5,31.8
97069.0,97070.0,97069.5,4.2
97070.0,97071.0,97070.5,1.5
97071.0,97072.0,97071.5,0.0
97072.0,97073.0,97072.5,0.0
97073.0,97074.0,97073.5,0.0
97074.0,97075.0,97074.5,0.0
97075.0,97076.0,97075.5,0.0
97076.0,97077.0,97076.5,0.0
97077.0,97078.0,97077.5,0.0
97078.0,97079.0,97078.5,2.5
97079.0,97080.0,97079.5,1.4
97080.0,97081.0,97080.5,6.6
97081.0,97082.0,97081.5,0.0
97082.0,97083.0,97082.5,0.0
97083.0,97084.0,97083.5,0.0
97084.0,97085.0,97084.5,0.0
97085.0,97086.0,97085.5,0.0
97086.0,97087.0,97086.5,0.0
97087.0,97088.0,97087.5,0.0
97088.0,97089.0,97088.5,0.0
97089.0,97090.0,97089.5,0.0
97090.0,97091.0,97090.5,0.0
97091.0,97092.0,97091.5,0.0
97092.0,97093.0,97092.5,0.0
97093.0,97094.0,97093.5,0.0
97094.0,97095.0,97094.5,0.0
97095.0,97096.0,97095.5,0.0
97096.0,97097.0,97096.5,0.0
97097.0,97098.0,97097.5,0.0
97098.0,97099.0,97098.5,0.0
97099.0,97100.0,97099.5,0.0
97100.0,97101.0,97100.5,0.0
97101.0,97102.0,97101.5,0.0
97102.0,97103.0,97102.5,0.0
97103.0,97104.0,97103.5,0.0
97104.0,97105.0,97104.5,0.0
97105.0,97106.0,97105.5,0.0
97106.0,97107.0,97106.5,0.0
97107.0,97108.0,97107.5,0.0
97108.0,97109.0,97108.5,0.0
97109.0,97110.0,97109.5,0.0
97110.0,97111.0,97110.5,0.0
97111.0,97112.0,97111.5,0.0
97112.0,97113.0,97112.5,0.0
97113.0,97114.0,97113.5,0.0
97114.0,97115.0,97114.5,0.0
97115.0,97116.0,97115.5,0.0
97116.0,97117.0,97116.5,0.0
97117.0,97118.0,97117.5,0.0
97118.0,97119.0,97118.5,0.0
97119.0,97120.0,97119.5,0.0
97120.0,97121.0,97120.5,0.0
97121.0,97122.0,97121.5,0.0
97122.0,97123.0,97122.5,0.0
97123.0,97124.0,97123.5,0.0
97124.0,97125.0,97124.5,0.0
97125.0,97126.0,97125.5,0.0
97126.0,97127.0,97126.5,0.0
97127.0,97128.0,97127.5,0.0
97128.0,97129.0,97128.5,0.0
97129.0,97130.0,97129.5,0.0
97130.0,97131.0,97130.5,0.0
97131.0,97132.0,97131.5,0.0
97132.0,97133.0,97132.5,0.0
97133.0,97134.0,97133.5,0.0
97134.0,97135.0,97134.5,0.0
97135.0,97136.0,97135.5,0.0
97136.0,97137.0,97136.5,0.0
97137.0,97138.0,97137.5,0.0
97138.0,97139.0,97138.5,0.0
97139.0,97140.0,97139.5,0.0
97140.0,97141.0,97140.5,0.0
97141.0,97142.0,97141.5,0.0
97142.0,97143.0,97142.5,0.0
97143.0,97144.0,97143.5,0.0
97144.0,97145.0,97144.5,0.0
97145.0,97146.0,97145.5,0.0
97146.0,97147.0,97146.5,0.0
97147.0,97148.0,97147.5,0.0
97148.0,97149.0,97148.5,0.0
97149.0,97150.0,97149.5,0.0
97150.0,97151.0,97150.5,0.0
97151.0,97152.0,97151.5,0.0
97152.0,97153.0,97152.5,0.0
97153.0,97154.0,97153.5,0.0
97154.0,97155.0,97154.5,0.0
97155.0,97156.0,97155.5,0.0
97156.0,97157.0,97156.5,0.0
97157.0,97158.0,97157.5,0.0
97158.0,97159.0,97158.5,0.0
97159.0,97160.0,97159.5,0.0
97160.0,97161.0,97160.5,0.0
97161.0,97162.0,97161.5,0.0
97162.0,97163.0,97162.5,0.0
97163.0,97164.0,97163.5,0.0
97164.0,97165.0,97164.5,0.0
97165.0,97166.0,97165.5,0.0
97166.0,97167.0,97166.5,0.0
97167.0,97168.0,97167.5,0.0
97168.0,97169.0,97168.5,0.0
97169.0,97170.0,97169.5,0.0
97170.0,97171.0,97170.5,0.0
97171.0,97172.0,97171.5,0.0
97172.0,97173.0,97172.5,0.0
97173.0,97174.0,97173.5,0.0
97174.0,97175.0,97174.5,0.0
97175.0,97176.0,97175.5,0.0
97176.0,97177.0,97176.5,0.0
97177.0,97178.0,97177.5,0.0
97178.0,97179.0,97178.5,0.0
97179.0,97180.0,97179.5,0.0
97180.0,97181.0,97180.5,0.0
97181.0,97182.0,97181.5,0.0
97182.0,97183.0,97182.5,0.0
97183.0,97184.0,97183.5,0.0
97184.0,97185.0,97184.5,0.0
97185.0,97186.0,97185.5,0.0
97186.0,97187.0,97186.5,0.0
97187.0,97188.0,97187.5,0.0
97188.0,97189.0,97188.5,0.0
97189.0,97190.0,97189.5,0.0
97190.0,97191.0,97190.5,0.0
97191.0,97192.0,97191.5,0.0
97192.0,97193.0,97192.5,0.0
97193.0,97194.0,97193.5,0.0
97194.0,97195.0,97194.5,0.0
97195.0,97196.0,97195.5,0.0
97196.0,97197.0,97196.5,0.0
97197.0,97198.0,97197.5,0.0
97198.0,97199.0,97198.5,0.0
97199.0,97200.0,97199.5,0.0
97200.0,97201.0,97200.5,0.0
97201.0,97202.0,97201.5,0.0
97202.0,97203.0,97202.5,0.0
97203.0,97204.0,97203.5,0.0
97204.0,97205.0,97204.5,0.0
97205.0,97206.0,97205.5,0.0
97206.0,97207.0,97206.5,0.0
97207.0,97208.0,97207.5,0.0
97208.0,97209.0,97208.5,0.0
97209.0,97210.0,97209.5,0.0
97210.0,97211.0,97210.5,0.0
97211.0,97212.0,97211.5,0.0
97212.0,97213.0,97212.5,0.0
97213.0,97214.0,97213.5,0.0
97214.0,97215.0,97214.5,0.0
97215.0,97216.0,97215.5,0.0
97216.0,97217.0,97216.5,0.0
97217.0,97218.0,97217.5,0.0
97218.0,97219.0,97218.5,0.0
97219.0,97220.0,97219.5,0.0
97220.0,97221.0,97220.5,0.0
97221.0,97222.0,97221.5,0.0
97222.0,97223.0,97222.5,0.0
97223.0,97224.0,97223.5,0.0
97224.0,97225.0,97224.5,0.0
97225.0,97226.0,97225.5,0.0
97226.0,97227.0,97226.5,0.0
97227.0,97228.0,97227.5,0.0
97228.0,97229.0,97228.5,0.0
97229.0,97230.0,97229.5,0.0
97230.0,97231.0,97230.5,0.0
97231.0,97232.0,97231.5,0.0
97232.0,97233.0,97232.5,0.0
97233.0,97234.0,97233.5,0.0
97234.0,97235.0,97234.5,0.0
97235.0,97236.0,97235.5,0.0
97236.0,97237.0,97236.5,0.0
97237.0,97238.0,97237.5,0.0
97238.0,97239.0,97238.5,0.0
97239.0,97240.0,97239.5,0.0
97240.0,97241.0,97240.5,0.0
97241.0,97242.0,97241.5,0.0
97242.0,97243.0,97242.5,0.0
97243.0,97244.0,97243.5,0.0
97244.0,97245.0,97244.5,0.0
97245.0,97246.0,97245.5,0.0
97246.0,97247.0,97246.5,0.0
97247.0,97248.0,97247.5,0.0
97248.0,97249.0,97248.5,0.0
97249.0,97250.0,97249.5,0.0
97250.0,97251.0,97250.5,0.0
97251.0,97252.0,97251.5,0.0
97252.0,97253.0,97252.5,0.0
97253.0,97254.0,97253.5,0.0
97254.0,97255.0,97254.5,0.0
97255.0,97256.0,97255.5,0.0
97256.0,97257.0,97256.5,0.0
97257.0,97258.0,97257.5,0.0
97258.0,97259.0,97258.5,0.0
97259.0,97260.0,97259.5,0.0
97260.0,97261.0,97260.5,0.0
97261.0,97262.0,97261.5,0.0
97262.0,97263.0,97262.5,0.0
97263.0,97264.0,97263.5,0.0
97264.0,97265.0,97264.5,0.0
97265.0,97266.0,97265.5,0.0
97266.0,97267.0,97266.5,0.0
97267.0,97268.0,97267.5,0.0
97268.0,97269.0,97268.5,0.0
97269.0,97270.0,97269.5,0.0
97270.0,97271.0,97270.5,0.0
97271.0,97272.0,97271.5,0.0
97272.0,97273.0,97272.5,0.0
97273.0,97274.0,97273.5,0.0
97274.0,97275.0,97274.5,0.0
97275.0,97276.0,97275.5,0.0
97276.0,97277.0,97276.5,0.0
97277.0,97278.0,97277.5,0.0
97278.0,97279.0,97278.5,0.0
97279.0,97280.0,97279.5,0.0
97280.0,97281.0,97280.5,0.0
97281.0,97282.0,97281.5,0.0
97282.0,97283.0,97282.5,0.0
97283.0,97284.0,97283.5,0.0
97284.0,97285.0,97284.5,0.0
97285.0,97286.0,97285.5,0.0
97286.0,97287.0,97286.5,0.0
97287.0,97288.0,97287.5,0.0
97288.0,97289.0,97288.5,0.0
97289.0,97290.0,97289.5,0.0
97290.0,97291.0,97290.5,0.0
97291.0,97292.0,97291.5,0.0
97292.0,97293.0,97292.5,0.0
97293.0,97294.0,97293.5,9.6
97294.0,97295.0,97294.5,5.1
97295.0,97296.0,97295.5,5.3
97296.0,97297.0,97296.5,0.0
97297.0,97298.0,97297.5,0.0
97298.0,97299.0,97298.5,0.0
97299.0,97300.0,97299.5,0.0
97300.0,97301.0,97300.5,0.0
97301.0,97302.0,97301.5,0.0
97302.0,97303.0,97302.5,0.0
97303.0,97304.0,97303.5,0.0
97304.0,97305.0,97304.5,0.0
97305.0,97306.0,97305.5,0.0
97306.0,97307.0,97306.5,0.0
97307.0,97308.0,97307.5,0.0
97308.0,97309.0,97308.5,0.0
97309.0,97310.0,97309.5,0.0
97310.0,97311.0,97310.5,0.0
97311.0,97312.0,97311.5,0.0
97312.0,97313.0,97312.5,0.0
97313.0,97314.0,97313.5,0.0
97314.0,97315.0,97314.5,0.0
97315.0,97316.0,97315.5,0.0
97316.0,97317.0,97316.5,0.0
97317.0,97318.0,97317.5,0.0
97318.0,97319.0,97318.5,0.0
97319.0,97320.0,97319.5,0.0
97320.0,97321.0,97320.5,0.0
97321.0,97322.0,97321.5,0.0
97322.0,97323.0,97322.5,0.0
97323.0,97324.0,97323.5,0.0
97324.0,97325.0,97324.5,0.0
97325.0,97326.0,97325.5,0.0
97326.0,97327.0,97326.5,0.0
97327.0,97328.0,97327.5,0.0
97328.0,97329.0,97328.5,0.0
97329.0,97330.0,97329.5,0.0
97330.0,97331.0,97330.5,0.0
97331.0,97332.0,97331.5,0.0
97332.0,97333.0,97332.5,0.0
97333.0,97334.0,97333.5,0.0
97334.0,97335.0,97334.5,0.0
97335.0,97336.0,97335.5,0.0
97336.0,97337.0,97336.5,0.0
97337.0,97338.0,97337.5,0.0
97338.0,97339.0,97338.5,0.0
97339.0,97340.0,97339.5,0.0
97340.0,97341.0,97340.5,0.0
97341.0,97342.0,97341.5,0.0
97342.0,97343.0,97342.5,0.0
97343.0,97344.0,97343.5,0.0
97344.0,97345.0,97344.5,0.0
97345.0,97346.0,97345.5,0.0
97346.0,97347.0,97346.5,0.0
97347.0,97348.0,97347.5,0.0
97348.0,97349.0,97348.5,0.0
97349.0,97350.0,97349.5,0.0
97350.0,97351.0,97350.5,0.0
97351.0,97352.0,97351.5,0.0
97352.0,97353.0,97352.5,0.0
97353.0,97354.0,97353.5,0.0
97354.0,97355.0,97354.5,0.0
97355.0,97356.0,97355.5,0.0
97356.0,97357.0,97356.5,0.0
97357.0,97358.0,97357.5,0.0
97358.0,97359.0,97358.5,0.0
97359.0,97360.0,97359.5,0.0
97360.0,97361.0,97360.5,0.0
97361.0,97362.0,97361.5,0.0
97362.0,97363.0,97362.5,0.0
97363.0,97364.0,97363.5,0.0
97364.0,97365.0,97364.5,0.0
97365.0,97366.0,97365.5,0.0
97366.0,97367.0,97366.5,0.0
97367.0,97368.0,97367.5,0.0
97368.0,97369.0,97368.5,0.0
97369.0,97370.0,97369.5,0.0
97370.0,97371.0,97370.5,0.0
97371.0,97372.0,97371.5,0.0
97372.0,97373.0,97372.5,0.0
97373.0,97374.0,97373.5,0.0
97374.0,97375.0,97374.5,0.0
97375.0,97376.0,97375.5,0.0
97376.0,97377.0,97376.5,0.0
97377.0,97378.0,97377.5,0.0
97378.0,97379.0,97378.5,0.0
97379.0,97380.0,97379.5,0.0
97380.0,97381.0,97380.5,0.0
97381.0,97382.0,97381.5,0.0
97382.0,97383.0,97382.5,0.0
97383.0,97384.0,97383.5,0.0
97384.0,97385.0,97384.5,0.0
97385.0,97386.0,97385.5,0.0
97386.0,97387.0,97386.5,0.0
97387.0,97388.0,97387.5,0.0
97388.0,97389.0,97388.5,0.0
97389.0,97390.0,97389.5,0.0
97390.0,97391.0,97390.5,0.0
97391.0,97392.0,97391.5,0.0
97392.0,97393.0,97392.5,0.0
97393.0,97394.0,97393.5,0.0
97394.0,97395.0,97394.5,0.0
97395.0,97396.0,97395.5,0.0
97396.0,97397.0,97396.5,0.0
97397.0,97398.0,97397.5,0.0
97398.0,97399.0,97398.5,0.0
97399.0,97400.0,97399.5,0.0
97400.0,97401.0,97400.5,0.0
97401.0,97402.0,97401.5,0.0
97402.0,97403.0,97402.5,0.0
97403.0,97404.0,97403.5,0.0
97404.0,97405.0,97404.5,0.0
97405.0,97406.0,97405.5,0.0
97406.0,97407.0,97406.5,0.0
97407.0,97408.0,97407.5,0.0
97408.0,97409.0,97408.5,0.0
97409.0,97410.0,97409.5,0.0
97410.0,97411.0,97410.5,0.0
97411.0,97412.0,97411.5,0.0
97412.0,97413.0,97412.5,0.0
97413.0,97414.0,97413.5,0.0
97414.0,97415.0,97414.5,0.0
97415.0,97416.0,97415.5,0.0
97416.0,97417.0,97416.5,0.0
97417.0,97418.0,97417.5,0.0
97418.0,97419.0,97418.5,0.0
97419.0,97420.0,97419.5,0.0
97420.0,97421.0,97420.5,0.0
97421.0,97422.0,97421.5,0.0
97422.0,97423.0,97422.5,0.0
97423.0,97424.0,97423.5,0.0
97424.0,97425.0,97424.5,0.0
97425.0,97426.0,97425.5,0.0
97426.0,97427.0,97426.5,0.0
97427.0,97428.0,97427.5,0.0
97428.0,97429.0,97428.5,0.0
97429.0,97430.0,97429.5,0.0
97430.0,97431.0,97430.5,0.0
97431.0,97432.0,97431.5,0.0
97432.0,97433.0,97432.5,0.0
97433.0,97434.0,97433.5,0.0
97434.0,97435.0,97434.5,0.0
97435.0,97436.0,97435.5,0.0
97436.0,97437.0,97436.5,0.0
97437.0,97438.0,97437.5,0.0
97438.0,97439.0,97438.5,0.0
97439.0,97440.0,97439.5,0.0
97440.0,97441.0,97440.5,0.0
97441.0,97442.0,97441.5,0.0
97442.0,97443.0,97442.5,0.0
97443.0,97444.0,97443.5,0.0
97444.0,97445.0,97444.5,0.0
97445.0,97446.0,97445.5,0.0
97446.0,97447.0,97446.5,0.0
97447.0,97448.0,97447.5,0.0
97448.0,97449.0,97448.5,0.0
97449.0,97450.0,97449.5,0.0
97450.0,97451.0,97450.5,0.0
97451.0,97452.0,97451.5,0.0
97452.0,97453.0,97452.5,0.0
97453.0,97454.0,97453.5,0.0
97454.0,97455.0,97454.5,0.0
97455.0,97456.0,97455.5,0.0
97456.0,97457.0,97456.5,0.0
97457.0,97458.0,97457.5,0.0
97458.0,97459.0,97458.5,0.0
97459.0,97460.0,97459.5,0.0
97460.0,97461.0,97460.5,0.0
97461.0,97462.0,97461.5,0.0
97462.0,97463.0,97462.5,0.0
97463.0,97464.0,97463.5,0.0
97464.0,97465.0,97464.5,0.0
97465.0,97466.0,97465.5,0.0
97466.0,97467.0,97466.5,0.0
97467.0,97468.0,97467.5,0.0
97468.0,97469.0,97468.5,0.0
97469.0,97470.0,97469.5,0.0
97470.0,97471.0,97470.5,0.0
97471.0,97472.0,97471.5,0.0
97472.0,97473.0,97472.5,0.0
97473.0,97474.0,97473.5,0.0
97474.0,97475.0,97474.5,0.0
97475.0,97476.0,97475.5,0.0
97476.0,97477.0,97476.5,0.0
97477.0,97478.0,97477.5,0.0
97478.0,97479.0,97478.5,0.0
97479.0,97480.0,97479.5,0.0
97480.0,97481.0,97480.5,0.0
97481.0,97482.0,97481.5,0.0
97482.0,97483.0,97482.5,0.0
97483.0,97484.0,97483.5,0.0
97484.0,97485.0,97484.5,0.0
97485.0,97486.0,97485.5,0.0
97486.0,97487.0,97486.5,0.0
97487.0,97488.0,97487.5,0.0
97488.0,97489.0,97488.5,0.0
97489.0,97490.0,97489.5,0.0
97490.0,97491.0,97490.5,0.0
97491.0,97492.0,97491.5,0.0
97492.0,97493.0,97492.5,0.0
97493.0,97494.0,97493.5,0.0
97494.0,97495.0,97494.5,0.0
97495.0,97496.0,97495.5,0.0
97496.0,97497.0,97496.5,0.0
97497.0,97498.0,97497.5,0.0
97498.0,97499.0,97498.5,0.0
97499.0,97500.0,97499.5,0.0
97500.0,97501.0,97500.5,0.0
97501.0,97502.0,97501.5,0.0
97502.0,97503.0,97502.5,0.0
97503.0,97504.0,97503.5,0.0
97504.0,97505.0,97504.5,0.0
97505.0,97506.0,97505.5,0.0
97506.0,97507.0,97506.5,0.0
97507.0,97508.0,97507.5,0.0
97508.0,97509.0,97508.5,0.0
97509.0,97510.0,97509.5,0.0
97510.0,97511.0,97510.5,0.0
97511.0,97512.0,97511.5,0.0
97512.0,97513.0,97512.5,0.0
97513.0,97514.0,97513.5,0.0
97514.0,97515.0,97514.5,0.0
97515.0,97516.0,97515.5,0.0
97516.0,97517.0,97516.5,0.0
97517.0,97518.0,97517.5,0.0
97518.0,97519.0,97518.5,0.0
97519.0,97520.0,97519.5,0.0
97520.0,97521.0,97520.5,0.0
97521.0,97522.0,97521.5,0.0
97522.0,97523.0,97522.5,0.0
97523.0,97524.0,97523.5,0.0
97524.0,97525.0,97524.5,0.0
97525.0,97526.0,97525.5,0.0
97526.0,97527.0,97526.5,0.0
97527.0,97528.0,97527.5,0.0
97528.0,97529.0,97528.5,0.0
97529.0,97530.0,97529.5,0.0
97530.0,97531.0,97530.5,0.0
97531.0,97532.0,97531.5,0.0
97532.0,97533.0,97532.5,0.0
97533.0,97534.0,97533.5,0.0
97534.0,97535.0,97534.5,0.0
97535.0,97536.0,97535.5,0.0
97536.0,97537.0,97536.5,0.0
97537.0,97538.0,97537.5,0.0
97538.0,97539.0,97538.5,0.0
97539.0,97540.0,97539.5,0.0
97540.0,97541.0,97540.5,0.0
97541.0,97542.0,97541.5,0.0
97542.0,97543.0,97542.5,0.0
97543.0,97544.0,97543.5,0.0
97544.0,97545.0,97544.5,0.0
97545.0,97546.0,97545.5,0.0
97546.0,97547.0,97546.5,0.0
97547.0,97548.0,97547.5,0.0
97548.0,97549.0,97548.5,0.0
97549.0,97550.0,97549.5,0.0
97550.0,97551.0,97550.5,0.0
97551.0,97552.0,97551.5,0.0
97552.0,97553.0,97552.5,0.0
97553.0,97554.0,97553.5,0.0
97554.0,97555.0,97554.5,0.0
97555.0,97556.0,97555.5,0.0
97556.0,97557.0,97556.5,0.0
97557.0,97558.0,97557.5,0.0
97558.0,97559.0,97558.5,0.0
97559.0,97560.0,97559.5,0.0
97560.0,97561.0,97560.5,0.0
