NASA Data Processing/CAMP2Ex/SP2/CAMP2Ex-LARGE-SP2_P3B_20191005_R1.ict
37, 1001
Luke D. Ziemba
NASA Langley Research Center
Single Particle Soot Photometer (SP2), DMT
CAMP2Ex
1, 1
2019, 10, 05, 2020,05,06
0
Time_Start, seconds_past_midnight, start_seconds_past_midnight
3
1, 1, 1
-9999, -9999, -9999
Time_Stop, seconds_past_midnight, stop_seconds_past_midnight
Time_Mid, seconds_past_midnight, mid_seconds_past_midnight
BlackCarbon_STP, Black_Carbon_nanograms_per_standard_cubic_meter, AerComp_BC_InSitu_LII_Accu_MassSTP
1
N/A
19
PI_CONTACT_INFO: 21 Langley Blvd, Hampton, VA 23681
PLATFORM: NASA WFF P3-B N426NA
LOCATION: Philippines; Latitude, Longitude, and Altitude included in Hskping files (MetNav)
ASSOCIATED_DATA: InletFlag, MetNav, cloud flag
INSTRUMENT_INFO: Single particle refractory BC mass measured by laser-induced incandescence. Calibrated using laboratory-generated monodisperse fullerene soot aerosol and polynomial mass/response fit. 
DATA_INFO: Data corrected to STP (760 torr and 273K). Measurements apply to refractory black carbon particles with diameter between 100 and 700nm
UNCERTAINTY: 10%
ULOD_FLAG: -7777
ULOD_VALUE: N/A
LLOD_FLAG: -8888
LLOD_VALUE: N/A
DM_CONTACT_INFO: Luke D. Ziemba, luke.ziemba@nasa.gov, (757)864-6246
PROJECT_INFO: CAMP2Ex based at Clark International Airport, Philippines
STIPULATIONS_ON_USE: Data users are strongly encouraged to contact the instrument PI for information on instrument caveats and best practices.
OTHER_COMMENTS: Data affected by cloud penetrations have NOT been removed.Switched between forward-facing isokinetic inlet and counterflow virtual impactor; flag is provided (InletFlag).Data are removed for calibrations,insufficient laser power,and pump failure.
REVISION: R1
R0: Final Data.  No further adjustments are planned.
R1: Applied time shift of -2s to DLH.
Time_Start, Time_Stop, Time_Mid, BlackCarbon_STP
[from data line 9016]
14522.0,14523.0,14522.5,0.0
14523.0,14524.0,14523.5,0.0
14524.0,14525.0,14524.5,0.0
14525.0,14526.0,14525.5,0.0
14526.0,14527.0,14526.5,0.6
14527.0,14528.0,14527.5,0.0
14528.0,14529.0,14528.5,5.5
14529.0,14530.0,14529.5,6.9
14530.0,14531.0,14530.5,4.0
14531.0,14532.0,14531.5,44.2
14532.0,14533.0,14532.5,23.3
14533.0,14534.0,14533.5,23.3
14534.0,14535.0,14534.5,1.2
14535.0,14536.0,14535.5,4.5
14536.0,14537.0,14536.5,4.6
14537.0,14538.0,14537.5,3.8
14538.0,14539.0,14538.5,0.4
14539.0,14540.0,14539.5,0.0
14540.0,14541.0,14540.5,0.0
14541.0,14542.0,14541.5,0.7
14542.0,14543.0,14542.5,0.0
14543.0,14544.0,14543.5,0.0
14544.0,14545.0,14544.5,0.0
14545.0,14546.0,14545.5,0.0
14546.0,14547.0,14546.5,0.0
14547.0,14548.0,14547.5,0.0
14548.0,14549.0,14548.5,0.0
14549.0,14550.0,14549.5,0.5
14550.0,14551.0,14550.5,2.0
14551.0,14552.0,14551.5,0.0
14552.0,14553.0,14552.5,1.4
14553.0,14554.0,14553.5,0.0
14554.0,14555.0,14554.5,0.0
14555.0,14556.0,14555.5,0.0
14556.0,14557.0,14556.5,0.0
14557.0,14558.0,14557.5,0.0
14558.0,14559.0,14558.5,0.0
14559.0,14560.0,14559.5,0.0
14560.0,14561.0,14560.5,0.0
14561.0,14562.0,14561.5,3.8
14562.0,14563.0,14562.5,0.0
14563.0,14564.0,14563.5,0.0
14564.0,14565.0,14564.5,0.0
14565.0,14566.0,14565.5,0.0
14566.0,14567.0,14566.5,0.0
14567.0,14568.0,14567.5,0.0
14568.0,14569.0,14568.5,2.1
14569.0,14570.0,14569.5,0.0
14570.0,14571.0,14570.5,0.0
14571.0,14572.0,14571.5,0.0
14572.0,14573.0,14572.5,0.0
14573.0,14574.0,14573.5,1.2
14574.0,14575.0,14574.5,0.0
14575.0,14576.0,14575.5,0.0
14576.0,14577.0,14576.5,0.0
14577.0,14578.0,14577.5,0.0
14578.0,14579.0,14578.5,0.0
14579.0,14580.0,14579.5,0.0
14580.0,14581.0,14580.5,0.0
14581.0,14582.0,14581.5,0.0
14582.0,14583.0,14582.5,0.2
14583.0,14584.0,14583.5,0.0
14584.0,14585.0,14584.5,0.0
14585.0,14586.0,14585.5,0.5
14586.0,14587.0,14586.5,0.0
14587.0,14588.0,14587.5,0.0
14588.0,14589.0,14588.5,0.0
14589.0,14590.0,14589.5,0.0
14590.0,14591.0,14590.5,0.0
14591.0,14592.0,14591.5,0.0
14592.0,14593.0,14592.5,0.0
14593.0,14594.0,14593.5,0.0
14594.0,14595.0,14594.5,0.0
14595.0,14596.0,14595.5,0.0
14596.0,14597.0,14596.5,0.0
14597.0,14598.0,14597.5,0.0
14598.0,14599.0,14598.5,0.0
14599.0,14600.0,14599.5,0.0
14600.0,14601.0,14600.5,0.0
14601.0,14602.0,14601.5,0.0
14602.0,14603.0,14602.5,0.0
14603.0,14604.0,14603.5,0.0
14604.0,14605.0,14604.5,0.0
14605.0,14606.0,14605.5,0.0
14606.0,14607.0,14606.5,0.0
14607.0,14608.0,14607.5,0.0
14608.0,14609.0,14608.5,0.0
14609.0,14610.0,14609.5,0.0
14610.0,14611.0,14610.5,0.0
14611.0,14612.0,14611.5,0.0
14612.0,14613.0,14612.5,0.0
14613.0,14614.0,14613.5,0.0
14614.0,14615.0,14614.5,0.0
14615.0,14616.0,14615.5,0.0
14616.0,14617.0,14616.5,0.0
14617.0,14618.0,14617.5,0.0
14618.0,14619.0,14618.5,0.0
14619.0,14620.0,14619.5,0.0
14620.0,14621.0,14620.5,0.0
14621.0,14622.0,14621.5,0.0
14622.0,14623.0,14622.5,0.0
14623.0,14624.0,14623.5,0.0
14624.0,14625.0,14624.5,0.0
14625.0,14626.0,14625.5,0.0
14626.0,14627.0,14626.5,0.0
14627.0,14628.0,14627.5,0.0
14628.0,14629.0,14628.5,0.0
14629.0,14630.0,14629.5,0.0
14630.0,14631.0,14630.5,0.0
14631.0,14632.0,14631.5,0.0
14632.0,14633.0,14632.5,0.0
14633.0,14634.0,14633.5,0.0
14634.0,14635.0,14634.5,0.0
14635.0,14636.0,14635.5,0.0
14636.0,14637.0,14636.5,0.0
14637.0,14638.0,14637.5,0.0
14638.0,14639.0,14638.5,0.0
14639.0,14640.0,14639.5,0.0
14640.0,14641.0,14640.5,0.0
14641.0,14642.0,14641.5,0.0
14642.0,14643.0,14642.5,0.0
14643.0,14644.0,14643.5,0.0
14644.0,14645.0,14644.5,0.0
14645.0,14646.0,14645.5,0.0
14646.0,14647.0,14646.5,0.0
14647.0,14648.0,14647.5,0.0
14648.0,14649.0,14648.5,0.0
14649.0,14650.0,14649.5,0.0
14650.0,14651.0,14650.5,0.0
14651.0,14652.0,14651.5,0.0
14652.0,14653.0,14652.5,0.0
14653.0,14654.0,14653.5,0.0
14654.0,14655.0,14654.5,0.0
14655.0,14656.0,14655.5,0.0
14656.0,14657.0,14656.5,0.0
14657.0,14658.0,14657.5,0.0
14658.0,14659.0,14658.5,0.0
14659.0,14660.0,14659.5,0.0
14660.0,14661.0,14660.5,0.0
14661.0,14662.0,14661.5,0.0
14662.0,14663.0,14662.5,0.0
14663.0,14664.0,14663.5,0.0
14664.0,14665.0,14664.5,0.0
14665.0,14666.0,14665.5,0.0
14666.0,14667.0,14666.5,0.0
14667.0,14668.0,14667.5,0.0
14668.0,14669.0,14668.5,0.0
14669.0,14670.0,14669.5,0.0
14670.0,14671.0,14670.5,0.0
14671.0,14672.0,14671.5,0.0
14672.0,14673.0,14672.5,0.0
14673.0,14674.0,14673.5,0.0
14674.0,14675.0,14674.5,0.0
14675.0,14676.0,14675.5,0.0
14676.0,14677.0,14676.5,0.0
14677.0,14678.0,14677.5,0.0
14678.0,14679.0,14678.5,0.0
14679.0,14680.0,14679.5,0.0
14680.0,14681.0,14680.5,0.0
14681.0,14682.0,14681.5,0.0
14682.0,14683.0,14682.5,0.0
14683.0,14684.0,14683.5,0.0
14684.0,14685.0,14684.5,0.0
14685.0,14686.0,14685.5,0.0
14686.0,14687.0,14686.5,0.0
14687.0,14688.0,14687.5,0.0
14688.0,14689.0,14688.5,0.0
14689.0,14690.0,14689.5,0.0
14690.0,14691.0,14690.5,0.0
14691.0,14692.0,14691.5,0.0
14692.0,14693.0,14692.5,0.0
14693.0,14694.0,14693.5,0.0
14694.0,14695.0,14694.5,0.0
14695.0,14696.0,14695.5,0.0
14696.0,14697.0,14696.5,0.0
14697.0,14698.0,14697.5,0.0
14698.0,14699.0,14698.5,0.0
14699.0,14700.0,14699.5,0.0
14700.0,14701.0,14700.5,0.0
14701.0,14702.0,14701.5,0.0
14702.0,14703.0,14702.5,0.0
14703.0,14704.0,14703.5,0.0
14704.0,14705.0,14704.5,0.0
14705.0,14706.0,14705.5,0.0
14706.0,14707.0,14706.5,0.0
14707.0,14708.0,14707.5,0.0
14708.0,14709.0,14708.5,0.0
14709.0,14710.0,14709.5,0.0
14710.0,14711.0,14710.5,0.0
14711.0,14712.0,14711.5,0.0
14712.0,14713.0,14712.5,0.0
14713.0,14714.0,14713.5,0.0
14714.0,14715.0,14714.5,0.0
14715.0,14716.0,14715.5,0.0
14716.0,14717.0,14716.5,0.0
14717.0,14718.0,14717.5,0.0
14718.0,14719.0,14718.5,0.0
14719.0,14720.0,14719.5,0.0
14720.0,14721.0,14720.5,0.0
14721.0,14722.0,14721.5,0.0
14722.0,14723.0,14722.5,0.0
14723.0,14724.0,14723.5,9.6
14724.0,14725.0,14724.5,5.2
14725.0,14726.0,14725.5,1.8
14726.0,14727.0,14726.5,11.6
14727.0,14728.0,14727.5,11.3
14728.0,14729.0,14728.5,0.2
14729.0,14730.0,14729.5,10.2
14730.0,14731.0,14730.5,2.6
14731.0,14732.0,14731.5,0.0
14732.0,14733.0,14732.5,1.2
14733.0,14734.0,14733.5,2.4
14734.0,14735.0,14734.5,0.0
14735.0,14736.0,14735.5,0.0
14736.0,14737.0,14736.5,0.0
14737.0,14738.0,14737.5,0.0
14738.0,14739.0,14738.5,0.0
14739.0,14740.0,14739.5,0.0
14740.0,14741.0,14740.5,0.4
14741.0,14742.0,14741.5,0.0
14742.0,14743.0,14742.5,0.0
14743.0,14744.0,14743.5,0.0
14744.0,14745.0,14744.5,0.0
14745.0,14746.0,14745.5,0.0
14746.0,14747.0,14746.5,0.0
14747.0,14748.0,14747.5,0.0
14748.0,14749.0,14748.5,0.0
14749.0,14750.0,14749.5,0.0
14750.0,14751.0,14750.5,0.0
14751.0,14752.0,14751.5,0.0
14752.0,14753.0,14752.5,0.4
14753.0,14754.0,14753.5,0.0
14754.0,14755.0,14754.5,0.9
14755.0,14756.0,14755.5,0.7
14756.0,14757.0,14756.5,0.0
14757.0,14758.0,14757.5,2.6
14758.0,14759.0,14758.5,1.1
14759.0,14760.0,14759.5,5.6
14760.0,14761.0,14760.5,2.0
14761.0,14762.0,14761.5,3.1
14762.0,14763.0,14762.5,4.4
14763.0,14764.0,14763.5,18.6
14764.0,14765.0,14764.5,0.0
14765.0,14766.0,14765.5,1.1
14766.0,14767.0,14766.5,15.6
14767.0,14768.0,14767.5,1.1
14768.0,14769.0,14768.5,4.4
14769.0,14770.0,14769.5,0.0
14770.0,14771.0,14770.5,0.0
14771.0,14772.0,14771.5,2.1
14772.0,14773.0,14772.5,4.7
14773.0,14774.0,14773.5,0.0
14774.0,14775.0,14774.5,0.0
14775.0,14776.0,14775.5,0.0
14776.0,14777.0,14776.5,0.0
14777.0,14778.0,14777.5,0.0
14778.0,14779.0,14778.5,0.0
14779.0,14780.0,14779.5,0.0
14780.0,14781.0,14780.5,0.0
14781.0,14782.0,14781.5,0.0
14782.0,14783.0,14782.5,0.0
14783.0,14784.0,14783.5,0.0
14784.0,14785.0,14784.5,0.0
14785.0,14786.0,14785.5,0.0
14786.0,14787.0,14786.5,0.0
14787.0,14788.0,14787.5,0.0
14788.0,14789.0,14788.5,0.0
14789.0,14790.0,14789.5,0.0
14790.0,14791.0,14790.5,0.0
14791.0,14792.0,14791.5,0.0
14792.0,14793.0,14792.5,0.0
14793.0,14794.0,14793.5,0.0
14794.0,14795.0,14794.5,0.0
14795.0,14796.0,14795.5,0.0
14796.0,14797.0,14796.5,0.0
14797.0,14798.0,14797.5,0.0
14798.0,14799.0,14798.5,0.0
14799.0,14800.0,14799.5,0.0
14800.0,14801.0,14800.5,0.3
14801.0,14802.0,14801.5,0.0
14802.0,14803.0,14802.5,0.0
14803.0,14804.0,14803.5,0.0
14804.0,14805.0,14804.5,0.0
14805.0,14806.0,14805.5,0.0
14806.0,14807.0,14806.5,0.0
14807.0,14808.0,14807.5,0.0
14808.0,14809.0,14808.5,0.0
14809.0,14810.0,14809.5,0.0
14810.0,14811.0,14810.5,0.0
14811.0,14812.0,14811.5,0.0
14812.0,14813.0,14812.5,0.0
14813.0,14814.0,14813.5,0.0
14814.0,14815.0,14814.5,0.0
14815.0,14816.0,14815.5,0.0
14816.0,14817.0,14816.5,0.0
14817.0,14818.0,14817.5,0.0
14818.0,14819.0,14818.5,0.0
14819.0,14820.0,14819.5,0.0
14820.0,14821.0,14820.5,0.0
14821.0,14822.0,14821.5,0.0
14822.0,14823.0,14822.5,0.0
14823.0,14824.0,14823.5,0.0
14824.0,14825.0,14824.5,0.0
14825.0,14826.0,14825.5,0.0
14826.0,14827.0,14826.5,0.0
14827.0,14828.0,14827.5,0.0
14828.0,14829.0,14828.5,0.0
14829.0,14830.0,14829.5,0.0
14830.0,14831.0,14830.5,0.0
14831.0,14832.0,14831.5,0.0
14832.0,14833.0,14832.5,0.0
14833.0,14834.0,14833.5,0.0
14834.0,14835.0,14834.5,0.0
14835.0,14836.0,14835.5,0.0
14836.0,14837.0,14836.5,0.0
14837.0,14838.0,14837.5,0.0
14838.0,14839.0,14838.5,0.0
14839.0,14840.0,14839.5,0.0
14840.0,14841.0,14840.5,0.0
14841.0,14842.0,14841.5,0.0
14842.0,14843.0,14842.5,0.0
14843.0,14844.0,14843.5,0.0
14844.0,14845.0,14844.5,0.0
14845.0,14846.0,14845.5,0.0
14846.0,14847.0,14846.5,0.0
14847.0,14848.0,14847.5,0.0
14848.0,14849.0,14848.5,0.0
14849.0,14850.0,14849.5,0.0
14850.0,14851.0,14850.5,0.0
14851.0,14852.0,14851.5,0.0
14852.0,14853.0,14852.5,0.0
14853.0,14854.0,14853.5,0.0
14854.0,14855.0,14854.5,0.0
14855.0,14856.0,14855.5,0.0
14856.0,14857.0,14856.5,0.0
14857.0,14858.0,14857.5,0.0
14858.0,14859.0,14858.5,0.0
14859.0,14860.0,14859.5,0.0
14860.0,14861.0,14860.5,0.0
14861.0,14862.0,14861.5,0.0
14862.0,14863.0,14862.5,0.0
14863.0,14864.0,14863.5,0.0
14864.0,14865.0,14864.5,0.0
14865.0,14866.0,14865.5,0.0
14866.0,14867.0,14866.5,0.0
14867.0,14868.0,14867.5,0.0
14868.0,14869.0,14868.5,0.0
14869.0,14870.0,14869.5,0.0
14870.0,14871.0,14870.5,0.0
14871.0,14872.0,14871.5,0.0
14872.0,14873.0,14872.5,0.0
14873.0,14874.0,14873.5,0.0
14874.0,14875.0,14874.5,0.0
14875.0,14876.0,14875.5,0.0
14876.0,14877.0,14876.5,0.0
14877.0,14878.0,14877.5,0.0
14878.0,14879.0,14878.5,0.0
14879.0,14880.0,14879.5,0.0
14880.0,14881.0,14880.5,0.0
14881.0,14882.0,14881.5,0.0
14882.0,14883.0,14882.5,0.0
14883.0,14884.0,14883.5,0.0
14884.0,14885.0,14884.5,0.0
14885.0,14886.0,14885.5,0.0
14886.0,14887.0,14886.5,0.0
14887.0,14888.0,14887.5,0.0
14888.0,14889.0,14888.5,0.0
14889.0,14890.0,14889.5,0.0
14890.0,14891.0,14890.5,0.0
14891.0,14892.0,14891.5,0.0
14892.0,14893.0,14892.5,0.0
14893.0,14894.0,14893.5,0.0
14894.0,14895.0,14894.5,0.0
14895.0,14896.0,14895.5,0.0
14896.0,14897.0,14896.5,0.0
14897.0,14898.0,14897.5,0.0
14898.0,14899.0,14898.5,0.0
14899.0,14900.0,14899.5,0.0
14900.0,14901.0,14900.5,0.0
14901.0,14902.0,14901.5,0.0
14902.0,14903.0,14902.5,0.0
14903.0,14904.0,14903.5,0.0
14904.0,14905.0,14904.5,0.0
14905.0,14906.0,14905.5,0.0
14906.0,14907.0,14906.5,0.0
14907.0,14908.0,14907.5,0.0
14908.0,14909.0,14908.5,0.0
14909.0,14910.0,14909.5,0.0
14910.0,14911.0,14910.5,0.0
14911.0,14912.0,14911.5,0.0
14912.0,14913.0,14912.5,0.0
14913.0,14914.0,14913.5,0.0
14914.0,14915.0,14914.5,0.0
14915.0,14916.0,14915.5,0.0
14916.0,14917.0,14916.5,0.0
14917.0,14918.0,14917.5,0.0
14918.0,14919.0,14918.5,0.0
14919.0,14920.0,14919.5,0.0
14920.0,14921.0,14920.5,0.0
14921.0,14922.0,14921.5,0.0
14922.0,14923.0,14922.5,0.0
14923.0,14924.0,14923.5,0.0
14924.0,14925.0,14924.5,0.0
14925.0,14926.0,14925.5,0.0
14926.0,14927.0,14926.5,0.0
14927.0,14928.0,14927.5,0.0
14928.0,14929.0,14928.5,0.0
14929.0,14930.0,14929.5,0.0
14930.0,14931.0,14930.5,0.0
14931.0,14932.0,14931.5,0.0
14932.0,14933.0,14932.5,0.0
14933.0,14934.0,14933.5,0.0
14934.0,14935.0,14934.5,0.0
14935.0,14936.0,14935.5,0.0
14936.0,14937.0,14936.5,0.0
14937.0,14938.0,14937.5,0.0
14938.0,14939.0,14938.5,0.0
14939.0,14940.0,14939.5,0.0
14940.0,14941.0,14940.5,0.0
14941.0,14942.0,14941.5,0.0
14942.0,14943.0,14942.5,0.0
14943.0,14944.0,14943.5,0.0
14944.0,14945.0,14944.5,0.0
14945.0,14946.0,14945.5,0.0
14946.0,14947.0,14946.5,0.0
14947.0,14948.0,14947.5,0.0
14948.0,14949.0,14948.5,0.0
14949.0,14950.0,14949.5,0.0
14950.0,14951.0,14950.5,0.0
14951.0,14952.0,14951.5,0.0
14952.0,14953.0,14952.5,0.0
14953.0,14954.0,14953.5,0.0
14954.0,14955.0,14954.5,0.0
14955.0,14956.0,14955.5,0.0
14956.0,14957.0,14956.5,0.0
14957.0,14958.0,14957.5,0.0
14958.0,14959.0,14958.5,0.0
14959.0,14960.0,14959.5,0.0
14960.0,14961.0,14960.5,0.0
14961.0,14962.0,14961.5,0.0
14962.0,14963.0,14962.5,0.0
14963.0,14964.0,14963.5,0.0
14964.0,14965.0,14964.5,0.0
14965.0,14966.0,14965.5,0.0
14966.0,14967.0,14966.5,0.0
14967.0,14968.0,14967.5,0.0
14968.0,14969.0,14968.5,0.0
14969.0,14970.0,14969.5,0.0
14970.0,14971.0,14970.5,0.0
14971.0,14972.0,14971.5,0.0
14972.0,14973.0,14972.5,0.0
14973.0,14974.0,14973.5,0.0
14974.0,14975.0,14974.5,0.0
14975.0,14976.0,14975.5,0.0
14976.0,14977.0,14976.5,0.0
14977.0,14978.0,14977.5,0.0
14978.0,14979.0,14978.5,0.0
14979.0,14980.0,14979.5,0.0
14980.0,14981.0,14980.5,0.0
14981.0,14982.0,14981.5,0.0
14982.0,14983.0,14982.5,0.0
14983.0,14984.0,14983.5,0.0
14984.0,14985.0,14984.5,0.0
14985.0,14986.0,14985.5,0.0
14986.0,14987.0,14986.5,0.0
14987.0,14988.0,14987.5,0.0
14988.0,14989.0,14988.5,0.0
14989.0,14990.0,14989.5,0.0
14990.0,14991.0,14990.5,0.0
14991.0,14992.0,14991.5,0.0
14992.0,14993.0,14992.5,0.0
14993.0,14994.0,14993.5,0.0
14994.0,14995.0,14994.5,0.0
14995.0,14996.0,14995.5,0.0
14996.0,14997.0,14996.5,0.0
14997.0,14998.0,14997.5,0.0
14998.0,14999.0,14998.5,0.0
14999.0,15000.0,14999.5,0.0
15000.0,15001.0,15000.5,0.0
15001.0,15002.0,15001.5,0.0
15002.0,15003.0,15002.5,0.0
15003.0,15004.0,15003.5,0.0
15004.0,15005.0,15004.5,0.0
15005.0,15006.0,15005.5,0.0
15006.0,15007.0,15006.5,0.0
15007.0,15008.0,15007.5,0.0
15008.0,15009.0,15008.5,0.0
15009.0,15010.0,15009.5,0.0
15010.0,15011.0,15010.5,0.0
15011.0,15012.0,15011.5,0.0
15012.0,15013.0,15012.5,0.0
15013.0,15014.0,15013.5,0.0
15014.0,15015.0,15014.5,0.0
15015.0,15016.0,15015.5,0.0
15016.0,15017.0,15016.5,0.0
15017.0,15018.0,15017.5,0.0
15018.0,15019.0,15018.5,0.0
15019.0,15020.0,15019.5,0.0
15020.0,15021.0,15020.5,0.0
15021.0,15022.0,15021.5,0.0
15022.0,15023.0,15022.5,0.0
15023.0,15024.0,15023.5,0.0
15024.0,15025.0,15024.5,0.0
15025.0,15026.0,15025.5,0.0
15026.0,15027.0,15026.5,0.0
15027.0,15028.0,15027.5,0.0
15028.0,15029.0,15028.5,0.0
15029.0,15030.0,15029.5,0.0
15030.0,15031.0,15030.5,0.0
15031.0,15032.0,15031.5,0.0
15032.0,15033.0,15032.5,0.0
15033.0,15034.0,15033.5,0.0
15034.0,15035.0,15034.5,0.0
15035.0,15036.0,15035.5,0.0
15036.0,15037.0,15036.5,0.0
15037.0,15038.0,15037.5,0.0
15038.0,15039.0,15038.5,0.0
15039.0,15040.0,15039.5,0.0
15040.0,15041.0,15040.5,0.0
15041.0,15042.0,15041.5,0.0
15042.0,15043.0,15042.5,0.0
15043.0,15044.0,15043.5,0.0
15044.0,15045.0,15044.5,0.0
15045.0,15046.0,15045.5,0.0
15046.0,15047.0,15046.5,0.0
15047.0,15048.0,15047.5,0.0
15048.0,15049.0,15048.5,0.0
15049.0,15050.0,15049.5,0.0
15050.0,15051.0,15050.5,0.0
15051.0,15052.0,15051.5,0.0
15052.0,15053.0,15052.5,0.0
15053.0,15054.0,15053.5,0.0
15054.0,15055.0,15054.5,0.0
15055.0,15056.0,15055.5,0.0
15056.0,15057.0,15056.5,0.0
15057.0,15058.0,15057.5,0.0
15058.0,15059.0,15058.5,0.0
15059.0,15060.0,15059.5,0.0
15060.0,15061.0,15060.5,0.0
15061.0,15062.0,15061.5,0.0
15062.0,15063.0,15062.5,0.0
15063.0,15064.0,15063.5,0.0
15064.0,15065.0,15064.5,0.0
15065.0,15066.0,15065.5,0.0
15066.0,15067.0,15066.5,0.0
15067.0,15068.0,15067.5,0.0
15068.0,15069.0,15068.5,0.0
15069.0,15070.0,15069.5,0.0
15070.0,15071.0,15070.5,0.0
15071.0,15072.0,15071.5,0.0
15072.0,15073.0,15072.5,0.0
15073.0,15074.0,15073.5,0.0
15074.0,15075.0,15074.5,0.0
15075.0,15076.0,15075.5,0.0
15076.0,15077.0,15076.5,0.0
15077.0,15078.0,15077.5,0.0
15078.0,15079.0,15078.5,0.0
15079.0,15080.0,15079.5,0.0
15080.0,15081.0,15080.5,0.0
15081.0,15082.0,15081.5,0.0
15082.0,15083.0,15082.5,0.0
15083.0,15084.0,15083.5,0.0
15084.0,15085.0,15084.5,0.0
15085.0,15086.0,15085.5,0.0
15086.0,15087.0,15086.5,0.0
15087.0,15088.0,15087.5,0.0
15088.0,15089.0,15088.5,0.0
15089.0,15090.0,15089.5,0.0
15090.0,15091.0,15090.5,0.0
15091.0,15092.0,15091.5,0.0
