NASA Data Processing/CAMP2Ex/SP2/CAMP2Ex-LARGE-SP2_P3B_20190913_R1.ict
37, 1001
Luke D. Ziemba
NASA Langley Research Center
Single Particle Soot Photometer (SP2), DMT
CAMP2Ex
1, 1
2019, 09, 13, 2020,05,06
0
Time_Start, seconds_past_midnight, start_seconds_past_midnight
3
1, 1, 1
-9999, -9999, -9999
Time_Stop, seconds_past_midnight, stop_seconds_past_midnight
Time_Mid, seconds_past_midnight, mid_seconds_past_midnight
BlackCarbon_STP, Black_Carbon_nanograms_per_standard_cubic_meter, AerComp_BC_InSitu_LII_Accu_MassSTP
1
N/A
19
PI_CONTACT_INFO: 21 Langley Blvd, Hampton, VA 23681
PLATFORM: NASA WFF P3-B N426NA
LOCATION: Philippines; Latitude, Longitude, and Altitude included in Hskping files (MetNav)
ASSOCIATED_DATA: InletFlag, MetNav, cloud flag
INSTRUMENT_INFO: Single particle refractory BC mass measured by laser-induced incandescence. Calibrated using laboratory-generated monodisperse fullerene soot aerosol and polynomial mass/response fit. 
DATA_INFO: Data corrected to STP (760 torr and 273K). Measurements apply to refractory black carbon particles with diameter between 100 and 700nm
UNCERTAINTY: 10%
ULOD_FLAG: -7777
ULOD_VALUE: N/A
LLOD_FLAG: -8888
LLOD_VALUE: N/A
DM_CONTACT_INFO: Luke D. Ziemba, luke.ziemba@nasa.gov, (757)864-6246
PROJECT_INFO: CAMP2Ex based at Clark International Airport, Philippines
STIPULATIONS_ON_USE: Data users are strongly encouraged to contact the instrument PI for information on instrument caveats and best practices.
OTHER_COMMENTS: Data affected by cloud penetrations have NOT been removed.Switched between forward-facing isokinetic inlet and counterflow virtual impactor; flag is provided (InletFlag).Data are removed for calibrations,insufficient laser power,and pump failure.
REVISION: R1
R0: Final Data.  No further adjustments are planned.
R1: Applied time shift of -2s to DLH.
Time_Start, Time_Stop, Time_Mid, BlackCarbon_STP
[from data line 24778]
99304.0,99305.0,99304.5,0.0
99305.0,99306.0,99305.5,0.0
99306.0,99307.0,99306.5,0.0
99307.0,99308.0,99307.5,0.0
99308.0,99309.0,99308.5,0.0
99309.0,99310.0,99309.5,0.0
99310.0,99311.0,99310.5,0.0
99311.0,99312.0,99311.5,0.0
99312.0,99313.0,99312.5,0.0
99313.0,99314.0,99313.5,0.0
99314.0,99315.0,99314.5,0.0
99315.0,99316.0,99315.5,0.0
99316.0,99317.0,99316.5,0.0
99317.0,99318.0,99317.5,0.0
99318.0,99319.0,99318.5,0.0
99319.0,99320.0,99319.5,0.0
99320.0,99321.0,99320.5,0.0
99321.0,99322.0,99321.5,0.0
99322.0,99323.0,99322.5,0.0
99323.0,99324.0,99323.5,0.0
99324.0,99325.0,99324.5,0.0
99325.0,99326.0,99325.5,0.0
99326.0,99327.0,99326.5,0.0
99327.0,99328.0,99327.5,0.0
99328.0,99329.0,99328.5,0.0
99329.0,99330.0,99329.5,0.0
99330.0,99331.0,99330.5,0.0
99331.0,99332.0,99331.5,0.0
99332.0,99333.0,99332.5,0.0
99333.0,99334.0,99333.5,0.0
99334.0,99335.0,99334.5,0.0
99335.0,99336.0,99335.5,0.0
99336.0,99337.0,99336.5,0.0
99337.0,99338.0,99337.5,0.0
99338.0,99339.0,99338.5,0.0
99339.0,99340.0,99339.5,0.0
99340.0,99341.0,99340.5,0.0
99341.0,99342.0,99341.5,0.0
99342.0,99343.0,99342.5,0.0
99343.0,99344.0,99343.5,0.0
99344.0,99345.0,99344.5,0.0
99345.0,99346.0,99345.5,0.0
99346.0,99347.0,99346.5,0.0
99347.0,99348.0,99347.5,0.0
99348.0,99349.0,99348.5,0.0
99349.0,99350.0,99349.5,0.0
99350.0,99351.0,99350.5,0.0
99351.0,99352.0,99351.5,0.0
99352.0,99353.0,99352.5,0.0
99353.0,99354.0,99353.5,0.0
99354.0,99355.0,99354.5,0.0
99355.0,99356.0,99355.5,0.0
99356.0,99357.0,99356.5,0.0
99357.0,99358.0,99357.5,0.0
99358.0,99359.0,99358.5,0.0
99359.0,99360.0,99359.5,0.0
99360.0,99361.0,99360.5,0.0
99361.0,99362.0,99361.5,0.0
99362.0,99363.0,99362.5,0.0
99363.0,99364.0,99363.5,0.0
99364.0,99365.0,99364.5,0.0
99365.0,99366.0,99365.5,0.0
99366.0,99367.0,99366.5,0.0
99367.0,99368.0,99367.5,0.0
99368.0,99369.0,99368.5,0.0
99369.0,99370.0,99369.5,0.0
99370.0,99371.0,99370.5,0.0
99371.0,99372.0,99371.5,0.0
99372.0,99373.0,99372.5,0.0
99373.0,99374.0,99373.5,0.0
99374.0,99375.0,99374.5,0.0
99375.0,99376.0,99375.5,0.0
99376.0,99377.0,99376.5,0.0
99377.0,99378.0,99377.5,0.0
99378.0,99379.0,99378.5,0.0
99379.0,99380.0,99379.5,0.0
99380.0,99381.0,99380.5,0.0
99381.0,99382.0,99381.5,0.0
99382.0,99383.0,99382.5,0.0
99383.0,99384.0,99383.5,0.0
99384.0,99385.0,99384.5,0.0
99385.0,99386.0,99385.5,0.0
99386.0,99387.0,99386.5,0.0
99387.0,99388.0,99387.5,0.0
99388.0,99389.0,99388.5,0.0
99389.0,99390.0,99389.5,0.0
99390.0,99391.0,99390.5,0.0
99391.0,99392.0,99391.5,0.0
99392.0,99393.0,99392.5,0.0
99393.0,99394.0,99393.5,0.0
99394.0,99395.0,99394.5,0.0
99395.0,99396.0,99395.5,0.0
99396.0,99397.0,99396.5,0.0
99397.0,99398.0,99397.5,0.0
99398.0,99399.0,99398.5,0.0
99399.0,99400.0,99399.5,0.0
99400.0,99401.0,99400.5,0.0
99401.0,99402.0,99401.5,0.0
99402.0,99403.0,99402.5,0.0
99403.0,99404.0,99403.5,0.0
99404.0,99405.0,99404.5,0.0
99405.0,99406.0,99405.5,0.0
99406.0,99407.0,99406.5,0.0
99407.0,99408.0,99407.5,0.0
99408.0,99409.0,99408.5,0.0
99409.0,99410.0,99409.5,0.0
99410.0,99411.0,99410.5,0.0
99411.0,99412.0,99411.5,0.0
99412.0,99413.0,99412.5,0.0
99413.0,99414.0,99413.5,0.0
99414.0,99415.0,99414.5,0.0
99415.0,99416.0,99415.5,0.0
99416.0,99417.0,99416.5,0.0
99417.0,99418.0,99417.5,0.0
99418.0,99419.0,99418.5,0.0
99419.0,99420.0,99419.5,0.0
99420.0,99421.0,99420.5,0.0
99421.0,99422.0,99421.5,0.0
99422.0,99423.0,99422.5,0.0
99423.0,99424.0,99423.5,0.0
99424.0,99425.0,99424.5,0.0
99425.0,99426.0,99425.5,0.0
99426.0,99427.0,99426.5,0.0
99427.0,99428.0,99427.5,0.0
99428.0,99429.0,99428.5,0.0
99429.0,99430.0,99429.5,0.0
99430.0,99431.0,99430.5,0.0
99431.0,99432.0,99431.5,0.0
99432.0,99433.0,99432.5,0.0
99433.0,99434.0,99433.5,0.0
99434.0,99435.0,99434.5,0.0
99435.0,99436.0,99435.5,0.0
99436.0,99437.0,99436.5,0.0
99437.0,99438.0,99437.5,0.0
99438.0,99439.0,99438.5,0.0
99439.0,99440.0,99439.5,0.0
99440.0,99441.0,99440.5,0.0
99441.0,99442.0,99441.5,0.0
99442.0,99443.0,99442.5,0.0
99443.0,99444.0,99443.5,0.0
99444.0,99445.0,99444.5,0.0
99445.0,99446.0,99445.5,0.0
99446.0,99447.0,99446.5,0.0
99447.0,99448.0,99447.5,0.0
99448.0,99449.0,99448.5,0.0
99449.0,99450.0,99449.5,0.0
99450.0,99451.0,99450.5,0.0
99451.0,99452.0,99451.5,0.0
99452.0,99453.0,99452.5,0.0
99453.0,99454.0,99453.5,0.0
99454.0,99455.0,99454.5,0.0
99455.0,99456.0,99455.5,0.0
99456.0,99457.0,99456.5,0.0
99457.0,99458.0,99457.5,0.0
99458.0,99459.0,99458.5,0.0
99459.0,99460.0,99459.5,0.0
99460.0,99461.0,99460.5,0.0
99461.0,99462.0,99461.5,0.0
99462.0,99463.0,99462.5,0.0
99463.0,99464.0,99463.5,0.0
99464.0,99465.0,99464.5,0.0
99465.0,99466.0,99465.5,0.0
99466.0,99467.0,99466.5,0.0
99467.0,99468.0,99467.5,0.0
99468.0,99469.0,99468.5,0.0
99469.0,99470.0,99469.5,0.0
99470.0,99471.0,99470.5,0.0
99471.0,99472.0,99471.5,0.0
99472.0,99473.0,99472.5,0.0
99473.0,99474.0,99473.5,0.0
99474.0,99475.0,99474.5,0.0
99475.0,99476.0,99475.5,0.0
99476.0,99477.0,99476.5,0.0
99477.0,99478.0,99477.5,0.0
99478.0,99479.0,99478.5,0.0
99479.0,99480.0,99479.5,0.0
99480.0,99481.0,99480.5,0.0
99481.0,99482.0,99481.5,0.0
99482.0,99483.0,99482.5,0.0
99483.0,99484.0,99483.5,0.0
99484.0,99485.0,99484.5,0.0
99485.0,99486.0,99485.5,0.0
99486.0,99487.0,99486.5,0.0
99487.0,99488.0,99487.5,0.0
99488.0,99489.0,99488.5,0.0
99489.0,99490.0,99489.5,0.0
99490.0,99491.0,99490.5,0.0
99491.0,99492.0,99491.5,0.0
99492.0,99493.0,99492.5,0.0
99493.0,99494.0,99493.5,0.0
99494.0,99495.0,99494.5,0.0
99495.0,99496.0,99495.5,0.0
99496.0,99497.0,99496.5,0.0
99497.0,99498.0,99497.5,0.0
99498.0,99499.0,99498.5,0.0
99499.0,99500.0,99499.5,0.0
99500.0,99501.0,99500.5,0.0
99501.0,99502.0,99501.5,0.0
99502.0,99503.0,99502.5,0.0
99503.0,99504.0,99503.5,0.0
99504.0,99505.0,99504.5,0.0
99505.0,99506.0,99505.5,0.0
99506.0,99507.0,99506.5,0.0
99507.0,99508.0,99507.5,0.0
99508.0,99509.0,99508.5,0.0
99509.0,99510.0,99509.5,0.0
99510.0,99511.0,99510.5,0.0
99511.0,99512.0,99511.5,0.0
99512.0,99513.0,99512.5,0.0
99513.0,99514.0,99513.5,0.0
99514.0,99515.0,99514.5,0.0
99515.0,99516.0,99515.5,0.0
99516.0,99517.0,99516.5,0.0
99517.0,99518.0,99517.5,0.0
99518.0,99519.0,99518.5,0.0
99519.0,99520.0,99519.5,0.0
99520.0,99521.0,99520.5,0.0
99521.0,99522.0,99521.5,0.0
99522.0,99523.0,99522.5,0.0
99523.0,99524.0,99523.5,0.0
99524.0,99525.0,99524.5,0.0
99525.0,99526.0,99525.5,0.0
99526.0,99527.0,99526.5,0.0
99527.0,99528.0,99527.5,0.0
99528.0,99529.0,99528.5,0.0
99529.0,99530.0,99529.5,0.0
99530.0,99531.0,99530.5,0.0
99531.0,99532.0,99531.5,0.0
99532.0,99533.0,99532.5,0.0
99533.0,99534.0,99533.5,0.0
99534.0,99535.0,99534.5,0.0
99535.0,99536.0,99535.5,0.0
99536.0,99537.0,99536.5,0.0
99537.0,99538.0,99537.5,0.0
99538.0,99539.0,99538.5,0.0
99539.0,99540.0,99539.5,0.0
99540.0,99541.0,99540.5,0.0
99541.0,99542.0,99541.5,0.0
99542.0,99543.0,99542.5,0.0
99543.0,99544.0,99543.5,0.0
99544.0,99545.0,99544.5,0.0
99545.0,99546.0,99545.5,0.0
99546.0,99547.0,99546.5,0.0
99547.0,99548.0,99547.5,0.0
99548.0,99549.0,99548.5,0.0
99549.0,99550.0,99549.5,0.0
99550.0,99551.0,99550.5,0.0
99551.0,99552.0,99551.5,0.0
99552.0,99553.0,99552.5,0.0
99553.0,99554.0,99553.5,0.0
99554.0,99555.0,99554.5,0.0
99555.0,99556.0,99555.5,0.0
99556.0,99557.0,99556.5,0.0
99557.0,99558.0,99557.5,0.0
99558.0,99559.0,99558.5,0.0
99559.0,99560.0,99559.5,0.0
99560.0,99561.0,99560.5,0.0
99561.0,99562.0,99561.5,0.0
99562.0,99563.0,99562.5,0.0
99563.0,99564.0,99563.5,0.0
99564.0,99565.0,99564.5,0.0
99565.0,99566.0,99565.5,0.0
99566.0,99567.0,99566.5,0.0
99567.0,99568.0,99567.5,0.0
99568.0,99569.0,99568.5,0.0
99569.0,99570.0,99569.5,0.0
99570.0,99571.0,99570.5,0.0
99571.0,99572.0,99571.5,0.0
99572.0,99573.0,99572.5,0.0
99573.0,99574.0,99573.5,0.0
99574.0,99575.0,99574.5,0.0
99575.0,99576.0,99575.5,0.0
99576.0,99577.0,99576.5,0.0
99577.0,99578.0,99577.5,0.0
99578.0,99579.0,99578.5,0.0
99579.0,99580.0,99579.5,0.0
99580.0,99581.0,99580.5,0.0
99581.0,99582.0,99581.5,0.0
99582.0,99583.0,99582.5,0.0
99583.0,99584.0,99583.5,0.0
99584.0,99585.0,99584.5,0.0
99585.0,99586.0,99585.5,0.0
99586.0,99587.0,99586.5,0.0
99587.0,99588.0,99587.5,0.0
99588.0,99589.0,99588.5,0.0
99589.0,99590.0,99589.5,0.0
99590.0,99591.0,99590.5,0.0
99591.0,99592.0,99591.5,0.0
99592.0,99593.0,99592.5,0.0
99593.0,99594.0,99593.5,0.0
99594.0,99595.0,99594.5,0.0
99595.0,99596.0,99595.5,0.0
99596.0,99597.0,99596.5,0.0
99597.0,99598.0,99597.5,0.0
99598.0,99599.0,99598.5,0.0
99599.0,99600.0,99599.5,0.0
99600.0,99601.0,99600.5,0.0
99601.0,99602.0,99601.5,0.0
99602.0,99603.0,99602.5,0.0
99603.0,99604.0,99603.5,0.0
99604.0,99605.0,99604.5,0.0
99605.0,99606.0,99605.5,0.0
99606.0,99607.0,99606.5,0.0
99607.0,99608.0,99607.5,0.0
99608.0,99609.0,99608.5,0.0
99609.0,99610.0,99609.5,0.0
99610.0,99611.0,99610.5,0.0
99611.0,99612.0,99611.5,0.0
99612.0,99613.0,99612.5,0.0
99613.0,99614.0,99613.5,0.0
99614.0,99615.0,99614.5,0.0
99615.0,99616.0,99615.5,0.0
99616.0,99617.0,99616.5,0.0
99617.0,99618.0,99617.5,0.0
99618.0,99619.0,99618.5,0.0
99619.0,99620.0,99619.5,0.0
99620.0,99621.0,99620.5,0.0
99621.0,99622.0,99621.5,0.0
99622.0,99623.0,99622.5,0.0
99623.0,99624.0,99623.5,0.0
99624.0,99625.0,99624.5,0.0
99625.0,99626.0,99625.5,0.0
99626.0,99627.0,99626.5,0.0
99627.0,99628.0,99627.5,0.0
99628.0,99629.0,99628.5,0.0
99629.0,99630.0,99629.5,0.0
99630.0,99631.0,99630.5,0.0
99631.0,99632.0,99631.5,0.0
99632.0,99633.0,99632.5,0.0
99633.0,99634.0,99633.5,0.0
99634.0,99635.0,99634.5,0.0
99635.0,99636.0,99635.5,0.0
99636.0,99637.0,99636.5,0.0
99637.0,99638.0,99637.5,0.0
99638.0,99639.0,99638.5,0.0
99639.0,99640.0,99639.5,0.0
99640.0,99641.0,99640.5,0.0
99641.0,99642.0,99641.5,0.0
99642.0,99643.0,99642.5,0.0
99643.0,99644.0,99643.5,0.0
99644.0,99645.0,99644.5,0.0
99645.0,99646.0,99645.5,0.0
99646.0,99647.0,99646.5,0.0
99647.0,99648.0,99647.5,0.0
99648.0,99649.0,99648.5,0.0
99649.0,99650.0,99649.5,0.0
99650.0,99651.0,99650.5,0.0
99651.0,99652.0,99651.5,0.0
99652.0,99653.0,99652.5,0.0
99653.0,99654.0,99653.5,0.0
99654.0,99655.0,99654.5,0.0
99655.0,99656.0,99655.5,0.0
99656.0,99657.0,99656.5,0.0
99657.0,99658.0,99657.5,0.0
99658.0,99659.0,99658.5,0.0
99659.0,99660.0,99659.5,0.0
99660.0,99661.0,99660.5,0.0
99661.0,99662.0,99661.5,0.0
99662.0,99663.0,99662.5,0.0
99663.0,99664.0,99663.5,0.0
99664.0,99665.0,99664.5,0.0
99665.0,99666.0,99665.5,0.0
99666.0,99667.0,99666.5,0.0
99667.0,99668.0,99667.5,0.0
99668.0,99669.0,99668.5,0.0
99669.0,99670.0,99669.5,0.0
99670.0,99671.0,99670.5,0.0
99671.0,99672.0,99671.5,0.0
99672.0,99673.0,99672.5,0.0
99673.0,99674.0,99673.5,0.0
99674.0,99675.0,99674.5,0.0
99675.0,99676.0,99675.5,0.0
99676.0,99677.0,99676.5,0.0
99677.0,99678.0,99677.5,0.0
99678.0,99679.0,99678.5,0.0
99679.0,99680.0,99679.5,0.0
99680.0,99681.0,99680.5,0.0
99681.0,99682.0,99681.5,0.0
99682.0,99683.0,99682.5,0.0
99683.0,99684.0,99683.5,0.0
99684.0,99685.0,99684.5,0.0
99685.0,99686.0,99685.5,0.0
99686.0,99687.0,99686.5,0.0
99687.0,99688.0,99687.5,0.0
99688.0,99689.0,99688.5,0.0
99689.0,99690.0,99689.5,0.0
99690.0,99691.0,99690.5,0.0
99691.0,99692.0,99691.5,0.0
99692.0,99693.0,99692.5,0.0
99693.0,99694.0,99693.5,0.0
99694.0,99695.0,99694.5,0.0
99695.0,99696.0,99695.5,0.0
99696.0,99697.0,99696.5,0.0
99697.0,99698.0,99697.5,0.0
99698.0,99699.0,99698.5,0.0
99699.0,99700.0,99699.5,0.0
99700.0,99701.0,99700.5,0.0
99701.0,99702.0,99701.5,0.0
99702.0,99703.0,99702.5,0.0
99703.0,99704.0,99703.5,0.0
99704.0,99705.0,99704.5,0.0
99705.0,99706.0,99705.5,0.0
99706.0,99707.0,99706.5,0.0
99707.0,99708.0,99707.5,0.0
99708.0,99709.0,99708.5,0.0
99709.0,99710.0,99709.5,0.0
99710.0,99711.0,99710.5,0.0
99711.0,99712.0,99711.5,0.0
99712.0,99713.0,99712.5,0.0
99713.0,99714.0,99713.5,0.0
99714.0,99715.0,99714.5,0.0
99715.0,99716.0,99715.5,0.0
99716.0,99717.0,99716.5,0.0
99717.0,99718.0,99717.5,0.0
99718.0,99719.0,99718.5,0.0
99719.0,99720.0,99719.5,0.0
99720.0,99721.0,99720.5,0.0
99721.0,99722.0,99721.5,0.0
99722.0,99723.0,99722.5,0.0
99723.0,99724.0,99723.5,0.0
99724.0,99725.0,99724.5,0.0
99725.0,99726.0,99725.5,0.0
99726.0,99727.0,99726.5,0.0
99727.0,99728.0,99727.5,0.0
99728.0,99729.0,99728.5,0.0
99729.0,99730.0,99729.5,0.0
99730.0,99731.0,99730.5,0.0
99731.0,99732.0,99731.5,0.0
99732.0,99733.0,99732.5,0.0
99733.0,99734.0,99733.5,0.0
99734.0,99735.0,99734.5,0.0
99735.0,99736.0,99735.5,0.0
99736.0,99737.0,99736.5,0.0
99737.0,99738.0,99737.5,0.0
99738.0,99739.0,99738.5,0.0
99739.0,99740.0,99739.5,0.0
99740.0,99741.0,99740.5,0.0
99741.0,99742.0,99741.5,0.0
99742.0,99743.0,99742.5,0.0
99743.0,99744.0,99743.5,0.0
99744.0,99745.0,99744.5,0.0
99745.0,99746.0,99745.5,0.0
99746.0,99747.0,99746.5,0.0
99747.0,99748.0,99747.5,0.0
99748.0,99749.0,99748.5,0.0
99749.0,99750.0,99749.5,0.0
99750.0,99751.0,99750.5,0.0
99751.0,99752.0,99751.5,0.0
99752.0,99753.0,99752.5,0.0
99753.0,99754.0,99753.5,0.0
99754.0,99755.0,99754.5,0.0
99755.0,99756.0,99755.5,0.0
99756.0,99757.0,99756.5,0.0
99757.0,99758.0,99757.5,0.0
99758.0,99759.0,99758.5,0.0
99759.0,99760.0,99759.5,0.0
99760.0,99761.0,99760.5,0.0
99761.0,99762.0,99761.5,0.0
99762.0,99763.0,99762.5,0.0
99763.0,99764.0,99763.5,0.0
99764.0,99765.0,99764.5,0.0
99765.0,99766.0,99765.5,0.0
99766.0,99767.0,99766.5,0.0
99767.0,99768.0,99767.5,0.0
99768.0,99769.0,99768.5,0.0
99769.0,99770.0,99769.5,0.0
99770.0,99771.0,99770.5,0.0
99771.0,99772.0,99771.5,0.0
99772.0,99773.0,99772.5,0.0
99773.0,99774.0,99773.5,0.0
99774.0,99775.0,99774.5,0.0
99775.0,99776.0,99775.5,0.0
99776.0,99777.0,99776.5,0.0
99777.0,99778.0,99777.5,0.0
99778.0,99779.0,99778.5,0.0
99779.0,99780.0,99779.5,0.0
99780.0,99781.0,99780.5,0.0
99781.0,99782.0,99781.5,0.0
99782.0,99783.0,99782.5,0.0
99783.0,99784.0,99783.5,0.0
99784.0,99785.0,99784.5,0.0
99785.0,99786.0,99785.5,0.0
99786.0,99787.0,99786.5,0.0
99787.0,99788.0,99787.5,0.0
99788.0,99789.0,99788.5,0.0
99789.0,99790.0,99789.5,0.0
99790.0,99791.0,99790.5,0.0
99791.0,99792.0,99791.5,0.0
99792.0,99793.0,99792.5,0.0
99793.0,99794.0,99793.5,0.0
99794.0,99795.0,99794.5,0.0
99795.0,99796.0,99795.5,0.0
99796.0,99797.0,99796.5,0.0
99797.0,99798.0,99797.5,0.0
99798.0,99799.0,99798.5,0.0
99799.0,99800.0,99799.5,0.0
99800.0,99801.0,99800.5,0.0
99801.0,99802.0,99801.5,0.0
99802.0,99803.0,99802.5,0.0
99803.0,99804.0,99803.5,0.0
99804.0,99805.0,99804.5,0.0
99805.0,99806.0,99805.5,0.0
99806.0,99807.0,99806.5,0.0
99807.0,99808.0,99807.5,0.0
99808.0,99809.0,99808.5,0.0
99809.0,99810.0,99809.5,0.0
99810.0,99811.0,99810.5,0.0
99811.0,99812.0,99811.5,0.0
99812.0,99813.0,99812.5,0.0
99813.0,99814.0,99813.5,0.0
99814.0,99815.0,99814.5,0.0
99815.0,99816.0,99815.5,0.0
99816.0,99817.0,99816.5,0.0
99817.0,99818.0,99817.5,0.0
99818.0,99819.0,99818.5,0.0
99819.0,99820.0,99819.5,0.0
99820.0,99821.0,99820.5,0.0
99821.0,99822.0,99821.5,0.0
99822.0,99823.0,99822.5,0.0
99823.0,99824.0,99823.5,0.0
99824.0,99825.0,99824.5,0.0
99825.0,99826.0,99825.5,0.0
99826.0,99827.0,99826.5,0.0
99827.0,99828.0,99827.5,0.0
99828.0,99829.0,99828.5,0.0
99829.0,99830.0,99829.5,0.0
99830.0,99831.0,99830.5,0.0
99831.0,99832.0,99831.5,0.0
99832.0,99833.0,99832.5,0.0
99833.0,99834.0,99833.5,0.0
99834.0,99835.0,99834.5,0.0
99835.0,99836.0,99835.5,0.0
99836.0,99837.0,99836.5,0.0
99837.0,99838.0,99837.5,0.0
99838.0,99839.0,99838.5,0.0
99839.0,99840.0,99839.5,0.0
99840.0,99841.0,99840.5,0.0
99841.0,99842.0,99841.5,0.0
99842.0,99843.0,99842.5,0.0
99843.0,99844.0,99843.5,0.0
99844.0,99845.0,99844.5,0.0
99845.0,99846.0,99845.5,0.0
99846.0,99847.0,99846.5,0.0
99847.0,99848.0,99847.5,0.0
99848.0,99849.0,99848.5,0.0
99849.0,99850.0,99849.5,0.0
99850.0,99851.0,99850.5,0.0
99851.0,99852.0,99851.5,0.0
99852.0,99853.0,99852.5,0.0
99853.0,99854.0,99853.5,0.0
99854.0,99855.0,99854.5,0.0
99855.0,99856.0,99855.5,0.0
99856.0,99857.0,99856.5,0.0
99857.0,99858.0,99857.5,0.0
99858.0,99859.0,99858.5,0.0
99859.0,99860.0,99859.5,0.0
99860.0,99861.0,99860.5,0.0
99861.0,99862.0,99861.5,0.0
99862.0,99863.0,99862.5,0.0
99863.0,99864.0,99863.5,0.0
99864.0,99865.0,99864.5,0.0
99865.0,99866.0,99865.5,0.0
99866.0,99867.0,99866.5,0.0
99867.0,99868.0,99867.5,0.0
99868.0,99869.0,99868.5,0.0
99869.0,99870.0,99869.5,0.0
99870.0,99871.0,99870.5,0.0
99871.0,99872.0,99871.5,0.0
99872.0,99873.0,99872.5,0.0
99873.0,99874.0,99873.5,0.0
