NASA Data Processing/CAMP2Ex/SP2/CAMP2Ex-LARGE-SP2_P3B_20190919_R1.ict
37, 1001
Luke D. Ziemba
NASA Langley Research Center
Single Particle Soot Photometer (SP2), DMT
CAMP2Ex
1, 1
2019, 09, 19, 2020,05,06
0
Time_Start, seconds_past_midnight, start_seconds_past_midnight
3
1, 1, 1
-9999, -9999, -9999
Time_Stop, seconds_past_midnight, stop_seconds_past_midnight
Time_Mid, seconds_past_midnight, mid_seconds_past_midnight
BlackCarbon_STP, Black_Carbon_nanograms_per_standard_cubic_meter, AerComp_BC_InSitu_LII_Accu_MassSTP
1
N/A
19
PI_CONTACT_INFO: 21 Langley Blvd, Hampton, VA 23681
PLATFORM: NASA WFF P3-B N426NA
LOCATION: Philippines; Latitude, Longitude, and Altitude included in Hskping files (MetNav)
ASSOCIATED_DATA: InletFlag, MetNav, cloud flag
INSTRUMENT_INFO: Single particle refractory BC mass measured by laser-induced incandescence. Calibrated using laboratory-generated monodisperse fullerene soot aerosol and polynomial mass/response fit. 
DATA_INFO: Data corrected to STP (760 torr and 273K). Measurements apply to refractory black carbon particles with diameter between 100 and 700nm
UNCERTAINTY: 10%
ULOD_FLAG: -7777
ULOD_VALUE: N/A
LLOD_FLAG: -8888
LLOD_VALUE: N/A
DM_CONTACT_INFO: Luke D. Ziemba, luke.ziemba@nasa.gov, (757)864-6246
PROJECT_INFO: CAMP2Ex based at Clark International Airport, Philippines
STIPULATIONS_ON_USE: Data users are strongly encouraged to contact the instrument PI for information on instrument caveats and best practices.
OTHER_COMMENTS: Data affected by cloud penetrations have NOT been removed.Switched between forward-facing isokinetic inlet and counterflow virtual impactor; flag is provided (InletFlag).Data are removed for calibrations,insufficient laser power,and pump failure.
REVISION: R1
R0: Final Data.  No further adjustments are planned.
R1: Applied time shift of -2s to DLH.
Time_Start, Time_Stop, Time_Mid, BlackCarbon_STP
[from data line 21162]
103220.0,103221.0,103220.5,22.4
103221.0,103222.0,103221.5,94.4
103222.0,103223.0,103222.5,3.3
103223.0,103224.0,103223.5,39.8
103224.0,103225.0,103224.5,1.4
103225.0,103226.0,103225.5,79.4
103226.0,103227.0,103226.5,19.6
103227.0,103228.0,103227.5,16.9
103228.0,103229.0,103228.5,7.8
103229.0,103230.0,103229.5,107.7
103230.0,103231.0,103230.5,13.0
103231.0,103232.0,103231.5,12.1
103232.0,103233.0,103232.5,115.5
103233.0,103234.0,103233.5,23.9
103234.0,103235.0,103234.5,14.5
103235.0,103236.0,103235.5,22.4
103236.0,103237.0,103236.5,2.2
103237.0,103238.0,103237.5,15.0
103238.0,103239.0,103238.5,4.5
103239.0,103240.0,103239.5,11.1
103240.0,103241.0,103240.5,61.6
103241.0,103242.0,103241.5,13.0
103242.0,103243.0,103242.5,17.1
103243.0,103244.0,103243.5,13.5
103244.0,103245.0,103244.5,64.3
103245.0,103246.0,103245.5,55.3
103246.0,103247.0,103246.5,10.8
103247.0,103248.0,103247.5,37.2
103248.0,103249.0,103248.5,35.5
103249.0,103250.0,103249.5,96.3
103250.0,103251.0,103250.5,11.8
103251.0,103252.0,103251.5,9.5
103252.0,103253.0,103252.5,47.7
103253.0,103254.0,103253.5,5.5
103254.0,103255.0,103254.5,17.8
103255.0,103256.0,103255.5,30.4
103256.0,103257.0,103256.5,15.6
103257.0,103258.0,103257.5,4.9
103258.0,103259.0,103258.5,36.4
103259.0,103260.0,103259.5,9.2
103260.0,103261.0,103260.5,76.3
103261.0,103262.0,103261.5,8.5
103262.0,103263.0,103262.5,7.7
103263.0,103264.0,103263.5,62.5
103264.0,103265.0,103264.5,24.3
103265.0,103266.0,103265.5,69.6
103266.0,103267.0,103266.5,70.7
103267.0,103268.0,103267.5,18.2
103268.0,103269.0,103268.5,76.0
103269.0,103270.0,103269.5,126.4
103270.0,103271.0,103270.5,40.4
103271.0,103272.0,103271.5,26.5
103272.0,103273.0,103272.5,28.4
103273.0,103274.0,103273.5,33.6
103274.0,103275.0,103274.5,7.7
103275.0,103276.0,103275.5,27.4
103276.0,103277.0,103276.5,21.6
103277.0,103278.0,103277.5,1.6
103278.0,103279.0,103278.5,22.3
103279.0,103280.0,103279.5,9.0
103280.0,103281.0,103280.5,23.4
103281.0,103282.0,103281.5,26.3
103282.0,103283.0,103282.5,35.3
103283.0,103284.0,103283.5,15.5
103284.0,103285.0,103284.5,22.3
103285.0,103286.0,103285.5,16.9
103286.0,103287.0,103286.5,84.5
103287.0,103288.0,103287.5,91.3
103288.0,103289.0,103288.5,3.2
103289.0,103290.0,103289.5,13.6
103290.0,103291.0,103290.5,60.8
103291.0,103292.0,103291.5,72.4
103292.0,103293.0,103292.5,24.3
103293.0,103294.0,103293.5,54.1
103294.0,103295.0,103294.5,9.0
103295.0,103296.0,103295.5,12.9
103296.0,103297.0,103296.5,12.5
103297.0,103298.0,103297.5,9.1
103298.0,103299.0,103298.5,144.3
103299.0,103300.0,103299.5,16.9
103300.0,103301.0,103300.5,22.0
103301.0,103302.0,103301.5,73.1
103302.0,103303.0,103302.5,16.7
103303.0,103304.0,103303.5,37.8
103304.0,103305.0,103304.5,79.3
103305.0,103306.0,103305.5,25.3
103306.0,103307.0,103306.5,43.7
103307.0,103308.0,103307.5,131.2
103308.0,103309.0,103308.5,8.1
103309.0,103310.0,103309.5,1.9
103310.0,103311.0,103310.5,31.8
103311.0,103312.0,103311.5,4.1
103312.0,103313.0,103312.5,25.8
103313.0,103314.0,103313.5,10.1
103314.0,103315.0,103314.5,28.3
103315.0,103316.0,103315.5,58.3
103316.0,103317.0,103316.5,35.6
103317.0,103318.0,103317.5,32.9
103318.0,103319.0,103318.5,32.3
103319.0,103320.0,103319.5,9.9
103320.0,103321.0,103320.5,4.6
103321.0,103322.0,103321.5,6.9
103322.0,103323.0,103322.5,13.1
103323.0,103324.0,103323.5,11.7
103324.0,103325.0,103324.5,38.0
103325.0,103326.0,103325.5,10.6
103326.0,103327.0,103326.5,1.5
103327.0,103328.0,103327.5,10.3
103328.0,103329.0,103328.5,89.2
103329.0,103330.0,103329.5,27.1
103330.0,103331.0,103330.5,25.8
103331.0,103332.0,103331.5,19.2
103332.0,103333.0,103332.5,4.3
103333.0,103334.0,103333.5,9.9
103334.0,103335.0,103334.5,98.3
103335.0,103336.0,103335.5,8.6
103336.0,103337.0,103336.5,42.0
103337.0,103338.0,103337.5,38.1
103338.0,103339.0,103338.5,18.3
103339.0,103340.0,103339.5,29.4
103340.0,103341.0,103340.5,86.7
103341.0,103342.0,103341.5,26.6
103342.0,103343.0,103342.5,18.7
103343.0,103344.0,103343.5,32.2
103344.0,103345.0,103344.5,28.3
103345.0,103346.0,103345.5,28.2
103346.0,103347.0,103346.5,131.4
103347.0,103348.0,103347.5,16.8
103348.0,103349.0,103348.5,32.1
103349.0,103350.0,103349.5,14.8
103350.0,103351.0,103350.5,9.3
103351.0,103352.0,103351.5,20.1
103352.0,103353.0,103352.5,6.5
103353.0,103354.0,103353.5,35.9
103354.0,103355.0,103354.5,5.2
103355.0,103356.0,103355.5,1.9
103356.0,103357.0,103356.5,49.5
103357.0,103358.0,103357.5,18.7
103358.0,103359.0,103358.5,10.4
103359.0,103360.0,103359.5,19.4
103360.0,103361.0,103360.5,13.2
103361.0,103362.0,103361.5,9.6
103362.0,103363.0,103362.5,27.5
103363.0,103364.0,103363.5,2.0
103364.0,103365.0,103364.5,10.4
103365.0,103366.0,103365.5,25.6
103366.0,103367.0,103366.5,23.7
103367.0,103368.0,103367.5,42.6
103368.0,103369.0,103368.5,21.8
103369.0,103370.0,103369.5,25.5
103370.0,103371.0,103370.5,21.1
103371.0,103372.0,103371.5,10.3
103372.0,103373.0,103372.5,15.5
103373.0,103374.0,103373.5,10.5
103374.0,103375.0,103374.5,20.6
103375.0,103376.0,103375.5,7.7
103376.0,103377.0,103376.5,42.9
103377.0,103378.0,103377.5,58.5
103378.0,103379.0,103378.5,3.2
103379.0,103380.0,103379.5,20.5
103380.0,103381.0,103380.5,9.6
103381.0,103382.0,103381.5,37.9
103382.0,103383.0,103382.5,86.7
103383.0,103384.0,103383.5,5.1
103384.0,103385.0,103384.5,19.2
103385.0,103386.0,103385.5,5.6
103386.0,103387.0,103386.5,20.4
103387.0,103388.0,103387.5,0.0
103388.0,103389.0,103388.5,30.2
103389.0,103390.0,103389.5,5.9
103390.0,103391.0,103390.5,1.3
103391.0,103392.0,103391.5,27.9
103392.0,103393.0,103392.5,45.7
103393.0,103394.0,103393.5,32.8
103394.0,103395.0,103394.5,0.3
103395.0,103396.0,103395.5,13.3
103396.0,103397.0,103396.5,45.1
103397.0,103398.0,103397.5,45.6
103398.0,103399.0,103398.5,24.7
103399.0,103400.0,103399.5,3.5
103400.0,103401.0,103400.5,44.5
103401.0,103402.0,103401.5,27.3
103402.0,103403.0,103402.5,61.3
103403.0,103404.0,103403.5,16.5
103404.0,103405.0,103404.5,14.1
103405.0,103406.0,103405.5,15.9
103406.0,103407.0,103406.5,22.9
103407.0,103408.0,103407.5,37.8
103408.0,103409.0,103408.5,21.0
103409.0,103410.0,103409.5,40.9
103410.0,103411.0,103410.5,1.6
103411.0,103412.0,103411.5,19.3
103412.0,103413.0,103412.5,14.7
103413.0,103414.0,103413.5,7.1
103414.0,103415.0,103414.5,31.5
103415.0,103416.0,103415.5,23.9
103416.0,103417.0,103416.5,154.1
103417.0,103418.0,103417.5,111.4
103418.0,103419.0,103418.5,25.3
103419.0,103420.0,103419.5,51.1
103420.0,103421.0,103420.5,28.6
103421.0,103422.0,103421.5,8.4
103422.0,103423.0,103422.5,62.9
103423.0,103424.0,103423.5,27.2
103424.0,103425.0,103424.5,111.9
103425.0,103426.0,103425.5,188.7
103426.0,103427.0,103426.5,9.6
103427.0,103428.0,103427.5,4.6
103428.0,103429.0,103428.5,24.8
103429.0,103430.0,103429.5,88.1
103430.0,103431.0,103430.5,44.6
103431.0,103432.0,103431.5,28.2
103432.0,103433.0,103432.5,9.9
103433.0,103434.0,103433.5,123.3
103434.0,103435.0,103434.5,25.4
103435.0,103436.0,103435.5,1.3
103436.0,103437.0,103436.5,44.8
103437.0,103438.0,103437.5,68.9
103438.0,103439.0,103438.5,18.3
103439.0,103440.0,103439.5,12.7
103440.0,103441.0,103440.5,7.9
103441.0,103442.0,103441.5,35.4
103442.0,103443.0,103442.5,11.4
103443.0,103444.0,103443.5,20.9
103444.0,103445.0,103444.5,15.2
103445.0,103446.0,103445.5,18.4
103446.0,103447.0,103446.5,54.9
103447.0,103448.0,103447.5,11.4
103448.0,103449.0,103448.5,38.7
103449.0,103450.0,103449.5,12.0
103450.0,103451.0,103450.5,9.7
103451.0,103452.0,103451.5,71.3
103452.0,103453.0,103452.5,13.2
103453.0,103454.0,103453.5,10.1
103454.0,103455.0,103454.5,34.6
103455.0,103456.0,103455.5,17.6
103456.0,103457.0,103456.5,69.0
103457.0,103458.0,103457.5,23.9
103458.0,103459.0,103458.5,31.6
103459.0,103460.0,103459.5,38.8
103460.0,103461.0,103460.5,26.8
103461.0,103462.0,103461.5,18.7
103462.0,103463.0,103462.5,10.1
103463.0,103464.0,103463.5,61.2
103464.0,103465.0,103464.5,11.6
103465.0,103466.0,103465.5,6.5
103466.0,103467.0,103466.5,24.5
103467.0,103468.0,103467.5,52.9
103468.0,103469.0,103468.5,7.2
103469.0,103470.0,103469.5,41.6
103470.0,103471.0,103470.5,147.1
103471.0,103472.0,103471.5,71.2
103472.0,103473.0,103472.5,30.6
103473.0,103474.0,103473.5,87.4
103474.0,103475.0,103474.5,17.7
103475.0,103476.0,103475.5,24.2
103476.0,103477.0,103476.5,121.0
103477.0,103478.0,103477.5,15.9
103478.0,103479.0,103478.5,76.2
103479.0,103480.0,103479.5,22.0
103480.0,103481.0,103480.5,3.1
103481.0,103482.0,103481.5,79.5
103482.0,103483.0,103482.5,151.1
103483.0,103484.0,103483.5,44.8
103484.0,103485.0,103484.5,44.5
103485.0,103486.0,103485.5,14.1
103486.0,103487.0,103486.5,55.5
103487.0,103488.0,103487.5,49.8
103488.0,103489.0,103488.5,9.9
103489.0,103490.0,103489.5,18.7
103490.0,103491.0,103490.5,21.6
103491.0,103492.0,103491.5,25.6
103492.0,103493.0,103492.5,33.8
103493.0,103494.0,103493.5,20.9
103494.0,103495.0,103494.5,89.5
103495.0,103496.0,103495.5,5.6
103496.0,103497.0,103496.5,9.3
103497.0,103498.0,103497.5,80.4
103498.0,103499.0,103498.5,16.5
103499.0,103500.0,103499.5,9.5
103500.0,103501.0,103500.5,22.4
103501.0,103502.0,103501.5,37.2
103502.0,103503.0,103502.5,13.5
103503.0,103504.0,103503.5,5.6
103504.0,103505.0,103504.5,21.7
103505.0,103506.0,103505.5,14.8
103506.0,103507.0,103506.5,17.7
103507.0,103508.0,103507.5,24.5
103508.0,103509.0,103508.5,6.8
103509.0,103510.0,103509.5,7.9
103510.0,103511.0,103510.5,41.5
103511.0,103512.0,103511.5,35.3
103512.0,103513.0,103512.5,62.1
103513.0,103514.0,103513.5,23.1
103514.0,103515.0,103514.5,8.6
103515.0,103516.0,103515.5,12.8
103516.0,103517.0,103516.5,7.4
103517.0,103518.0,103517.5,17.5
103518.0,103519.0,103518.5,143.7
103519.0,103520.0,103519.5,48.2
103520.0,103521.0,103520.5,13.2
103521.0,103522.0,103521.5,18.6
103522.0,103523.0,103522.5,29.6
103523.0,103524.0,103523.5,28.8
103524.0,103525.0,103524.5,13.8
103525.0,103526.0,103525.5,46.8
103526.0,103527.0,103526.5,17.9
103527.0,103528.0,103527.5,35.0
103528.0,103529.0,103528.5,17.6
103529.0,103530.0,103529.5,44.4
103530.0,103531.0,103530.5,12.1
103531.0,103532.0,103531.5,145.7
103532.0,103533.0,103532.5,112.6
103533.0,103534.0,103533.5,20.0
103534.0,103535.0,103534.5,137.6
103535.0,103536.0,103535.5,2.6
103536.0,103537.0,103536.5,25.2
103537.0,103538.0,103537.5,124.6
103538.0,103539.0,103538.5,151.2
103539.0,103540.0,103539.5,18.4
103540.0,103541.0,103540.5,86.7
103541.0,103542.0,103541.5,25.8
103542.0,103543.0,103542.5,36.7
103543.0,103544.0,103543.5,33.6
103544.0,103545.0,103544.5,38.9
103545.0,103546.0,103545.5,33.2
103546.0,103547.0,103546.5,2.8
103547.0,103548.0,103547.5,22.8
103548.0,103549.0,103548.5,28.0
103549.0,103550.0,103549.5,4.8
103550.0,103551.0,103550.5,30.5
103551.0,103552.0,103551.5,11.2
103552.0,103553.0,103552.5,52.0
103553.0,103554.0,103553.5,17.7
103554.0,103555.0,103554.5,1.7
103555.0,103556.0,103555.5,7.4
103556.0,103557.0,103556.5,84.8
103557.0,103558.0,103557.5,12.1
103558.0,103559.0,103558.5,15.1
103559.0,103560.0,103559.5,36.6
103560.0,103561.0,103560.5,34.5
103561.0,103562.0,103561.5,32.9
103562.0,103563.0,103562.5,25.8
103563.0,103564.0,103563.5,44.3
103564.0,103565.0,103564.5,23.6
103565.0,103566.0,103565.5,10.1
103566.0,103567.0,103566.5,14.0
103567.0,103568.0,103567.5,7.6
103568.0,103569.0,103568.5,42.5
103569.0,103570.0,103569.5,6.0
103570.0,103571.0,103570.5,2.7
103571.0,103572.0,103571.5,13.5
103572.0,103573.0,103572.5,10.8
103573.0,103574.0,103573.5,2.8
103574.0,103575.0,103574.5,46.3
103575.0,103576.0,103575.5,9.7
103576.0,103577.0,103576.5,7.7
103577.0,103578.0,103577.5,31.6
103578.0,103579.0,103578.5,13.4
103579.0,103580.0,103579.5,2.4
103580.0,103581.0,103580.5,40.9
103581.0,103582.0,103581.5,89.6
103582.0,103583.0,103582.5,65.2
103583.0,103584.0,103583.5,72.9
103584.0,103585.0,103584.5,19.4
103585.0,103586.0,103585.5,3.2
103586.0,103587.0,103586.5,14.6
103587.0,103588.0,103587.5,21.4
103588.0,103589.0,103588.5,1.7
103589.0,103590.0,103589.5,24.9
103590.0,103591.0,103590.5,5.9
103591.0,103592.0,103591.5,18.0
103592.0,103593.0,103592.5,53.1
103593.0,103594.0,103593.5,15.6
103594.0,103595.0,103594.5,54.9
103595.0,103596.0,103595.5,62.3
103596.0,103597.0,103596.5,14.0
103597.0,103598.0,103597.5,17.5
103598.0,103599.0,103598.5,2.9
103599.0,103600.0,103599.5,14.2
103600.0,103601.0,103600.5,29.7
103601.0,103602.0,103601.5,28.6
103602.0,103603.0,103602.5,6.7
103603.0,103604.0,103603.5,20.2
103604.0,103605.0,103604.5,48.3
103605.0,103606.0,103605.5,123.4
103606.0,103607.0,103606.5,25.2
103607.0,103608.0,103607.5,25.0
103608.0,103609.0,103608.5,15.0
103609.0,103610.0,103609.5,109.6
103610.0,103611.0,103610.5,54.1
103611.0,103612.0,103611.5,3.5
103612.0,103613.0,103612.5,170.6
103613.0,103614.0,103613.5,32.3
103614.0,103615.0,103614.5,68.3
103615.0,103616.0,103615.5,8.1
103616.0,103617.0,103616.5,23.9
103617.0,103618.0,103617.5,8.8
103618.0,103619.0,103618.5,155.7
103619.0,103620.0,103619.5,30.5
103620.0,103621.0,103620.5,40.8
103621.0,103622.0,103621.5,19.0
103622.0,103623.0,103622.5,21.0
103623.0,103624.0,103623.5,9.3
103624.0,103625.0,103624.5,1.2
103625.0,103626.0,103625.5,18.4
103626.0,103627.0,103626.5,28.8
103627.0,103628.0,103627.5,44.4
103628.0,103629.0,103628.5,35.1
103629.0,103630.0,103629.5,18.3
103630.0,103631.0,103630.5,28.0
103631.0,103632.0,103631.5,5.0
103632.0,103633.0,103632.5,8.6
103633.0,103634.0,103633.5,19.3
103634.0,103635.0,103634.5,25.8
103635.0,103636.0,103635.5,65.9
103636.0,103637.0,103636.5,34.4
103637.0,103638.0,103637.5,13.3
103638.0,103639.0,103638.5,27.4
103639.0,103640.0,103639.5,10.7
103640.0,103641.0,103640.5,26.7
103641.0,103642.0,103641.5,9.5
103642.0,103643.0,103642.5,17.4
103643.0,103644.0,103643.5,29.6
103644.0,103645.0,103644.5,8.0
103645.0,103646.0,103645.5,51.9
103646.0,103647.0,103646.5,9.2
103647.0,103648.0,103647.5,33.4
103648.0,103649.0,103648.5,17.2
103649.0,103650.0,103649.5,7.2
103650.0,103651.0,103650.5,7.0
103651.0,103652.0,103651.5,21.5
103652.0,103653.0,103652.5,37.8
103653.0,103654.0,103653.5,51.5
103654.0,103655.0,103654.5,43.3
103655.0,103656.0,103655.5,3.4
103656.0,103657.0,103656.5,0.0
103657.0,103658.0,103657.5,28.3
103658.0,103659.0,103658.5,14.1
103659.0,103660.0,103659.5,1.8
103660.0,103661.0,103660.5,54.1
103661.0,103662.0,103661.5,10.2
103662.0,103663.0,103662.5,45.1
103663.0,103664.0,103663.5,5.8
103664.0,103665.0,103664.5,6.2
103665.0,103666.0,103665.5,8.1
103666.0,103667.0,103666.5,30.1
103667.0,103668.0,103667.5,41.0
103668.0,103669.0,103668.5,7.0
103669.0,103670.0,103669.5,18.1
103670.0,103671.0,103670.5,50.2
103671.0,103672.0,103671.5,20.9
103672.0,103673.0,103672.5,15.0
103673.0,103674.0,103673.5,25.3
103674.0,103675.0,103674.5,11.7
103675.0,103676.0,103675.5,3.2
103676.0,103677.0,103676.5,64.4
103677.0,103678.0,103677.5,2.2
103678.0,103679.0,103678.5,10.4
103679.0,103680.0,103679.5,33.2
103680.0,103681.0,103680.5,4.5
103681.0,103682.0,103681.5,2.8
103682.0,103683.0,103682.5,16.6
103683.0,103684.0,103683.5,8.6
103684.0,103685.0,103684.5,9.3
103685.0,103686.0,103685.5,5.3
103686.0,103687.0,103686.5,48.8
103687.0,103688.0,103687.5,1.7
103688.0,103689.0,103688.5,0.0
103689.0,103690.0,103689.5,8.6
103690.0,103691.0,103690.5,10.2
103691.0,103692.0,103691.5,4.1
103692.0,103693.0,103692.5,2.4
103693.0,103694.0,103693.5,22.2
103694.0,103695.0,103694.5,9.9
103695.0,103696.0,103695.5,0.0
103696.0,103697.0,103696.5,22.9
103697.0,103698.0,103697.5,127.7
103698.0,103699.0,103698.5,50.6
103699.0,103700.0,103699.5,8.4
103700.0,103701.0,103700.5,30.5
103701.0,103702.0,103701.5,2.6
103702.0,103703.0,103702.5,7.5
103703.0,103704.0,103703.5,6.5
103704.0,103705.0,103704.5,0.0
103705.0,103706.0,103705.5,0.0
103706.0,103707.0,103706.5,0.0
103707.0,103708.0,103707.5,0.0
103708.0,103709.0,103708.5,0.0
103709.0,103710.0,103709.5,0.0
103710.0,103711.0,103710.5,0.0
103711.0,103712.0,103711.5,8.9
103712.0,103713.0,103712.5,0.0
103713.0,103714.0,103713.5,2.3
103714.0,103715.0,103714.5,8.7
103715.0,103716.0,103715.5,10.2
103716.0,103717.0,103716.5,7.8
103717.0,103718.0,103717.5,41.6
103718.0,103719.0,103718.5,10.0
103719.0,103720.0,103719.5,5.8
103720.0,103721.0,103720.5,17.1
103721.0,103722.0,103721.5,21.8
103722.0,103723.0,103722.5,19.5
