NASA Data Processing/CAMP2Ex/SP2/CAMP2Ex-LARGE-SP2_P3B_20191005_R1.ict
37, 1001
Luke D. Ziemba
NASA Langley Research Center
Single Particle Soot Photometer (SP2), DMT
CAMP2Ex
1, 1
2019, 10, 05, 2020,05,06
0
Time_Start, seconds_past_midnight, start_seconds_past_midnight
3
1, 1, 1
-9999, -9999, -9999
Time_Stop, seconds_past_midnight, stop_seconds_past_midnight
Time_Mid, seconds_past_midnight, mid_seconds_past_midnight
BlackCarbon_STP, Black_Carbon_nanograms_per_standard_cubic_meter, AerComp_BC_InSitu_LII_Accu_MassSTP
1
N/A
19
PI_CONTACT_INFO: 21 Langley Blvd, Hampton, VA 23681
PLATFORM: NASA WFF P3-B N426NA
LOCATION: Philippines; Latitude, Longitude, and Altitude included in Hskping files (MetNav)
ASSOCIATED_DATA: InletFlag, MetNav, cloud flag
INSTRUMENT_INFO: Single particle refractory BC mass measured by laser-induced incandescence. Calibrated using laboratory-generated monodisperse fullerene soot aerosol and polynomial mass/response fit. 
DATA_INFO: Data corrected to STP (760 torr and 273K). Measurements apply to refractory black carbon particles with diameter between 100 and 700nm
UNCERTAINTY: 10%
ULOD_FLAG: -7777
ULOD_VALUE: N/A
LLOD_FLAG: -8888
LLOD_VALUE: N/A
DM_CONTACT_INFO: Luke D. Ziemba, luke.ziemba@nasa.gov, (757)864-6246
PROJECT_INFO: CAMP2Ex based at Clark International Airport, Philippines
STIPULATIONS_ON_USE: Data users are strongly encouraged to contact the instrument PI for information on instrument caveats and best practices.
OTHER_COMMENTS: Data affected by cloud penetrations have NOT been removed.Switched between forward-facing isokinetic inlet and counterflow virtual impactor; flag is provided (InletFlag).Data are removed for calibrations,insufficient laser power,and pump failure.
REVISION: R1
R0: Final Data.  No further adjustments are planned.
R1: Applied time shift of -2s to DLH.
Time_Start, Time_Stop, Time_Mid, BlackCarbon_STP
[from data line 10730]
16236.0,16237.0,16236.5,0.0
16237.0,16238.0,16237.5,0.0
16238.0,16239.0,16238.5,0.0
16239.0,16240.0,16239.5,0.0
16240.0,16241.0,16240.5,0.0
16241.0,16242.0,16241.5,0.0
16242.0,16243.0,16242.5,0.0
16243.0,16244.0,16243.5,0.0
16244.0,16245.0,16244.5,0.0
16245.0,16246.0,16245.5,0.0
16246.0,16247.0,16246.5,0.0
16247.0,16248.0,16247.5,0.0
16248.0,16249.0,16248.5,0.0
16249.0,16250.0,16249.5,0.0
16250.0,16251.0,16250.5,0.0
16251.0,16252.0,16251.5,0.0
16252.0,16253.0,16252.5,0.0
16253.0,16254.0,16253.5,0.0
16254.0,16255.0,16254.5,0.0
16255.0,16256.0,16255.5,0.0
16256.0,16257.0,16256.5,0.0
16257.0,16258.0,16257.5,0.0
16258.0,16259.0,16258.5,0.0
16259.0,16260.0,16259.5,0.0
16260.0,16261.0,16260.5,0.0
16261.0,16262.0,16261.5,0.0
16262.0,16263.0,16262.5,0.0
16263.0,16264.0,16263.5,0.0
16264.0,16265.0,16264.5,0.0
16265.0,16266.0,16265.5,0.0
16266.0,16267.0,16266.5,0.0
16267.0,16268.0,16267.5,0.0
16268.0,16269.0,16268.5,0.0
16269.0,16270.0,16269.5,0.0
16270.0,16271.0,16270.5,0.0
16271.0,16272.0,16271.5,0.0
16272.0,16273.0,16272.5,0.0
16273.0,16274.0,16273.5,0.0
16274.0,16275.0,16274.5,0.0
16275.0,16276.0,16275.5,0.0
16276.0,16277.0,16276.5,0.0
16277.0,16278.0,16277.5,0.0
16278.0,16279.0,16278.5,0.0
16279.0,16280.0,16279.5,0.0
16280.0,16281.0,16280.5,0.0
16281.0,16282.0,16281.5,0.0
16282.0,16283.0,16282.5,0.0
16283.0,16284.0,16283.5,0.0
16284.0,16285.0,16284.5,0.0
16285.0,16286.0,16285.5,0.0
16286.0,16287.0,16286.5,0.0
16287.0,16288.0,16287.5,0.0
16288.0,16289.0,16288.5,0.0
16289.0,16290.0,16289.5,0.0
16290.0,16291.0,16290.5,0.0
16291.0,16292.0,16291.5,0.0
16292.0,16293.0,16292.5,0.0
16293.0,16294.0,16293.5,0.0
16294.0,16295.0,16294.5,0.0
16295.0,16296.0,16295.5,0.0
16296.0,16297.0,16296.5,0.0
16297.0,16298.0,16297.5,0.0
16298.0,16299.0,16298.5,0.0
16299.0,16300.0,16299.5,0.0
16300.0,16301.0,16300.5,0.0
16301.0,16302.0,16301.5,0.0
16302.0,16303.0,16302.5,0.0
16303.0,16304.0,16303.5,0.0
16304.0,16305.0,16304.5,0.0
16305.0,16306.0,16305.5,0.0
16306.0,16307.0,16306.5,0.0
16307.0,16308.0,16307.5,0.0
16308.0,16309.0,16308.5,0.0
16309.0,16310.0,16309.5,0.0
16310.0,16311.0,16310.5,0.0
16311.0,16312.0,16311.5,0.0
16312.0,16313.0,16312.5,0.0
16313.0,16314.0,16313.5,0.0
16314.0,16315.0,16314.5,0.0
16315.0,16316.0,16315.5,0.0
16316.0,16317.0,16316.5,0.0
16317.0,16318.0,16317.5,0.0
16318.0,16319.0,16318.5,0.0
16319.0,16320.0,16319.5,0.0
16320.0,16321.0,16320.5,0.0
16321.0,16322.0,16321.5,0.0
16322.0,16323.0,16322.5,0.0
16323.0,16324.0,16323.5,0.0
16324.0,16325.0,16324.5,0.0
16325.0,16326.0,16325.5,0.0
16326.0,16327.0,16326.5,0.0
16327.0,16328.0,16327.5,0.0
16328.0,16329.0,16328.5,0.0
16329.0,16330.0,16329.5,0.0
16330.0,16331.0,16330.5,0.0
16331.0,16332.0,16331.5,0.0
16332.0,16333.0,16332.5,0.0
16333.0,16334.0,16333.5,0.0
16334.0,16335.0,16334.5,0.0
16335.0,16336.0,16335.5,0.0
16336.0,16337.0,16336.5,0.0
16337.0,16338.0,16337.5,0.0
16338.0,16339.0,16338.5,0.0
16339.0,16340.0,16339.5,0.0
16340.0,16341.0,16340.5,0.0
16341.0,16342.0,16341.5,0.0
16342.0,16343.0,16342.5,0.0
16343.0,16344.0,16343.5,0.0
16344.0,16345.0,16344.5,0.0
16345.0,16346.0,16345.5,0.0
16346.0,16347.0,16346.5,0.0
16347.0,16348.0,16347.5,0.0
16348.0,16349.0,16348.5,0.0
16349.0,16350.0,16349.5,0.0
16350.0,16351.0,16350.5,0.0
16351.0,16352.0,16351.5,0.0
16352.0,16353.0,16352.5,0.0
16353.0,16354.0,16353.5,0.0
16354.0,16355.0,16354.5,0.0
16355.0,16356.0,16355.5,0.0
16356.0,16357.0,16356.5,0.0
16357.0,16358.0,16357.5,0.0
16358.0,16359.0,16358.5,0.0
16359.0,16360.0,16359.5,0.0
16360.0,16361.0,16360.5,0.0
16361.0,16362.0,16361.5,0.0
16362.0,16363.0,16362.5,0.0
16363.0,16364.0,16363.5,0.0
16364.0,16365.0,16364.5,0.0
16365.0,16366.0,16365.5,0.0
16366.0,16367.0,16366.5,0.0
16367.0,16368.0,16367.5,0.0
16368.0,16369.0,16368.5,0.0
16369.0,16370.0,16369.5,0.0
16370.0,16371.0,16370.5,0.0
16371.0,16372.0,16371.5,0.0
16372.0,16373.0,16372.5,0.0
16373.0,16374.0,16373.5,0.0
16374.0,16375.0,16374.5,0.0
16375.0,16376.0,16375.5,0.0
16376.0,16377.0,16376.5,0.0
16377.0,16378.0,16377.5,0.0
16378.0,16379.0,16378.5,0.0
16379.0,16380.0,16379.5,0.0
16380.0,16381.0,16380.5,0.0
16381.0,16382.0,16381.5,0.0
16382.0,16383.0,16382.5,0.0
16383.0,16384.0,16383.5,0.0
16384.0,16385.0,16384.5,0.0
16385.0,16386.0,16385.5,0.0
16386.0,16387.0,16386.5,0.0
16387.0,16388.0,16387.5,0.0
16388.0,16389.0,16388.5,0.0
16389.0,16390.0,16389.5,0.0
16390.0,16391.0,16390.5,0.0
16391.0,16392.0,16391.5,0.0
16392.0,16393.0,16392.5,0.0
16393.0,16394.0,16393.5,0.0
16394.0,16395.0,16394.5,0.0
16395.0,16396.0,16395.5,0.0
16396.0,16397.0,16396.5,0.0
16397.0,16398.0,16397.5,0.0
16398.0,16399.0,16398.5,0.0
16399.0,16400.0,16399.5,0.0
16400.0,16401.0,16400.5,0.0
16401.0,16402.0,16401.5,0.0
16402.0,16403.0,16402.5,0.0
16403.0,16404.0,16403.5,0.0
16404.0,16405.0,16404.5,0.0
16405.0,16406.0,16405.5,0.0
16406.0,16407.0,16406.5,0.0
16407.0,16408.0,16407.5,0.0
16408.0,16409.0,16408.5,0.0
16409.0,16410.0,16409.5,0.0
16410.0,16411.0,16410.5,0.0
16411.0,16412.0,16411.5,0.0
16412.0,16413.0,16412.5,0.0
16413.0,16414.0,16413.5,0.0
16414.0,16415.0,16414.5,0.0
16415.0,16416.0,16415.5,0.0
16416.0,16417.0,16416.5,0.0
16417.0,16418.0,16417.5,0.0
16418.0,16419.0,16418.5,0.0
16419.0,16420.0,16419.5,0.0
16420.0,16421.0,16420.5,0.0
16421.0,16422.0,16421.5,0.0
16422.0,16423.0,16422.5,0.0
16423.0,16424.0,16423.5,0.0
16424.0,16425.0,16424.5,0.0
16425.0,16426.0,16425.5,0.0
16426.0,16427.0,16426.5,0.0
16427.0,16428.0,16427.5,0.0
16428.0,16429.0,16428.5,0.0
16429.0,16430.0,16429.5,0.0
16430.0,16431.0,16430.5,0.0
16431.0,16432.0,16431.5,0.0
16432.0,16433.0,16432.5,0.0
16433.0,16434.0,16433.5,0.0
16434.0,16435.0,16434.5,0.0
16435.0,16436.0,16435.5,0.0
16436.0,16437.0,16436.5,0.0
16437.0,16438.0,16437.5,0.0
16438.0,16439.0,16438.5,0.0
16439.0,16440.0,16439.5,0.0
16440.0,16441.0,16440.5,0.0
16441.0,16442.0,16441.5,0.0
16442.0,16443.0,16442.5,0.0
16443.0,16444.0,16443.5,0.0
16444.0,16445.0,16444.5,0.0
16445.0,16446.0,16445.5,0.0
16446.0,16447.0,16446.5,0.0
16447.0,16448.0,16447.5,0.0
16448.0,16449.0,16448.5,0.0
16449.0,16450.0,16449.5,0.0
16450.0,16451.0,16450.5,0.0
16451.0,16452.0,16451.5,0.0
16452.0,16453.0,16452.5,0.0
16453.0,16454.0,16453.5,0.0
16454.0,16455.0,16454.5,0.0
16455.0,16456.0,16455.5,0.0
16456.0,16457.0,16456.5,0.0
16457.0,16458.0,16457.5,0.0
16458.0,16459.0,16458.5,0.0
16459.0,16460.0,16459.5,0.0
16460.0,16461.0,16460.5,0.0
16461.0,16462.0,16461.5,0.0
16462.0,16463.0,16462.5,0.0
16463.0,16464.0,16463.5,0.0
16464.0,16465.0,16464.5,0.0
16465.0,16466.0,16465.5,0.0
16466.0,16467.0,16466.5,0.0
16467.0,16468.0,16467.5,0.0
16468.0,16469.0,16468.5,0.0
16469.0,16470.0,16469.5,0.0
16470.0,16471.0,16470.5,0.0
16471.0,16472.0,16471.5,0.0
16472.0,16473.0,16472.5,0.0
16473.0,16474.0,16473.5,0.0
16474.0,16475.0,16474.5,0.0
16475.0,16476.0,16475.5,0.0
16476.0,16477.0,16476.5,0.0
16477.0,16478.0,16477.5,0.0
16478.0,16479.0,16478.5,0.0
16479.0,16480.0,16479.5,0.0
16480.0,16481.0,16480.5,0.0
16481.0,16482.0,16481.5,0.0
16482.0,16483.0,16482.5,0.0
16483.0,16484.0,16483.5,0.0
16484.0,16485.0,16484.5,0.0
16485.0,16486.0,16485.5,0.0
16486.0,16487.0,16486.5,0.0
16487.0,16488.0,16487.5,0.0
16488.0,16489.0,16488.5,0.0
16489.0,16490.0,16489.5,0.0
16490.0,16491.0,16490.5,0.0
16491.0,16492.0,16491.5,0.0
16492.0,16493.0,16492.5,0.0
16493.0,16494.0,16493.5,0.0
16494.0,16495.0,16494.5,0.0
16495.0,16496.0,16495.5,0.0
16496.0,16497.0,16496.5,0.0
16497.0,16498.0,16497.5,0.0
16498.0,16499.0,16498.5,0.0
16499.0,16500.0,16499.5,0.0
16500.0,16501.0,16500.5,0.0
16501.0,16502.0,16501.5,0.0
16502.0,16503.0,16502.5,0.0
16503.0,16504.0,16503.5,0.0
16504.0,16505.0,16504.5,0.0
16505.0,16506.0,16505.5,0.0
16506.0,16507.0,16506.5,0.0
16507.0,16508.0,16507.5,0.0
16508.0,16509.0,16508.5,0.0
16509.0,16510.0,16509.5,0.0
16510.0,16511.0,16510.5,0.0
16511.0,16512.0,16511.5,0.0
16512.0,16513.0,16512.5,0.0
16513.0,16514.0,16513.5,0.0
16514.0,16515.0,16514.5,0.0
16515.0,16516.0,16515.5,0.0
16516.0,16517.0,16516.5,0.0
16517.0,16518.0,16517.5,0.0
16518.0,16519.0,16518.5,0.0
16519.0,16520.0,16519.5,0.0
16520.0,16521.0,16520.5,0.0
16521.0,16522.0,16521.5,0.0
16522.0,16523.0,16522.5,0.0
16523.0,16524.0,16523.5,0.0
16524.0,16525.0,16524.5,0.0
16525.0,16526.0,16525.5,0.0
16526.0,16527.0,16526.5,0.0
16527.0,16528.0,16527.5,0.0
16528.0,16529.0,16528.5,0.0
16529.0,16530.0,16529.5,0.0
16530.0,16531.0,16530.5,0.0
16531.0,16532.0,16531.5,0.0
16532.0,16533.0,16532.5,0.0
16533.0,16534.0,16533.5,0.0
16534.0,16535.0,16534.5,0.0
16535.0,16536.0,16535.5,0.0
16536.0,16537.0,16536.5,0.0
16537.0,16538.0,16537.5,0.0
16538.0,16539.0,16538.5,0.0
16539.0,16540.0,16539.5,0.0
16540.0,16541.0,16540.5,0.0
16541.0,16542.0,16541.5,0.0
16542.0,16543.0,16542.5,0.0
16543.0,16544.0,16543.5,0.0
16544.0,16545.0,16544.5,0.0
16545.0,16546.0,16545.5,0.0
16546.0,16547.0,16546.5,0.0
16547.0,16548.0,16547.5,0.0
16548.0,16549.0,16548.5,0.0
16549.0,16550.0,16549.5,0.0
16550.0,16551.0,16550.5,0.0
16551.0,16552.0,16551.5,0.0
16552.0,16553.0,16552.5,0.0
16553.0,16554.0,16553.5,0.0
16554.0,16555.0,16554.5,0.0
16555.0,16556.0,16555.5,0.0
16556.0,16557.0,16556.5,0.0
16557.0,16558.0,16557.5,0.0
16558.0,16559.0,16558.5,0.0
16559.0,16560.0,16559.5,0.0
16560.0,16561.0,16560.5,0.0
16561.0,16562.0,16561.5,0.0
16562.0,16563.0,16562.5,0.0
16563.0,16564.0,16563.5,0.0
16564.0,16565.0,16564.5,0.0
16565.0,16566.0,16565.5,0.0
16566.0,16567.0,16566.5,0.0
16567.0,16568.0,16567.5,0.0
16568.0,16569.0,16568.5,0.0
16569.0,16570.0,16569.5,0.0
16570.0,16571.0,16570.5,0.0
16571.0,16572.0,16571.5,0.0
16572.0,16573.0,16572.5,0.0
16573.0,16574.0,16573.5,0.0
16574.0,16575.0,16574.5,0.0
16575.0,16576.0,16575.5,0.0
16576.0,16577.0,16576.5,0.0
16577.0,16578.0,16577.5,0.0
16578.0,16579.0,16578.5,0.0
16579.0,16580.0,16579.5,0.0
16580.0,16581.0,16580.5,0.0
16581.0,16582.0,16581.5,0.0
16582.0,16583.0,16582.5,0.0
16583.0,16584.0,16583.5,0.0
16584.0,16585.0,16584.5,0.0
16585.0,16586.0,16585.5,0.0
16586.0,16587.0,16586.5,0.0
16587.0,16588.0,16587.5,0.0
16588.0,16589.0,16588.5,0.0
16589.0,16590.0,16589.5,0.0
16590.0,16591.0,16590.5,0.0
16591.0,16592.0,16591.5,0.0
16592.0,16593.0,16592.5,0.0
16593.0,16594.0,16593.5,0.0
16594.0,16595.0,16594.5,0.0
16595.0,16596.0,16595.5,0.0
16596.0,16597.0,16596.5,0.0
16597.0,16598.0,16597.5,0.0
16598.0,16599.0,16598.5,0.0
16599.0,16600.0,16599.5,0.0
16600.0,16601.0,16600.5,0.0
16601.0,16602.0,16601.5,0.0
16602.0,16603.0,16602.5,0.0
16603.0,16604.0,16603.5,0.0
16604.0,16605.0,16604.5,0.0
16605.0,16606.0,16605.5,0.0
16606.0,16607.0,16606.5,0.0
16607.0,16608.0,16607.5,0.0
16608.0,16609.0,16608.5,0.0
16609.0,16610.0,16609.5,0.0
16610.0,16611.0,16610.5,0.0
16611.0,16612.0,16611.5,0.0
16612.0,16613.0,16612.5,0.0
16613.0,16614.0,16613.5,0.0
16614.0,16615.0,16614.5,0.0
16615.0,16616.0,16615.5,0.0
16616.0,16617.0,16616.5,0.0
16617.0,16618.0,16617.5,0.0
16618.0,16619.0,16618.5,0.0
16619.0,16620.0,16619.5,0.0
16620.0,16621.0,16620.5,0.0
16621.0,16622.0,16621.5,0.0
16622.0,16623.0,16622.5,0.0
16623.0,16624.0,16623.5,0.0
16624.0,16625.0,16624.5,0.0
16625.0,16626.0,16625.5,0.0
16626.0,16627.0,16626.5,0.0
16627.0,16628.0,16627.5,0.0
16628.0,16629.0,16628.5,0.0
16629.0,16630.0,16629.5,0.0
16630.0,16631.0,16630.5,0.0
16631.0,16632.0,16631.5,0.0
16632.0,16633.0,16632.5,0.0
16633.0,16634.0,16633.5,0.0
16634.0,16635.0,16634.5,0.0
16635.0,16636.0,16635.5,0.0
16636.0,16637.0,16636.5,0.0
16637.0,16638.0,16637.5,0.0
16638.0,16639.0,16638.5,0.0
16639.0,16640.0,16639.5,0.0
16640.0,16641.0,16640.5,0.0
16641.0,16642.0,16641.5,0.0
16642.0,16643.0,16642.5,0.0
16643.0,16644.0,16643.5,0.0
16644.0,16645.0,16644.5,0.0
16645.0,16646.0,16645.5,0.0
16646.0,16647.0,16646.5,0.0
16647.0,16648.0,16647.5,0.0
16648.0,16649.0,16648.5,0.0
16649.0,16650.0,16649.5,0.0
16650.0,16651.0,16650.5,0.0
16651.0,16652.0,16651.5,0.0
16652.0,16653.0,16652.5,0.0
16653.0,16654.0,16653.5,0.0
16654.0,16655.0,16654.5,0.0
16655.0,16656.0,16655.5,0.0
16656.0,16657.0,16656.5,0.0
16657.0,16658.0,16657.5,0.0
16658.0,16659.0,16658.5,0.0
16659.0,16660.0,16659.5,0.0
16660.0,16661.0,16660.5,0.0
16661.0,16662.0,16661.5,0.0
16662.0,16663.0,16662.5,0.0
16663.0,16664.0,16663.5,0.0
16664.0,16665.0,16664.5,0.0
16665.0,16666.0,16665.5,0.0
16666.0,16667.0,16666.5,0.0
16667.0,16668.0,16667.5,0.0
16668.0,16669.0,16668.5,0.0
16669.0,16670.0,16669.5,0.0
16670.0,16671.0,16670.5,0.0
16671.0,16672.0,16671.5,0.0
16672.0,16673.0,16672.5,0.0
16673.0,16674.0,16673.5,0.0
16674.0,16675.0,16674.5,0.0
16675.0,16676.0,16675.5,0.0
16676.0,16677.0,16676.5,0.0
16677.0,16678.0,16677.5,0.0
16678.0,16679.0,16678.5,0.0
16679.0,16680.0,16679.5,0.0
16680.0,16681.0,16680.5,0.0
16681.0,16682.0,16681.5,0.0
16682.0,16683.0,16682.5,0.0
16683.0,16684.0,16683.5,0.0
16684.0,16685.0,16684.5,0.0
16685.0,16686.0,16685.5,0.0
16686.0,16687.0,16686.5,0.0
16687.0,16688.0,16687.5,0.0
16688.0,16689.0,16688.5,0.0
16689.0,16690.0,16689.5,0.0
16690.0,16691.0,16690.5,0.0
16691.0,16692.0,16691.5,0.0
16692.0,16693.0,16692.5,0.0
16693.0,16694.0,16693.5,0.0
16694.0,16695.0,16694.5,0.0
16695.0,16696.0,16695.5,0.0
16696.0,16697.0,16696.5,0.0
16697.0,16698.0,16697.5,0.0
16698.0,16699.0,16698.5,0.0
16699.0,16700.0,16699.5,0.0
16700.0,16701.0,16700.5,0.0
16701.0,16702.0,16701.5,0.0
16702.0,16703.0,16702.5,0.0
16703.0,16704.0,16703.5,0.0
16704.0,16705.0,16704.5,0.0
16705.0,16706.0,16705.5,0.0
16706.0,16707.0,16706.5,0.0
16707.0,16708.0,16707.5,0.0
16708.0,16709.0,16708.5,0.0
16709.0,16710.0,16709.5,0.0
16710.0,16711.0,16710.5,0.0
16711.0,16712.0,16711.5,0.0
16712.0,16713.0,16712.5,0.0
16713.0,16714.0,16713.5,0.0
16714.0,16715.0,16714.5,0.0
16715.0,16716.0,16715.5,0.0
16716.0,16717.0,16716.5,0.0
16717.0,16718.0,16717.5,0.0
16718.0,16719.0,16718.5,0.0
16719.0,16720.0,16719.5,0.0
16720.0,16721.0,16720.5,0.0
16721.0,16722.0,16721.5,0.0
16722.0,16723.0,16722.5,0.0
16723.0,16724.0,16723.5,0.0
16724.0,16725.0,16724.5,0.0
16725.0,16726.0,16725.5,0.0
16726.0,16727.0,16726.5,0.0
16727.0,16728.0,16727.5,0.0
16728.0,16729.0,16728.5,0.0
16729.0,16730.0,16729.5,0.0
16730.0,16731.0,16730.5,0.0
16731.0,16732.0,16731.5,0.0
16732.0,16733.0,16732.5,0.0
16733.0,16734.0,16733.5,0.0
16734.0,16735.0,16734.5,0.0
16735.0,16736.0,16735.5,0.0
16736.0,16737.0,16736.5,0.0
16737.0,16738.0,16737.5,0.0
16738.0,16739.0,16738.5,0.0
16739.0,16740.0,16739.5,0.0
16740.0,16741.0,16740.5,0.0
16741.0,16742.0,16741.5,0.0
16742.0,16743.0,16742.5,0.0
16743.0,16744.0,16743.5,0.0
16744.0,16745.0,16744.5,0.0
16745.0,16746.0,16745.5,0.0
16746.0,16747.0,16746.5,0.0
16747.0,16748.0,16747.5,0.0
16748.0,16749.0,16748.5,0.0
16749.0,16750.0,16749.5,0.0
16750.0,16751.0,16750.5,0.0
16751.0,16752.0,16751.5,0.0
16752.0,16753.0,16752.5,0.0
16753.0,16754.0,16753.5,0.0
16754.0,16755.0,16754.5,0.0
16755.0,16756.0,16755.5,0.0
16756.0,16757.0,16756.5,0.0
16757.0,16758.0,16757.5,0.0
16758.0,16759.0,16758.5,0.0
16759.0,16760.0,16759.5,0.0
16760.0,16761.0,16760.5,0.0
16761.0,16762.0,16761.5,0.0
16762.0,16763.0,16762.5,0.0
16763.0,16764.0,16763.5,0.0
16764.0,16765.0,16764.5,0.0
16765.0,16766.0,16765.5,0.0
16766.0,16767.0,16766.5,0.0
16767.0,16768.0,16767.5,0.0
16768.0,16769.0,16768.5,0.0
16769.0,16770.0,16769.5,0.0
16770.0,16771.0,16770.5,0.0
16771.0,16772.0,16771.5,0.0
16772.0,16773.0,16772.5,0.0
16773.0,16774.0,16773.5,0.0
16774.0,16775.0,16774.5,0.0
16775.0,16776.0,16775.5,0.0
16776.0,16777.0,16776.5,0.0
16777.0,16778.0,16777.5,0.0
16778.0,16779.0,16778.5,0.0
16779.0,16780.0,16779.5,0.0
16780.0,16781.0,16780.5,0.0
16781.0,16782.0,16781.5,0.0
16782.0,16783.0,16782.5,0.0
16783.0,16784.0,16783.5,0.0
16784.0,16785.0,16784.5,0.0
16785.0,16786.0,16785.5,0.0
16786.0,16787.0,16786.5,0.0
16787.0,16788.0,16787.5,0.0
16788.0,16789.0,16788.5,0.0
16789.0,16790.0,16789.5,0.0
16790.0,16791.0,16790.5,0.0
16791.0,16792.0,16791.5,0.0
16792.0,16793.0,16792.5,0.0
16793.0,16794.0,16793.5,0.0
16794.0,16795.0,16794.5,0.0
16795.0,16796.0,16795.5,0.0
16796.0,16797.0,16796.5,0.0
16797.0,16798.0,16797.5,0.0
16798.0,16799.0,16798.5,0.0
16799.0,16800.0,16799.5,0.0
16800.0,16801.0,16800.5,0.0
16801.0,16802.0,16801.5,0.0
16802.0,16803.0,16802.5,0.0
16803.0,16804.0,16803.5,0.0
16804.0,16805.0,16804.5,0.0
16805.0,16806.0,16805.5,0.0
