NASA Data Processing/CAMP2Ex/SP2/CAMP2Ex-LARGE-SP2_P3B_20190925_R1.ict
37, 1001
Luke D. Ziemba
NASA Langley Research Center
Single Particle Soot Photometer (SP2), DMT
CAMP2Ex
1, 1
2019, 09, 25, 2020,05,06
0
Time_Start, seconds_past_midnight, start_seconds_past_midnight
3
1, 1, 1
-9999, -9999, -9999
Time_Stop, seconds_past_midnight, stop_seconds_past_midnight
Time_Mid, seconds_past_midnight, mid_seconds_past_midnight
BlackCarbon_STP, Black_Carbon_nanograms_per_standard_cubic_meter, AerComp_BC_InSitu_LII_Accu_MassSTP
1
N/A
19
PI_CONTACT_INFO: 21 Langley Blvd, Hampton, VA 23681
PLATFORM: NASA WFF P3-B N426NA
LOCATION: Philippines; Latitude, Longitude, and Altitude included in Hskping files (MetNav)
ASSOCIATED_DATA: InletFlag, MetNav, cloud flag
INSTRUMENT_INFO: Single particle refractory BC mass measured by laser-induced incandescence. Calibrated using laboratory-generated monodisperse fullerene soot aerosol and polynomial mass/response fit. 
DATA_INFO: Data corrected to STP (760 torr and 273K). Measurements apply to refractory black carbon particles with diameter between 100 and 700nm
UNCERTAINTY: 10%
ULOD_FLAG: -7777
ULOD_VALUE: N/A
LLOD_FLAG: -8888
LLOD_VALUE: N/A
DM_CONTACT_INFO: Luke D. Ziemba, luke.ziemba@nasa.gov, (757)864-6246
PROJECT_INFO: CAMP2Ex based at Clark International Airport, Philippines
STIPULATIONS_ON_USE: Data users are strongly encouraged to contact the instrument PI for information on instrument caveats and best practices.
OTHER_COMMENTS: Data affected by cloud penetrations have NOT been removed.Switched between forward-facing isokinetic inlet and counterflow virtual impactor; flag is provided (InletFlag).Data are removed for calibrations,insufficient laser power,and pump failure.
REVISION: R1
R0: Final Data.  No further adjustments are planned.
R1: Applied time shift of -2s to DLH.
Time_Start, Time_Stop, Time_Mid, BlackCarbon_STP
[from data line 20365]
30869.0,30870.0,30869.5,0.0
30870.0,30871.0,30870.5,0.0
30871.0,30872.0,30871.5,0.0
30872.0,30873.0,30872.5,0.7
30873.0,30874.0,30873.5,0.0
30874.0,30875.0,30874.5,14.8
30875.0,30876.0,30875.5,0.0
30876.0,30877.0,30876.5,0.0
30877.0,30878.0,30877.5,0.0
30878.0,30879.0,30878.5,0.0
30879.0,30880.0,30879.5,0.0
30880.0,30881.0,30880.5,0.0
30881.0,30882.0,30881.5,0.0
30882.0,30883.0,30882.5,0.0
30883.0,30884.0,30883.5,0.0
30884.0,30885.0,30884.5,0.0
30885.0,30886.0,30885.5,0.0
30886.0,30887.0,30886.5,0.0
30887.0,30888.0,30887.5,1.2
30888.0,30889.0,30888.5,0.0
30889.0,30890.0,30889.5,0.0
30890.0,30891.0,30890.5,0.0
30891.0,30892.0,30891.5,0.0
30892.0,30893.0,30892.5,0.0
30893.0,30894.0,30893.5,0.0
30894.0,30895.0,30894.5,0.0
30895.0,30896.0,30895.5,0.0
30896.0,30897.0,30896.5,0.0
30897.0,30898.0,30897.5,1.9
30898.0,30899.0,30898.5,0.0
30899.0,30900.0,30899.5,0.0
30900.0,30901.0,30900.5,0.0
30901.0,30902.0,30901.5,0.0
30902.0,30903.0,30902.5,0.0
30903.0,30904.0,30903.5,0.0
30904.0,30905.0,30904.5,0.0
30905.0,30906.0,30905.5,0.0
30906.0,30907.0,30906.5,0.8
30907.0,30908.0,30907.5,0.0
30908.0,30909.0,30908.5,0.0
30909.0,30910.0,30909.5,0.0
30910.0,30911.0,30910.5,0.0
30911.0,30912.0,30911.5,0.0
30912.0,30913.0,30912.5,0.0
30913.0,30914.0,30913.5,0.0
30914.0,30915.0,30914.5,0.0
30915.0,30916.0,30915.5,0.0
30916.0,30917.0,30916.5,0.0
30917.0,30918.0,30917.5,0.0
30918.0,30919.0,30918.5,0.0
30919.0,30920.0,30919.5,0.0
30920.0,30921.0,30920.5,0.0
30921.0,30922.0,30921.5,0.0
30922.0,30923.0,30922.5,0.0
30923.0,30924.0,30923.5,0.0
30924.0,30925.0,30924.5,0.0
30925.0,30926.0,30925.5,0.0
30926.0,30927.0,30926.5,0.0
30927.0,30928.0,30927.5,0.0
30928.0,30929.0,30928.5,0.0
30929.0,30930.0,30929.5,0.0
30930.0,30931.0,30930.5,0.0
30931.0,30932.0,30931.5,0.0
30932.0,30933.0,30932.5,0.0
30933.0,30934.0,30933.5,0.0
30934.0,30935.0,30934.5,0.0
30935.0,30936.0,30935.5,0.0
30936.0,30937.0,30936.5,0.0
30937.0,30938.0,30937.5,0.0
30938.0,30939.0,30938.5,0.0
30939.0,30940.0,30939.5,0.0
30940.0,30941.0,30940.5,0.0
30941.0,30942.0,30941.5,0.0
30942.0,30943.0,30942.5,0.0
30943.0,30944.0,30943.5,1.5
30944.0,30945.0,30944.5,0.0
30945.0,30946.0,30945.5,0.0
30946.0,30947.0,30946.5,0.0
30947.0,30948.0,30947.5,0.0
30948.0,30949.0,30948.5,0.0
30949.0,30950.0,30949.5,0.0
30950.0,30951.0,30950.5,1.2
30951.0,30952.0,30951.5,0.0
30952.0,30953.0,30952.5,2.1
30953.0,30954.0,30953.5,18.6
30954.0,30955.0,30954.5,0.0
30955.0,30956.0,30955.5,0.9
30956.0,30957.0,30956.5,0.0
30957.0,30958.0,30957.5,0.0
30958.0,30959.0,30958.5,0.0
30959.0,30960.0,30959.5,0.0
30960.0,30961.0,30960.5,0.0
30961.0,30962.0,30961.5,0.0
30962.0,30963.0,30962.5,0.0
30963.0,30964.0,30963.5,0.0
30964.0,30965.0,30964.5,0.0
30965.0,30966.0,30965.5,0.0
30966.0,30967.0,30966.5,0.0
30967.0,30968.0,30967.5,0.0
30968.0,30969.0,30968.5,0.0
30969.0,30970.0,30969.5,0.0
30970.0,30971.0,30970.5,0.0
30971.0,30972.0,30971.5,0.0
30972.0,30973.0,30972.5,0.7
30973.0,30974.0,30973.5,0.0
30974.0,30975.0,30974.5,0.0
30975.0,30976.0,30975.5,0.0
30976.0,30977.0,30976.5,0.4
30977.0,30978.0,30977.5,0.0
30978.0,30979.0,30978.5,0.0
30979.0,30980.0,30979.5,0.0
30980.0,30981.0,30980.5,2.1
30981.0,30982.0,30981.5,0.0
30982.0,30983.0,30982.5,0.0
30983.0,30984.0,30983.5,0.0
30984.0,30985.0,30984.5,0.0
30985.0,30986.0,30985.5,0.0
30986.0,30987.0,30986.5,0.0
30987.0,30988.0,30987.5,0.0
30988.0,30989.0,30988.5,0.0
30989.0,30990.0,30989.5,0.0
30990.0,30991.0,30990.5,0.0
30991.0,30992.0,30991.5,0.0
30992.0,30993.0,30992.5,0.0
30993.0,30994.0,30993.5,0.0
30994.0,30995.0,30994.5,0.3
30995.0,30996.0,30995.5,0.0
30996.0,30997.0,30996.5,0.0
30997.0,30998.0,30997.5,0.7
30998.0,30999.0,30998.5,0.0
30999.0,31000.0,30999.5,0.0
31000.0,31001.0,31000.5,0.0
31001.0,31002.0,31001.5,0.0
31002.0,31003.0,31002.5,0.0
31003.0,31004.0,31003.5,0.0
31004.0,31005.0,31004.5,0.0
31005.0,31006.0,31005.5,0.0
31006.0,31007.0,31006.5,0.0
31007.0,31008.0,31007.5,0.0
31008.0,31009.0,31008.5,0.0
31009.0,31010.0,31009.5,0.0
31010.0,31011.0,31010.5,0.0
31011.0,31012.0,31011.5,0.0
31012.0,31013.0,31012.5,0.0
31013.0,31014.0,31013.5,0.0
31014.0,31015.0,31014.5,0.0
31015.0,31016.0,31015.5,0.5
31016.0,31017.0,31016.5,0.0
31017.0,31018.0,31017.5,0.0
31018.0,31019.0,31018.5,0.0
31019.0,31020.0,31019.5,0.0
31020.0,31021.0,31020.5,0.3
31021.0,31022.0,31021.5,0.0
31022.0,31023.0,31022.5,0.6
31023.0,31024.0,31023.5,0.0
31024.0,31025.0,31024.5,0.0
31025.0,31026.0,31025.5,0.0
31026.0,31027.0,31026.5,0.0
31027.0,31028.0,31027.5,0.0
31028.0,31029.0,31028.5,0.0
31029.0,31030.0,31029.5,0.0
31030.0,31031.0,31030.5,0.0
31031.0,31032.0,31031.5,0.0
31032.0,31033.0,31032.5,0.0
31033.0,31034.0,31033.5,0.0
31034.0,31035.0,31034.5,0.0
31035.0,31036.0,31035.5,0.0
31036.0,31037.0,31036.5,0.0
31037.0,31038.0,31037.5,0.0
31038.0,31039.0,31038.5,0.0
31039.0,31040.0,31039.5,0.0
31040.0,31041.0,31040.5,0.0
31041.0,31042.0,31041.5,6.2
31042.0,31043.0,31042.5,0.0
31043.0,31044.0,31043.5,0.0
31044.0,31045.0,31044.5,1.1
31045.0,31046.0,31045.5,22.0
31046.0,31047.0,31046.5,0.0
31047.0,31048.0,31047.5,0.5
31048.0,31049.0,31048.5,0.0
31049.0,31050.0,31049.5,0.0
31050.0,31051.0,31050.5,0.0
31051.0,31052.0,31051.5,0.3
31052.0,31053.0,31052.5,0.0
31053.0,31054.0,31053.5,1.9
31054.0,31055.0,31054.5,0.0
31055.0,31056.0,31055.5,0.0
31056.0,31057.0,31056.5,0.0
31057.0,31058.0,31057.5,0.0
31058.0,31059.0,31058.5,0.0
31059.0,31060.0,31059.5,0.0
31060.0,31061.0,31060.5,0.0
31061.0,31062.0,31061.5,0.0
31062.0,31063.0,31062.5,0.0
31063.0,31064.0,31063.5,0.0
31064.0,31065.0,31064.5,0.0
31065.0,31066.0,31065.5,0.0
31066.0,31067.0,31066.5,0.0
31067.0,31068.0,31067.5,0.0
31068.0,31069.0,31068.5,0.0
31069.0,31070.0,31069.5,0.0
31070.0,31071.0,31070.5,0.0
31071.0,31072.0,31071.5,0.0
31072.0,31073.0,31072.5,0.0
31073.0,31074.0,31073.5,0.5
31074.0,31075.0,31074.5,0.0
31075.0,31076.0,31075.5,0.0
31076.0,31077.0,31076.5,0.0
31077.0,31078.0,31077.5,0.0
31078.0,31079.0,31078.5,0.0
31079.0,31080.0,31079.5,0.0
31080.0,31081.0,31080.5,0.0
31081.0,31082.0,31081.5,0.0
31082.0,31083.0,31082.5,0.0
31083.0,31084.0,31083.5,0.0
31084.0,31085.0,31084.5,0.0
31085.0,31086.0,31085.5,0.0
31086.0,31087.0,31086.5,0.0
31087.0,31088.0,31087.5,0.0
31088.0,31089.0,31088.5,0.0
31089.0,31090.0,31089.5,0.0
31090.0,31091.0,31090.5,0.0
31091.0,31092.0,31091.5,0.0
31092.0,31093.0,31092.5,0.0
31093.0,31094.0,31093.5,0.0
31094.0,31095.0,31094.5,0.0
31095.0,31096.0,31095.5,0.0
31096.0,31097.0,31096.5,0.0
31097.0,31098.0,31097.5,0.0
31098.0,31099.0,31098.5,0.0
31099.0,31100.0,31099.5,0.0
31100.0,31101.0,31100.5,0.0
31101.0,31102.0,31101.5,0.0
31102.0,31103.0,31102.5,0.0
31103.0,31104.0,31103.5,0.0
31104.0,31105.0,31104.5,0.0
31105.0,31106.0,31105.5,0.0
31106.0,31107.0,31106.5,0.0
31107.0,31108.0,31107.5,0.0
31108.0,31109.0,31108.5,0.0
31109.0,31110.0,31109.5,0.0
31110.0,31111.0,31110.5,0.0
31111.0,31112.0,31111.5,0.0
31112.0,31113.0,31112.5,0.0
31113.0,31114.0,31113.5,0.0
31114.0,31115.0,31114.5,0.0
31115.0,31116.0,31115.5,3.5
31116.0,31117.0,31116.5,0.0
31117.0,31118.0,31117.5,1.9
31118.0,31119.0,31118.5,0.0
31119.0,31120.0,31119.5,0.0
31120.0,31121.0,31120.5,0.0
31121.0,31122.0,31121.5,0.0
31122.0,31123.0,31122.5,0.0
31123.0,31124.0,31123.5,0.0
31124.0,31125.0,31124.5,0.0
31125.0,31126.0,31125.5,2.8
31126.0,31127.0,31126.5,0.0
31127.0,31128.0,31127.5,0.0
31128.0,31129.0,31128.5,0.0
31129.0,31130.0,31129.5,0.0
31130.0,31131.0,31130.5,0.0
31131.0,31132.0,31131.5,0.0
31132.0,31133.0,31132.5,0.0
31133.0,31134.0,31133.5,0.0
31134.0,31135.0,31134.5,0.0
31135.0,31136.0,31135.5,0.0
31136.0,31137.0,31136.5,0.0
31137.0,31138.0,31137.5,0.0
31138.0,31139.0,31138.5,0.0
31139.0,31140.0,31139.5,0.0
31140.0,31141.0,31140.5,0.0
31141.0,31142.0,31141.5,0.0
31142.0,31143.0,31142.5,0.0
31143.0,31144.0,31143.5,0.0
31144.0,31145.0,31144.5,0.0
31145.0,31146.0,31145.5,0.0
31146.0,31147.0,31146.5,0.0
31147.0,31148.0,31147.5,0.0
31148.0,31149.0,31148.5,0.0
31149.0,31150.0,31149.5,0.0
31150.0,31151.0,31150.5,0.0
31151.0,31152.0,31151.5,0.0
31152.0,31153.0,31152.5,0.6
31153.0,31154.0,31153.5,0.0
31154.0,31155.0,31154.5,0.0
31155.0,31156.0,31155.5,3.7
31156.0,31157.0,31156.5,0.4
31157.0,31158.0,31157.5,0.0
31158.0,31159.0,31158.5,0.0
31159.0,31160.0,31159.5,0.0
31160.0,31161.0,31160.5,0.0
31161.0,31162.0,31161.5,0.0
31162.0,31163.0,31162.5,0.0
31163.0,31164.0,31163.5,0.0
31164.0,31165.0,31164.5,0.0
31165.0,31166.0,31165.5,0.0
31166.0,31167.0,31166.5,0.0
31167.0,31168.0,31167.5,0.0
31168.0,31169.0,31168.5,0.0
31169.0,31170.0,31169.5,0.0
31170.0,31171.0,31170.5,0.0
31171.0,31172.0,31171.5,1.0
31172.0,31173.0,31172.5,0.0
31173.0,31174.0,31173.5,1.6
31174.0,31175.0,31174.5,0.0
31175.0,31176.0,31175.5,0.0
31176.0,31177.0,31176.5,0.0
31177.0,31178.0,31177.5,0.0
31178.0,31179.0,31178.5,0.8
31179.0,31180.0,31179.5,1.3
31180.0,31181.0,31180.5,0.0
31181.0,31182.0,31181.5,0.0
31182.0,31183.0,31182.5,0.0
31183.0,31184.0,31183.5,0.0
31184.0,31185.0,31184.5,0.0
31185.0,31186.0,31185.5,0.0
31186.0,31187.0,31186.5,0.0
31187.0,31188.0,31187.5,0.0
31188.0,31189.0,31188.5,0.0
31189.0,31190.0,31189.5,0.0
31190.0,31191.0,31190.5,0.0
31191.0,31192.0,31191.5,0.0
31192.0,31193.0,31192.5,0.0
31193.0,31194.0,31193.5,0.0
31194.0,31195.0,31194.5,2.8
31195.0,31196.0,31195.5,0.0
31196.0,31197.0,31196.5,0.0
31197.0,31198.0,31197.5,0.0
31198.0,31199.0,31198.5,0.0
31199.0,31200.0,31199.5,0.0
31200.0,31201.0,31200.5,0.0
31201.0,31202.0,31201.5,0.0
31202.0,31203.0,31202.5,0.0
31203.0,31204.0,31203.5,0.0
31204.0,31205.0,31204.5,0.0
31205.0,31206.0,31205.5,0.0
31206.0,31207.0,31206.5,0.0
31207.0,31208.0,31207.5,0.0
31208.0,31209.0,31208.5,0.0
31209.0,31210.0,31209.5,0.0
31210.0,31211.0,31210.5,0.0
31211.0,31212.0,31211.5,0.0
31212.0,31213.0,31212.5,0.0
31213.0,31214.0,31213.5,0.0
31214.0,31215.0,31214.5,0.4
31215.0,31216.0,31215.5,0.0
31216.0,31217.0,31216.5,0.0
31217.0,31218.0,31217.5,0.0
31218.0,31219.0,31218.5,0.0
31219.0,31220.0,31219.5,1.7
31220.0,31221.0,31220.5,0.0
31221.0,31222.0,31221.5,0.0
31222.0,31223.0,31222.5,0.0
31223.0,31224.0,31223.5,0.0
31224.0,31225.0,31224.5,1.4
31225.0,31226.0,31225.5,0.0
31226.0,31227.0,31226.5,0.0
31227.0,31228.0,31227.5,0.0
31228.0,31229.0,31228.5,0.0
31229.0,31230.0,31229.5,0.0
31230.0,31231.0,31230.5,0.0
31231.0,31232.0,31231.5,0.0
31232.0,31233.0,31232.5,0.0
31233.0,31234.0,31233.5,0.0
31234.0,31235.0,31234.5,0.0
31235.0,31236.0,31235.5,0.0
31236.0,31237.0,31236.5,0.0
31237.0,31238.0,31237.5,0.0
31238.0,31239.0,31238.5,0.0
31239.0,31240.0,31239.5,0.0
31240.0,31241.0,31240.5,0.0
31241.0,31242.0,31241.5,0.0
31242.0,31243.0,31242.5,0.0
31243.0,31244.0,31243.5,0.0
31244.0,31245.0,31244.5,0.0
31245.0,31246.0,31245.5,0.0
31246.0,31247.0,31246.5,1.6
31247.0,31248.0,31247.5,0.0
31248.0,31249.0,31248.5,0.0
31249.0,31250.0,31249.5,0.0
31250.0,31251.0,31250.5,0.0
31251.0,31252.0,31251.5,0.0
31252.0,31253.0,31252.5,0.0
31253.0,31254.0,31253.5,0.0
31254.0,31255.0,31254.5,0.0
31255.0,31256.0,31255.5,0.0
31256.0,31257.0,31256.5,0.0
31257.0,31258.0,31257.5,0.0
31258.0,31259.0,31258.5,0.0
31259.0,31260.0,31259.5,0.0
31260.0,31261.0,31260.5,0.0
31261.0,31262.0,31261.5,0.0
31262.0,31263.0,31262.5,0.0
31263.0,31264.0,31263.5,0.0
31264.0,31265.0,31264.5,0.0
31265.0,31266.0,31265.5,0.0
31266.0,31267.0,31266.5,0.0
31267.0,31268.0,31267.5,0.0
31268.0,31269.0,31268.5,21.0
31269.0,31270.0,31269.5,0.3
31270.0,31271.0,31270.5,0.0
31271.0,31272.0,31271.5,0.7
31272.0,31273.0,31272.5,0.0
31273.0,31274.0,31273.5,0.0
31274.0,31275.0,31274.5,0.0
31275.0,31276.0,31275.5,0.0
31276.0,31277.0,31276.5,0.0
31277.0,31278.0,31277.5,0.0
31278.0,31279.0,31278.5,0.0
31279.0,31280.0,31279.5,0.0
31280.0,31281.0,31280.5,0.0
31281.0,31282.0,31281.5,0.0
31282.0,31283.0,31282.5,0.0
31283.0,31284.0,31283.5,0.0
31284.0,31285.0,31284.5,0.0
31285.0,31286.0,31285.5,0.0
31286.0,31287.0,31286.5,0.0
31287.0,31288.0,31287.5,0.0
31288.0,31289.0,31288.5,0.0
31289.0,31290.0,31289.5,0.0
31290.0,31291.0,31290.5,0.0
31291.0,31292.0,31291.5,0.0
31292.0,31293.0,31292.5,0.0
31293.0,31294.0,31293.5,0.0
31294.0,31295.0,31294.5,0.0
31295.0,31296.0,31295.5,0.0
31296.0,31297.0,31296.5,0.0
31297.0,31298.0,31297.5,0.0
31298.0,31299.0,31298.5,0.0
31299.0,31300.0,31299.5,0.0
31300.0,31301.0,31300.5,0.0
31301.0,31302.0,31301.5,1.0
31302.0,31303.0,31302.5,0.0
31303.0,31304.0,31303.5,0.0
31304.0,31305.0,31304.5,0.0
31305.0,31306.0,31305.5,0.0
31306.0,31307.0,31306.5,0.0
31307.0,31308.0,31307.5,0.0
31308.0,31309.0,31308.5,0.0
31309.0,31310.0,31309.5,0.0
31310.0,31311.0,31310.5,0.0
31311.0,31312.0,31311.5,0.0
31312.0,31313.0,31312.5,0.0
31313.0,31314.0,31313.5,0.0
31314.0,31315.0,31314.5,0.6
31315.0,31316.0,31315.5,0.0
31316.0,31317.0,31316.5,0.0
31317.0,31318.0,31317.5,0.0
31318.0,31319.0,31318.5,1.3
31319.0,31320.0,31319.5,0.0
31320.0,31321.0,31320.5,0.3
31321.0,31322.0,31321.5,0.5
31322.0,31323.0,31322.5,0.0
31323.0,31324.0,31323.5,0.0
31324.0,31325.0,31324.5,0.5
31325.0,31326.0,31325.5,0.0
31326.0,31327.0,31326.5,0.3
31327.0,31328.0,31327.5,1.0
31328.0,31329.0,31328.5,0.0
31329.0,31330.0,31329.5,0.0
31330.0,31331.0,31330.5,0.0
31331.0,31332.0,31331.5,0.0
31332.0,31333.0,31332.5,0.0
31333.0,31334.0,31333.5,0.0
31334.0,31335.0,31334.5,0.0
31335.0,31336.0,31335.5,0.0
31336.0,31337.0,31336.5,0.0
31337.0,31338.0,31337.5,0.0
31338.0,31339.0,31338.5,0.0
31339.0,31340.0,31339.5,0.0
31340.0,31341.0,31340.5,7.8
31341.0,31342.0,31341.5,0.0
31342.0,31343.0,31342.5,0.0
31343.0,31344.0,31343.5,0.0
31344.0,31345.0,31344.5,1.1
31345.0,31346.0,31345.5,0.0
31346.0,31347.0,31346.5,0.0
31347.0,31348.0,31347.5,0.0
31348.0,31349.0,31348.5,0.0
31349.0,31350.0,31349.5,1.1
31350.0,31351.0,31350.5,2.7
31351.0,31352.0,31351.5,0.0
31352.0,31353.0,31352.5,0.0
31353.0,31354.0,31353.5,0.0
31354.0,31355.0,31354.5,0.0
31355.0,31356.0,31355.5,0.0
31356.0,31357.0,31356.5,0.0
31357.0,31358.0,31357.5,0.0
31358.0,31359.0,31358.5,0.0
31359.0,31360.0,31359.5,6.3
31360.0,31361.0,31360.5,0.0
31361.0,31362.0,31361.5,0.0
31362.0,31363.0,31362.5,0.0
31363.0,31364.0,31363.5,0.0
31364.0,31365.0,31364.5,0.0
31365.0,31366.0,31365.5,0.0
31366.0,31367.0,31366.5,0.0
31367.0,31368.0,31367.5,1.7
31368.0,31369.0,31368.5,0.0
31369.0,31370.0,31369.5,0.0
31370.0,31371.0,31370.5,0.0
31371.0,31372.0,31371.5,0.0
31372.0,31373.0,31372.5,0.0
31373.0,31374.0,31373.5,0.7
31374.0,31375.0,31374.5,0.0
31375.0,31376.0,31375.5,0.0
31376.0,31377.0,31376.5,0.0
31377.0,31378.0,31377.5,1.5
31378.0,31379.0,31378.5,0.0
31379.0,31380.0,31379.5,0.0
31380.0,31381.0,31380.5,0.0
31381.0,31382.0,31381.5,0.0
31382.0,31383.0,31382.5,0.0
31383.0,31384.0,31383.5,0.0
31384.0,31385.0,31384.5,0.0
31385.0,31386.0,31385.5,0.0
31386.0,31387.0,31386.5,0.0
31387.0,31388.0,31387.5,0.0
31388.0,31389.0,31388.5,0.0
31389.0,31390.0,31389.5,0.3
31390.0,31391.0,31390.5,0.0
31391.0,31392.0,31391.5,0.0
31392.0,31393.0,31392.5,0.0
31393.0,31394.0,31393.5,0.8
31394.0,31395.0,31394.5,0.0
31395.0,31396.0,31395.5,0.0
31396.0,31397.0,31396.5,0.0
31397.0,31398.0,31397.5,0.0
31398.0,31399.0,31398.5,0.0
31399.0,31400.0,31399.5,0.0
31400.0,31401.0,31400.5,0.0
31401.0,31402.0,31401.5,0.0
31402.0,31403.0,31402.5,0.0
31403.0,31404.0,31403.5,0.0
31404.0,31405.0,31404.5,0.0
31405.0,31406.0,31405.5,2.7
31406.0,31407.0,31406.5,0.0
31407.0,31408.0,31407.5,0.0
31408.0,31409.0,31408.5,0.0
31409.0,31410.0,31409.5,0.0
31410.0,31411.0,31410.5,0.0
31411.0,31412.0,31411.5,0.0
31412.0,31413.0,31412.5,0.0
31413.0,31414.0,31413.5,0.0
31414.0,31415.0,31414.5,0.0
31415.0,31416.0,31415.5,0.0
31416.0,31417.0,31416.5,0.0
31417.0,31418.0,31417.5,0.0
31418.0,31419.0,31418.5,0.0
31419.0,31420.0,31419.5,0.0
31420.0,31421.0,31420.5,0.0
31421.0,31422.0,31421.5,0.0
31422.0,31423.0,31422.5,0.0
31423.0,31424.0,31423.5,0.0
31424.0,31425.0,31424.5,0.0
31425.0,31426.0,31425.5,4.3
31426.0,31427.0,31426.5,0.0
31427.0,31428.0,31427.5,0.0
31428.0,31429.0,31428.5,0.0
31429.0,31430.0,31429.5,0.0
31430.0,31431.0,31430.5,0.0
31431.0,31432.0,31431.5,0.8
31432.0,31433.0,31432.5,0.0
31433.0,31434.0,31433.5,0.0
31434.0,31435.0,31434.5,0.0
31435.0,31436.0,31435.5,0.0
31436.0,31437.0,31436.5,0.0
31437.0,31438.0,31437.5,0.0
31438.0,31439.0,31438.5,4.2
