NASA Data Processing/CAMP2Ex/SP2/CAMP2Ex-LARGE-SP2_P3B_20190929_R1.ict
37, 1001
Luke D. Ziemba
NASA Langley Research Center
Single Particle Soot Photometer (SP2), DMT
CAMP2Ex
1, 1
2019, 09, 29, 2020,05,06
0
Time_Start, seconds_past_midnight, start_seconds_past_midnight
3
1, 1, 1
-9999, -9999, -9999
Time_Stop, seconds_past_midnight, stop_seconds_past_midnight
Time_Mid, seconds_past_midnight, mid_seconds_past_midnight
BlackCarbon_STP, Black_Carbon_nanograms_per_standard_cubic_meter, AerComp_BC_InSitu_LII_Accu_MassSTP
1
N/A
19
PI_CONTACT_INFO: 21 Langley Blvd, Hampton, VA 23681
PLATFORM: NASA WFF P3-B N426NA
LOCATION: Philippines; Latitude, Longitude, and Altitude included in Hskping files (MetNav)
ASSOCIATED_DATA: InletFlag, MetNav, cloud flag
INSTRUMENT_INFO: Single particle refractory BC mass measured by laser-induced incandescence. Calibrated using laboratory-generated monodisperse fullerene soot aerosol and polynomial mass/response fit. 
DATA_INFO: Data corrected to STP (760 torr and 273K). Measurements apply to refractory black carbon particles with diameter between 100 and 700nm
UNCERTAINTY: 10%
ULOD_FLAG: -7777
ULOD_VALUE: N/A
LLOD_FLAG: -8888
LLOD_VALUE: N/A
DM_CONTACT_INFO: Luke D. Ziemba, luke.ziemba@nasa.gov, (757)864-6246
PROJECT_INFO: CAMP2Ex based at Clark International Airport, Philippines
STIPULATIONS_ON_USE: Data users are strongly encouraged to contact the instrument PI for information on instrument caveats and best practices.
OTHER_COMMENTS: Data affected by cloud penetrations have NOT been removed.Switched between forward-facing isokinetic inlet and counterflow virtual impactor; flag is provided (InletFlag).Data are removed for calibrations,insufficient laser power,and pump failure.
REVISION: R1
R0: Final Data.  No further adjustments are planned.
R1: Applied time shift of -2s to DLH.
Time_Start, Time_Stop, Time_Mid, BlackCarbon_STP
[from data line 20049]
28983.0,28984.0,28983.5,0.0
28984.0,28985.0,28984.5,0.0
28985.0,28986.0,28985.5,0.0
28986.0,28987.0,28986.5,0.0
28987.0,28988.0,28987.5,0.0
28988.0,28989.0,28988.5,0.0
28989.0,28990.0,28989.5,0.0
28990.0,28991.0,28990.5,0.0
28991.0,28992.0,28991.5,0.0
28992.0,28993.0,28992.5,0.0
28993.0,28994.0,28993.5,0.0
28994.0,28995.0,28994.5,0.0
28995.0,28996.0,28995.5,0.0
28996.0,28997.0,28996.5,0.0
28997.0,28998.0,28997.5,0.0
28998.0,28999.0,28998.5,0.0
28999.0,29000.0,28999.5,0.0
29000.0,29001.0,29000.5,0.0
29001.0,29002.0,29001.5,0.0
29002.0,29003.0,29002.5,0.0
29003.0,29004.0,29003.5,0.0
29004.0,29005.0,29004.5,0.0
29005.0,29006.0,29005.5,0.0
29006.0,29007.0,29006.5,0.0
29007.0,29008.0,29007.5,0.0
29008.0,29009.0,29008.5,0.0
29009.0,29010.0,29009.5,0.0
29010.0,29011.0,29010.5,0.0
29011.0,29012.0,29011.5,0.0
29012.0,29013.0,29012.5,0.0
29013.0,29014.0,29013.5,0.0
29014.0,29015.0,29014.5,0.0
29015.0,29016.0,29015.5,0.0
29016.0,29017.0,29016.5,0.0
29017.0,29018.0,29017.5,0.0
29018.0,29019.0,29018.5,0.0
29019.0,29020.0,29019.5,0.0
29020.0,29021.0,29020.5,0.0
29021.0,29022.0,29021.5,0.0
29022.0,29023.0,29022.5,0.0
29023.0,29024.0,29023.5,0.0
29024.0,29025.0,29024.5,0.0
29025.0,29026.0,29025.5,0.0
29026.0,29027.0,29026.5,0.0
29027.0,29028.0,29027.5,0.0
29028.0,29029.0,29028.5,0.0
29029.0,29030.0,29029.5,0.0
29030.0,29031.0,29030.5,0.0
29031.0,29032.0,29031.5,0.0
29032.0,29033.0,29032.5,0.0
29033.0,29034.0,29033.5,0.0
29034.0,29035.0,29034.5,0.0
29035.0,29036.0,29035.5,0.0
29036.0,29037.0,29036.5,0.0
29037.0,29038.0,29037.5,0.0
29038.0,29039.0,29038.5,0.0
29039.0,29040.0,29039.5,0.0
29040.0,29041.0,29040.5,0.0
29041.0,29042.0,29041.5,0.0
29042.0,29043.0,29042.5,0.0
29043.0,29044.0,29043.5,0.0
29044.0,29045.0,29044.5,0.0
29045.0,29046.0,29045.5,0.0
29046.0,29047.0,29046.5,0.0
29047.0,29048.0,29047.5,0.0
29048.0,29049.0,29048.5,0.0
29049.0,29050.0,29049.5,0.0
29050.0,29051.0,29050.5,0.0
29051.0,29052.0,29051.5,0.0
29052.0,29053.0,29052.5,0.0
29053.0,29054.0,29053.5,0.0
29054.0,29055.0,29054.5,0.0
29055.0,29056.0,29055.5,0.0
29056.0,29057.0,29056.5,0.0
29057.0,29058.0,29057.5,0.0
29058.0,29059.0,29058.5,0.0
29059.0,29060.0,29059.5,0.0
29060.0,29061.0,29060.5,0.0
29061.0,29062.0,29061.5,0.0
29062.0,29063.0,29062.5,0.0
29063.0,29064.0,29063.5,0.0
29064.0,29065.0,29064.5,0.0
29065.0,29066.0,29065.5,0.0
29066.0,29067.0,29066.5,0.0
29067.0,29068.0,29067.5,0.0
29068.0,29069.0,29068.5,0.0
29069.0,29070.0,29069.5,0.0
29070.0,29071.0,29070.5,0.0
29071.0,29072.0,29071.5,0.0
29072.0,29073.0,29072.5,0.0
29073.0,29074.0,29073.5,0.0
29074.0,29075.0,29074.5,0.0
29075.0,29076.0,29075.5,0.0
29076.0,29077.0,29076.5,0.0
29077.0,29078.0,29077.5,0.0
29078.0,29079.0,29078.5,0.0
29079.0,29080.0,29079.5,0.0
29080.0,29081.0,29080.5,0.0
29081.0,29082.0,29081.5,0.0
29082.0,29083.0,29082.5,0.0
29083.0,29084.0,29083.5,0.0
29084.0,29085.0,29084.5,0.0
29085.0,29086.0,29085.5,0.0
29086.0,29087.0,29086.5,0.0
29087.0,29088.0,29087.5,0.0
29088.0,29089.0,29088.5,0.0
29089.0,29090.0,29089.5,0.0
29090.0,29091.0,29090.5,0.0
29091.0,29092.0,29091.5,0.0
29092.0,29093.0,29092.5,0.0
29093.0,29094.0,29093.5,0.0
29094.0,29095.0,29094.5,0.0
29095.0,29096.0,29095.5,0.0
29096.0,29097.0,29096.5,0.0
29097.0,29098.0,29097.5,0.0
29098.0,29099.0,29098.5,0.0
29099.0,29100.0,29099.5,0.0
29100.0,29101.0,29100.5,0.0
29101.0,29102.0,29101.5,0.0
29102.0,29103.0,29102.5,0.0
29103.0,29104.0,29103.5,0.0
29104.0,29105.0,29104.5,0.0
29105.0,29106.0,29105.5,0.0
29106.0,29107.0,29106.5,0.0
29107.0,29108.0,29107.5,0.0
29108.0,29109.0,29108.5,0.0
29109.0,29110.0,29109.5,0.0
29110.0,29111.0,29110.5,0.0
29111.0,29112.0,29111.5,0.0
29112.0,29113.0,29112.5,0.0
29113.0,29114.0,29113.5,0.0
29114.0,29115.0,29114.5,0.0
29115.0,29116.0,29115.5,0.0
29116.0,29117.0,29116.5,0.0
29117.0,29118.0,29117.5,0.0
29118.0,29119.0,29118.5,0.0
29119.0,29120.0,29119.5,0.0
29120.0,29121.0,29120.5,0.0
29121.0,29122.0,29121.5,0.0
29122.0,29123.0,29122.5,0.0
29123.0,29124.0,29123.5,0.0
29124.0,29125.0,29124.5,0.0
29125.0,29126.0,29125.5,0.0
29126.0,29127.0,29126.5,0.0
29127.0,29128.0,29127.5,0.0
29128.0,29129.0,29128.5,0.0
29129.0,29130.0,29129.5,0.0
29130.0,29131.0,29130.5,0.0
29131.0,29132.0,29131.5,0.0
29132.0,29133.0,29132.5,0.0
29133.0,29134.0,29133.5,0.0
29134.0,29135.0,29134.5,0.0
29135.0,29136.0,29135.5,0.0
29136.0,29137.0,29136.5,0.0
29137.0,29138.0,29137.5,0.0
29138.0,29139.0,29138.5,0.0
29139.0,29140.0,29139.5,0.0
29140.0,29141.0,29140.5,0.0
29141.0,29142.0,29141.5,0.0
29142.0,29143.0,29142.5,0.0
29143.0,29144.0,29143.5,0.0
29144.0,29145.0,29144.5,0.0
29145.0,29146.0,29145.5,0.0
29146.0,29147.0,29146.5,0.0
29147.0,29148.0,29147.5,0.0
29148.0,29149.0,29148.5,0.0
29149.0,29150.0,29149.5,0.0
29150.0,29151.0,29150.5,0.0
29151.0,29152.0,29151.5,0.0
29152.0,29153.0,29152.5,0.0
29153.0,29154.0,29153.5,0.0
29154.0,29155.0,29154.5,0.0
29155.0,29156.0,29155.5,0.0
29156.0,29157.0,29156.5,0.0
29157.0,29158.0,29157.5,0.0
29158.0,29159.0,29158.5,0.0
29159.0,29160.0,29159.5,0.0
29160.0,29161.0,29160.5,0.0
29161.0,29162.0,29161.5,0.0
29162.0,29163.0,29162.5,0.0
29163.0,29164.0,29163.5,0.0
29164.0,29165.0,29164.5,0.0
29165.0,29166.0,29165.5,0.0
29166.0,29167.0,29166.5,0.0
29167.0,29168.0,29167.5,0.0
29168.0,29169.0,29168.5,0.0
29169.0,29170.0,29169.5,0.0
29170.0,29171.0,29170.5,0.0
29171.0,29172.0,29171.5,0.0
29172.0,29173.0,29172.5,0.0
29173.0,29174.0,29173.5,0.0
29174.0,29175.0,29174.5,0.0
29175.0,29176.0,29175.5,0.0
29176.0,29177.0,29176.5,0.0
29177.0,29178.0,29177.5,0.0
29178.0,29179.0,29178.5,0.0
29179.0,29180.0,29179.5,0.0
29180.0,29181.0,29180.5,0.0
29181.0,29182.0,29181.5,0.0
29182.0,29183.0,29182.5,0.0
29183.0,29184.0,29183.5,0.0
29184.0,29185.0,29184.5,0.0
29185.0,29186.0,29185.5,0.0
29186.0,29187.0,29186.5,0.0
29187.0,29188.0,29187.5,0.0
29188.0,29189.0,29188.5,0.0
29189.0,29190.0,29189.5,0.0
29190.0,29191.0,29190.5,0.0
29191.0,29192.0,29191.5,0.0
29192.0,29193.0,29192.5,0.0
29193.0,29194.0,29193.5,0.0
29194.0,29195.0,29194.5,0.0
29195.0,29196.0,29195.5,0.0
29196.0,29197.0,29196.5,0.0
29197.0,29198.0,29197.5,0.0
29198.0,29199.0,29198.5,0.0
29199.0,29200.0,29199.5,0.0
29200.0,29201.0,29200.5,0.0
29201.0,29202.0,29201.5,0.0
29202.0,29203.0,29202.5,0.0
29203.0,29204.0,29203.5,0.0
29204.0,29205.0,29204.5,0.0
29205.0,29206.0,29205.5,0.0
29206.0,29207.0,29206.5,0.0
29207.0,29208.0,29207.5,0.0
29208.0,29209.0,29208.5,0.0
29209.0,29210.0,29209.5,0.0
29210.0,29211.0,29210.5,0.0
29211.0,29212.0,29211.5,0.0
29212.0,29213.0,29212.5,0.0
29213.0,29214.0,29213.5,0.0
29214.0,29215.0,29214.5,0.0
29215.0,29216.0,29215.5,0.0
29216.0,29217.0,29216.5,0.0
29217.0,29218.0,29217.5,0.0
29218.0,29219.0,29218.5,0.0
29219.0,29220.0,29219.5,0.0
29220.0,29221.0,29220.5,0.0
29221.0,29222.0,29221.5,0.0
29222.0,29223.0,29222.5,0.0
29223.0,29224.0,29223.5,0.0
29224.0,29225.0,29224.5,0.0
29225.0,29226.0,29225.5,0.0
29226.0,29227.0,29226.5,0.0
29227.0,29228.0,29227.5,0.0
29228.0,29229.0,29228.5,0.0
29229.0,29230.0,29229.5,0.0
29230.0,29231.0,29230.5,0.0
29231.0,29232.0,29231.5,0.0
29232.0,29233.0,29232.5,0.0
29233.0,29234.0,29233.5,0.0
29234.0,29235.0,29234.5,0.0
29235.0,29236.0,29235.5,0.0
29236.0,29237.0,29236.5,0.0
29237.0,29238.0,29237.5,0.0
29238.0,29239.0,29238.5,0.0
29239.0,29240.0,29239.5,0.0
29240.0,29241.0,29240.5,0.0
29241.0,29242.0,29241.5,0.0
29242.0,29243.0,29242.5,0.0
29243.0,29244.0,29243.5,0.0
29244.0,29245.0,29244.5,0.0
29245.0,29246.0,29245.5,0.0
29246.0,29247.0,29246.5,0.0
29247.0,29248.0,29247.5,0.0
29248.0,29249.0,29248.5,0.0
29249.0,29250.0,29249.5,0.0
29250.0,29251.0,29250.5,0.0
29251.0,29252.0,29251.5,0.0
29252.0,29253.0,29252.5,0.0
29253.0,29254.0,29253.5,0.0
29254.0,29255.0,29254.5,0.0
29255.0,29256.0,29255.5,0.0
29256.0,29257.0,29256.5,0.0
29257.0,29258.0,29257.5,0.0
29258.0,29259.0,29258.5,0.0
29259.0,29260.0,29259.5,0.0
29260.0,29261.0,29260.5,0.0
29261.0,29262.0,29261.5,0.0
29262.0,29263.0,29262.5,0.0
29263.0,29264.0,29263.5,0.0
29264.0,29265.0,29264.5,0.0
29265.0,29266.0,29265.5,0.0
29266.0,29267.0,29266.5,0.0
29267.0,29268.0,29267.5,0.0
29268.0,29269.0,29268.5,0.0
29269.0,29270.0,29269.5,0.0
29270.0,29271.0,29270.5,0.0
29271.0,29272.0,29271.5,0.0
29272.0,29273.0,29272.5,0.0
29273.0,29274.0,29273.5,0.0
29274.0,29275.0,29274.5,0.0
29275.0,29276.0,29275.5,0.0
29276.0,29277.0,29276.5,0.0
29277.0,29278.0,29277.5,0.0
29278.0,29279.0,29278.5,0.0
29279.0,29280.0,29279.5,0.0
29280.0,29281.0,29280.5,0.0
29281.0,29282.0,29281.5,0.0
29282.0,29283.0,29282.5,0.0
29283.0,29284.0,29283.5,0.0
29284.0,29285.0,29284.5,0.0
29285.0,29286.0,29285.5,0.0
29286.0,29287.0,29286.5,0.0
29287.0,29288.0,29287.5,0.0
29288.0,29289.0,29288.5,0.0
29289.0,29290.0,29289.5,0.0
29290.0,29291.0,29290.5,0.0
29291.0,29292.0,29291.5,0.0
29292.0,29293.0,29292.5,0.0
29293.0,29294.0,29293.5,0.0
29294.0,29295.0,29294.5,0.0
29295.0,29296.0,29295.5,0.0
29296.0,29297.0,29296.5,0.0
29297.0,29298.0,29297.5,0.0
29298.0,29299.0,29298.5,0.0
29299.0,29300.0,29299.5,0.0
29300.0,29301.0,29300.5,0.0
29301.0,29302.0,29301.5,0.0
29302.0,29303.0,29302.5,0.0
29303.0,29304.0,29303.5,0.0
29304.0,29305.0,29304.5,0.0
29305.0,29306.0,29305.5,0.0
29306.0,29307.0,29306.5,0.0
29307.0,29308.0,29307.5,0.0
29308.0,29309.0,29308.5,0.0
29309.0,29310.0,29309.5,0.0
29310.0,29311.0,29310.5,0.0
29311.0,29312.0,29311.5,0.0
29312.0,29313.0,29312.5,0.0
29313.0,29314.0,29313.5,0.0
29314.0,29315.0,29314.5,0.0
29315.0,29316.0,29315.5,0.0
29316.0,29317.0,29316.5,0.0
29317.0,29318.0,29317.5,0.0
29318.0,29319.0,29318.5,0.0
29319.0,29320.0,29319.5,0.0
29320.0,29321.0,29320.5,0.0
29321.0,29322.0,29321.5,0.0
29322.0,29323.0,29322.5,0.0
29323.0,29324.0,29323.5,0.0
29324.0,29325.0,29324.5,0.0
29325.0,29326.0,29325.5,0.0
29326.0,29327.0,29326.5,0.0
29327.0,29328.0,29327.5,0.0
29328.0,29329.0,29328.5,0.0
29329.0,29330.0,29329.5,0.0
29330.0,29331.0,29330.5,0.0
29331.0,29332.0,29331.5,0.0
29332.0,29333.0,29332.5,0.0
29333.0,29334.0,29333.5,0.0
29334.0,29335.0,29334.5,0.0
29335.0,29336.0,29335.5,0.0
29336.0,29337.0,29336.5,0.0
29337.0,29338.0,29337.5,0.0
29338.0,29339.0,29338.5,0.0
29339.0,29340.0,29339.5,0.0
29340.0,29341.0,29340.5,0.0
29341.0,29342.0,29341.5,0.0
29342.0,29343.0,29342.5,0.0
29343.0,29344.0,29343.5,5.9
29344.0,29345.0,29344.5,0.5
29345.0,29346.0,29345.5,0.0
29346.0,29347.0,29346.5,1.4
29347.0,29348.0,29347.5,0.0
29348.0,29349.0,29348.5,0.0
29349.0,29350.0,29349.5,0.5
29350.0,29351.0,29350.5,50.1
29351.0,29352.0,29351.5,2.8
29352.0,29353.0,29352.5,0.0
29353.0,29354.0,29353.5,1.0
29354.0,29355.0,29354.5,0.0
29355.0,29356.0,29355.5,7.9
29356.0,29357.0,29356.5,3.5
29357.0,29358.0,29357.5,0.0
29358.0,29359.0,29358.5,12.0
29359.0,29360.0,29359.5,11.5
29360.0,29361.0,29360.5,2.3
29361.0,29362.0,29361.5,3.9
29362.0,29363.0,29362.5,22.1
29363.0,29364.0,29363.5,3.8
29364.0,29365.0,29364.5,16.8
29365.0,29366.0,29365.5,12.2
29366.0,29367.0,29366.5,11.5
29367.0,29368.0,29367.5,9.6
29368.0,29369.0,29368.5,20.1
29369.0,29370.0,29369.5,2.5
29370.0,29371.0,29370.5,5.7
29371.0,29372.0,29371.5,3.2
29372.0,29373.0,29372.5,23.3
29373.0,29374.0,29373.5,16.1
29374.0,29375.0,29374.5,22.2
29375.0,29376.0,29375.5,8.4
29376.0,29377.0,29376.5,6.8
29377.0,29378.0,29377.5,7.4
29378.0,29379.0,29378.5,24.9
29379.0,29380.0,29379.5,12.9
29380.0,29381.0,29380.5,0.9
29381.0,29382.0,29381.5,67.5
29382.0,29383.0,29382.5,5.8
29383.0,29384.0,29383.5,0.0
29384.0,29385.0,29384.5,6.9
29385.0,29386.0,29385.5,4.1
29386.0,29387.0,29386.5,6.0
29387.0,29388.0,29387.5,8.1
29388.0,29389.0,29388.5,33.9
29389.0,29390.0,29389.5,15.5
29390.0,29391.0,29390.5,8.2
29391.0,29392.0,29391.5,6.4
29392.0,29393.0,29392.5,6.0
29393.0,29394.0,29393.5,7.9
29394.0,29395.0,29394.5,2.7
29395.0,29396.0,29395.5,11.7
29396.0,29397.0,29396.5,7.1
29397.0,29398.0,29397.5,11.0
29398.0,29399.0,29398.5,10.9
29399.0,29400.0,29399.5,20.0
29400.0,29401.0,29400.5,30.3
29401.0,29402.0,29401.5,6.9
29402.0,29403.0,29402.5,11.7
29403.0,29404.0,29403.5,0.7
29404.0,29405.0,29404.5,1.5
29405.0,29406.0,29405.5,20.7
29406.0,29407.0,29406.5,3.1
29407.0,29408.0,29407.5,14.9
29408.0,29409.0,29408.5,18.0
29409.0,29410.0,29409.5,21.1
29410.0,29411.0,29410.5,22.5
29411.0,29412.0,29411.5,70.5
29412.0,29413.0,29412.5,8.8
29413.0,29414.0,29413.5,9.8
29414.0,29415.0,29414.5,0.4
29415.0,29416.0,29415.5,0.5
29416.0,29417.0,29416.5,14.6
29417.0,29418.0,29417.5,2.7
29418.0,29419.0,29418.5,37.6
29419.0,29420.0,29419.5,7.7
29420.0,29421.0,29420.5,2.5
29421.0,29422.0,29421.5,0.0
29422.0,29423.0,29422.5,5.1
29423.0,29424.0,29423.5,5.6
29424.0,29425.0,29424.5,4.9
29425.0,29426.0,29425.5,21.7
29426.0,29427.0,29426.5,184.1
29427.0,29428.0,29427.5,29.3
29428.0,29429.0,29428.5,3.5
29429.0,29430.0,29429.5,6.2
29430.0,29431.0,29430.5,0.0
29431.0,29432.0,29431.5,0.0
29432.0,29433.0,29432.5,2.9
29433.0,29434.0,29433.5,12.5
29434.0,29435.0,29434.5,22.0
29435.0,29436.0,29435.5,0.8
29436.0,29437.0,29436.5,0.2
29437.0,29438.0,29437.5,11.9
29438.0,29439.0,29438.5,2.2
29439.0,29440.0,29439.5,43.0
29440.0,29441.0,29440.5,3.9
29441.0,29442.0,29441.5,38.3
29442.0,29443.0,29442.5,1.3
29443.0,29444.0,29443.5,0.4
29444.0,29445.0,29444.5,3.7
29445.0,29446.0,29445.5,0.0
29446.0,29447.0,29446.5,0.0
29447.0,29448.0,29447.5,2.7
29448.0,29449.0,29448.5,10.9
29449.0,29450.0,29449.5,0.0
29450.0,29451.0,29450.5,6.8
29451.0,29452.0,29451.5,3.8
29452.0,29453.0,29452.5,5.3
29453.0,29454.0,29453.5,8.9
29454.0,29455.0,29454.5,12.1
29455.0,29456.0,29455.5,1.1
29456.0,29457.0,29456.5,0.0
29457.0,29458.0,29457.5,2.8
29458.0,29459.0,29458.5,4.2
29459.0,29460.0,29459.5,0.3
29460.0,29461.0,29460.5,3.7
29461.0,29462.0,29461.5,0.0
29462.0,29463.0,29462.5,3.7
29463.0,29464.0,29463.5,8.8
29464.0,29465.0,29464.5,2.0
29465.0,29466.0,29465.5,0.0
29466.0,29467.0,29466.5,4.0
29467.0,29468.0,29467.5,1.4
29468.0,29469.0,29468.5,20.9
29469.0,29470.0,29469.5,9.3
29470.0,29471.0,29470.5,18.2
29471.0,29472.0,29471.5,0.0
29472.0,29473.0,29472.5,3.6
29473.0,29474.0,29473.5,20.6
29474.0,29475.0,29474.5,0.0
29475.0,29476.0,29475.5,10.8
29476.0,29477.0,29476.5,3.9
29477.0,29478.0,29477.5,1.1
29478.0,29479.0,29478.5,1.4
29479.0,29480.0,29479.5,30.0
29480.0,29481.0,29480.5,57.1
29481.0,29482.0,29481.5,25.9
29482.0,29483.0,29482.5,5.8
29483.0,29484.0,29483.5,4.7
29484.0,29485.0,29484.5,27.9
29485.0,29486.0,29485.5,9.7
29486.0,29487.0,29486.5,78.4
29487.0,29488.0,29487.5,8.4
29488.0,29489.0,29488.5,0.3
29489.0,29490.0,29489.5,25.8
29490.0,29491.0,29490.5,21.7
29491.0,29492.0,29491.5,28.7
29492.0,29493.0,29492.5,50.0
29493.0,29494.0,29493.5,15.8
29494.0,29495.0,29494.5,10.6
29495.0,29496.0,29495.5,17.7
29496.0,29497.0,29496.5,23.9
29497.0,29498.0,29497.5,34.0
29498.0,29499.0,29498.5,10.6
29499.0,29500.0,29499.5,72.1
29500.0,29501.0,29500.5,16.6
29501.0,29502.0,29501.5,24.2
29502.0,29503.0,29502.5,5.9
29503.0,29504.0,29503.5,34.8
29504.0,29505.0,29504.5,81.8
29505.0,29506.0,29505.5,10.6
29506.0,29507.0,29506.5,12.2
29507.0,29508.0,29507.5,44.5
29508.0,29509.0,29508.5,41.3
29509.0,29510.0,29509.5,5.6
29510.0,29511.0,29510.5,46.9
29511.0,29512.0,29511.5,23.6
29512.0,29513.0,29512.5,0.9
29513.0,29514.0,29513.5,18.7
29514.0,29515.0,29514.5,5.8
29515.0,29516.0,29515.5,24.8
29516.0,29517.0,29516.5,17.0
29517.0,29518.0,29517.5,47.5
29518.0,29519.0,29518.5,19.9
29519.0,29520.0,29519.5,0.0
29520.0,29521.0,29520.5,9.3
29521.0,29522.0,29521.5,17.5
29522.0,29523.0,29522.5,14.6
29523.0,29524.0,29523.5,17.1
29524.0,29525.0,29524.5,11.3
29525.0,29526.0,29525.5,20.8
29526.0,29527.0,29526.5,2.4
29527.0,29528.0,29527.5,8.4
29528.0,29529.0,29528.5,3.3
29529.0,29530.0,29529.5,42.0
29530.0,29531.0,29530.5,4.3
29531.0,29532.0,29531.5,47.9
29532.0,29533.0,29532.5,31.7
29533.0,29534.0,29533.5,28.0
29534.0,29535.0,29534.5,11.0
29535.0,29536.0,29535.5,8.9
29536.0,29537.0,29536.5,14.2
29537.0,29538.0,29537.5,2.4
29538.0,29539.0,29538.5,38.5
29539.0,29540.0,29539.5,30.0
29540.0,29541.0,29540.5,30.8
29541.0,29542.0,29541.5,27.7
29542.0,29543.0,29542.5,34.9
29543.0,29544.0,29543.5,6.7
29544.0,29545.0,29544.5,0.4
29545.0,29546.0,29545.5,1.7
29546.0,29547.0,29546.5,17.9
29547.0,29548.0,29547.5,33.6
29548.0,29549.0,29548.5,20.3
29549.0,29550.0,29549.5,36.2
