NASA Data Processing/CAMP2Ex/SP2/CAMP2Ex-LARGE-SP2_P3B_20191003_R1.ict
37, 1001
Luke D. Ziemba
NASA Langley Research Center
Single Particle Soot Photometer (SP2), DMT
CAMP2Ex
1, 1
2019, 10, 03, 2020,05,06
0
Time_Start, seconds_past_midnight, start_seconds_past_midnight
3
1, 1, 1
-9999, -9999, -9999
Time_Stop, seconds_past_midnight, stop_seconds_past_midnight
Time_Mid, seconds_past_midnight, mid_seconds_past_midnight
BlackCarbon_STP, Black_Carbon_nanograms_per_standard_cubic_meter, AerComp_BC_InSitu_LII_Accu_MassSTP
1
N/A
19
PI_CONTACT_INFO: 21 Langley Blvd, Hampton, VA 23681
PLATFORM: NASA WFF P3-B N426NA
LOCATION: Philippines; Latitude, Longitude, and Altitude included in Hskping files (MetNav)
ASSOCIATED_DATA: InletFlag, MetNav, cloud flag
INSTRUMENT_INFO: Single particle refractory BC mass measured by laser-induced incandescence. Calibrated using laboratory-generated monodisperse fullerene soot aerosol and polynomial mass/response fit. 
DATA_INFO: Data corrected to STP (760 torr and 273K). Measurements apply to refractory black carbon particles with diameter between 100 and 700nm
UNCERTAINTY: 10%
ULOD_FLAG: -7777
ULOD_VALUE: N/A
LLOD_FLAG: -8888
LLOD_VALUE: N/A
DM_CONTACT_INFO: Luke D. Ziemba, luke.ziemba@nasa.gov, (757)864-6246
PROJECT_INFO: CAMP2Ex based at Clark International Airport, Philippines
STIPULATIONS_ON_USE: Data users are strongly encouraged to contact the instrument PI for information on instrument caveats and best practices.
OTHER_COMMENTS: Data affected by cloud penetrations have NOT been removed.Switched between forward-facing isokinetic inlet and counterflow virtual impactor; flag is provided (InletFlag).Data are removed for calibrations,insufficient laser power,and pump failure.
REVISION: R1
R0: Final Data.  No further adjustments are planned.
R1: Applied time shift of -2s to DLH.
Time_Start, Time_Stop, Time_Mid, BlackCarbon_STP
[from data line 6788]
89330.0,89331.0,89330.5,0.0
89331.0,89332.0,89331.5,0.0
89332.0,89333.0,89332.5,1.0
89333.0,89334.0,89333.5,2.4
89334.0,89335.0,89334.5,0.0
89335.0,89336.0,89335.5,5.2
89336.0,89337.0,89336.5,0.0
89337.0,89338.0,89337.5,0.0
89338.0,89339.0,89338.5,0.0
89339.0,89340.0,89339.5,0.0
89340.0,89341.0,89340.5,0.0
89341.0,89342.0,89341.5,0.4
89342.0,89343.0,89342.5,0.0
89343.0,89344.0,89343.5,0.0
89344.0,89345.0,89344.5,13.3
89345.0,89346.0,89345.5,2.3
89346.0,89347.0,89346.5,0.0
89347.0,89348.0,89347.5,0.6
89348.0,89349.0,89348.5,1.1
89349.0,89350.0,89349.5,2.8
89350.0,89351.0,89350.5,0.6
89351.0,89352.0,89351.5,0.4
89352.0,89353.0,89352.5,0.0
89353.0,89354.0,89353.5,0.0
89354.0,89355.0,89354.5,1.6
89355.0,89356.0,89355.5,1.6
89356.0,89357.0,89356.5,0.0
89357.0,89358.0,89357.5,0.0
89358.0,89359.0,89358.5,0.0
89359.0,89360.0,89359.5,0.0
89360.0,89361.0,89360.5,0.0
89361.0,89362.0,89361.5,0.0
89362.0,89363.0,89362.5,1.1
89363.0,89364.0,89363.5,6.8
89364.0,89365.0,89364.5,0.0
89365.0,89366.0,89365.5,0.0
89366.0,89367.0,89366.5,0.0
89367.0,89368.0,89367.5,5.2
89368.0,89369.0,89368.5,2.1
89369.0,89370.0,89369.5,0.0
89370.0,89371.0,89370.5,0.0
89371.0,89372.0,89371.5,0.0
89372.0,89373.0,89372.5,1.2
89373.0,89374.0,89373.5,0.0
89374.0,89375.0,89374.5,0.0
89375.0,89376.0,89375.5,0.0
89376.0,89377.0,89376.5,0.4
89377.0,89378.0,89377.5,6.3
89378.0,89379.0,89378.5,0.0
89379.0,89380.0,89379.5,0.8
89380.0,89381.0,89380.5,1.9
89381.0,89382.0,89381.5,0.0
89382.0,89383.0,89382.5,0.0
89383.0,89384.0,89383.5,0.0
89384.0,89385.0,89384.5,0.4
89385.0,89386.0,89385.5,0.0
89386.0,89387.0,89386.5,0.3
89387.0,89388.0,89387.5,4.0
89388.0,89389.0,89388.5,1.5
89389.0,89390.0,89389.5,0.0
89390.0,89391.0,89390.5,0.0
89391.0,89392.0,89391.5,0.0
89392.0,89393.0,89392.5,2.4
89393.0,89394.0,89393.5,5.7
89394.0,89395.0,89394.5,0.0
89395.0,89396.0,89395.5,2.6
89396.0,89397.0,89396.5,0.0
89397.0,89398.0,89397.5,0.0
89398.0,89399.0,89398.5,2.3
89399.0,89400.0,89399.5,0.9
89400.0,89401.0,89400.5,2.5
89401.0,89402.0,89401.5,1.0
89402.0,89403.0,89402.5,0.0
89403.0,89404.0,89403.5,0.0
89404.0,89405.0,89404.5,0.0
89405.0,89406.0,89405.5,0.0
89406.0,89407.0,89406.5,2.6
89407.0,89408.0,89407.5,0.0
89408.0,89409.0,89408.5,0.0
89409.0,89410.0,89409.5,0.0
89410.0,89411.0,89410.5,0.0
89411.0,89412.0,89411.5,0.0
89412.0,89413.0,89412.5,0.0
89413.0,89414.0,89413.5,0.7
89414.0,89415.0,89414.5,0.0
89415.0,89416.0,89415.5,0.0
89416.0,89417.0,89416.5,0.6
89417.0,89418.0,89417.5,1.4
89418.0,89419.0,89418.5,0.0
89419.0,89420.0,89419.5,0.0
89420.0,89421.0,89420.5,0.0
89421.0,89422.0,89421.5,0.0
89422.0,89423.0,89422.5,5.1
89423.0,89424.0,89423.5,0.0
89424.0,89425.0,89424.5,1.3
89425.0,89426.0,89425.5,0.9
89426.0,89427.0,89426.5,0.0
89427.0,89428.0,89427.5,0.0
89428.0,89429.0,89428.5,0.0
89429.0,89430.0,89429.5,0.0
89430.0,89431.0,89430.5,0.4
89431.0,89432.0,89431.5,0.0
89432.0,89433.0,89432.5,0.0
89433.0,89434.0,89433.5,1.1
89434.0,89435.0,89434.5,0.4
89435.0,89436.0,89435.5,0.7
89436.0,89437.0,89436.5,0.0
89437.0,89438.0,89437.5,1.2
89438.0,89439.0,89438.5,0.0
89439.0,89440.0,89439.5,0.0
89440.0,89441.0,89440.5,0.0
89441.0,89442.0,89441.5,0.0
89442.0,89443.0,89442.5,0.0
89443.0,89444.0,89443.5,0.0
89444.0,89445.0,89444.5,0.0
89445.0,89446.0,89445.5,0.0
89446.0,89447.0,89446.5,8.8
89447.0,89448.0,89447.5,2.4
89448.0,89449.0,89448.5,0.4
89449.0,89450.0,89449.5,0.0
89450.0,89451.0,89450.5,0.0
89451.0,89452.0,89451.5,0.0
89452.0,89453.0,89452.5,0.0
89453.0,89454.0,89453.5,0.0
89454.0,89455.0,89454.5,0.0
89455.0,89456.0,89455.5,4.2
89456.0,89457.0,89456.5,0.0
89457.0,89458.0,89457.5,9.7
89458.0,89459.0,89458.5,0.3
89459.0,89460.0,89459.5,1.8
89460.0,89461.0,89460.5,0.0
89461.0,89462.0,89461.5,0.0
89462.0,89463.0,89462.5,0.0
89463.0,89464.0,89463.5,0.0
89464.0,89465.0,89464.5,0.0
89465.0,89466.0,89465.5,0.0
89466.0,89467.0,89466.5,2.3
89467.0,89468.0,89467.5,118.1
89468.0,89469.0,89468.5,0.4
89469.0,89470.0,89469.5,1.6
89470.0,89471.0,89470.5,0.0
89471.0,89472.0,89471.5,0.0
89472.0,89473.0,89472.5,0.0
89473.0,89474.0,89473.5,8.2
89474.0,89475.0,89474.5,0.7
89475.0,89476.0,89475.5,2.2
89476.0,89477.0,89476.5,0.0
89477.0,89478.0,89477.5,0.0
89478.0,89479.0,89478.5,0.0
89479.0,89480.0,89479.5,0.0
89480.0,89481.0,89480.5,0.0
89481.0,89482.0,89481.5,0.0
89482.0,89483.0,89482.5,13.6
89483.0,89484.0,89483.5,0.0
89484.0,89485.0,89484.5,3.3
89485.0,89486.0,89485.5,1.9
89486.0,89487.0,89486.5,0.0
89487.0,89488.0,89487.5,0.0
89488.0,89489.0,89488.5,0.0
89489.0,89490.0,89489.5,0.0
89490.0,89491.0,89490.5,0.0
89491.0,89492.0,89491.5,0.0
89492.0,89493.0,89492.5,3.3
89493.0,89494.0,89493.5,7.4
89494.0,89495.0,89494.5,0.4
89495.0,89496.0,89495.5,0.0
89496.0,89497.0,89496.5,0.7
89497.0,89498.0,89497.5,0.0
89498.0,89499.0,89498.5,0.0
89499.0,89500.0,89499.5,0.0
89500.0,89501.0,89500.5,1.1
89501.0,89502.0,89501.5,0.0
89502.0,89503.0,89502.5,0.6
89503.0,89504.0,89503.5,0.0
89504.0,89505.0,89504.5,0.0
89505.0,89506.0,89505.5,2.3
89506.0,89507.0,89506.5,4.2
89507.0,89508.0,89507.5,1.6
89508.0,89509.0,89508.5,0.7
89509.0,89510.0,89509.5,0.0
89510.0,89511.0,89510.5,0.4
89511.0,89512.0,89511.5,0.0
89512.0,89513.0,89512.5,1.4
89513.0,89514.0,89513.5,0.0
89514.0,89515.0,89514.5,0.0
89515.0,89516.0,89515.5,0.0
89516.0,89517.0,89516.5,0.4
89517.0,89518.0,89517.5,0.3
89518.0,89519.0,89518.5,0.0
89519.0,89520.0,89519.5,0.0
89520.0,89521.0,89520.5,4.9
89521.0,89522.0,89521.5,0.5
89522.0,89523.0,89522.5,0.0
89523.0,89524.0,89523.5,1.7
89524.0,89525.0,89524.5,8.3
89525.0,89526.0,89525.5,0.0
89526.0,89527.0,89526.5,1.0
89527.0,89528.0,89527.5,8.8
89528.0,89529.0,89528.5,1.3
89529.0,89530.0,89529.5,0.0
89530.0,89531.0,89530.5,1.0
89531.0,89532.0,89531.5,0.0
89532.0,89533.0,89532.5,0.0
89533.0,89534.0,89533.5,5.0
89534.0,89535.0,89534.5,4.9
89535.0,89536.0,89535.5,2.6
89536.0,89537.0,89536.5,21.7
89537.0,89538.0,89537.5,0.0
89538.0,89539.0,89538.5,0.0
89539.0,89540.0,89539.5,0.0
89540.0,89541.0,89540.5,0.0
89541.0,89542.0,89541.5,0.0
89542.0,89543.0,89542.5,0.9
89543.0,89544.0,89543.5,0.0
89544.0,89545.0,89544.5,2.8
89545.0,89546.0,89545.5,0.0
89546.0,89547.0,89546.5,0.0
89547.0,89548.0,89547.5,0.0
89548.0,89549.0,89548.5,0.0
89549.0,89550.0,89549.5,3.7
89550.0,89551.0,89550.5,0.0
89551.0,89552.0,89551.5,10.3
89552.0,89553.0,89552.5,0.0
89553.0,89554.0,89553.5,0.0
89554.0,89555.0,89554.5,4.9
89555.0,89556.0,89555.5,1.3
89556.0,89557.0,89556.5,6.7
89557.0,89558.0,89557.5,0.4
89558.0,89559.0,89558.5,0.0
89559.0,89560.0,89559.5,6.8
89560.0,89561.0,89560.5,2.0
89561.0,89562.0,89561.5,1.4
89562.0,89563.0,89562.5,0.5
89563.0,89564.0,89563.5,0.0
89564.0,89565.0,89564.5,0.0
89565.0,89566.0,89565.5,0.0
89566.0,89567.0,89566.5,0.0
89567.0,89568.0,89567.5,0.6
89568.0,89569.0,89568.5,0.0
89569.0,89570.0,89569.5,0.0
89570.0,89571.0,89570.5,0.0
89571.0,89572.0,89571.5,0.0
89572.0,89573.0,89572.5,0.0
89573.0,89574.0,89573.5,0.0
89574.0,89575.0,89574.5,0.0
89575.0,89576.0,89575.5,0.0
89576.0,89577.0,89576.5,0.6
89577.0,89578.0,89577.5,0.0
89578.0,89579.0,89578.5,0.0
89579.0,89580.0,89579.5,0.8
89580.0,89581.0,89580.5,1.7
89581.0,89582.0,89581.5,6.2
89582.0,89583.0,89582.5,24.0
89583.0,89584.0,89583.5,0.6
89584.0,89585.0,89584.5,0.4
89585.0,89586.0,89585.5,1.6
89586.0,89587.0,89586.5,3.2
89587.0,89588.0,89587.5,0.0
89588.0,89589.0,89588.5,0.8
89589.0,89590.0,89589.5,0.0
89590.0,89591.0,89590.5,0.0
89591.0,89592.0,89591.5,0.0
89592.0,89593.0,89592.5,0.0
89593.0,89594.0,89593.5,0.0
89594.0,89595.0,89594.5,0.0
89595.0,89596.0,89595.5,0.0
89596.0,89597.0,89596.5,0.0
89597.0,89598.0,89597.5,0.0
89598.0,89599.0,89598.5,0.0
89599.0,89600.0,89599.5,0.0
89600.0,89601.0,89600.5,0.0
89601.0,89602.0,89601.5,0.0
89602.0,89603.0,89602.5,1.1
89603.0,89604.0,89603.5,0.0
89604.0,89605.0,89604.5,0.3
89605.0,89606.0,89605.5,1.2
89606.0,89607.0,89606.5,3.0
89607.0,89608.0,89607.5,0.4
89608.0,89609.0,89608.5,0.0
89609.0,89610.0,89609.5,1.7
89610.0,89611.0,89610.5,0.9
89611.0,89612.0,89611.5,0.0
89612.0,89613.0,89612.5,0.7
89613.0,89614.0,89613.5,1.4
89614.0,89615.0,89614.5,2.1
89615.0,89616.0,89615.5,4.7
89616.0,89617.0,89616.5,0.0
89617.0,89618.0,89617.5,0.0
89618.0,89619.0,89618.5,0.0
89619.0,89620.0,89619.5,0.0
89620.0,89621.0,89620.5,1.6
89621.0,89622.0,89621.5,0.3
89622.0,89623.0,89622.5,0.0
89623.0,89624.0,89623.5,0.0
89624.0,89625.0,89624.5,0.0
89625.0,89626.0,89625.5,1.5
89626.0,89627.0,89626.5,0.4
89627.0,89628.0,89627.5,1.3
89628.0,89629.0,89628.5,0.0
89629.0,89630.0,89629.5,0.5
89630.0,89631.0,89630.5,1.0
89631.0,89632.0,89631.5,0.0
89632.0,89633.0,89632.5,6.9
89633.0,89634.0,89633.5,0.0
89634.0,89635.0,89634.5,0.0
89635.0,89636.0,89635.5,0.0
89636.0,89637.0,89636.5,0.3
89637.0,89638.0,89637.5,0.0
89638.0,89639.0,89638.5,0.0
89639.0,89640.0,89639.5,0.0
89640.0,89641.0,89640.5,0.0
89641.0,89642.0,89641.5,0.0
89642.0,89643.0,89642.5,0.0
89643.0,89644.0,89643.5,0.4
89644.0,89645.0,89644.5,0.0
89645.0,89646.0,89645.5,1.3
89646.0,89647.0,89646.5,2.9
89647.0,89648.0,89647.5,0.0
89648.0,89649.0,89648.5,0.0
89649.0,89650.0,89649.5,3.3
89650.0,89651.0,89650.5,0.0
89651.0,89652.0,89651.5,0.0
89652.0,89653.0,89652.5,4.3
89653.0,89654.0,89653.5,0.0
89654.0,89655.0,89654.5,0.0
89655.0,89656.0,89655.5,0.0
89656.0,89657.0,89656.5,0.9
89657.0,89658.0,89657.5,1.0
89658.0,89659.0,89658.5,0.7
89659.0,89660.0,89659.5,2.9
89660.0,89661.0,89660.5,0.0
89661.0,89662.0,89661.5,0.0
89662.0,89663.0,89662.5,0.0
89663.0,89664.0,89663.5,0.0
89664.0,89665.0,89664.5,0.0
89665.0,89666.0,89665.5,2.3
89666.0,89667.0,89666.5,1.0
89667.0,89668.0,89667.5,0.0
89668.0,89669.0,89668.5,0.0
89669.0,89670.0,89669.5,0.6
89670.0,89671.0,89670.5,29.7
89671.0,89672.0,89671.5,0.0
89672.0,89673.0,89672.5,0.0
89673.0,89674.0,89673.5,0.5
89674.0,89675.0,89674.5,2.4
89675.0,89676.0,89675.5,10.3
89676.0,89677.0,89676.5,1.7
89677.0,89678.0,89677.5,0.6
89678.0,89679.0,89678.5,0.0
89679.0,89680.0,89679.5,0.0
89680.0,89681.0,89680.5,0.0
89681.0,89682.0,89681.5,0.7
89682.0,89683.0,89682.5,0.0
89683.0,89684.0,89683.5,0.0
89684.0,89685.0,89684.5,0.5
89685.0,89686.0,89685.5,0.0
89686.0,89687.0,89686.5,0.0
89687.0,89688.0,89687.5,0.0
89688.0,89689.0,89688.5,0.0
89689.0,89690.0,89689.5,0.0
89690.0,89691.0,89690.5,0.0
89691.0,89692.0,89691.5,1.3
89692.0,89693.0,89692.5,4.2
89693.0,89694.0,89693.5,0.4
89694.0,89695.0,89694.5,0.8
89695.0,89696.0,89695.5,2.7
89696.0,89697.0,89696.5,0.0
89697.0,89698.0,89697.5,0.0
89698.0,89699.0,89698.5,0.8
89699.0,89700.0,89699.5,0.5
89700.0,89701.0,89700.5,0.3
89701.0,89702.0,89701.5,0.0
89702.0,89703.0,89702.5,0.0
89703.0,89704.0,89703.5,0.0
89704.0,89705.0,89704.5,4.6
89705.0,89706.0,89705.5,0.3
89706.0,89707.0,89706.5,0.4
89707.0,89708.0,89707.5,9.0
89708.0,89709.0,89708.5,1.0
89709.0,89710.0,89709.5,1.1
89710.0,89711.0,89710.5,1.2
89711.0,89712.0,89711.5,0.0
89712.0,89713.0,89712.5,0.7
89713.0,89714.0,89713.5,15.3
89714.0,89715.0,89714.5,0.3
89715.0,89716.0,89715.5,15.3
89716.0,89717.0,89716.5,0.0
89717.0,89718.0,89717.5,0.0
89718.0,89719.0,89718.5,0.0
89719.0,89720.0,89719.5,0.7
89720.0,89721.0,89720.5,0.0
89721.0,89722.0,89721.5,1.2
89722.0,89723.0,89722.5,0.0
89723.0,89724.0,89723.5,0.3
89724.0,89725.0,89724.5,0.0
89725.0,89726.0,89725.5,0.0
89726.0,89727.0,89726.5,0.0
89727.0,89728.0,89727.5,0.0
89728.0,89729.0,89728.5,0.4
89729.0,89730.0,89729.5,3.0
89730.0,89731.0,89730.5,0.0
89731.0,89732.0,89731.5,0.0
89732.0,89733.0,89732.5,0.0
89733.0,89734.0,89733.5,0.0
89734.0,89735.0,89734.5,0.0
89735.0,89736.0,89735.5,1.0
89736.0,89737.0,89736.5,1.1
89737.0,89738.0,89737.5,0.0
89738.0,89739.0,89738.5,0.0
89739.0,89740.0,89739.5,0.5
89740.0,89741.0,89740.5,0.7
89741.0,89742.0,89741.5,0.0
89742.0,89743.0,89742.5,0.5
89743.0,89744.0,89743.5,0.0
89744.0,89745.0,89744.5,1.4
89745.0,89746.0,89745.5,1.3
89746.0,89747.0,89746.5,2.5
89747.0,89748.0,89747.5,0.0
89748.0,89749.0,89748.5,0.4
89749.0,89750.0,89749.5,1.3
89750.0,89751.0,89750.5,0.4
89751.0,89752.0,89751.5,0.0
89752.0,89753.0,89752.5,0.0
89753.0,89754.0,89753.5,0.0
89754.0,89755.0,89754.5,0.0
89755.0,89756.0,89755.5,0.0
89756.0,89757.0,89756.5,34.8
89757.0,89758.0,89757.5,0.0
89758.0,89759.0,89758.5,0.0
89759.0,89760.0,89759.5,0.0
89760.0,89761.0,89760.5,1.8
89761.0,89762.0,89761.5,0.0
89762.0,89763.0,89762.5,0.0
89763.0,89764.0,89763.5,0.0
89764.0,89765.0,89764.5,0.0
89765.0,89766.0,89765.5,0.0
89766.0,89767.0,89766.5,0.0
89767.0,89768.0,89767.5,0.3
89768.0,89769.0,89768.5,1.3
89769.0,89770.0,89769.5,0.0
89770.0,89771.0,89770.5,0.0
89771.0,89772.0,89771.5,0.0
89772.0,89773.0,89772.5,4.9
89773.0,89774.0,89773.5,1.0
89774.0,89775.0,89774.5,0.0
89775.0,89776.0,89775.5,0.0
89776.0,89777.0,89776.5,0.0
89777.0,89778.0,89777.5,0.0
89778.0,89779.0,89778.5,0.0
89779.0,89780.0,89779.5,2.2
89780.0,89781.0,89780.5,0.0
89781.0,89782.0,89781.5,0.0
89782.0,89783.0,89782.5,1.1
89783.0,89784.0,89783.5,0.0
89784.0,89785.0,89784.5,1.5
89785.0,89786.0,89785.5,0.0
89786.0,89787.0,89786.5,0.0
89787.0,89788.0,89787.5,0.0
89788.0,89789.0,89788.5,0.0
89789.0,89790.0,89789.5,0.0
89790.0,89791.0,89790.5,0.0
89791.0,89792.0,89791.5,0.0
89792.0,89793.0,89792.5,0.0
89793.0,89794.0,89793.5,0.0
89794.0,89795.0,89794.5,0.0
89795.0,89796.0,89795.5,0.0
89796.0,89797.0,89796.5,0.0
89797.0,89798.0,89797.5,4.1
89798.0,89799.0,89798.5,0.0
89799.0,89800.0,89799.5,0.3
89800.0,89801.0,89800.5,3.9
89801.0,89802.0,89801.5,0.0
89802.0,89803.0,89802.5,0.0
89803.0,89804.0,89803.5,0.0
89804.0,89805.0,89804.5,1.4
89805.0,89806.0,89805.5,0.0
89806.0,89807.0,89806.5,0.0
89807.0,89808.0,89807.5,0.0
89808.0,89809.0,89808.5,1.4
89809.0,89810.0,89809.5,0.0
89810.0,89811.0,89810.5,0.0
89811.0,89812.0,89811.5,0.0
89812.0,89813.0,89812.5,1.0
89813.0,89814.0,89813.5,0.0
89814.0,89815.0,89814.5,0.0
89815.0,89816.0,89815.5,0.0
89816.0,89817.0,89816.5,0.0
89817.0,89818.0,89817.5,1.2
89818.0,89819.0,89818.5,0.0
89819.0,89820.0,89819.5,1.7
89820.0,89821.0,89820.5,1.2
89821.0,89822.0,89821.5,0.8
89822.0,89823.0,89822.5,0.0
89823.0,89824.0,89823.5,1.9
89824.0,89825.0,89824.5,0.0
89825.0,89826.0,89825.5,2.5
89826.0,89827.0,89826.5,0.0
89827.0,89828.0,89827.5,0.7
89828.0,89829.0,89828.5,0.5
89829.0,89830.0,89829.5,0.0
89830.0,89831.0,89830.5,0.8
89831.0,89832.0,89831.5,0.8
89832.0,89833.0,89832.5,12.1
89833.0,89834.0,89833.5,0.0
89834.0,89835.0,89834.5,0.0
89835.0,89836.0,89835.5,0.0
89836.0,89837.0,89836.5,0.4
89837.0,89838.0,89837.5,1.6
89838.0,89839.0,89838.5,3.4
89839.0,89840.0,89839.5,0.0
89840.0,89841.0,89840.5,0.9
89841.0,89842.0,89841.5,0.7
89842.0,89843.0,89842.5,0.0
89843.0,89844.0,89843.5,0.9
89844.0,89845.0,89844.5,0.0
89845.0,89846.0,89845.5,1.3
89846.0,89847.0,89846.5,0.0
89847.0,89848.0,89847.5,0.0
89848.0,89849.0,89848.5,1.4
89849.0,89850.0,89849.5,0.0
89850.0,89851.0,89850.5,1.5
89851.0,89852.0,89851.5,0.3
89852.0,89853.0,89852.5,0.0
89853.0,89854.0,89853.5,0.0
89854.0,89855.0,89854.5,0.0
89855.0,89856.0,89855.5,0.4
89856.0,89857.0,89856.5,16.0
89857.0,89858.0,89857.5,0.6
89858.0,89859.0,89858.5,0.0
89859.0,89860.0,89859.5,0.0
89860.0,89861.0,89860.5,0.0
89861.0,89862.0,89861.5,0.4
89862.0,89863.0,89862.5,0.0
89863.0,89864.0,89863.5,0.0
89864.0,89865.0,89864.5,2.1
89865.0,89866.0,89865.5,0.0
89866.0,89867.0,89866.5,0.0
89867.0,89868.0,89867.5,3.2
89868.0,89869.0,89868.5,0.4
89869.0,89870.0,89869.5,0.0
89870.0,89871.0,89870.5,0.6
89871.0,89872.0,89871.5,0.0
89872.0,89873.0,89872.5,0.0
89873.0,89874.0,89873.5,0.0
89874.0,89875.0,89874.5,0.0
89875.0,89876.0,89875.5,1.0
89876.0,89877.0,89876.5,0.0
89877.0,89878.0,89877.5,1.4
89878.0,89879.0,89878.5,0.0
89879.0,89880.0,89879.5,4.7
89880.0,89881.0,89880.5,0.0
89881.0,89882.0,89881.5,0.0
89882.0,89883.0,89882.5,0.0
89883.0,89884.0,89883.5,1.6
89884.0,89885.0,89884.5,9.1
89885.0,89886.0,89885.5,0.4
89886.0,89887.0,89886.5,4.1
89887.0,89888.0,89887.5,0.0
89888.0,89889.0,89888.5,0.0
89889.0,89890.0,89889.5,1.4
89890.0,89891.0,89890.5,0.0
89891.0,89892.0,89891.5,0.0
89892.0,89893.0,89892.5,0.0
89893.0,89894.0,89893.5,0.5
89894.0,89895.0,89894.5,0.0
89895.0,89896.0,89895.5,0.0
89896.0,89897.0,89896.5,0.0
89897.0,89898.0,89897.5,0.0
89898.0,89899.0,89898.5,0.4
89899.0,89900.0,89899.5,0.0
