NASA Data Processing/CAMP2Ex/SP2/CAMP2Ex-LARGE-SP2_P3B_20190906_R1.ict
37, 1001
Luke D. Ziemba
NASA Langley Research Center
Single Particle Soot Photometer (SP2), DMT
CAMP2Ex
1, 1
2019, 09, 06, 2020,05,06
0
Time_Start, seconds_past_midnight, start_seconds_past_midnight
3
1, 1, 1
-9999, -9999, -9999
Time_Stop, seconds_past_midnight, stop_seconds_past_midnight
Time_Mid, seconds_past_midnight, mid_seconds_past_midnight
BlackCarbon_STP, Black_Carbon_nanograms_per_standard_cubic_meter, AerComp_BC_InSitu_LII_Accu_MassSTP
1
N/A
19
PI_CONTACT_INFO: 21 Langley Blvd, Hampton, VA 23681
PLATFORM: NASA WFF P3-B N426NA
LOCATION: Philippines; Latitude, Longitude, and Altitude included in Hskping files (MetNav)
ASSOCIATED_DATA: InletFlag, MetNav, cloud flag
INSTRUMENT_INFO: Single particle refractory BC mass measured by laser-induced incandescence. Calibrated using laboratory-generated monodisperse fullerene soot aerosol and polynomial mass/response fit. 
DATA_INFO: Data corrected to STP (760 torr and 273K). Measurements apply to refractory black carbon particles with diameter between 100 and 700nm
UNCERTAINTY: 10%
ULOD_FLAG: -7777
ULOD_VALUE: N/A
LLOD_FLAG: -8888
LLOD_VALUE: N/A
DM_CONTACT_INFO: Luke D. Ziemba, luke.ziemba@nasa.gov, (757)864-6246
PROJECT_INFO: CAMP2Ex based at Clark International Airport, Philippines
STIPULATIONS_ON_USE: Data users are strongly encouraged to contact the instrument PI for information on instrument caveats and best practices.
OTHER_COMMENTS: Data affected by cloud penetrations have NOT been removed.Switched between forward-facing isokinetic inlet and counterflow virtual impactor; flag is provided (InletFlag).Data are removed for calibrations,insufficient laser power,and pump failure.
REVISION: R1
R0: Final Data.  No further adjustments are planned.
R1: Applied time shift of -2s to DLH.
Time_Start, Time_Stop, Time_Mid, BlackCarbon_STP
[from data line 13616]
99786.0,99787.0,99786.5,9.3
99787.0,99788.0,99787.5,6.8
99788.0,99789.0,99788.5,9.3
99789.0,99790.0,99789.5,15.6
99790.0,99791.0,99790.5,28.0
99791.0,99792.0,99791.5,4.4
99792.0,99793.0,99792.5,0.1
99793.0,99794.0,99793.5,6.8
99794.0,99795.0,99794.5,4.3
99795.0,99796.0,99795.5,4.5
99796.0,99797.0,99796.5,0.3
99797.0,99798.0,99797.5,20.2
99798.0,99799.0,99798.5,1.2
99799.0,99800.0,99799.5,1.4
99800.0,99801.0,99800.5,72.3
99801.0,99802.0,99801.5,4.6
99802.0,99803.0,99802.5,6.0
99803.0,99804.0,99803.5,3.9
99804.0,99805.0,99804.5,4.9
99805.0,99806.0,99805.5,5.1
99806.0,99807.0,99806.5,22.8
99807.0,99808.0,99807.5,18.7
99808.0,99809.0,99808.5,3.2
99809.0,99810.0,99809.5,0.0
99810.0,99811.0,99810.5,12.7
99811.0,99812.0,99811.5,0.0
99812.0,99813.0,99812.5,1.9
99813.0,99814.0,99813.5,0.0
99814.0,99815.0,99814.5,0.0
99815.0,99816.0,99815.5,0.0
99816.0,99817.0,99816.5,5.3
99817.0,99818.0,99817.5,0.8
99818.0,99819.0,99818.5,0.0
99819.0,99820.0,99819.5,0.0
99820.0,99821.0,99820.5,0.0
99821.0,99822.0,99821.5,18.6
99822.0,99823.0,99822.5,5.4
99823.0,99824.0,99823.5,18.2
99824.0,99825.0,99824.5,0.0
99825.0,99826.0,99825.5,4.5
99826.0,99827.0,99826.5,0.0
99827.0,99828.0,99827.5,6.8
99828.0,99829.0,99828.5,0.0
99829.0,99830.0,99829.5,2.5
99830.0,99831.0,99830.5,12.1
99831.0,99832.0,99831.5,26.5
99832.0,99833.0,99832.5,1.9
99833.0,99834.0,99833.5,5.3
99834.0,99835.0,99834.5,3.2
99835.0,99836.0,99835.5,1.4
99836.0,99837.0,99836.5,0.4
99837.0,99838.0,99837.5,0.8
99838.0,99839.0,99838.5,6.1
99839.0,99840.0,99839.5,26.8
99840.0,99841.0,99840.5,64.7
99841.0,99842.0,99841.5,9.6
99842.0,99843.0,99842.5,10.3
99843.0,99844.0,99843.5,3.1
99844.0,99845.0,99844.5,4.6
99845.0,99846.0,99845.5,13.2
99846.0,99847.0,99846.5,8.3
99847.0,99848.0,99847.5,6.1
99848.0,99849.0,99848.5,1.5
99849.0,99850.0,99849.5,11.5
99850.0,99851.0,99850.5,0.7
99851.0,99852.0,99851.5,3.2
99852.0,99853.0,99852.5,1.6
99853.0,99854.0,99853.5,2.2
99854.0,99855.0,99854.5,29.8
99855.0,99856.0,99855.5,0.0
99856.0,99857.0,99856.5,2.0
99857.0,99858.0,99857.5,1.1
99858.0,99859.0,99858.5,0.0
99859.0,99860.0,99859.5,6.9
99860.0,99861.0,99860.5,31.1
99861.0,99862.0,99861.5,0.0
99862.0,99863.0,99862.5,0.3
99863.0,99864.0,99863.5,0.0
99864.0,99865.0,99864.5,0.0
99865.0,99866.0,99865.5,0.0
99866.0,99867.0,99866.5,0.0
99867.0,99868.0,99867.5,0.0
99868.0,99869.0,99868.5,0.0
99869.0,99870.0,99869.5,0.0
99870.0,99871.0,99870.5,0.0
99871.0,99872.0,99871.5,0.0
99872.0,99873.0,99872.5,0.0
99873.0,99874.0,99873.5,0.0
99874.0,99875.0,99874.5,0.0
99875.0,99876.0,99875.5,0.0
99876.0,99877.0,99876.5,0.0
99877.0,99878.0,99877.5,0.0
99878.0,99879.0,99878.5,0.0
99879.0,99880.0,99879.5,9.3
99880.0,99881.0,99880.5,208.3
99881.0,99882.0,99881.5,2.3
99882.0,99883.0,99882.5,0.7
99883.0,99884.0,99883.5,2.5
99884.0,99885.0,99884.5,17.0
99885.0,99886.0,99885.5,9.5
99886.0,99887.0,99886.5,17.2
99887.0,99888.0,99887.5,31.9
99888.0,99889.0,99888.5,19.0
99889.0,99890.0,99889.5,15.1
99890.0,99891.0,99890.5,27.0
99891.0,99892.0,99891.5,21.2
99892.0,99893.0,99892.5,21.5
99893.0,99894.0,99893.5,9.9
99894.0,99895.0,99894.5,10.0
99895.0,99896.0,99895.5,70.8
99896.0,99897.0,99896.5,12.7
99897.0,99898.0,99897.5,5.4
99898.0,99899.0,99898.5,34.7
99899.0,99900.0,99899.5,75.9
99900.0,99901.0,99900.5,2.1
99901.0,99902.0,99901.5,14.7
99902.0,99903.0,99902.5,26.1
99903.0,99904.0,99903.5,40.2
99904.0,99905.0,99904.5,16.4
99905.0,99906.0,99905.5,18.7
99906.0,99907.0,99906.5,4.2
99907.0,99908.0,99907.5,135.8
99908.0,99909.0,99908.5,21.5
99909.0,99910.0,99909.5,7.5
99910.0,99911.0,99910.5,0.0
99911.0,99912.0,99911.5,8.1
99912.0,99913.0,99912.5,39.4
99913.0,99914.0,99913.5,68.0
99914.0,99915.0,99914.5,35.4
99915.0,99916.0,99915.5,53.3
99916.0,99917.0,99916.5,10.1
99917.0,99918.0,99917.5,11.5
99918.0,99919.0,99918.5,17.6
99919.0,99920.0,99919.5,47.3
99920.0,99921.0,99920.5,32.4
99921.0,99922.0,99921.5,40.6
99922.0,99923.0,99922.5,31.9
99923.0,99924.0,99923.5,35.9
99924.0,99925.0,99924.5,36.7
99925.0,99926.0,99925.5,5.2
99926.0,99927.0,99926.5,34.2
99927.0,99928.0,99927.5,22.6
99928.0,99929.0,99928.5,16.3
99929.0,99930.0,99929.5,1.3
99930.0,99931.0,99930.5,5.2
99931.0,99932.0,99931.5,0.9
99932.0,99933.0,99932.5,0.0
99933.0,99934.0,99933.5,30.7
99934.0,99935.0,99934.5,27.0
99935.0,99936.0,99935.5,26.4
99936.0,99937.0,99936.5,10.1
99937.0,99938.0,99937.5,0.0
99938.0,99939.0,99938.5,9.4
99939.0,99940.0,99939.5,9.0
99940.0,99941.0,99940.5,6.8
99941.0,99942.0,99941.5,4.1
99942.0,99943.0,99942.5,26.5
99943.0,99944.0,99943.5,59.3
99944.0,99945.0,99944.5,19.3
99945.0,99946.0,99945.5,12.5
99946.0,99947.0,99946.5,0.0
99947.0,99948.0,99947.5,0.7
99948.0,99949.0,99948.5,0.0
99949.0,99950.0,99949.5,0.0
99950.0,99951.0,99950.5,0.3
99951.0,99952.0,99951.5,0.0
99952.0,99953.0,99952.5,0.0
99953.0,99954.0,99953.5,0.3
99954.0,99955.0,99954.5,14.9
99955.0,99956.0,99955.5,0.0
99956.0,99957.0,99956.5,10.2
99957.0,99958.0,99957.5,22.6
99958.0,99959.0,99958.5,0.7
99959.0,99960.0,99959.5,35.2
99960.0,99961.0,99960.5,0.9
99961.0,99962.0,99961.5,2.9
99962.0,99963.0,99962.5,9.9
99963.0,99964.0,99963.5,5.9
99964.0,99965.0,99964.5,9.2
99965.0,99966.0,99965.5,6.3
99966.0,99967.0,99966.5,15.6
99967.0,99968.0,99967.5,18.9
99968.0,99969.0,99968.5,12.9
99969.0,99970.0,99969.5,29.9
99970.0,99971.0,99970.5,24.2
99971.0,99972.0,99971.5,35.8
99972.0,99973.0,99972.5,46.9
99973.0,99974.0,99973.5,42.9
99974.0,99975.0,99974.5,24.7
99975.0,99976.0,99975.5,9.2
99976.0,99977.0,99976.5,6.9
99977.0,99978.0,99977.5,15.5
99978.0,99979.0,99978.5,3.7
99979.0,99980.0,99979.5,0.6
99980.0,99981.0,99980.5,11.6
99981.0,99982.0,99981.5,16.3
99982.0,99983.0,99982.5,0.9
99983.0,99984.0,99983.5,8.4
99984.0,99985.0,99984.5,15.4
99985.0,99986.0,99985.5,11.8
99986.0,99987.0,99986.5,34.4
99987.0,99988.0,99987.5,7.2
99988.0,99989.0,99988.5,12.6
99989.0,99990.0,99989.5,0.0
99990.0,99991.0,99990.5,0.2
99991.0,99992.0,99991.5,0.1
99992.0,99993.0,99992.5,0.0
99993.0,99994.0,99993.5,0.0
99994.0,99995.0,99994.5,0.0
99995.0,99996.0,99995.5,0.0
99996.0,99997.0,99996.5,0.0
99997.0,99998.0,99997.5,3.7
99998.0,99999.0,99998.5,1.3
99999.0,100000.0,99999.5,8.2
100000.0,100001.0,100000.5,7.4
100001.0,100002.0,100001.5,0.0
100002.0,100003.0,100002.5,0.0
100003.0,100004.0,100003.5,0.0
100004.0,100005.0,100004.5,23.4
100005.0,100006.0,100005.5,25.2
100006.0,100007.0,100006.5,22.1
100007.0,100008.0,100007.5,16.3
100008.0,100009.0,100008.5,44.6
100009.0,100010.0,100009.5,60.4
100010.0,100011.0,100010.5,87.7
100011.0,100012.0,100011.5,52.0
100012.0,100013.0,100012.5,37.4
100013.0,100014.0,100013.5,71.4
100014.0,100015.0,100014.5,75.5
100015.0,100016.0,100015.5,52.6
100016.0,100017.0,100016.5,36.8
100017.0,100018.0,100017.5,70.8
100018.0,100019.0,100018.5,23.1
100019.0,100020.0,100019.5,26.0
100020.0,100021.0,100020.5,12.8
100021.0,100022.0,100021.5,0.0
100022.0,100023.0,100022.5,0.0
100023.0,100024.0,100023.5,0.5
100024.0,100025.0,100024.5,0.0
100025.0,100026.0,100025.5,0.0
100026.0,100027.0,100026.5,0.0
100027.0,100028.0,100027.5,0.0
100028.0,100029.0,100028.5,0.0
100029.0,100030.0,100029.5,0.0
100030.0,100031.0,100030.5,0.0
100031.0,100032.0,100031.5,0.0
100032.0,100033.0,100032.5,10.7
100033.0,100034.0,100033.5,5.5
100034.0,100035.0,100034.5,8.2
100035.0,100036.0,100035.5,24.9
100036.0,100037.0,100036.5,14.2
100037.0,100038.0,100037.5,9.0
100038.0,100039.0,100038.5,53.3
100039.0,100040.0,100039.5,0.4
100040.0,100041.0,100040.5,0.0
100041.0,100042.0,100041.5,0.0
100042.0,100043.0,100042.5,5.6
100043.0,100044.0,100043.5,0.0
100044.0,100045.0,100044.5,11.6
100045.0,100046.0,100045.5,39.1
100046.0,100047.0,100046.5,15.4
100047.0,100048.0,100047.5,13.8
100048.0,100049.0,100048.5,1.8
100049.0,100050.0,100049.5,4.7
100050.0,100051.0,100050.5,3.1
100051.0,100052.0,100051.5,0.0
100052.0,100053.0,100052.5,7.0
100053.0,100054.0,100053.5,3.8
100054.0,100055.0,100054.5,1.7
100055.0,100056.0,100055.5,26.0
100056.0,100057.0,100056.5,4.6
100057.0,100058.0,100057.5,4.8
100058.0,100059.0,100058.5,0.8
100059.0,100060.0,100059.5,5.9
100060.0,100061.0,100060.5,20.4
100061.0,100062.0,100061.5,9.2
100062.0,100063.0,100062.5,21.0
100063.0,100064.0,100063.5,86.1
100064.0,100065.0,100064.5,0.3
100065.0,100066.0,100065.5,36.7
100066.0,100067.0,100066.5,12.3
100067.0,100068.0,100067.5,25.8
100068.0,100069.0,100068.5,11.7
100069.0,100070.0,100069.5,3.2
100070.0,100071.0,100070.5,128.4
100071.0,100072.0,100071.5,0.0
100072.0,100073.0,100072.5,5.8
100073.0,100074.0,100073.5,28.1
100074.0,100075.0,100074.5,51.7
100075.0,100076.0,100075.5,19.5
100076.0,100077.0,100076.5,4.1
100077.0,100078.0,100077.5,30.3
100078.0,100079.0,100078.5,4.8
100079.0,100080.0,100079.5,0.0
100080.0,100081.0,100080.5,0.2
100081.0,100082.0,100081.5,1.1
100082.0,100083.0,100082.5,0.0
100083.0,100084.0,100083.5,15.8
100084.0,100085.0,100084.5,0.7
100085.0,100086.0,100085.5,7.1
100086.0,100087.0,100086.5,5.2
100087.0,100088.0,100087.5,11.9
100088.0,100089.0,100088.5,24.9
100089.0,100090.0,100089.5,16.9
100090.0,100091.0,100090.5,80.1
100091.0,100092.0,100091.5,21.8
100092.0,100093.0,100092.5,19.2
100093.0,100094.0,100093.5,0.0
100094.0,100095.0,100094.5,9.9
100095.0,100096.0,100095.5,0.0
100096.0,100097.0,100096.5,0.0
100097.0,100098.0,100097.5,0.0
100098.0,100099.0,100098.5,19.1
100099.0,100100.0,100099.5,1.4
100100.0,100101.0,100100.5,72.1
100101.0,100102.0,100101.5,1.7
100102.0,100103.0,100102.5,11.5
100103.0,100104.0,100103.5,0.0
100104.0,100105.0,100104.5,4.2
100105.0,100106.0,100105.5,0.0
100106.0,100107.0,100106.5,0.0
100107.0,100108.0,100107.5,0.0
100108.0,100109.0,100108.5,0.0
100109.0,100110.0,100109.5,0.0
100110.0,100111.0,100110.5,0.0
100111.0,100112.0,100111.5,0.0
100112.0,100113.0,100112.5,0.0
100113.0,100114.0,100113.5,0.0
100114.0,100115.0,100114.5,0.0
100115.0,100116.0,100115.5,0.0
100116.0,100117.0,100116.5,0.0
100117.0,100118.0,100117.5,0.0
100118.0,100119.0,100118.5,0.0
100119.0,100120.0,100119.5,0.0
100120.0,100121.0,100120.5,0.0
100121.0,100122.0,100121.5,0.0
100122.0,100123.0,100122.5,0.0
100123.0,100124.0,100123.5,0.0
100124.0,100125.0,100124.5,0.0
100125.0,100126.0,100125.5,4.7
100126.0,100127.0,100126.5,19.8
100127.0,100128.0,100127.5,10.1
100128.0,100129.0,100128.5,2.4
100129.0,100130.0,100129.5,70.7
100130.0,100131.0,100130.5,11.6
100131.0,100132.0,100131.5,6.5
100132.0,100133.0,100132.5,29.5
100133.0,100134.0,100133.5,46.1
100134.0,100135.0,100134.5,10.2
100135.0,100136.0,100135.5,53.4
100136.0,100137.0,100136.5,1.2
100137.0,100138.0,100137.5,33.4
100138.0,100139.0,100138.5,2.3
100139.0,100140.0,100139.5,29.8
100140.0,100141.0,100140.5,28.8
100141.0,100142.0,100141.5,31.7
100142.0,100143.0,100142.5,118.1
100143.0,100144.0,100143.5,87.1
100144.0,100145.0,100144.5,42.4
100145.0,100146.0,100145.5,12.3
100146.0,100147.0,100146.5,9.8
100147.0,100148.0,100147.5,4.7
100148.0,100149.0,100148.5,1.2
100149.0,100150.0,100149.5,31.1
100150.0,100151.0,100150.5,3.3
100151.0,100152.0,100151.5,16.2
100152.0,100153.0,100152.5,18.8
100153.0,100154.0,100153.5,2.8
100154.0,100155.0,100154.5,14.2
100155.0,100156.0,100155.5,17.6
100156.0,100157.0,100156.5,10.8
100157.0,100158.0,100157.5,2.5
100158.0,100159.0,100158.5,42.3
100159.0,100160.0,100159.5,41.3
100160.0,100161.0,100160.5,29.6
100161.0,100162.0,100161.5,20.1
100162.0,100163.0,100162.5,98.9
100163.0,100164.0,100163.5,31.5
100164.0,100165.0,100164.5,23.0
100165.0,100166.0,100165.5,23.0
100166.0,100167.0,100166.5,1.6
100167.0,100168.0,100167.5,13.9
100168.0,100169.0,100168.5,41.1
100169.0,100170.0,100169.5,29.9
100170.0,100171.0,100170.5,11.3
100171.0,100172.0,100171.5,4.0
100172.0,100173.0,100172.5,78.0
100173.0,100174.0,100173.5,2.4
100174.0,100175.0,100174.5,28.0
100175.0,100176.0,100175.5,12.2
100176.0,100177.0,100176.5,21.9
100177.0,100178.0,100177.5,1.4
100178.0,100179.0,100178.5,1.4
100179.0,100180.0,100179.5,26.3
100180.0,100181.0,100180.5,3.4
100181.0,100182.0,100181.5,19.3
100182.0,100183.0,100182.5,1.4
100183.0,100184.0,100183.5,21.7
100184.0,100185.0,100184.5,0.8
100185.0,100186.0,100185.5,1.7
100186.0,100187.0,100186.5,40.6
100187.0,100188.0,100187.5,22.5
100188.0,100189.0,100188.5,6.9
100189.0,100190.0,100189.5,0.5
100190.0,100191.0,100190.5,2.4
100191.0,100192.0,100191.5,34.4
100192.0,100193.0,100192.5,11.3
100193.0,100194.0,100193.5,7.7
100194.0,100195.0,100194.5,3.7
100195.0,100196.0,100195.5,12.4
100196.0,100197.0,100196.5,1.1
100197.0,100198.0,100197.5,1.0
100198.0,100199.0,100198.5,12.8
100199.0,100200.0,100199.5,5.6
100200.0,100201.0,100200.5,0.0
100201.0,100202.0,100201.5,3.3
100202.0,100203.0,100202.5,0.0
100203.0,100204.0,100203.5,11.5
100204.0,100205.0,100204.5,2.1
100205.0,100206.0,100205.5,0.0
100206.0,100207.0,100206.5,19.5
100207.0,100208.0,100207.5,0.0
100208.0,100209.0,100208.5,0.0
100209.0,100210.0,100209.5,0.0
100210.0,100211.0,100210.5,3.3
100211.0,100212.0,100211.5,3.9
100212.0,100213.0,100212.5,0.0
100213.0,100214.0,100213.5,1.8
100214.0,100215.0,100214.5,0.5
100215.0,100216.0,100215.5,0.0
100216.0,100217.0,100216.5,11.9
100217.0,100218.0,100217.5,28.7
100218.0,100219.0,100218.5,1.0
100219.0,100220.0,100219.5,5.0
100220.0,100221.0,100220.5,2.1
100221.0,100222.0,100221.5,18.1
100222.0,100223.0,100222.5,15.8
100223.0,100224.0,100223.5,11.5
100224.0,100225.0,100224.5,10.8
100225.0,100226.0,100225.5,23.0
100226.0,100227.0,100226.5,4.1
100227.0,100228.0,100227.5,0.0
100228.0,100229.0,100228.5,13.7
100229.0,100230.0,100229.5,8.5
100230.0,100231.0,100230.5,20.0
100231.0,100232.0,100231.5,3.5
100232.0,100233.0,100232.5,5.3
100233.0,100234.0,100233.5,14.9
100234.0,100235.0,100234.5,15.1
100235.0,100236.0,100235.5,8.3
100236.0,100237.0,100236.5,12.7
100237.0,100238.0,100237.5,18.1
100238.0,100239.0,100238.5,10.0
100239.0,100240.0,100239.5,2.4
100240.0,100241.0,100240.5,5.2
100241.0,100242.0,100241.5,9.4
100242.0,100243.0,100242.5,7.1
100243.0,100244.0,100243.5,15.6
100244.0,100245.0,100244.5,9.4
100245.0,100246.0,100245.5,5.0
100246.0,100247.0,100246.5,23.2
100247.0,100248.0,100247.5,5.9
100248.0,100249.0,100248.5,20.5
100249.0,100250.0,100249.5,9.7
100250.0,100251.0,100250.5,1.6
100251.0,100252.0,100251.5,18.4
100252.0,100253.0,100252.5,5.1
100253.0,100254.0,100253.5,3.6
100254.0,100255.0,100254.5,5.5
100255.0,100256.0,100255.5,0.0
100256.0,100257.0,100256.5,7.6
100257.0,100258.0,100257.5,0.0
100258.0,100259.0,100258.5,0.2
100259.0,100260.0,100259.5,10.8
100260.0,100261.0,100260.5,12.4
100261.0,100262.0,100261.5,17.3
100262.0,100263.0,100262.5,0.9
100263.0,100264.0,100263.5,1.6
100264.0,100265.0,100264.5,0.0
100265.0,100266.0,100265.5,6.4
100266.0,100267.0,100266.5,6.3
100267.0,100268.0,100267.5,0.4
100268.0,100269.0,100268.5,2.4
100269.0,100270.0,100269.5,7.6
100270.0,100271.0,100270.5,0.4
100271.0,100272.0,100271.5,0.0
100272.0,100273.0,100272.5,0.0
100273.0,100274.0,100273.5,4.3
100274.0,100275.0,100274.5,5.5
100275.0,100276.0,100275.5,0.5
100276.0,100277.0,100276.5,0.0
100277.0,100278.0,100277.5,0.6
100278.0,100279.0,100278.5,31.1
100279.0,100280.0,100279.5,10.6
100280.0,100281.0,100280.5,14.7
100281.0,100282.0,100281.5,0.6
100282.0,100283.0,100282.5,0.7
100283.0,100284.0,100283.5,19.6
100284.0,100285.0,100284.5,0.0
100285.0,100286.0,100285.5,16.4
100286.0,100287.0,100286.5,0.0
100287.0,100288.0,100287.5,9.0
100288.0,100289.0,100288.5,6.2
100289.0,100290.0,100289.5,38.2
100290.0,100291.0,100290.5,4.7
100291.0,100292.0,100291.5,5.5
100292.0,100293.0,100292.5,0.0
100293.0,100294.0,100293.5,0.1
100294.0,100295.0,100294.5,0.8
100295.0,100296.0,100295.5,1.8
100296.0,100297.0,100296.5,2.8
100297.0,100298.0,100297.5,9.0
100298.0,100299.0,100298.5,0.8
100299.0,100300.0,100299.5,0.0
100300.0,100301.0,100300.5,1.0
100301.0,100302.0,100301.5,0.0
100302.0,100303.0,100302.5,0.0
100303.0,100304.0,100303.5,5.1
100304.0,100305.0,100304.5,11.3
100305.0,100306.0,100305.5,0.3
100306.0,100307.0,100306.5,2.2
100307.0,100308.0,100307.5,1.6
100308.0,100309.0,100308.5,3.6
100309.0,100310.0,100309.5,0.0
100310.0,100311.0,100310.5,0.0
100311.0,100312.0,100311.5,0.0
100312.0,100313.0,100312.5,0.0
100313.0,100314.0,100313.5,3.0
100314.0,100315.0,100314.5,2.7
