NASA Data Processing/CAMP2Ex/SP2/CAMP2Ex-LARGE-SP2_P3B_20190929_R1.ict
37, 1001
Luke D. Ziemba
NASA Langley Research Center
Single Particle Soot Photometer (SP2), DMT
CAMP2Ex
1, 1
2019, 09, 29, 2020,05,06
0
Time_Start, seconds_past_midnight, start_seconds_past_midnight
3
1, 1, 1
-9999, -9999, -9999
Time_Stop, seconds_past_midnight, stop_seconds_past_midnight
Time_Mid, seconds_past_midnight, mid_seconds_past_midnight
BlackCarbon_STP, Black_Carbon_nanograms_per_standard_cubic_meter, AerComp_BC_InSitu_LII_Accu_MassSTP
1
N/A
19
PI_CONTACT_INFO: 21 Langley Blvd, Hampton, VA 23681
PLATFORM: NASA WFF P3-B N426NA
LOCATION: Philippines; Latitude, Longitude, and Altitude included in Hskping files (MetNav)
ASSOCIATED_DATA: InletFlag, MetNav, cloud flag
INSTRUMENT_INFO: Single particle refractory BC mass measured by laser-induced incandescence. Calibrated using laboratory-generated monodisperse fullerene soot aerosol and polynomial mass/response fit. 
DATA_INFO: Data corrected to STP (760 torr and 273K). Measurements apply to refractory black carbon particles with diameter between 100 and 700nm
UNCERTAINTY: 10%
ULOD_FLAG: -7777
ULOD_VALUE: N/A
LLOD_FLAG: -8888
LLOD_VALUE: N/A
DM_CONTACT_INFO: Luke D. Ziemba, luke.ziemba@nasa.gov, (757)864-6246
PROJECT_INFO: CAMP2Ex based at Clark International Airport, Philippines
STIPULATIONS_ON_USE: Data users are strongly encouraged to contact the instrument PI for information on instrument caveats and best practices.
OTHER_COMMENTS: Data affected by cloud penetrations have NOT been removed.Switched between forward-facing isokinetic inlet and counterflow virtual impactor; flag is provided (InletFlag).Data are removed for calibrations,insufficient laser power,and pump failure.
REVISION: R1
R0: Final Data.  No further adjustments are planned.
R1: Applied time shift of -2s to DLH.
Time_Start, Time_Stop, Time_Mid, BlackCarbon_STP
[from data line 14914]
23848.0,23849.0,23848.5,2.9
23849.0,23850.0,23849.5,22.5
23850.0,23851.0,23850.5,0.0
23851.0,23852.0,23851.5,0.0
23852.0,23853.0,23852.5,0.3
23853.0,23854.0,23853.5,0.4
23854.0,23855.0,23854.5,8.7
23855.0,23856.0,23855.5,2.3
23856.0,23857.0,23856.5,0.2
23857.0,23858.0,23857.5,3.0
23858.0,23859.0,23858.5,0.0
23859.0,23860.0,23859.5,5.0
23860.0,23861.0,23860.5,0.2
23861.0,23862.0,23861.5,0.0
23862.0,23863.0,23862.5,25.5
23863.0,23864.0,23863.5,15.7
23864.0,23865.0,23864.5,18.1
23865.0,23866.0,23865.5,3.3
23866.0,23867.0,23866.5,0.3
23867.0,23868.0,23867.5,2.2
23868.0,23869.0,23868.5,3.1
23869.0,23870.0,23869.5,18.2
23870.0,23871.0,23870.5,2.5
23871.0,23872.0,23871.5,0.4
23872.0,23873.0,23872.5,0.2
23873.0,23874.0,23873.5,7.2
23874.0,23875.0,23874.5,6.4
23875.0,23876.0,23875.5,12.2
23876.0,23877.0,23876.5,6.3
23877.0,23878.0,23877.5,1.1
23878.0,23879.0,23878.5,0.0
23879.0,23880.0,23879.5,0.3
23880.0,23881.0,23880.5,1.0
23881.0,23882.0,23881.5,16.8
23882.0,23883.0,23882.5,1.0
23883.0,23884.0,23883.5,36.7
23884.0,23885.0,23884.5,0.0
23885.0,23886.0,23885.5,6.6
23886.0,23887.0,23886.5,13.8
23887.0,23888.0,23887.5,16.6
23888.0,23889.0,23888.5,16.9
23889.0,23890.0,23889.5,0.7
23890.0,23891.0,23890.5,0.0
23891.0,23892.0,23891.5,2.6
23892.0,23893.0,23892.5,0.0
23893.0,23894.0,23893.5,9.5
23894.0,23895.0,23894.5,0.0
23895.0,23896.0,23895.5,5.1
23896.0,23897.0,23896.5,2.9
23897.0,23898.0,23897.5,21.5
23898.0,23899.0,23898.5,33.1
23899.0,23900.0,23899.5,4.7
23900.0,23901.0,23900.5,4.0
23901.0,23902.0,23901.5,9.8
23902.0,23903.0,23902.5,2.4
23903.0,23904.0,23903.5,14.5
23904.0,23905.0,23904.5,14.7
23905.0,23906.0,23905.5,0.5
23906.0,23907.0,23906.5,3.8
23907.0,23908.0,23907.5,12.2
23908.0,23909.0,23908.5,50.2
23909.0,23910.0,23909.5,6.8
23910.0,23911.0,23910.5,24.1
23911.0,23912.0,23911.5,0.8
23912.0,23913.0,23912.5,1.8
23913.0,23914.0,23913.5,15.7
23914.0,23915.0,23914.5,25.8
23915.0,23916.0,23915.5,22.2
23916.0,23917.0,23916.5,13.6
23917.0,23918.0,23917.5,1.3
23918.0,23919.0,23918.5,11.8
23919.0,23920.0,23919.5,7.4
23920.0,23921.0,23920.5,2.2
23921.0,23922.0,23921.5,8.3
23922.0,23923.0,23922.5,1.8
23923.0,23924.0,23923.5,37.6
23924.0,23925.0,23924.5,0.8
23925.0,23926.0,23925.5,3.2
23926.0,23927.0,23926.5,7.0
23927.0,23928.0,23927.5,24.6
23928.0,23929.0,23928.5,8.7
23929.0,23930.0,23929.5,17.2
23930.0,23931.0,23930.5,3.0
23931.0,23932.0,23931.5,7.8
23932.0,23933.0,23932.5,0.4
23933.0,23934.0,23933.5,2.8
23934.0,23935.0,23934.5,4.1
23935.0,23936.0,23935.5,0.8
23936.0,23937.0,23936.5,2.8
23937.0,23938.0,23937.5,6.4
23938.0,23939.0,23938.5,78.2
23939.0,23940.0,23939.5,11.5
23940.0,23941.0,23940.5,41.7
23941.0,23942.0,23941.5,14.2
23942.0,23943.0,23942.5,12.4
23943.0,23944.0,23943.5,1.7
23944.0,23945.0,23944.5,9.0
23945.0,23946.0,23945.5,0.0
23946.0,23947.0,23946.5,3.5
23947.0,23948.0,23947.5,10.6
23948.0,23949.0,23948.5,12.3
23949.0,23950.0,23949.5,22.8
23950.0,23951.0,23950.5,88.6
23951.0,23952.0,23951.5,4.9
23952.0,23953.0,23952.5,0.4
23953.0,23954.0,23953.5,46.3
23954.0,23955.0,23954.5,59.2
23955.0,23956.0,23955.5,5.6
23956.0,23957.0,23956.5,18.5
23957.0,23958.0,23957.5,6.6
23958.0,23959.0,23958.5,23.2
23959.0,23960.0,23959.5,24.5
23960.0,23961.0,23960.5,13.7
23961.0,23962.0,23961.5,14.7
23962.0,23963.0,23962.5,13.2
23963.0,23964.0,23963.5,0.7
23964.0,23965.0,23964.5,11.0
23965.0,23966.0,23965.5,5.1
23966.0,23967.0,23966.5,15.8
23967.0,23968.0,23967.5,13.7
23968.0,23969.0,23968.5,125.6
23969.0,23970.0,23969.5,1.6
23970.0,23971.0,23970.5,2.8
23971.0,23972.0,23971.5,14.9
23972.0,23973.0,23972.5,9.6
23973.0,23974.0,23973.5,6.7
23974.0,23975.0,23974.5,9.3
23975.0,23976.0,23975.5,18.3
23976.0,23977.0,23976.5,4.4
23977.0,23978.0,23977.5,1.6
23978.0,23979.0,23978.5,10.1
23979.0,23980.0,23979.5,10.1
23980.0,23981.0,23980.5,3.8
23981.0,23982.0,23981.5,24.3
23982.0,23983.0,23982.5,18.3
23983.0,23984.0,23983.5,22.6
23984.0,23985.0,23984.5,3.3
23985.0,23986.0,23985.5,1.4
23986.0,23987.0,23986.5,1.5
23987.0,23988.0,23987.5,7.9
23988.0,23989.0,23988.5,6.5
23989.0,23990.0,23989.5,2.4
23990.0,23991.0,23990.5,14.8
23991.0,23992.0,23991.5,27.1
23992.0,23993.0,23992.5,15.7
23993.0,23994.0,23993.5,5.0
23994.0,23995.0,23994.5,10.5
23995.0,23996.0,23995.5,20.8
23996.0,23997.0,23996.5,8.8
23997.0,23998.0,23997.5,15.8
23998.0,23999.0,23998.5,2.5
23999.0,24000.0,23999.5,4.4
24000.0,24001.0,24000.5,1.7
24001.0,24002.0,24001.5,11.9
24002.0,24003.0,24002.5,14.0
24003.0,24004.0,24003.5,30.2
24004.0,24005.0,24004.5,7.5
24005.0,24006.0,24005.5,12.3
24006.0,24007.0,24006.5,33.8
24007.0,24008.0,24007.5,5.3
24008.0,24009.0,24008.5,8.5
24009.0,24010.0,24009.5,1.4
24010.0,24011.0,24010.5,4.8
24011.0,24012.0,24011.5,15.9
24012.0,24013.0,24012.5,0.0
24013.0,24014.0,24013.5,6.2
24014.0,24015.0,24014.5,18.3
24015.0,24016.0,24015.5,6.4
24016.0,24017.0,24016.5,6.8
24017.0,24018.0,24017.5,7.5
24018.0,24019.0,24018.5,30.4
24019.0,24020.0,24019.5,16.0
24020.0,24021.0,24020.5,3.3
24021.0,24022.0,24021.5,0.4
24022.0,24023.0,24022.5,3.6
24023.0,24024.0,24023.5,1.6
24024.0,24025.0,24024.5,17.0
24025.0,24026.0,24025.5,0.0
24026.0,24027.0,24026.5,1.1
24027.0,24028.0,24027.5,1.4
24028.0,24029.0,24028.5,16.1
24029.0,24030.0,24029.5,4.3
24030.0,24031.0,24030.5,10.6
24031.0,24032.0,24031.5,1.5
24032.0,24033.0,24032.5,0.5
24033.0,24034.0,24033.5,12.8
24034.0,24035.0,24034.5,8.2
24035.0,24036.0,24035.5,4.4
24036.0,24037.0,24036.5,3.5
24037.0,24038.0,24037.5,6.3
24038.0,24039.0,24038.5,25.5
24039.0,24040.0,24039.5,1.3
24040.0,24041.0,24040.5,18.2
24041.0,24042.0,24041.5,0.7
24042.0,24043.0,24042.5,7.1
24043.0,24044.0,24043.5,14.2
24044.0,24045.0,24044.5,11.2
24045.0,24046.0,24045.5,0.0
24046.0,24047.0,24046.5,31.3
24047.0,24048.0,24047.5,14.4
24048.0,24049.0,24048.5,35.8
24049.0,24050.0,24049.5,5.8
24050.0,24051.0,24050.5,14.2
24051.0,24052.0,24051.5,8.5
24052.0,24053.0,24052.5,5.7
24053.0,24054.0,24053.5,17.7
24054.0,24055.0,24054.5,0.8
24055.0,24056.0,24055.5,13.9
24056.0,24057.0,24056.5,1.6
24057.0,24058.0,24057.5,20.6
24058.0,24059.0,24058.5,21.5
24059.0,24060.0,24059.5,13.9
24060.0,24061.0,24060.5,24.7
24061.0,24062.0,24061.5,4.0
24062.0,24063.0,24062.5,7.2
24063.0,24064.0,24063.5,14.2
24064.0,24065.0,24064.5,3.0
24065.0,24066.0,24065.5,8.5
24066.0,24067.0,24066.5,1.3
24067.0,24068.0,24067.5,10.1
24068.0,24069.0,24068.5,3.1
24069.0,24070.0,24069.5,3.4
24070.0,24071.0,24070.5,4.1
24071.0,24072.0,24071.5,22.4
24072.0,24073.0,24072.5,3.9
24073.0,24074.0,24073.5,5.0
24074.0,24075.0,24074.5,2.9
24075.0,24076.0,24075.5,17.2
24076.0,24077.0,24076.5,3.8
24077.0,24078.0,24077.5,3.8
24078.0,24079.0,24078.5,5.7
24079.0,24080.0,24079.5,23.9
24080.0,24081.0,24080.5,10.3
24081.0,24082.0,24081.5,20.7
24082.0,24083.0,24082.5,12.0
24083.0,24084.0,24083.5,20.8
24084.0,24085.0,24084.5,26.1
24085.0,24086.0,24085.5,12.4
24086.0,24087.0,24086.5,66.8
24087.0,24088.0,24087.5,13.9
24088.0,24089.0,24088.5,38.0
24089.0,24090.0,24089.5,42.4
24090.0,24091.0,24090.5,6.9
24091.0,24092.0,24091.5,118.2
24092.0,24093.0,24092.5,71.3
24093.0,24094.0,24093.5,47.7
24094.0,24095.0,24094.5,0.4
24095.0,24096.0,24095.5,13.7
24096.0,24097.0,24096.5,15.3
24097.0,24098.0,24097.5,3.4
24098.0,24099.0,24098.5,12.7
24099.0,24100.0,24099.5,15.7
24100.0,24101.0,24100.5,15.3
24101.0,24102.0,24101.5,41.8
24102.0,24103.0,24102.5,14.6
24103.0,24104.0,24103.5,36.6
24104.0,24105.0,24104.5,16.1
24105.0,24106.0,24105.5,13.2
24106.0,24107.0,24106.5,8.1
24107.0,24108.0,24107.5,6.9
24108.0,24109.0,24108.5,46.3
24109.0,24110.0,24109.5,7.8
24110.0,24111.0,24110.5,12.6
24111.0,24112.0,24111.5,40.3
24112.0,24113.0,24112.5,6.9
24113.0,24114.0,24113.5,8.6
24114.0,24115.0,24114.5,5.0
24115.0,24116.0,24115.5,54.8
24116.0,24117.0,24116.5,24.9
24117.0,24118.0,24117.5,36.8
24118.0,24119.0,24118.5,11.8
24119.0,24120.0,24119.5,2.0
24120.0,24121.0,24120.5,25.5
24121.0,24122.0,24121.5,11.5
24122.0,24123.0,24122.5,7.4
24123.0,24124.0,24123.5,14.1
24124.0,24125.0,24124.5,4.2
24125.0,24126.0,24125.5,1.4
24126.0,24127.0,24126.5,3.8
24127.0,24128.0,24127.5,2.2
24128.0,24129.0,24128.5,33.8
24129.0,24130.0,24129.5,18.0
24130.0,24131.0,24130.5,8.7
24131.0,24132.0,24131.5,33.1
24132.0,24133.0,24132.5,1.9
24133.0,24134.0,24133.5,0.9
24134.0,24135.0,24134.5,1.1
24135.0,24136.0,24135.5,13.5
24136.0,24137.0,24136.5,0.8
24137.0,24138.0,24137.5,0.2
24138.0,24139.0,24138.5,0.4
24139.0,24140.0,24139.5,6.8
24140.0,24141.0,24140.5,34.5
24141.0,24142.0,24141.5,4.0
24142.0,24143.0,24142.5,0.7
24143.0,24144.0,24143.5,8.0
24144.0,24145.0,24144.5,6.9
24145.0,24146.0,24145.5,5.4
24146.0,24147.0,24146.5,8.6
24147.0,24148.0,24147.5,3.1
24148.0,24149.0,24148.5,3.1
24149.0,24150.0,24149.5,2.0
24150.0,24151.0,24150.5,5.6
24151.0,24152.0,24151.5,0.4
24152.0,24153.0,24152.5,0.0
24153.0,24154.0,24153.5,3.9
24154.0,24155.0,24154.5,4.7
24155.0,24156.0,24155.5,42.5
24156.0,24157.0,24156.5,21.9
24157.0,24158.0,24157.5,1.2
24158.0,24159.0,24158.5,0.0
24159.0,24160.0,24159.5,0.0
24160.0,24161.0,24160.5,0.0
24161.0,24162.0,24161.5,10.5
24162.0,24163.0,24162.5,8.4
24163.0,24164.0,24163.5,0.8
24164.0,24165.0,24164.5,0.0
24165.0,24166.0,24165.5,16.1
24166.0,24167.0,24166.5,0.0
24167.0,24168.0,24167.5,4.3
24168.0,24169.0,24168.5,0.0
24169.0,24170.0,24169.5,0.0
24170.0,24171.0,24170.5,9.9
24171.0,24172.0,24171.5,0.7
24172.0,24173.0,24172.5,0.0
24173.0,24174.0,24173.5,5.5
24174.0,24175.0,24174.5,0.0
24175.0,24176.0,24175.5,0.0
24176.0,24177.0,24176.5,1.9
24177.0,24178.0,24177.5,0.6
24178.0,24179.0,24178.5,0.8
24179.0,24180.0,24179.5,0.0
24180.0,24181.0,24180.5,0.8
24181.0,24182.0,24181.5,0.0
24182.0,24183.0,24182.5,0.0
24183.0,24184.0,24183.5,0.0
24184.0,24185.0,24184.5,12.7
24185.0,24186.0,24185.5,0.0
24186.0,24187.0,24186.5,0.0
24187.0,24188.0,24187.5,1.7
24188.0,24189.0,24188.5,2.1
24189.0,24190.0,24189.5,0.3
24190.0,24191.0,24190.5,0.0
24191.0,24192.0,24191.5,0.7
24192.0,24193.0,24192.5,5.8
24193.0,24194.0,24193.5,2.3
24194.0,24195.0,24194.5,0.3
24195.0,24196.0,24195.5,0.0
24196.0,24197.0,24196.5,0.0
24197.0,24198.0,24197.5,4.2
24198.0,24199.0,24198.5,1.9
24199.0,24200.0,24199.5,0.0
24200.0,24201.0,24200.5,0.0
24201.0,24202.0,24201.5,0.0
24202.0,24203.0,24202.5,0.0
24203.0,24204.0,24203.5,0.0
24204.0,24205.0,24204.5,2.8
24205.0,24206.0,24205.5,0.0
24206.0,24207.0,24206.5,1.3
24207.0,24208.0,24207.5,0.0
24208.0,24209.0,24208.5,0.0
24209.0,24210.0,24209.5,0.0
24210.0,24211.0,24210.5,0.0
24211.0,24212.0,24211.5,0.0
24212.0,24213.0,24212.5,0.0
24213.0,24214.0,24213.5,0.6
24214.0,24215.0,24214.5,0.0
24215.0,24216.0,24215.5,0.0
24216.0,24217.0,24216.5,3.9
24217.0,24218.0,24217.5,0.0
24218.0,24219.0,24218.5,0.0
24219.0,24220.0,24219.5,0.0
24220.0,24221.0,24220.5,0.0
24221.0,24222.0,24221.5,0.0
24222.0,24223.0,24222.5,0.0
24223.0,24224.0,24223.5,0.0
24224.0,24225.0,24224.5,0.0
24225.0,24226.0,24225.5,0.0
24226.0,24227.0,24226.5,0.0
24227.0,24228.0,24227.5,0.0
24228.0,24229.0,24228.5,0.0
24229.0,24230.0,24229.5,0.0
24230.0,24231.0,24230.5,0.0
24231.0,24232.0,24231.5,0.0
24232.0,24233.0,24232.5,0.0
24233.0,24234.0,24233.5,0.0
24234.0,24235.0,24234.5,0.0
24235.0,24236.0,24235.5,3.1
24236.0,24237.0,24236.5,0.0
24237.0,24238.0,24237.5,0.0
24238.0,24239.0,24238.5,0.0
24239.0,24240.0,24239.5,0.0
24240.0,24241.0,24240.5,0.0
24241.0,24242.0,24241.5,0.0
24242.0,24243.0,24242.5,0.0
24243.0,24244.0,24243.5,3.8
24244.0,24245.0,24244.5,0.0
24245.0,24246.0,24245.5,0.0
24246.0,24247.0,24246.5,0.0
24247.0,24248.0,24247.5,0.0
24248.0,24249.0,24248.5,0.0
24249.0,24250.0,24249.5,0.0
24250.0,24251.0,24250.5,0.0
24251.0,24252.0,24251.5,0.0
24252.0,24253.0,24252.5,0.0
24253.0,24254.0,24253.5,0.0
24254.0,24255.0,24254.5,1.9
24255.0,24256.0,24255.5,0.0
24256.0,24257.0,24256.5,0.0
24257.0,24258.0,24257.5,0.0
24258.0,24259.0,24258.5,0.0
24259.0,24260.0,24259.5,0.0
24260.0,24261.0,24260.5,0.0
24261.0,24262.0,24261.5,0.0
24262.0,24263.0,24262.5,0.0
24263.0,24264.0,24263.5,0.0
24264.0,24265.0,24264.5,0.0
24265.0,24266.0,24265.5,0.0
24266.0,24267.0,24266.5,0.0
24267.0,24268.0,24267.5,0.0
24268.0,24269.0,24268.5,0.0
24269.0,24270.0,24269.5,9.8
24270.0,24271.0,24270.5,0.0
24271.0,24272.0,24271.5,0.0
24272.0,24273.0,24272.5,0.5
24273.0,24274.0,24273.5,0.0
24274.0,24275.0,24274.5,0.0
24275.0,24276.0,24275.5,0.0
24276.0,24277.0,24276.5,0.0
24277.0,24278.0,24277.5,0.0
24278.0,24279.0,24278.5,0.0
24279.0,24280.0,24279.5,0.0
24280.0,24281.0,24280.5,0.0
24281.0,24282.0,24281.5,0.0
24282.0,24283.0,24282.5,0.0
24283.0,24284.0,24283.5,0.0
24284.0,24285.0,24284.5,0.5
24285.0,24286.0,24285.5,0.0
24286.0,24287.0,24286.5,0.0
24287.0,24288.0,24287.5,0.0
24288.0,24289.0,24288.5,0.0
24289.0,24290.0,24289.5,0.0
24290.0,24291.0,24290.5,0.4
24291.0,24292.0,24291.5,0.0
24292.0,24293.0,24292.5,0.0
24293.0,24294.0,24293.5,0.0
24294.0,24295.0,24294.5,0.0
24295.0,24296.0,24295.5,0.0
24296.0,24297.0,24296.5,9.3
24297.0,24298.0,24297.5,0.0
24298.0,24299.0,24298.5,0.0
24299.0,24300.0,24299.5,0.0
24300.0,24301.0,24300.5,0.0
24301.0,24302.0,24301.5,0.0
24302.0,24303.0,24302.5,0.0
24303.0,24304.0,24303.5,0.0
24304.0,24305.0,24304.5,0.0
24305.0,24306.0,24305.5,0.0
24306.0,24307.0,24306.5,0.0
24307.0,24308.0,24307.5,0.0
24308.0,24309.0,24308.5,0.0
24309.0,24310.0,24309.5,0.0
24310.0,24311.0,24310.5,0.0
24311.0,24312.0,24311.5,0.0
24312.0,24313.0,24312.5,0.0
24313.0,24314.0,24313.5,0.0
24314.0,24315.0,24314.5,0.0
24315.0,24316.0,24315.5,0.0
24316.0,24317.0,24316.5,0.0
24317.0,24318.0,24317.5,0.0
24318.0,24319.0,24318.5,0.0
24319.0,24320.0,24319.5,0.0
24320.0,24321.0,24320.5,1.3
24321.0,24322.0,24321.5,0.0
24322.0,24323.0,24322.5,0.0
24323.0,24324.0,24323.5,0.0
24324.0,24325.0,24324.5,0.0
24325.0,24326.0,24325.5,0.0
24326.0,24327.0,24326.5,0.0
24327.0,24328.0,24327.5,0.8
24328.0,24329.0,24328.5,0.4
24329.0,24330.0,24329.5,0.0
24330.0,24331.0,24330.5,11.3
24331.0,24332.0,24331.5,0.0
24332.0,24333.0,24332.5,0.8
24333.0,24334.0,24333.5,5.6
24334.0,24335.0,24334.5,0.0
24335.0,24336.0,24335.5,0.0
24336.0,24337.0,24336.5,1.9
24337.0,24338.0,24337.5,0.7
24338.0,24339.0,24338.5,0.0
24339.0,24340.0,24339.5,2.0
24340.0,24341.0,24340.5,40.4
24341.0,24342.0,24341.5,4.1
24342.0,24343.0,24342.5,0.0
24343.0,24344.0,24343.5,2.3
24344.0,24345.0,24344.5,147.3
24345.0,24346.0,24345.5,2.1
24346.0,24347.0,24346.5,0.0
24347.0,24348.0,24347.5,0.0
24348.0,24349.0,24348.5,2.6
24349.0,24350.0,24349.5,0.0
24350.0,24351.0,24350.5,0.7
24351.0,24352.0,24351.5,0.0
24352.0,24353.0,24352.5,2.7
24353.0,24354.0,24353.5,6.5
24354.0,24355.0,24354.5,20.9
24355.0,24356.0,24355.5,0.7
24356.0,24357.0,24356.5,0.2
24357.0,24358.0,24357.5,0.0
24358.0,24359.0,24358.5,1.4
24359.0,24360.0,24359.5,5.8
24360.0,24361.0,24360.5,26.4
24361.0,24362.0,24361.5,0.4
24362.0,24363.0,24362.5,0.0
24363.0,24364.0,24363.5,0.0
24364.0,24365.0,24364.5,12.3
24365.0,24366.0,24365.5,0.0
24366.0,24367.0,24366.5,0.0
24367.0,24368.0,24367.5,0.0
24368.0,24369.0,24368.5,1.5
24369.0,24370.0,24369.5,0.5
24370.0,24371.0,24370.5,0.0
24371.0,24372.0,24371.5,0.0
24372.0,24373.0,24372.5,0.0
24373.0,24374.0,24373.5,0.0
24374.0,24375.0,24374.5,0.5
24375.0,24376.0,24375.5,0.0
24376.0,24377.0,24376.5,0.0
24377.0,24378.0,24377.5,0.0
24378.0,24379.0,24378.5,0.0
24379.0,24380.0,24379.5,0.0
24380.0,24381.0,24380.5,2.0
24381.0,24382.0,24381.5,0.0
24382.0,24383.0,24382.5,0.0
24383.0,24384.0,24383.5,0.0
24384.0,24385.0,24384.5,0.0
24385.0,24386.0,24385.5,0.3
24386.0,24387.0,24386.5,0.0
24387.0,24388.0,24387.5,0.0
24388.0,24389.0,24388.5,0.0
24389.0,24390.0,24389.5,0.0
24390.0,24391.0,24390.5,0.0
24391.0,24392.0,24391.5,0.0
24392.0,24393.0,24392.5,0.0
24393.0,24394.0,24393.5,0.0
24394.0,24395.0,24394.5,0.0
24395.0,24396.0,24395.5,0.0
24396.0,24397.0,24396.5,0.0
24397.0,24398.0,24397.5,0.0
24398.0,24399.0,24398.5,0.0
24399.0,24400.0,24399.5,0.0
24400.0,24401.0,24400.5,0.0
24401.0,24402.0,24401.5,0.0
24402.0,24403.0,24402.5,0.0
24403.0,24404.0,24403.5,4.7
24404.0,24405.0,24404.5,0.0
24405.0,24406.0,24405.5,0.0
24406.0,24407.0,24406.5,0.0
24407.0,24408.0,24407.5,0.0
24408.0,24409.0,24408.5,0.0
24409.0,24410.0,24409.5,0.0
24410.0,24411.0,24410.5,0.0
24411.0,24412.0,24411.5,0.0
24412.0,24413.0,24412.5,2.4
