NASA Data Processing/CAMP2Ex/SP2/CAMP2Ex-LARGE-SP2_P3B_20190830_R1.ict
37, 1001
Luke D. Ziemba
NASA Langley Research Center
Single Particle Soot Photometer (SP2), DMT
CAMP2Ex
1, 1
2019, 08, 30, 2020,05,06
0
Time_Start, seconds_past_midnight, start_seconds_past_midnight
3
1, 1, 1
-9999, -9999, -9999
Time_Stop, seconds_past_midnight, stop_seconds_past_midnight
Time_Mid, seconds_past_midnight, mid_seconds_past_midnight
BlackCarbon_STP, Black_Carbon_nanograms_per_standard_cubic_meter, AerComp_BC_InSitu_LII_Accu_MassSTP
1
N/A
19
PI_CONTACT_INFO: 21 Langley Blvd, Hampton, VA 23681
PLATFORM: NASA WFF P3-B N426NA
LOCATION: Philippines; Latitude, Longitude, and Altitude included in Hskping files (MetNav)
ASSOCIATED_DATA: InletFlag, MetNav, cloud flag
INSTRUMENT_INFO: Single particle refractory BC mass measured by laser-induced incandescence. Calibrated using laboratory-generated monodisperse fullerene soot aerosol and polynomial mass/response fit. 
DATA_INFO: Data corrected to STP (760 torr and 273K). Measurements apply to refractory black carbon particles with diameter between 100 and 700nm
UNCERTAINTY: 10%
ULOD_FLAG: -7777
ULOD_VALUE: N/A
LLOD_FLAG: -8888
LLOD_VALUE: N/A
DM_CONTACT_INFO: Luke D. Ziemba, luke.ziemba@nasa.gov, (757)864-6246
PROJECT_INFO: CAMP2Ex based at Clark International Airport, Philippines
STIPULATIONS_ON_USE: Data users are strongly encouraged to contact the instrument PI for information on instrument caveats and best practices.
OTHER_COMMENTS: Data affected by cloud penetrations have NOT been removed.Switched between forward-facing isokinetic inlet and counterflow virtual impactor; flag is provided (InletFlag).Data are removed for calibrations,insufficient laser power,and pump failure.
REVISION: R1
R0: Final Data.  No further adjustments are planned.
R1: Applied time shift of -2s to DLH.
Time_Start, Time_Stop, Time_Mid, BlackCarbon_STP
[from data line 22604]
104795.0,104796.0,104795.5,0.0
104796.0,104797.0,104796.5,0.0
104797.0,104798.0,104797.5,0.0
104798.0,104799.0,104798.5,0.0
104799.0,104800.0,104799.5,0.0
104800.0,104801.0,104800.5,0.0
104801.0,104802.0,104801.5,0.0
104802.0,104803.0,104802.5,0.0
104803.0,104804.0,104803.5,0.0
104804.0,104805.0,104804.5,0.0
104805.0,104806.0,104805.5,0.0
104806.0,104807.0,104806.5,0.0
104807.0,104808.0,104807.5,0.0
104808.0,104809.0,104808.5,0.0
104809.0,104810.0,104809.5,0.0
104810.0,104811.0,104810.5,0.0
104811.0,104812.0,104811.5,0.0
104812.0,104813.0,104812.5,0.0
104813.0,104814.0,104813.5,0.0
104814.0,104815.0,104814.5,0.0
104815.0,104816.0,104815.5,0.0
104816.0,104817.0,104816.5,0.0
104817.0,104818.0,104817.5,0.0
104818.0,104819.0,104818.5,0.0
104819.0,104820.0,104819.5,0.0
104820.0,104821.0,104820.5,0.0
104821.0,104822.0,104821.5,0.0
104822.0,104823.0,104822.5,0.0
104823.0,104824.0,104823.5,0.0
104824.0,104825.0,104824.5,0.0
104825.0,104826.0,104825.5,0.0
104826.0,104827.0,104826.5,0.0
104827.0,104828.0,104827.5,0.0
104828.0,104829.0,104828.5,0.0
104829.0,104830.0,104829.5,0.0
104830.0,104831.0,104830.5,0.0
104831.0,104832.0,104831.5,0.0
104832.0,104833.0,104832.5,0.0
104833.0,104834.0,104833.5,0.0
104834.0,104835.0,104834.5,0.0
104835.0,104836.0,104835.5,0.0
104836.0,104837.0,104836.5,0.0
104837.0,104838.0,104837.5,0.0
104838.0,104839.0,104838.5,0.0
104839.0,104840.0,104839.5,0.0
104840.0,104841.0,104840.5,0.0
104841.0,104842.0,104841.5,0.0
104842.0,104843.0,104842.5,0.0
104843.0,104844.0,104843.5,0.0
104844.0,104845.0,104844.5,0.0
104845.0,104846.0,104845.5,0.0
104846.0,104847.0,104846.5,0.0
104847.0,104848.0,104847.5,0.0
104848.0,104849.0,104848.5,0.0
104849.0,104850.0,104849.5,0.0
104850.0,104851.0,104850.5,0.0
104851.0,104852.0,104851.5,0.0
104852.0,104853.0,104852.5,0.0
104853.0,104854.0,104853.5,0.0
104854.0,104855.0,104854.5,0.0
104855.0,104856.0,104855.5,0.0
104856.0,104857.0,104856.5,0.0
104857.0,104858.0,104857.5,0.0
104858.0,104859.0,104858.5,0.0
104859.0,104860.0,104859.5,0.0
104860.0,104861.0,104860.5,0.0
104861.0,104862.0,104861.5,0.0
104862.0,104863.0,104862.5,0.0
104863.0,104864.0,104863.5,0.0
104864.0,104865.0,104864.5,0.0
104865.0,104866.0,104865.5,0.0
104866.0,104867.0,104866.5,0.0
104867.0,104868.0,104867.5,0.0
104868.0,104869.0,104868.5,0.0
104869.0,104870.0,104869.5,0.0
104870.0,104871.0,104870.5,0.0
104871.0,104872.0,104871.5,0.0
104872.0,104873.0,104872.5,0.0
104873.0,104874.0,104873.5,0.0
104874.0,104875.0,104874.5,0.0
104875.0,104876.0,104875.5,0.0
104876.0,104877.0,104876.5,0.0
104877.0,104878.0,104877.5,0.0
104878.0,104879.0,104878.5,0.0
104879.0,104880.0,104879.5,0.0
104880.0,104881.0,104880.5,0.0
104881.0,104882.0,104881.5,0.0
104882.0,104883.0,104882.5,0.0
104883.0,104884.0,104883.5,0.0
104884.0,104885.0,104884.5,0.0
104885.0,104886.0,104885.5,0.0
104886.0,104887.0,104886.5,0.0
104887.0,104888.0,104887.5,0.0
104888.0,104889.0,104888.5,0.0
104889.0,104890.0,104889.5,0.0
104890.0,104891.0,104890.5,0.0
104891.0,104892.0,104891.5,0.0
104892.0,104893.0,104892.5,0.0
104893.0,104894.0,104893.5,0.0
104894.0,104895.0,104894.5,0.0
104895.0,104896.0,104895.5,0.0
104896.0,104897.0,104896.5,0.0
104897.0,104898.0,104897.5,0.0
104898.0,104899.0,104898.5,0.0
104899.0,104900.0,104899.5,0.0
104900.0,104901.0,104900.5,0.0
104901.0,104902.0,104901.5,0.0
104902.0,104903.0,104902.5,0.0
104903.0,104904.0,104903.5,0.0
104904.0,104905.0,104904.5,0.0
104905.0,104906.0,104905.5,0.0
104906.0,104907.0,104906.5,0.0
104907.0,104908.0,104907.5,0.0
104908.0,104909.0,104908.5,0.0
104909.0,104910.0,104909.5,0.0
104910.0,104911.0,104910.5,0.0
104911.0,104912.0,104911.5,0.0
104912.0,104913.0,104912.5,0.0
104913.0,104914.0,104913.5,0.0
104914.0,104915.0,104914.5,0.0
104915.0,104916.0,104915.5,0.0
104916.0,104917.0,104916.5,0.0
104917.0,104918.0,104917.5,0.0
104918.0,104919.0,104918.5,0.0
104919.0,104920.0,104919.5,0.0
104920.0,104921.0,104920.5,0.0
104921.0,104922.0,104921.5,0.0
104922.0,104923.0,104922.5,0.0
104923.0,104924.0,104923.5,0.0
104924.0,104925.0,104924.5,0.0
104925.0,104926.0,104925.5,0.0
104926.0,104927.0,104926.5,0.0
104927.0,104928.0,104927.5,0.0
104928.0,104929.0,104928.5,0.0
104929.0,104930.0,104929.5,0.0
104930.0,104931.0,104930.5,0.0
104931.0,104932.0,104931.5,0.0
104932.0,104933.0,104932.5,0.0
104933.0,104934.0,104933.5,0.0
104934.0,104935.0,104934.5,0.0
104935.0,104936.0,104935.5,0.0
104936.0,104937.0,104936.5,0.0
104937.0,104938.0,104937.5,0.0
104938.0,104939.0,104938.5,0.0
104939.0,104940.0,104939.5,0.0
104940.0,104941.0,104940.5,0.0
104941.0,104942.0,104941.5,0.0
104942.0,104943.0,104942.5,0.0
104943.0,104944.0,104943.5,0.0
104944.0,104945.0,104944.5,0.0
104945.0,104946.0,104945.5,0.0
104946.0,104947.0,104946.5,0.0
104947.0,104948.0,104947.5,0.0
104948.0,104949.0,104948.5,0.0
104949.0,104950.0,104949.5,0.0
104950.0,104951.0,104950.5,0.0
104951.0,104952.0,104951.5,0.0
104952.0,104953.0,104952.5,0.0
104953.0,104954.0,104953.5,0.0
104954.0,104955.0,104954.5,0.0
104955.0,104956.0,104955.5,0.0
104956.0,104957.0,104956.5,0.0
104957.0,104958.0,104957.5,0.0
104958.0,104959.0,104958.5,0.0
104959.0,104960.0,104959.5,0.0
104960.0,104961.0,104960.5,0.0
104961.0,104962.0,104961.5,0.0
104962.0,104963.0,104962.5,0.0
104963.0,104964.0,104963.5,0.0
104964.0,104965.0,104964.5,0.0
104965.0,104966.0,104965.5,0.0
104966.0,104967.0,104966.5,0.0
104967.0,104968.0,104967.5,0.0
104968.0,104969.0,104968.5,0.0
104969.0,104970.0,104969.5,0.0
104970.0,104971.0,104970.5,0.0
104971.0,104972.0,104971.5,0.0
104972.0,104973.0,104972.5,0.0
104973.0,104974.0,104973.5,0.0
104974.0,104975.0,104974.5,0.0
104975.0,104976.0,104975.5,0.0
104976.0,104977.0,104976.5,0.0
104977.0,104978.0,104977.5,0.0
104978.0,104979.0,104978.5,0.0
104979.0,104980.0,104979.5,0.0
104980.0,104981.0,104980.5,0.0
104981.0,104982.0,104981.5,0.0
104982.0,104983.0,104982.5,0.0
104983.0,104984.0,104983.5,0.0
104984.0,104985.0,104984.5,0.0
104985.0,104986.0,104985.5,0.0
104986.0,104987.0,104986.5,0.0
104987.0,104988.0,104987.5,0.0
104988.0,104989.0,104988.5,0.0
104989.0,104990.0,104989.5,0.0
104990.0,104991.0,104990.5,0.0
104991.0,104992.0,104991.5,0.0
104992.0,104993.0,104992.5,0.0
104993.0,104994.0,104993.5,0.0
104994.0,104995.0,104994.5,0.0
104995.0,104996.0,104995.5,0.0
104996.0,104997.0,104996.5,0.0
104997.0,104998.0,104997.5,0.0
104998.0,104999.0,104998.5,0.0
104999.0,105000.0,104999.5,0.0
105000.0,105001.0,105000.5,0.0
105001.0,105002.0,105001.5,0.0
105002.0,105003.0,105002.5,0.0
105003.0,105004.0,105003.5,0.0
105004.0,105005.0,105004.5,0.0
105005.0,105006.0,105005.5,0.0
105006.0,105007.0,105006.5,0.0
105007.0,105008.0,105007.5,0.0
105008.0,105009.0,105008.5,0.0
105009.0,105010.0,105009.5,0.0
105010.0,105011.0,105010.5,0.0
105011.0,105012.0,105011.5,0.0
105012.0,105013.0,105012.5,0.0
105013.0,105014.0,105013.5,0.0
105014.0,105015.0,105014.5,0.0
105015.0,105016.0,105015.5,0.0
105016.0,105017.0,105016.5,0.0
105017.0,105018.0,105017.5,0.0
105018.0,105019.0,105018.5,0.0
105019.0,105020.0,105019.5,0.0
105020.0,105021.0,105020.5,0.0
105021.0,105022.0,105021.5,0.0
105022.0,105023.0,105022.5,0.0
105023.0,105024.0,105023.5,0.0
105024.0,105025.0,105024.5,0.0
105025.0,105026.0,105025.5,0.0
105026.0,105027.0,105026.5,0.0
105027.0,105028.0,105027.5,0.0
105028.0,105029.0,105028.5,0.0
105029.0,105030.0,105029.5,0.0
105030.0,105031.0,105030.5,0.0
105031.0,105032.0,105031.5,0.0
105032.0,105033.0,105032.5,0.0
105033.0,105034.0,105033.5,0.0
105034.0,105035.0,105034.5,0.0
105035.0,105036.0,105035.5,0.0
105036.0,105037.0,105036.5,0.0
105037.0,105038.0,105037.5,0.0
105038.0,105039.0,105038.5,0.0
105039.0,105040.0,105039.5,0.0
105040.0,105041.0,105040.5,0.0
105041.0,105042.0,105041.5,0.0
105042.0,105043.0,105042.5,0.0
105043.0,105044.0,105043.5,0.0
105044.0,105045.0,105044.5,0.0
105045.0,105046.0,105045.5,0.0
105046.0,105047.0,105046.5,0.0
105047.0,105048.0,105047.5,0.0
105048.0,105049.0,105048.5,0.0
105049.0,105050.0,105049.5,0.0
105050.0,105051.0,105050.5,0.0
105051.0,105052.0,105051.5,0.0
105052.0,105053.0,105052.5,0.0
105053.0,105054.0,105053.5,0.0
105054.0,105055.0,105054.5,0.0
105055.0,105056.0,105055.5,0.0
105056.0,105057.0,105056.5,0.0
105057.0,105058.0,105057.5,0.0
105058.0,105059.0,105058.5,0.0
105059.0,105060.0,105059.5,0.0
105060.0,105061.0,105060.5,0.0
105061.0,105062.0,105061.5,0.0
105062.0,105063.0,105062.5,0.0
105063.0,105064.0,105063.5,0.0
105064.0,105065.0,105064.5,0.0
105065.0,105066.0,105065.5,0.0
105066.0,105067.0,105066.5,0.0
105067.0,105068.0,105067.5,0.0
105068.0,105069.0,105068.5,0.0
105069.0,105070.0,105069.5,0.0
105070.0,105071.0,105070.5,0.0
105071.0,105072.0,105071.5,0.0
105072.0,105073.0,105072.5,0.0
105073.0,105074.0,105073.5,0.0
105074.0,105075.0,105074.5,0.0
105075.0,105076.0,105075.5,0.0
105076.0,105077.0,105076.5,0.0
105077.0,105078.0,105077.5,0.0
105078.0,105079.0,105078.5,0.0
105079.0,105080.0,105079.5,0.0
105080.0,105081.0,105080.5,0.0
105081.0,105082.0,105081.5,0.0
105082.0,105083.0,105082.5,0.0
105083.0,105084.0,105083.5,0.0
105084.0,105085.0,105084.5,0.0
105085.0,105086.0,105085.5,0.0
105086.0,105087.0,105086.5,0.0
105087.0,105088.0,105087.5,0.0
105088.0,105089.0,105088.5,0.0
105089.0,105090.0,105089.5,0.0
105090.0,105091.0,105090.5,0.0
105091.0,105092.0,105091.5,0.0
105092.0,105093.0,105092.5,0.0
105093.0,105094.0,105093.5,0.0
105094.0,105095.0,105094.5,0.0
105095.0,105096.0,105095.5,0.0
105096.0,105097.0,105096.5,0.0
105097.0,105098.0,105097.5,0.0
105098.0,105099.0,105098.5,0.0
105099.0,105100.0,105099.5,0.0
105100.0,105101.0,105100.5,0.0
105101.0,105102.0,105101.5,0.0
105102.0,105103.0,105102.5,0.0
105103.0,105104.0,105103.5,0.0
105104.0,105105.0,105104.5,0.0
105105.0,105106.0,105105.5,0.0
105106.0,105107.0,105106.5,0.0
105107.0,105108.0,105107.5,0.0
105108.0,105109.0,105108.5,0.0
105109.0,105110.0,105109.5,0.0
105110.0,105111.0,105110.5,0.0
105111.0,105112.0,105111.5,0.0
105112.0,105113.0,105112.5,0.0
105113.0,105114.0,105113.5,0.0
105114.0,105115.0,105114.5,0.0
105115.0,105116.0,105115.5,0.0
105116.0,105117.0,105116.5,0.0
105117.0,105118.0,105117.5,0.0
105118.0,105119.0,105118.5,0.0
105119.0,105120.0,105119.5,0.0
105120.0,105121.0,105120.5,0.0
105121.0,105122.0,105121.5,0.0
105122.0,105123.0,105122.5,0.0
105123.0,105124.0,105123.5,0.0
105124.0,105125.0,105124.5,0.0
105125.0,105126.0,105125.5,0.0
105126.0,105127.0,105126.5,0.0
105127.0,105128.0,105127.5,0.0
105128.0,105129.0,105128.5,0.0
105129.0,105130.0,105129.5,0.0
105130.0,105131.0,105130.5,0.0
105131.0,105132.0,105131.5,0.0
105132.0,105133.0,105132.5,0.0
105133.0,105134.0,105133.5,0.0
105134.0,105135.0,105134.5,0.0
105135.0,105136.0,105135.5,0.0
105136.0,105137.0,105136.5,0.0
105137.0,105138.0,105137.5,0.0
105138.0,105139.0,105138.5,0.0
105139.0,105140.0,105139.5,0.0
105140.0,105141.0,105140.5,0.0
105141.0,105142.0,105141.5,0.0
105142.0,105143.0,105142.5,0.0
105143.0,105144.0,105143.5,0.0
105144.0,105145.0,105144.5,0.0
105145.0,105146.0,105145.5,0.0
105146.0,105147.0,105146.5,0.0
105147.0,105148.0,105147.5,0.0
105148.0,105149.0,105148.5,0.0
105149.0,105150.0,105149.5,0.0
105150.0,105151.0,105150.5,0.0
105151.0,105152.0,105151.5,0.0
105152.0,105153.0,105152.5,0.0
105153.0,105154.0,105153.5,0.0
105154.0,105155.0,105154.5,0.0
105155.0,105156.0,105155.5,0.0
105156.0,105157.0,105156.5,0.0
105157.0,105158.0,105157.5,0.0
105158.0,105159.0,105158.5,0.0
105159.0,105160.0,105159.5,0.0
105160.0,105161.0,105160.5,0.0
105161.0,105162.0,105161.5,0.0
105162.0,105163.0,105162.5,0.0
105163.0,105164.0,105163.5,0.0
105164.0,105165.0,105164.5,0.0
105165.0,105166.0,105165.5,0.0
105166.0,105167.0,105166.5,0.0
105167.0,105168.0,105167.5,0.0
105168.0,105169.0,105168.5,0.0
105169.0,105170.0,105169.5,0.0
105170.0,105171.0,105170.5,0.0
105171.0,105172.0,105171.5,0.0
105172.0,105173.0,105172.5,0.0
105173.0,105174.0,105173.5,0.0
105174.0,105175.0,105174.5,0.0
105175.0,105176.0,105175.5,0.0
105176.0,105177.0,105176.5,0.0
105177.0,105178.0,105177.5,0.0
105178.0,105179.0,105178.5,0.0
105179.0,105180.0,105179.5,0.0
105180.0,105181.0,105180.5,0.0
105181.0,105182.0,105181.5,0.0
105182.0,105183.0,105182.5,0.0
105183.0,105184.0,105183.5,0.0
105184.0,105185.0,105184.5,0.0
105185.0,105186.0,105185.5,0.0
105186.0,105187.0,105186.5,0.0
105187.0,105188.0,105187.5,0.0
105188.0,105189.0,105188.5,0.0
105189.0,105190.0,105189.5,0.0
105190.0,105191.0,105190.5,0.0
105191.0,105192.0,105191.5,0.0
105192.0,105193.0,105192.5,0.0
105193.0,105194.0,105193.5,0.0
105194.0,105195.0,105194.5,0.0
105195.0,105196.0,105195.5,0.0
105196.0,105197.0,105196.5,0.0
105197.0,105198.0,105197.5,0.0
105198.0,105199.0,105198.5,0.0
105199.0,105200.0,105199.5,0.0
105200.0,105201.0,105200.5,0.0
105201.0,105202.0,105201.5,0.0
105202.0,105203.0,105202.5,0.0
105203.0,105204.0,105203.5,0.0
105204.0,105205.0,105204.5,0.0
105205.0,105206.0,105205.5,0.0
105206.0,105207.0,105206.5,0.0
105207.0,105208.0,105207.5,0.0
105208.0,105209.0,105208.5,0.0
105209.0,105210.0,105209.5,0.0
105210.0,105211.0,105210.5,0.0
105211.0,105212.0,105211.5,0.0
105212.0,105213.0,105212.5,0.0
105213.0,105214.0,105213.5,0.0
105214.0,105215.0,105214.5,0.0
105215.0,105216.0,105215.5,0.0
105216.0,105217.0,105216.5,0.0
105217.0,105218.0,105217.5,0.0
105218.0,105219.0,105218.5,0.0
105219.0,105220.0,105219.5,0.0
105220.0,105221.0,105220.5,0.0
105221.0,105222.0,105221.5,0.0
105222.0,105223.0,105222.5,0.0
105223.0,105224.0,105223.5,0.0
105224.0,105225.0,105224.5,0.0
105225.0,105226.0,105225.5,0.0
105226.0,105227.0,105226.5,0.0
105227.0,105228.0,105227.5,0.0
105228.0,105229.0,105228.5,0.0
105229.0,105230.0,105229.5,0.0
105230.0,105231.0,105230.5,0.0
105231.0,105232.0,105231.5,0.0
105232.0,105233.0,105232.5,0.0
105233.0,105234.0,105233.5,0.0
105234.0,105235.0,105234.5,0.0
105235.0,105236.0,105235.5,0.0
105236.0,105237.0,105236.5,0.0
105237.0,105238.0,105237.5,0.0
105238.0,105239.0,105238.5,0.0
105239.0,105240.0,105239.5,0.0
105240.0,105241.0,105240.5,0.0
105241.0,105242.0,105241.5,0.0
105242.0,105243.0,105242.5,0.0
105243.0,105244.0,105243.5,0.0
105244.0,105245.0,105244.5,0.0
105245.0,105246.0,105245.5,0.0
105246.0,105247.0,105246.5,0.0
105247.0,105248.0,105247.5,0.0
105248.0,105249.0,105248.5,0.0
105249.0,105250.0,105249.5,0.0
105250.0,105251.0,105250.5,0.0
105251.0,105252.0,105251.5,0.0
105252.0,105253.0,105252.5,0.0
105253.0,105254.0,105253.5,0.0
105254.0,105255.0,105254.5,0.0
105255.0,105256.0,105255.5,0.0
105256.0,105257.0,105256.5,0.0
105257.0,105258.0,105257.5,0.0
105258.0,105259.0,105258.5,0.0
105259.0,105260.0,105259.5,0.0
105260.0,105261.0,105260.5,0.0
105261.0,105262.0,105261.5,0.0
105262.0,105263.0,105262.5,0.0
105263.0,105264.0,105263.5,0.0
105264.0,105265.0,105264.5,0.0
105265.0,105266.0,105265.5,0.0
105266.0,105267.0,105266.5,0.0
105267.0,105268.0,105267.5,0.0
105268.0,105269.0,105268.5,0.0
105269.0,105270.0,105269.5,0.0
105270.0,105271.0,105270.5,0.0
105271.0,105272.0,105271.5,0.0
105272.0,105273.0,105272.5,0.0
105273.0,105274.0,105273.5,0.0
105274.0,105275.0,105274.5,0.0
105275.0,105276.0,105275.5,0.0
105276.0,105277.0,105276.5,0.0
105277.0,105278.0,105277.5,0.0
105278.0,105279.0,105278.5,0.0
105279.0,105280.0,105279.5,0.0
105280.0,105281.0,105280.5,0.0
105281.0,105282.0,105281.5,0.0
105282.0,105283.0,105282.5,0.0
105283.0,105284.0,105283.5,0.0
105284.0,105285.0,105284.5,0.0
105285.0,105286.0,105285.5,0.0
105286.0,105287.0,105286.5,0.0
105287.0,105288.0,105287.5,0.0
105288.0,105289.0,105288.5,0.0
105289.0,105290.0,105289.5,0.0
105290.0,105291.0,105290.5,0.0
105291.0,105292.0,105291.5,0.0
105292.0,105293.0,105292.5,0.0
105293.0,105294.0,105293.5,0.0
105294.0,105295.0,105294.5,0.0
105295.0,105296.0,105295.5,0.0
105296.0,105297.0,105296.5,0.0
105297.0,105298.0,105297.5,0.0
105298.0,105299.0,105298.5,0.0
105299.0,105300.0,105299.5,0.0
105300.0,105301.0,105300.5,0.0
105301.0,105302.0,105301.5,0.0
105302.0,105303.0,105302.5,0.0
105303.0,105304.0,105303.5,0.0
105304.0,105305.0,105304.5,0.0
105305.0,105306.0,105305.5,0.0
105306.0,105307.0,105306.5,0.0
105307.0,105308.0,105307.5,0.0
105308.0,105309.0,105308.5,0.0
105309.0,105310.0,105309.5,0.0
