NASA Data Processing/CAMP2Ex/SP2/CAMP2Ex-LARGE-SP2_P3B_20191003_R1.ict
37, 1001
Luke D. Ziemba
NASA Langley Research Center
Single Particle Soot Photometer (SP2), DMT
CAMP2Ex
1, 1
2019, 10, 03, 2020,05,06
0
Time_Start, seconds_past_midnight, start_seconds_past_midnight
3
1, 1, 1
-9999, -9999, -9999
Time_Stop, seconds_past_midnight, stop_seconds_past_midnight
Time_Mid, seconds_past_midnight, mid_seconds_past_midnight
BlackCarbon_STP, Black_Carbon_nanograms_per_standard_cubic_meter, AerComp_BC_InSitu_LII_Accu_MassSTP
1
N/A
19
PI_CONTACT_INFO: 21 Langley Blvd, Hampton, VA 23681
PLATFORM: NASA WFF P3-B N426NA
LOCATION: Philippines; Latitude, Longitude, and Altitude included in Hskping files (MetNav)
ASSOCIATED_DATA: InletFlag, MetNav, cloud flag
INSTRUMENT_INFO: Single particle refractory BC mass measured by laser-induced incandescence. Calibrated using laboratory-generated monodisperse fullerene soot aerosol and polynomial mass/response fit. 
DATA_INFO: Data corrected to STP (760 torr and 273K). Measurements apply to refractory black carbon particles with diameter between 100 and 700nm
UNCERTAINTY: 10%
ULOD_FLAG: -7777
ULOD_VALUE: N/A
LLOD_FLAG: -8888
LLOD_VALUE: N/A
DM_CONTACT_INFO: Luke D. Ziemba, luke.ziemba@nasa.gov, (757)864-6246
PROJECT_INFO: CAMP2Ex based at Clark International Airport, Philippines
STIPULATIONS_ON_USE: Data users are strongly encouraged to contact the instrument PI for information on instrument caveats and best practices.
OTHER_COMMENTS: Data affected by cloud penetrations have NOT been removed.Switched between forward-facing isokinetic inlet and counterflow virtual impactor; flag is provided (InletFlag).Data are removed for calibrations,insufficient laser power,and pump failure.
REVISION: R1
R0: Final Data.  No further adjustments are planned.
R1: Applied time shift of -2s to DLH.
Time_Start, Time_Stop, Time_Mid, BlackCarbon_STP
[from data line 11173]
93715.0,93716.0,93715.5,121.1
93716.0,93717.0,93716.5,89.6
93717.0,93718.0,93717.5,129.1
93718.0,93719.0,93718.5,104.0
93719.0,93720.0,93719.5,79.6
93720.0,93721.0,93720.5,101.7
93721.0,93722.0,93721.5,59.8
93722.0,93723.0,93722.5,130.9
93723.0,93724.0,93723.5,56.6
93724.0,93725.0,93724.5,86.9
93725.0,93726.0,93725.5,61.5
93726.0,93727.0,93726.5,115.5
93727.0,93728.0,93727.5,153.3
93728.0,93729.0,93728.5,61.0
93729.0,93730.0,93729.5,73.9
93730.0,93731.0,93730.5,111.9
93731.0,93732.0,93731.5,126.8
93732.0,93733.0,93732.5,92.7
93733.0,93734.0,93733.5,224.8
93734.0,93735.0,93734.5,62.0
93735.0,93736.0,93735.5,150.5
93736.0,93737.0,93736.5,164.9
93737.0,93738.0,93737.5,109.4
93738.0,93739.0,93738.5,69.3
93739.0,93740.0,93739.5,49.9
93740.0,93741.0,93740.5,67.6
93741.0,93742.0,93741.5,117.5
93742.0,93743.0,93742.5,120.9
93743.0,93744.0,93743.5,39.8
93744.0,93745.0,93744.5,48.4
93745.0,93746.0,93745.5,95.2
93746.0,93747.0,93746.5,48.4
93747.0,93748.0,93747.5,40.6
93748.0,93749.0,93748.5,99.4
93749.0,93750.0,93749.5,60.5
93750.0,93751.0,93750.5,81.7
93751.0,93752.0,93751.5,64.3
93752.0,93753.0,93752.5,58.8
93753.0,93754.0,93753.5,132.1
93754.0,93755.0,93754.5,16.0
93755.0,93756.0,93755.5,78.5
93756.0,93757.0,93756.5,33.1
93757.0,93758.0,93757.5,67.6
93758.0,93759.0,93758.5,70.8
93759.0,93760.0,93759.5,74.6
93760.0,93761.0,93760.5,109.3
93761.0,93762.0,93761.5,60.2
93762.0,93763.0,93762.5,62.5
93763.0,93764.0,93763.5,64.5
93764.0,93765.0,93764.5,97.9
93765.0,93766.0,93765.5,107.5
93766.0,93767.0,93766.5,66.0
93767.0,93768.0,93767.5,73.3
93768.0,93769.0,93768.5,77.3
93769.0,93770.0,93769.5,44.2
93770.0,93771.0,93770.5,167.2
93771.0,93772.0,93771.5,178.6
93772.0,93773.0,93772.5,95.4
93773.0,93774.0,93773.5,72.1
93774.0,93775.0,93774.5,74.0
93775.0,93776.0,93775.5,62.6
93776.0,93777.0,93776.5,213.3
93777.0,93778.0,93777.5,106.1
93778.0,93779.0,93778.5,86.3
93779.0,93780.0,93779.5,38.4
93780.0,93781.0,93780.5,133.8
93781.0,93782.0,93781.5,115.7
93782.0,93783.0,93782.5,112.3
93783.0,93784.0,93783.5,68.4
93784.0,93785.0,93784.5,150.2
93785.0,93786.0,93785.5,163.4
93786.0,93787.0,93786.5,26.0
93787.0,93788.0,93787.5,85.9
93788.0,93789.0,93788.5,106.4
93789.0,93790.0,93789.5,47.8
93790.0,93791.0,93790.5,88.8
93791.0,93792.0,93791.5,25.2
93792.0,93793.0,93792.5,86.4
93793.0,93794.0,93793.5,120.6
93794.0,93795.0,93794.5,97.8
93795.0,93796.0,93795.5,191.2
93796.0,93797.0,93796.5,218.5
93797.0,93798.0,93797.5,197.6
93798.0,93799.0,93798.5,163.0
93799.0,93800.0,93799.5,234.9
93800.0,93801.0,93800.5,95.7
93801.0,93802.0,93801.5,118.4
93802.0,93803.0,93802.5,142.1
93803.0,93804.0,93803.5,220.7
93804.0,93805.0,93804.5,148.6
93805.0,93806.0,93805.5,161.4
93806.0,93807.0,93806.5,234.8
93807.0,93808.0,93807.5,359.2
93808.0,93809.0,93808.5,220.0
93809.0,93810.0,93809.5,141.7
93810.0,93811.0,93810.5,225.9
93811.0,93812.0,93811.5,90.1
93812.0,93813.0,93812.5,149.2
93813.0,93814.0,93813.5,171.4
93814.0,93815.0,93814.5,270.3
93815.0,93816.0,93815.5,180.7
93816.0,93817.0,93816.5,168.8
93817.0,93818.0,93817.5,121.3
93818.0,93819.0,93818.5,217.9
93819.0,93820.0,93819.5,231.3
93820.0,93821.0,93820.5,106.3
93821.0,93822.0,93821.5,154.6
93822.0,93823.0,93822.5,134.4
93823.0,93824.0,93823.5,346.1
93824.0,93825.0,93824.5,244.9
93825.0,93826.0,93825.5,288.7
93826.0,93827.0,93826.5,148.3
93827.0,93828.0,93827.5,272.7
93828.0,93829.0,93828.5,136.1
93829.0,93830.0,93829.5,257.7
93830.0,93831.0,93830.5,368.4
93831.0,93832.0,93831.5,175.1
93832.0,93833.0,93832.5,93.9
93833.0,93834.0,93833.5,215.5
93834.0,93835.0,93834.5,180.7
93835.0,93836.0,93835.5,120.4
93836.0,93837.0,93836.5,158.8
93837.0,93838.0,93837.5,272.5
93838.0,93839.0,93838.5,183.3
93839.0,93840.0,93839.5,326.5
93840.0,93841.0,93840.5,111.4
93841.0,93842.0,93841.5,145.9
93842.0,93843.0,93842.5,265.9
93843.0,93844.0,93843.5,237.8
93844.0,93845.0,93844.5,177.3
93845.0,93846.0,93845.5,230.1
93846.0,93847.0,93846.5,138.6
93847.0,93848.0,93847.5,216.2
93848.0,93849.0,93848.5,229.0
93849.0,93850.0,93849.5,100.9
93850.0,93851.0,93850.5,251.5
93851.0,93852.0,93851.5,224.0
93852.0,93853.0,93852.5,165.3
93853.0,93854.0,93853.5,133.9
93854.0,93855.0,93854.5,301.3
93855.0,93856.0,93855.5,208.0
93856.0,93857.0,93856.5,133.4
93857.0,93858.0,93857.5,326.0
93858.0,93859.0,93858.5,247.8
93859.0,93860.0,93859.5,127.1
93860.0,93861.0,93860.5,288.7
93861.0,93862.0,93861.5,161.0
93862.0,93863.0,93862.5,325.5
93863.0,93864.0,93863.5,183.1
93864.0,93865.0,93864.5,243.6
93865.0,93866.0,93865.5,115.3
93866.0,93867.0,93866.5,145.2
93867.0,93868.0,93867.5,188.7
93868.0,93869.0,93868.5,449.2
93869.0,93870.0,93869.5,185.5
93870.0,93871.0,93870.5,245.5
93871.0,93872.0,93871.5,388.2
93872.0,93873.0,93872.5,313.3
93873.0,93874.0,93873.5,200.0
93874.0,93875.0,93874.5,233.2
93875.0,93876.0,93875.5,384.7
93876.0,93877.0,93876.5,197.6
93877.0,93878.0,93877.5,282.4
93878.0,93879.0,93878.5,111.3
93879.0,93880.0,93879.5,199.4
93880.0,93881.0,93880.5,94.2
93881.0,93882.0,93881.5,271.6
93882.0,93883.0,93882.5,184.6
93883.0,93884.0,93883.5,148.9
93884.0,93885.0,93884.5,229.6
93885.0,93886.0,93885.5,225.3
93886.0,93887.0,93886.5,106.4
93887.0,93888.0,93887.5,104.8
93888.0,93889.0,93888.5,257.9
93889.0,93890.0,93889.5,292.3
93890.0,93891.0,93890.5,226.9
93891.0,93892.0,93891.5,168.4
93892.0,93893.0,93892.5,213.6
93893.0,93894.0,93893.5,89.7
93894.0,93895.0,93894.5,179.1
93895.0,93896.0,93895.5,198.8
93896.0,93897.0,93896.5,334.2
93897.0,93898.0,93897.5,258.7
93898.0,93899.0,93898.5,164.0
93899.0,93900.0,93899.5,172.2
93900.0,93901.0,93900.5,409.4
93901.0,93902.0,93901.5,206.9
93902.0,93903.0,93902.5,226.5
93903.0,93904.0,93903.5,144.1
93904.0,93905.0,93904.5,143.7
93905.0,93906.0,93905.5,192.7
93906.0,93907.0,93906.5,157.2
93907.0,93908.0,93907.5,197.2
93908.0,93909.0,93908.5,230.4
93909.0,93910.0,93909.5,210.9
93910.0,93911.0,93910.5,295.7
93911.0,93912.0,93911.5,214.3
93912.0,93913.0,93912.5,399.8
93913.0,93914.0,93913.5,190.6
93914.0,93915.0,93914.5,171.7
93915.0,93916.0,93915.5,356.9
93916.0,93917.0,93916.5,159.5
93917.0,93918.0,93917.5,223.6
93918.0,93919.0,93918.5,201.1
93919.0,93920.0,93919.5,250.8
93920.0,93921.0,93920.5,210.2
93921.0,93922.0,93921.5,455.0
93922.0,93923.0,93922.5,195.8
93923.0,93924.0,93923.5,321.2
93924.0,93925.0,93924.5,232.8
93925.0,93926.0,93925.5,233.9
93926.0,93927.0,93926.5,250.4
93927.0,93928.0,93927.5,180.4
93928.0,93929.0,93928.5,79.8
93929.0,93930.0,93929.5,465.6
93930.0,93931.0,93930.5,236.3
93931.0,93932.0,93931.5,381.4
93932.0,93933.0,93932.5,274.1
93933.0,93934.0,93933.5,301.8
93934.0,93935.0,93934.5,197.2
93935.0,93936.0,93935.5,215.2
93936.0,93937.0,93936.5,338.8
93937.0,93938.0,93937.5,362.4
93938.0,93939.0,93938.5,308.5
93939.0,93940.0,93939.5,233.6
93940.0,93941.0,93940.5,313.1
93941.0,93942.0,93941.5,213.3
93942.0,93943.0,93942.5,245.0
93943.0,93944.0,93943.5,178.2
93944.0,93945.0,93944.5,230.1
93945.0,93946.0,93945.5,193.9
93946.0,93947.0,93946.5,283.5
93947.0,93948.0,93947.5,323.8
93948.0,93949.0,93948.5,199.6
93949.0,93950.0,93949.5,141.8
93950.0,93951.0,93950.5,192.9
93951.0,93952.0,93951.5,238.4
93952.0,93953.0,93952.5,266.9
93953.0,93954.0,93953.5,241.8
93954.0,93955.0,93954.5,227.7
93955.0,93956.0,93955.5,191.6
93956.0,93957.0,93956.5,422.2
93957.0,93958.0,93957.5,227.8
93958.0,93959.0,93958.5,194.9
93959.0,93960.0,93959.5,206.9
93960.0,93961.0,93960.5,200.7
93961.0,93962.0,93961.5,274.1
93962.0,93963.0,93962.5,217.8
93963.0,93964.0,93963.5,229.8
93964.0,93965.0,93964.5,255.0
93965.0,93966.0,93965.5,187.6
93966.0,93967.0,93966.5,286.3
93967.0,93968.0,93967.5,275.7
93968.0,93969.0,93968.5,134.7
93969.0,93970.0,93969.5,470.7
93970.0,93971.0,93970.5,118.7
93971.0,93972.0,93971.5,154.6
93972.0,93973.0,93972.5,269.2
93973.0,93974.0,93973.5,312.7
93974.0,93975.0,93974.5,289.0
93975.0,93976.0,93975.5,260.4
93976.0,93977.0,93976.5,230.8
93977.0,93978.0,93977.5,476.4
93978.0,93979.0,93978.5,267.1
93979.0,93980.0,93979.5,175.3
93980.0,93981.0,93980.5,334.9
93981.0,93982.0,93981.5,138.0
93982.0,93983.0,93982.5,276.4
93983.0,93984.0,93983.5,294.7
93984.0,93985.0,93984.5,284.6
93985.0,93986.0,93985.5,187.1
93986.0,93987.0,93986.5,237.0
93987.0,93988.0,93987.5,233.5
93988.0,93989.0,93988.5,169.4
93989.0,93990.0,93989.5,194.9
93990.0,93991.0,93990.5,234.7
93991.0,93992.0,93991.5,393.1
93992.0,93993.0,93992.5,154.7
93993.0,93994.0,93993.5,265.4
93994.0,93995.0,93994.5,388.4
93995.0,93996.0,93995.5,249.1
93996.0,93997.0,93996.5,343.7
93997.0,93998.0,93997.5,166.1
93998.0,93999.0,93998.5,162.6
93999.0,94000.0,93999.5,177.8
94000.0,94001.0,94000.5,181.7
94001.0,94002.0,94001.5,142.7
94002.0,94003.0,94002.5,301.9
94003.0,94004.0,94003.5,207.4
94004.0,94005.0,94004.5,184.2
94005.0,94006.0,94005.5,181.2
94006.0,94007.0,94006.5,93.6
94007.0,94008.0,94007.5,150.8
94008.0,94009.0,94008.5,199.5
94009.0,94010.0,94009.5,169.6
94010.0,94011.0,94010.5,222.5
94011.0,94012.0,94011.5,132.0
94012.0,94013.0,94012.5,150.3
94013.0,94014.0,94013.5,199.5
94014.0,94015.0,94014.5,332.7
94015.0,94016.0,94015.5,162.4
94016.0,94017.0,94016.5,345.5
94017.0,94018.0,94017.5,180.0
94018.0,94019.0,94018.5,207.7
94019.0,94020.0,94019.5,230.5
94020.0,94021.0,94020.5,363.1
94021.0,94022.0,94021.5,240.2
94022.0,94023.0,94022.5,255.0
94023.0,94024.0,94023.5,183.5
94024.0,94025.0,94024.5,228.0
94025.0,94026.0,94025.5,191.4
94026.0,94027.0,94026.5,325.9
94027.0,94028.0,94027.5,209.1
94028.0,94029.0,94028.5,135.6
94029.0,94030.0,94029.5,177.6
94030.0,94031.0,94030.5,156.7
94031.0,94032.0,94031.5,317.3
94032.0,94033.0,94032.5,207.9
94033.0,94034.0,94033.5,286.2
94034.0,94035.0,94034.5,171.3
94035.0,94036.0,94035.5,225.1
94036.0,94037.0,94036.5,189.5
94037.0,94038.0,94037.5,237.0
94038.0,94039.0,94038.5,144.9
94039.0,94040.0,94039.5,247.3
94040.0,94041.0,94040.5,250.0
94041.0,94042.0,94041.5,135.7
94042.0,94043.0,94042.5,172.6
94043.0,94044.0,94043.5,212.4
94044.0,94045.0,94044.5,230.9
94045.0,94046.0,94045.5,235.7
94046.0,94047.0,94046.5,254.6
94047.0,94048.0,94047.5,104.6
94048.0,94049.0,94048.5,178.7
94049.0,94050.0,94049.5,369.0
94050.0,94051.0,94050.5,179.2
94051.0,94052.0,94051.5,115.6
94052.0,94053.0,94052.5,288.5
94053.0,94054.0,94053.5,98.5
94054.0,94055.0,94054.5,197.3
94055.0,94056.0,94055.5,220.2
94056.0,94057.0,94056.5,176.9
94057.0,94058.0,94057.5,160.7
94058.0,94059.0,94058.5,128.8
94059.0,94060.0,94059.5,248.9
94060.0,94061.0,94060.5,85.6
94061.0,94062.0,94061.5,165.4
94062.0,94063.0,94062.5,157.9
94063.0,94064.0,94063.5,80.5
94064.0,94065.0,94064.5,182.3
94065.0,94066.0,94065.5,186.8
94066.0,94067.0,94066.5,56.9
94067.0,94068.0,94067.5,121.4
94068.0,94069.0,94068.5,84.4
94069.0,94070.0,94069.5,82.3
94070.0,94071.0,94070.5,196.1
94071.0,94072.0,94071.5,146.1
94072.0,94073.0,94072.5,223.3
94073.0,94074.0,94073.5,109.2
94074.0,94075.0,94074.5,127.3
94075.0,94076.0,94075.5,156.9
94076.0,94077.0,94076.5,209.5
94077.0,94078.0,94077.5,92.0
94078.0,94079.0,94078.5,161.6
94079.0,94080.0,94079.5,194.9
94080.0,94081.0,94080.5,134.2
94081.0,94082.0,94081.5,139.5
94082.0,94083.0,94082.5,116.0
94083.0,94084.0,94083.5,142.4
94084.0,94085.0,94084.5,126.1
94085.0,94086.0,94085.5,207.4
94086.0,94087.0,94086.5,145.0
94087.0,94088.0,94087.5,65.9
94088.0,94089.0,94088.5,222.6
94089.0,94090.0,94089.5,95.8
94090.0,94091.0,94090.5,313.5
94091.0,94092.0,94091.5,169.1
94092.0,94093.0,94092.5,109.1
94093.0,94094.0,94093.5,136.6
94094.0,94095.0,94094.5,183.5
94095.0,94096.0,94095.5,143.6
94096.0,94097.0,94096.5,265.1
94097.0,94098.0,94097.5,128.5
94098.0,94099.0,94098.5,135.2
94099.0,94100.0,94099.5,151.1
94100.0,94101.0,94100.5,84.0
94101.0,94102.0,94101.5,76.4
94102.0,94103.0,94102.5,193.0
94103.0,94104.0,94103.5,68.2
94104.0,94105.0,94104.5,114.5
94105.0,94106.0,94105.5,258.4
94106.0,94107.0,94106.5,194.8
94107.0,94108.0,94107.5,161.0
94108.0,94109.0,94108.5,173.6
94109.0,94110.0,94109.5,193.9
94110.0,94111.0,94110.5,163.8
94111.0,94112.0,94111.5,141.3
94112.0,94113.0,94112.5,253.1
94113.0,94114.0,94113.5,175.2
94114.0,94115.0,94114.5,291.2
94115.0,94116.0,94115.5,151.1
94116.0,94117.0,94116.5,123.7
94117.0,94118.0,94117.5,149.2
94118.0,94119.0,94118.5,209.3
94119.0,94120.0,94119.5,156.7
94120.0,94121.0,94120.5,155.4
94121.0,94122.0,94121.5,140.5
94122.0,94123.0,94122.5,147.3
94123.0,94124.0,94123.5,227.7
94124.0,94125.0,94124.5,424.3
94125.0,94126.0,94125.5,122.0
94126.0,94127.0,94126.5,95.4
94127.0,94128.0,94127.5,198.3
94128.0,94129.0,94128.5,138.0
94129.0,94130.0,94129.5,148.2
94130.0,94131.0,94130.5,43.1
94131.0,94132.0,94131.5,219.0
94132.0,94133.0,94132.5,137.0
94133.0,94134.0,94133.5,68.0
94134.0,94135.0,94134.5,149.0
94135.0,94136.0,94135.5,182.4
94136.0,94137.0,94136.5,147.0
94137.0,94138.0,94137.5,222.3
94138.0,94139.0,94138.5,99.1
94139.0,94140.0,94139.5,87.9
94140.0,94141.0,94140.5,179.2
94141.0,94142.0,94141.5,135.5
94142.0,94143.0,94142.5,91.2
94143.0,94144.0,94143.5,213.2
94144.0,94145.0,94144.5,156.9
94145.0,94146.0,94145.5,133.4
94146.0,94147.0,94146.5,109.0
94147.0,94148.0,94147.5,106.4
94148.0,94149.0,94148.5,218.7
94149.0,94150.0,94149.5,153.9
94150.0,94151.0,94150.5,74.4
94151.0,94152.0,94151.5,104.2
94152.0,94153.0,94152.5,135.2
94153.0,94154.0,94153.5,198.1
94154.0,94155.0,94154.5,211.7
94155.0,94156.0,94155.5,268.5
94156.0,94157.0,94156.5,203.4
94157.0,94158.0,94157.5,268.6
94158.0,94159.0,94158.5,87.5
94159.0,94160.0,94159.5,262.3
94160.0,94161.0,94160.5,196.6
94161.0,94162.0,94161.5,157.4
94162.0,94163.0,94162.5,157.9
94163.0,94164.0,94163.5,199.9
94164.0,94165.0,94164.5,143.0
94165.0,94166.0,94165.5,565.2
94166.0,94167.0,94166.5,189.1
94167.0,94168.0,94167.5,187.4
94168.0,94169.0,94168.5,126.8
94169.0,94170.0,94169.5,253.1
94170.0,94171.0,94170.5,186.9
94171.0,94172.0,94171.5,206.3
94172.0,94173.0,94172.5,357.9
94173.0,94174.0,94173.5,271.5
94174.0,94175.0,94174.5,326.0
94175.0,94176.0,94175.5,173.3
94176.0,94177.0,94176.5,302.4
94177.0,94178.0,94177.5,229.6
94178.0,94179.0,94178.5,299.9
94179.0,94180.0,94179.5,431.7
94180.0,94181.0,94180.5,337.4
94181.0,94182.0,94181.5,532.7
94182.0,94183.0,94182.5,593.8
94183.0,94184.0,94183.5,466.5
94184.0,94185.0,94184.5,396.1
94185.0,94186.0,94185.5,525.9
94186.0,94187.0,94186.5,488.4
94187.0,94188.0,94187.5,369.0
94188.0,94189.0,94188.5,734.6
94189.0,94190.0,94189.5,458.5
94190.0,94191.0,94190.5,252.1
94191.0,94192.0,94191.5,504.8
94192.0,94193.0,94192.5,485.3
94193.0,94194.0,94193.5,507.4
94194.0,94195.0,94194.5,694.9
94195.0,94196.0,94195.5,502.8
94196.0,94197.0,94196.5,455.9
94197.0,94198.0,94197.5,418.6
94198.0,94199.0,94198.5,361.8
94199.0,94200.0,94199.5,474.5
94200.0,94201.0,94200.5,254.6
94201.0,94202.0,94201.5,232.8
94202.0,94203.0,94202.5,314.8
94203.0,94204.0,94203.5,410.7
94204.0,94205.0,94204.5,477.7
94205.0,94206.0,94205.5,696.2
94206.0,94207.0,94206.5,423.3
94207.0,94208.0,94207.5,360.7
94208.0,94209.0,94208.5,590.0
94209.0,94210.0,94209.5,544.5
94210.0,94211.0,94210.5,430.1
94211.0,94212.0,94211.5,452.3
94212.0,94213.0,94212.5,388.1
94213.0,94214.0,94213.5,627.3
94214.0,94215.0,94214.5,410.9
94215.0,94216.0,94215.5,371.7
94216.0,94217.0,94216.5,625.4
94217.0,94218.0,94217.5,526.4
94218.0,94219.0,94218.5,333.7
94219.0,94220.0,94219.5,537.7
94220.0,94221.0,94220.5,472.7
94221.0,94222.0,94221.5,458.0
94222.0,94223.0,94222.5,382.5
94223.0,94224.0,94223.5,327.1
94224.0,94225.0,94224.5,320.9
94225.0,94226.0,94225.5,385.3
94226.0,94227.0,94226.5,522.0
94227.0,94228.0,94227.5,469.8
94228.0,94229.0,94228.5,539.4
94229.0,94230.0,94229.5,309.4
94230.0,94231.0,94230.5,515.8
94231.0,94232.0,94231.5,202.8
94232.0,94233.0,94232.5,83.8
94233.0,94234.0,94233.5,134.2
94234.0,94235.0,94234.5,197.9
94235.0,94236.0,94235.5,229.4
94236.0,94237.0,94236.5,190.9
94237.0,94238.0,94237.5,271.5
94238.0,94239.0,94238.5,369.5
94239.0,94240.0,94239.5,310.7
94240.0,94241.0,94240.5,180.1
94241.0,94242.0,94241.5,125.8
94242.0,94243.0,94242.5,178.8
94243.0,94244.0,94243.5,270.8
94244.0,94245.0,94244.5,262.1
94245.0,94246.0,94245.5,542.2
94246.0,94247.0,94246.5,690.6
94247.0,94248.0,94247.5,571.0
94248.0,94249.0,94248.5,432.1
94249.0,94250.0,94249.5,248.6
