NASA Data Processing/CAMP2Ex/SP2/CAMP2Ex-LARGE-SP2_P3B_20190829_R1.ict
37, 1001
Luke D. Ziemba
NASA Langley Research Center
Single Particle Soot Photometer (SP2), DMT
CAMP2Ex
1, 1
2019, 08, 29, 2020,05,06
0
Time_Start, seconds_past_midnight, start_seconds_past_midnight
3
1, 1, 1
-9999, -9999, -9999
Time_Stop, seconds_past_midnight, stop_seconds_past_midnight
Time_Mid, seconds_past_midnight, mid_seconds_past_midnight
BlackCarbon_STP, Black_Carbon_nanograms_per_standard_cubic_meter, AerComp_BC_InSitu_LII_Accu_MassSTP
1
N/A
19
PI_CONTACT_INFO: 21 Langley Blvd, Hampton, VA 23681
PLATFORM: NASA WFF P3-B N426NA
LOCATION: Philippines; Latitude, Longitude, and Altitude included in Hskping files (MetNav)
ASSOCIATED_DATA: InletFlag, MetNav, cloud flag
INSTRUMENT_INFO: Single particle refractory BC mass measured by laser-induced incandescence. Calibrated using laboratory-generated monodisperse fullerene soot aerosol and polynomial mass/response fit. 
DATA_INFO: Data corrected to STP (760 torr and 273K). Measurements apply to refractory black carbon particles with diameter between 100 and 700nm
UNCERTAINTY: 10%
ULOD_FLAG: -7777
ULOD_VALUE: N/A
LLOD_FLAG: -8888
LLOD_VALUE: N/A
DM_CONTACT_INFO: Luke D. Ziemba, luke.ziemba@nasa.gov, (757)864-6246
PROJECT_INFO: CAMP2Ex based at Clark International Airport, Philippines
STIPULATIONS_ON_USE: Data users are strongly encouraged to contact the instrument PI for information on instrument caveats and best practices.
OTHER_COMMENTS: Data affected by cloud penetrations have NOT been removed.Switched between forward-facing isokinetic inlet and counterflow virtual impactor; flag is provided (InletFlag).Data are removed for calibrations,insufficient laser power,and pump failure.
REVISION: R1
R0: Final Data.  No further adjustments are planned.
R1: Applied time shift of -2s to DLH.
Time_Start, Time_Stop, Time_Mid, BlackCarbon_STP
[from data line 6828]
87621.0,87622.0,87621.5,0.0
87622.0,87623.0,87622.5,0.0
87623.0,87624.0,87623.5,0.0
87624.0,87625.0,87624.5,0.0
87625.0,87626.0,87625.5,0.0
87626.0,87627.0,87626.5,0.0
87627.0,87628.0,87627.5,0.0
87628.0,87629.0,87628.5,0.0
87629.0,87630.0,87629.5,0.0
87630.0,87631.0,87630.5,0.0
87631.0,87632.0,87631.5,0.0
87632.0,87633.0,87632.5,0.0
87633.0,87634.0,87633.5,0.0
87634.0,87635.0,87634.5,0.0
87635.0,87636.0,87635.5,0.0
87636.0,87637.0,87636.5,0.0
87637.0,87638.0,87637.5,0.0
87638.0,87639.0,87638.5,0.0
87639.0,87640.0,87639.5,0.0
87640.0,87641.0,87640.5,0.0
87641.0,87642.0,87641.5,0.0
87642.0,87643.0,87642.5,0.0
87643.0,87644.0,87643.5,0.0
87644.0,87645.0,87644.5,0.0
87645.0,87646.0,87645.5,0.0
87646.0,87647.0,87646.5,0.0
87647.0,87648.0,87647.5,0.0
87648.0,87649.0,87648.5,0.0
87649.0,87650.0,87649.5,0.0
87650.0,87651.0,87650.5,0.0
87651.0,87652.0,87651.5,0.0
87652.0,87653.0,87652.5,0.0
87653.0,87654.0,87653.5,0.0
87654.0,87655.0,87654.5,0.0
87655.0,87656.0,87655.5,0.0
87656.0,87657.0,87656.5,0.0
87657.0,87658.0,87657.5,0.0
87658.0,87659.0,87658.5,0.0
87659.0,87660.0,87659.5,0.0
87660.0,87661.0,87660.5,0.0
87661.0,87662.0,87661.5,0.0
87662.0,87663.0,87662.5,0.0
87663.0,87664.0,87663.5,0.0
87664.0,87665.0,87664.5,0.0
87665.0,87666.0,87665.5,0.0
87666.0,87667.0,87666.5,0.0
87667.0,87668.0,87667.5,0.0
87668.0,87669.0,87668.5,0.0
87669.0,87670.0,87669.5,0.0
87670.0,87671.0,87670.5,0.0
87671.0,87672.0,87671.5,0.0
87672.0,87673.0,87672.5,0.0
87673.0,87674.0,87673.5,0.0
87674.0,87675.0,87674.5,0.0
87675.0,87676.0,87675.5,0.0
87676.0,87677.0,87676.5,0.0
87677.0,87678.0,87677.5,0.0
87678.0,87679.0,87678.5,0.0
87679.0,87680.0,87679.5,0.0
87680.0,87681.0,87680.5,0.0
87681.0,87682.0,87681.5,0.0
87682.0,87683.0,87682.5,0.0
87683.0,87684.0,87683.5,0.0
87684.0,87685.0,87684.5,0.0
87685.0,87686.0,87685.5,0.0
87686.0,87687.0,87686.5,0.0
87687.0,87688.0,87687.5,0.0
87688.0,87689.0,87688.5,0.0
87689.0,87690.0,87689.5,0.0
87690.0,87691.0,87690.5,0.0
87691.0,87692.0,87691.5,0.0
87692.0,87693.0,87692.5,0.0
87693.0,87694.0,87693.5,0.0
87694.0,87695.0,87694.5,0.0
87695.0,87696.0,87695.5,0.0
87696.0,87697.0,87696.5,0.0
87697.0,87698.0,87697.5,0.0
87698.0,87699.0,87698.5,0.0
87699.0,87700.0,87699.5,0.0
87700.0,87701.0,87700.5,0.0
87701.0,87702.0,87701.5,0.0
87702.0,87703.0,87702.5,0.0
87703.0,87704.0,87703.5,0.0
87704.0,87705.0,87704.5,0.0
87705.0,87706.0,87705.5,0.0
87706.0,87707.0,87706.5,0.0
87707.0,87708.0,87707.5,0.0
87708.0,87709.0,87708.5,0.0
87709.0,87710.0,87709.5,0.0
87710.0,87711.0,87710.5,0.0
87711.0,87712.0,87711.5,0.0
87712.0,87713.0,87712.5,0.0
87713.0,87714.0,87713.5,0.0
87714.0,87715.0,87714.5,0.0
87715.0,87716.0,87715.5,0.0
87716.0,87717.0,87716.5,0.0
87717.0,87718.0,87717.5,0.0
87718.0,87719.0,87718.5,0.0
87719.0,87720.0,87719.5,0.0
87720.0,87721.0,87720.5,0.0
87721.0,87722.0,87721.5,0.0
87722.0,87723.0,87722.5,0.0
87723.0,87724.0,87723.5,0.0
87724.0,87725.0,87724.5,0.0
87725.0,87726.0,87725.5,0.0
87726.0,87727.0,87726.5,0.0
87727.0,87728.0,87727.5,0.0
87728.0,87729.0,87728.5,0.0
87729.0,87730.0,87729.5,0.0
87730.0,87731.0,87730.5,0.0
87731.0,87732.0,87731.5,0.0
87732.0,87733.0,87732.5,0.0
87733.0,87734.0,87733.5,0.0
87734.0,87735.0,87734.5,0.0
87735.0,87736.0,87735.5,0.0
87736.0,87737.0,87736.5,0.0
87737.0,87738.0,87737.5,0.0
87738.0,87739.0,87738.5,0.0
87739.0,87740.0,87739.5,0.0
87740.0,87741.0,87740.5,0.0
87741.0,87742.0,87741.5,0.0
87742.0,87743.0,87742.5,0.0
87743.0,87744.0,87743.5,0.0
87744.0,87745.0,87744.5,0.0
87745.0,87746.0,87745.5,0.0
87746.0,87747.0,87746.5,0.0
87747.0,87748.0,87747.5,0.0
87748.0,87749.0,87748.5,0.0
87749.0,87750.0,87749.5,0.0
87750.0,87751.0,87750.5,0.0
87751.0,87752.0,87751.5,0.0
87752.0,87753.0,87752.5,0.0
87753.0,87754.0,87753.5,0.0
87754.0,87755.0,87754.5,0.0
87755.0,87756.0,87755.5,0.0
87756.0,87757.0,87756.5,0.0
87757.0,87758.0,87757.5,0.0
87758.0,87759.0,87758.5,0.0
87759.0,87760.0,87759.5,0.0
87760.0,87761.0,87760.5,0.0
87761.0,87762.0,87761.5,0.0
87762.0,87763.0,87762.5,0.0
87763.0,87764.0,87763.5,0.0
87764.0,87765.0,87764.5,0.0
87765.0,87766.0,87765.5,0.0
87766.0,87767.0,87766.5,0.0
87767.0,87768.0,87767.5,0.0
87768.0,87769.0,87768.5,0.0
87769.0,87770.0,87769.5,0.0
87770.0,87771.0,87770.5,0.0
87771.0,87772.0,87771.5,0.0
87772.0,87773.0,87772.5,0.0
87773.0,87774.0,87773.5,0.0
87774.0,87775.0,87774.5,0.0
87775.0,87776.0,87775.5,0.0
87776.0,87777.0,87776.5,0.0
87777.0,87778.0,87777.5,0.0
87778.0,87779.0,87778.5,0.0
87779.0,87780.0,87779.5,0.0
87780.0,87781.0,87780.5,0.0
87781.0,87782.0,87781.5,0.0
87782.0,87783.0,87782.5,0.0
87783.0,87784.0,87783.5,0.0
87784.0,87785.0,87784.5,0.0
87785.0,87786.0,87785.5,0.0
87786.0,87787.0,87786.5,0.0
87787.0,87788.0,87787.5,0.0
87788.0,87789.0,87788.5,0.0
87789.0,87790.0,87789.5,0.0
87790.0,87791.0,87790.5,0.0
87791.0,87792.0,87791.5,0.0
87792.0,87793.0,87792.5,0.0
87793.0,87794.0,87793.5,0.0
87794.0,87795.0,87794.5,0.0
87795.0,87796.0,87795.5,0.0
87796.0,87797.0,87796.5,0.0
87797.0,87798.0,87797.5,0.0
87798.0,87799.0,87798.5,0.0
87799.0,87800.0,87799.5,0.0
87800.0,87801.0,87800.5,0.0
87801.0,87802.0,87801.5,0.0
87802.0,87803.0,87802.5,0.0
87803.0,87804.0,87803.5,0.0
87804.0,87805.0,87804.5,0.0
87805.0,87806.0,87805.5,0.0
87806.0,87807.0,87806.5,0.0
87807.0,87808.0,87807.5,0.0
87808.0,87809.0,87808.5,0.0
87809.0,87810.0,87809.5,0.0
87810.0,87811.0,87810.5,0.0
87811.0,87812.0,87811.5,0.0
87812.0,87813.0,87812.5,0.0
87813.0,87814.0,87813.5,0.0
87814.0,87815.0,87814.5,0.0
87815.0,87816.0,87815.5,0.0
87816.0,87817.0,87816.5,0.0
87817.0,87818.0,87817.5,0.0
87818.0,87819.0,87818.5,0.0
87819.0,87820.0,87819.5,0.0
87820.0,87821.0,87820.5,0.0
87821.0,87822.0,87821.5,0.0
87822.0,87823.0,87822.5,0.0
87823.0,87824.0,87823.5,0.0
87824.0,87825.0,87824.5,0.0
87825.0,87826.0,87825.5,0.0
87826.0,87827.0,87826.5,0.0
87827.0,87828.0,87827.5,0.0
87828.0,87829.0,87828.5,0.0
87829.0,87830.0,87829.5,0.0
87830.0,87831.0,87830.5,0.0
87831.0,87832.0,87831.5,0.0
87832.0,87833.0,87832.5,0.0
87833.0,87834.0,87833.5,0.0
87834.0,87835.0,87834.5,0.0
87835.0,87836.0,87835.5,0.0
87836.0,87837.0,87836.5,0.0
87837.0,87838.0,87837.5,0.0
87838.0,87839.0,87838.5,0.0
87839.0,87840.0,87839.5,0.0
87840.0,87841.0,87840.5,0.0
87841.0,87842.0,87841.5,0.0
87842.0,87843.0,87842.5,0.0
87843.0,87844.0,87843.5,0.0
87844.0,87845.0,87844.5,0.0
87845.0,87846.0,87845.5,0.0
87846.0,87847.0,87846.5,0.0
87847.0,87848.0,87847.5,0.0
87848.0,87849.0,87848.5,0.0
87849.0,87850.0,87849.5,0.0
87850.0,87851.0,87850.5,0.0
87851.0,87852.0,87851.5,0.0
87852.0,87853.0,87852.5,0.0
87853.0,87854.0,87853.5,0.0
87854.0,87855.0,87854.5,0.0
87855.0,87856.0,87855.5,0.0
87856.0,87857.0,87856.5,0.0
87857.0,87858.0,87857.5,0.0
87858.0,87859.0,87858.5,0.0
87859.0,87860.0,87859.5,0.0
87860.0,87861.0,87860.5,0.0
87861.0,87862.0,87861.5,0.0
87862.0,87863.0,87862.5,0.0
87863.0,87864.0,87863.5,0.0
87864.0,87865.0,87864.5,0.0
87865.0,87866.0,87865.5,0.0
87866.0,87867.0,87866.5,0.0
87867.0,87868.0,87867.5,0.0
87868.0,87869.0,87868.5,0.0
87869.0,87870.0,87869.5,0.0
87870.0,87871.0,87870.5,0.0
87871.0,87872.0,87871.5,0.0
87872.0,87873.0,87872.5,0.0
87873.0,87874.0,87873.5,0.0
87874.0,87875.0,87874.5,0.0
87875.0,87876.0,87875.5,0.0
87876.0,87877.0,87876.5,0.0
87877.0,87878.0,87877.5,0.0
87878.0,87879.0,87878.5,0.0
87879.0,87880.0,87879.5,0.0
87880.0,87881.0,87880.5,0.0
87881.0,87882.0,87881.5,0.0
87882.0,87883.0,87882.5,139.2
87883.0,87884.0,87883.5,92.3
87884.0,87885.0,87884.5,189.8
87885.0,87886.0,87885.5,86.3
87886.0,87887.0,87886.5,158.5
87887.0,87888.0,87887.5,162.2
87888.0,87889.0,87888.5,159.5
87889.0,87890.0,87889.5,214.2
87890.0,87891.0,87890.5,268.2
87891.0,87892.0,87891.5,165.2
87892.0,87893.0,87892.5,132.8
87893.0,87894.0,87893.5,119.0
87894.0,87895.0,87894.5,124.6
87895.0,87896.0,87895.5,280.0
87896.0,87897.0,87896.5,387.6
87897.0,87898.0,87897.5,678.9
87898.0,87899.0,87898.5,512.5
87899.0,87900.0,87899.5,534.8
87900.0,87901.0,87900.5,435.3
87901.0,87902.0,87901.5,484.7
87902.0,87903.0,87902.5,421.5
87903.0,87904.0,87903.5,527.9
87904.0,87905.0,87904.5,816.4
87905.0,87906.0,87905.5,646.2
87906.0,87907.0,87906.5,524.3
87907.0,87908.0,87907.5,469.9
87908.0,87909.0,87908.5,473.3
87909.0,87910.0,87909.5,754.3
87910.0,87911.0,87910.5,1632.9
87911.0,87912.0,87911.5,1474.8
87912.0,87913.0,87912.5,1224.7
87913.0,87914.0,87913.5,293.2
87914.0,87915.0,87914.5,829.1
87915.0,87916.0,87915.5,542.3
87916.0,87917.0,87916.5,365.4
87917.0,87918.0,87917.5,200.5
87918.0,87919.0,87918.5,328.7
87919.0,87920.0,87919.5,501.5
87920.0,87921.0,87920.5,142.0
87921.0,87922.0,87921.5,49.1
87922.0,87923.0,87922.5,60.6
87923.0,87924.0,87923.5,3.6
87924.0,87925.0,87924.5,19.7
87925.0,87926.0,87925.5,130.0
87926.0,87927.0,87926.5,239.3
87927.0,87928.0,87927.5,185.4
87928.0,87929.0,87928.5,82.9
87929.0,87930.0,87929.5,395.7
87930.0,87931.0,87930.5,333.0
87931.0,87932.0,87931.5,470.2
87932.0,87933.0,87932.5,193.4
87933.0,87934.0,87933.5,309.8
87934.0,87935.0,87934.5,161.6
87935.0,87936.0,87935.5,137.8
87936.0,87937.0,87936.5,126.9
87937.0,87938.0,87937.5,147.4
87938.0,87939.0,87938.5,299.5
87939.0,87940.0,87939.5,108.4
87940.0,87941.0,87940.5,42.6
87941.0,87942.0,87941.5,71.5
87942.0,87943.0,87942.5,15.4
87943.0,87944.0,87943.5,20.9
87944.0,87945.0,87944.5,25.5
87945.0,87946.0,87945.5,22.4
87946.0,87947.0,87946.5,63.9
87947.0,87948.0,87947.5,486.1
87948.0,87949.0,87948.5,138.9
87949.0,87950.0,87949.5,243.6
87950.0,87951.0,87950.5,246.3
87951.0,87952.0,87951.5,191.7
87952.0,87953.0,87952.5,286.2
87953.0,87954.0,87953.5,313.8
87954.0,87955.0,87954.5,324.7
87955.0,87956.0,87955.5,550.2
87956.0,87957.0,87956.5,536.8
87957.0,87958.0,87957.5,392.7
87958.0,87959.0,87958.5,300.4
87959.0,87960.0,87959.5,74.7
87960.0,87961.0,87960.5,362.9
87961.0,87962.0,87961.5,780.3
87962.0,87963.0,87962.5,283.7
87963.0,87964.0,87963.5,761.4
87964.0,87965.0,87964.5,604.0
87965.0,87966.0,87965.5,268.0
87966.0,87967.0,87966.5,373.0
87967.0,87968.0,87967.5,347.4
87968.0,87969.0,87968.5,199.4
87969.0,87970.0,87969.5,340.4
87970.0,87971.0,87970.5,363.9
87971.0,87972.0,87971.5,305.0
87972.0,87973.0,87972.5,363.6
87973.0,87974.0,87973.5,223.6
87974.0,87975.0,87974.5,225.7
87975.0,87976.0,87975.5,220.4
87976.0,87977.0,87976.5,343.7
87977.0,87978.0,87977.5,198.7
87978.0,87979.0,87978.5,209.7
87979.0,87980.0,87979.5,449.8
87980.0,87981.0,87980.5,156.4
87981.0,87982.0,87981.5,326.9
87982.0,87983.0,87982.5,135.1
87983.0,87984.0,87983.5,184.0
87984.0,87985.0,87984.5,250.0
87985.0,87986.0,87985.5,245.5
87986.0,87987.0,87986.5,261.2
87987.0,87988.0,87987.5,144.4
87988.0,87989.0,87988.5,118.4
87989.0,87990.0,87989.5,158.2
87990.0,87991.0,87990.5,86.1
87991.0,87992.0,87991.5,228.1
87992.0,87993.0,87992.5,237.2
87993.0,87994.0,87993.5,382.6
87994.0,87995.0,87994.5,190.1
87995.0,87996.0,87995.5,454.6
87996.0,87997.0,87996.5,495.2
87997.0,87998.0,87997.5,140.2
87998.0,87999.0,87998.5,238.4
87999.0,88000.0,87999.5,98.5
88000.0,88001.0,88000.5,48.1
88001.0,88002.0,88001.5,161.7
88002.0,88003.0,88002.5,63.5
88003.0,88004.0,88003.5,223.7
88004.0,88005.0,88004.5,49.0
88005.0,88006.0,88005.5,59.1
88006.0,88007.0,88006.5,65.7
88007.0,88008.0,88007.5,118.6
88008.0,88009.0,88008.5,64.1
88009.0,88010.0,88009.5,47.1
88010.0,88011.0,88010.5,43.0
88011.0,88012.0,88011.5,69.2
88012.0,88013.0,88012.5,76.7
88013.0,88014.0,88013.5,51.1
88014.0,88015.0,88014.5,190.1
88015.0,88016.0,88015.5,45.0
88016.0,88017.0,88016.5,68.1
88017.0,88018.0,88017.5,85.5
88018.0,88019.0,88018.5,145.7
88019.0,88020.0,88019.5,397.3
88020.0,88021.0,88020.5,161.5
88021.0,88022.0,88021.5,43.3
88022.0,88023.0,88022.5,45.9
88023.0,88024.0,88023.5,54.6
88024.0,88025.0,88024.5,46.0
88025.0,88026.0,88025.5,302.4
88026.0,88027.0,88026.5,133.8
88027.0,88028.0,88027.5,37.3
88028.0,88029.0,88028.5,1.0
88029.0,88030.0,88029.5,11.3
88030.0,88031.0,88030.5,127.3
88031.0,88032.0,88031.5,31.5
88032.0,88033.0,88032.5,4.1
88033.0,88034.0,88033.5,6.9
88034.0,88035.0,88034.5,2.3
88035.0,88036.0,88035.5,6.4
88036.0,88037.0,88036.5,0.9
88037.0,88038.0,88037.5,0.0
88038.0,88039.0,88038.5,0.8
88039.0,88040.0,88039.5,1.0
88040.0,88041.0,88040.5,0.8
88041.0,88042.0,88041.5,0.5
88042.0,88043.0,88042.5,0.0
88043.0,88044.0,88043.5,0.0
88044.0,88045.0,88044.5,0.0
88045.0,88046.0,88045.5,0.0
88046.0,88047.0,88046.5,0.0
88047.0,88048.0,88047.5,2.1
88048.0,88049.0,88048.5,0.4
88049.0,88050.0,88049.5,0.0
88050.0,88051.0,88050.5,0.0
88051.0,88052.0,88051.5,0.0
88052.0,88053.0,88052.5,0.5
88053.0,88054.0,88053.5,0.0
88054.0,88055.0,88054.5,0.0
88055.0,88056.0,88055.5,0.0
88056.0,88057.0,88056.5,0.0
88057.0,88058.0,88057.5,0.0
88058.0,88059.0,88058.5,0.0
88059.0,88060.0,88059.5,0.0
88060.0,88061.0,88060.5,0.0
88061.0,88062.0,88061.5,0.0
88062.0,88063.0,88062.5,0.0
88063.0,88064.0,88063.5,0.0
88064.0,88065.0,88064.5,0.0
88065.0,88066.0,88065.5,1.0
88066.0,88067.0,88066.5,3.2
88067.0,88068.0,88067.5,0.0
88068.0,88069.0,88068.5,1.2
88069.0,88070.0,88069.5,0.4
88070.0,88071.0,88070.5,0.0
88071.0,88072.0,88071.5,0.0
88072.0,88073.0,88072.5,0.8
88073.0,88074.0,88073.5,9.9
88074.0,88075.0,88074.5,0.5
88075.0,88076.0,88075.5,0.4
88076.0,88077.0,88076.5,0.0
88077.0,88078.0,88077.5,0.0
88078.0,88079.0,88078.5,0.0
88079.0,88080.0,88079.5,0.0
88080.0,88081.0,88080.5,0.0
88081.0,88082.0,88081.5,0.0
88082.0,88083.0,88082.5,1.0
88083.0,88084.0,88083.5,0.0
88084.0,88085.0,88084.5,0.0
88085.0,88086.0,88085.5,0.0
88086.0,88087.0,88086.5,0.0
88087.0,88088.0,88087.5,0.0
88088.0,88089.0,88088.5,0.0
88089.0,88090.0,88089.5,0.0
88090.0,88091.0,88090.5,0.0
88091.0,88092.0,88091.5,0.0
88092.0,88093.0,88092.5,0.0
88093.0,88094.0,88093.5,0.0
88094.0,88095.0,88094.5,0.0
88095.0,88096.0,88095.5,0.0
88096.0,88097.0,88096.5,0.0
88097.0,88098.0,88097.5,0.0
88098.0,88099.0,88098.5,0.0
88099.0,88100.0,88099.5,0.0
88100.0,88101.0,88100.5,0.0
88101.0,88102.0,88101.5,0.0
88102.0,88103.0,88102.5,0.0
88103.0,88104.0,88103.5,0.0
88104.0,88105.0,88104.5,0.0
88105.0,88106.0,88105.5,0.0
88106.0,88107.0,88106.5,0.4
88107.0,88108.0,88107.5,0.0
88108.0,88109.0,88108.5,0.0
88109.0,88110.0,88109.5,0.0
88110.0,88111.0,88110.5,0.0
88111.0,88112.0,88111.5,0.0
88112.0,88113.0,88112.5,0.0
88113.0,88114.0,88113.5,0.0
88114.0,88115.0,88114.5,0.0
88115.0,88116.0,88115.5,0.0
88116.0,88117.0,88116.5,0.0
88117.0,88118.0,88117.5,0.0
88118.0,88119.0,88118.5,0.0
88119.0,88120.0,88119.5,0.0
88120.0,88121.0,88120.5,0.0
88121.0,88122.0,88121.5,0.0
88122.0,88123.0,88122.5,0.0
88123.0,88124.0,88123.5,0.0
88124.0,88125.0,88124.5,0.0
88125.0,88126.0,88125.5,0.0
88126.0,88127.0,88126.5,0.0
88127.0,88128.0,88127.5,0.0
88128.0,88129.0,88128.5,0.0
88129.0,88130.0,88129.5,0.0
88130.0,88131.0,88130.5,0.0
88131.0,88132.0,88131.5,0.0
88132.0,88133.0,88132.5,0.0
88133.0,88134.0,88133.5,0.0
88134.0,88135.0,88134.5,0.0
88135.0,88136.0,88135.5,0.0
88136.0,88137.0,88136.5,0.0
88137.0,88138.0,88137.5,0.0
88138.0,88139.0,88138.5,0.0
88139.0,88140.0,88139.5,0.0
88140.0,88141.0,88140.5,0.0
88141.0,88142.0,88141.5,0.0
88142.0,88143.0,88142.5,0.0
88143.0,88144.0,88143.5,0.0
88144.0,88145.0,88144.5,0.0
88145.0,88146.0,88145.5,0.0
88146.0,88147.0,88146.5,0.0
88147.0,88148.0,88147.5,0.0
88148.0,88149.0,88148.5,0.0
88149.0,88150.0,88149.5,0.0
88150.0,88151.0,88150.5,0.0
88151.0,88152.0,88151.5,0.0
88152.0,88153.0,88152.5,0.0
88153.0,88154.0,88153.5,0.0
88154.0,88155.0,88154.5,0.4
88155.0,88156.0,88155.5,0.0
88156.0,88157.0,88156.5,5.8
88157.0,88158.0,88157.5,40.0
88158.0,88159.0,88158.5,29.9
88159.0,88160.0,88159.5,116.8
88160.0,88161.0,88160.5,211.4
88161.0,88162.0,88161.5,18.4
88162.0,88163.0,88162.5,27.6
88163.0,88164.0,88163.5,46.3
88164.0,88165.0,88164.5,32.0
88165.0,88166.0,88165.5,33.3
88166.0,88167.0,88166.5,34.9
88167.0,88168.0,88167.5,93.8
88168.0,88169.0,88168.5,5.1
88169.0,88170.0,88169.5,41.9
88170.0,88171.0,88170.5,25.8
88171.0,88172.0,88171.5,84.3
88172.0,88173.0,88172.5,32.8
88173.0,88174.0,88173.5,127.2
88174.0,88175.0,88174.5,9.3
88175.0,88176.0,88175.5,66.6
88176.0,88177.0,88176.5,105.0
88177.0,88178.0,88177.5,27.0
88178.0,88179.0,88178.5,172.6
88179.0,88180.0,88179.5,143.0
88180.0,88181.0,88180.5,102.8
