NASA Data Processing/CAMP2Ex/SP2/CAMP2Ex-LARGE-SP2_P3B_20191001_R1.ict
37, 1001
Luke D. Ziemba
NASA Langley Research Center
Single Particle Soot Photometer (SP2), DMT
CAMP2Ex
1, 1
2019, 10, 01, 2020,05,06
0
Time_Start, seconds_past_midnight, start_seconds_past_midnight
3
1, 1, 1
-9999, -9999, -9999
Time_Stop, seconds_past_midnight, stop_seconds_past_midnight
Time_Mid, seconds_past_midnight, mid_seconds_past_midnight
BlackCarbon_STP, Black_Carbon_nanograms_per_standard_cubic_meter, AerComp_BC_InSitu_LII_Accu_MassSTP
1
N/A
19
PI_CONTACT_INFO: 21 Langley Blvd, Hampton, VA 23681
PLATFORM: NASA WFF P3-B N426NA
LOCATION: Philippines; Latitude, Longitude, and Altitude included in Hskping files (MetNav)
ASSOCIATED_DATA: InletFlag, MetNav, cloud flag
INSTRUMENT_INFO: Single particle refractory BC mass measured by laser-induced incandescence. Calibrated using laboratory-generated monodisperse fullerene soot aerosol and polynomial mass/response fit. 
DATA_INFO: Data corrected to STP (760 torr and 273K). Measurements apply to refractory black carbon particles with diameter between 100 and 700nm
UNCERTAINTY: 10%
ULOD_FLAG: -7777
ULOD_VALUE: N/A
LLOD_FLAG: -8888
LLOD_VALUE: N/A
DM_CONTACT_INFO: Luke D. Ziemba, luke.ziemba@nasa.gov, (757)864-6246
PROJECT_INFO: CAMP2Ex based at Clark International Airport, Philippines
STIPULATIONS_ON_USE: Data users are strongly encouraged to contact the instrument PI for information on instrument caveats and best practices.
OTHER_COMMENTS: Data affected by cloud penetrations have NOT been removed.Switched between forward-facing isokinetic inlet and counterflow virtual impactor; flag is provided (InletFlag).Data are removed for calibrations,insufficient laser power,and pump failure.
REVISION: R1
R0: Final Data.  No further adjustments are planned.
R1: Applied time shift of -2s to DLH.
Time_Start, Time_Stop, Time_Mid, BlackCarbon_STP
[from data line 7311]
85358.0,85359.0,85358.5,134.3
85359.0,85360.0,85359.5,194.4
85360.0,85361.0,85360.5,387.0
85361.0,85362.0,85361.5,312.7
85362.0,85363.0,85362.5,74.7
85363.0,85364.0,85363.5,248.1
85364.0,85365.0,85364.5,193.6
85365.0,85366.0,85365.5,52.9
85366.0,85367.0,85366.5,90.3
85367.0,85368.0,85367.5,137.4
85368.0,85369.0,85368.5,91.1
85369.0,85370.0,85369.5,104.6
85370.0,85371.0,85370.5,103.7
85371.0,85372.0,85371.5,216.8
85372.0,85373.0,85372.5,103.6
85373.0,85374.0,85373.5,158.7
85374.0,85375.0,85374.5,124.7
85375.0,85376.0,85375.5,61.5
85376.0,85377.0,85376.5,152.0
85377.0,85378.0,85377.5,73.8
85378.0,85379.0,85378.5,98.8
85379.0,85380.0,85379.5,264.7
85380.0,85381.0,85380.5,230.3
85381.0,85382.0,85381.5,177.5
85382.0,85383.0,85382.5,92.9
85383.0,85384.0,85383.5,105.8
85384.0,85385.0,85384.5,68.0
85385.0,85386.0,85385.5,58.9
85386.0,85387.0,85386.5,101.1
85387.0,85388.0,85387.5,202.5
85388.0,85389.0,85388.5,94.9
85389.0,85390.0,85389.5,136.2
85390.0,85391.0,85390.5,207.7
85391.0,85392.0,85391.5,175.4
85392.0,85393.0,85392.5,79.8
85393.0,85394.0,85393.5,93.9
85394.0,85395.0,85394.5,108.9
85395.0,85396.0,85395.5,311.8
85396.0,85397.0,85396.5,233.4
85397.0,85398.0,85397.5,159.7
85398.0,85399.0,85398.5,315.8
85399.0,85400.0,85399.5,176.5
85400.0,85401.0,85400.5,169.4
85401.0,85402.0,85401.5,66.2
85402.0,85403.0,85402.5,88.0
85403.0,85404.0,85403.5,231.8
85404.0,85405.0,85404.5,116.6
85405.0,85406.0,85405.5,149.3
85406.0,85407.0,85406.5,325.9
85407.0,85408.0,85407.5,153.8
85408.0,85409.0,85408.5,169.0
85409.0,85410.0,85409.5,108.6
85410.0,85411.0,85410.5,187.1
85411.0,85412.0,85411.5,78.0
85412.0,85413.0,85412.5,92.1
85413.0,85414.0,85413.5,271.7
85414.0,85415.0,85414.5,95.8
85415.0,85416.0,85415.5,101.4
85416.0,85417.0,85416.5,229.2
85417.0,85418.0,85417.5,90.4
85418.0,85419.0,85418.5,104.4
85419.0,85420.0,85419.5,248.4
85420.0,85421.0,85420.5,126.9
85421.0,85422.0,85421.5,87.1
85422.0,85423.0,85422.5,102.0
85423.0,85424.0,85423.5,113.1
85424.0,85425.0,85424.5,129.8
85425.0,85426.0,85425.5,112.7
85426.0,85427.0,85426.5,134.1
85427.0,85428.0,85427.5,113.2
85428.0,85429.0,85428.5,85.4
85429.0,85430.0,85429.5,114.9
85430.0,85431.0,85430.5,114.0
85431.0,85432.0,85431.5,157.0
85432.0,85433.0,85432.5,131.1
85433.0,85434.0,85433.5,201.7
85434.0,85435.0,85434.5,95.4
85435.0,85436.0,85435.5,149.8
85436.0,85437.0,85436.5,73.2
85437.0,85438.0,85437.5,140.9
85438.0,85439.0,85438.5,242.9
85439.0,85440.0,85439.5,165.7
85440.0,85441.0,85440.5,103.5
85441.0,85442.0,85441.5,65.7
85442.0,85443.0,85442.5,121.3
85443.0,85444.0,85443.5,63.9
85444.0,85445.0,85444.5,123.0
85445.0,85446.0,85445.5,227.6
85446.0,85447.0,85446.5,131.1
85447.0,85448.0,85447.5,145.3
85448.0,85449.0,85448.5,85.8
85449.0,85450.0,85449.5,153.1
85450.0,85451.0,85450.5,175.2
85451.0,85452.0,85451.5,105.4
85452.0,85453.0,85452.5,250.9
85453.0,85454.0,85453.5,141.3
85454.0,85455.0,85454.5,132.4
85455.0,85456.0,85455.5,324.2
85456.0,85457.0,85456.5,91.9
85457.0,85458.0,85457.5,209.5
85458.0,85459.0,85458.5,103.8
85459.0,85460.0,85459.5,131.1
85460.0,85461.0,85460.5,189.9
85461.0,85462.0,85461.5,165.4
85462.0,85463.0,85462.5,127.7
85463.0,85464.0,85463.5,76.4
85464.0,85465.0,85464.5,97.8
85465.0,85466.0,85465.5,259.2
85466.0,85467.0,85466.5,234.2
85467.0,85468.0,85467.5,168.0
85468.0,85469.0,85468.5,145.3
85469.0,85470.0,85469.5,177.1
85470.0,85471.0,85470.5,110.3
85471.0,85472.0,85471.5,134.0
85472.0,85473.0,85472.5,218.5
85473.0,85474.0,85473.5,108.0
85474.0,85475.0,85474.5,272.9
85475.0,85476.0,85475.5,269.4
85476.0,85477.0,85476.5,184.3
85477.0,85478.0,85477.5,190.0
85478.0,85479.0,85478.5,115.3
85479.0,85480.0,85479.5,126.4
85480.0,85481.0,85480.5,140.8
85481.0,85482.0,85481.5,175.7
85482.0,85483.0,85482.5,165.7
85483.0,85484.0,85483.5,253.6
85484.0,85485.0,85484.5,71.2
85485.0,85486.0,85485.5,116.3
85486.0,85487.0,85486.5,134.2
85487.0,85488.0,85487.5,74.3
85488.0,85489.0,85488.5,150.7
85489.0,85490.0,85489.5,118.8
85490.0,85491.0,85490.5,290.2
85491.0,85492.0,85491.5,96.7
85492.0,85493.0,85492.5,324.7
85493.0,85494.0,85493.5,97.8
85494.0,85495.0,85494.5,182.5
85495.0,85496.0,85495.5,87.6
85496.0,85497.0,85496.5,87.4
85497.0,85498.0,85497.5,98.5
85498.0,85499.0,85498.5,166.0
85499.0,85500.0,85499.5,170.9
85500.0,85501.0,85500.5,177.8
85501.0,85502.0,85501.5,142.2
85502.0,85503.0,85502.5,322.0
85503.0,85504.0,85503.5,306.8
85504.0,85505.0,85504.5,75.7
85505.0,85506.0,85505.5,151.3
85506.0,85507.0,85506.5,231.0
85507.0,85508.0,85507.5,128.1
85508.0,85509.0,85508.5,198.3
85509.0,85510.0,85509.5,77.7
85510.0,85511.0,85510.5,185.0
85511.0,85512.0,85511.5,94.6
85512.0,85513.0,85512.5,48.1
85513.0,85514.0,85513.5,193.2
85514.0,85515.0,85514.5,95.4
85515.0,85516.0,85515.5,117.5
85516.0,85517.0,85516.5,86.8
85517.0,85518.0,85517.5,84.3
85518.0,85519.0,85518.5,95.8
85519.0,85520.0,85519.5,235.3
85520.0,85521.0,85520.5,86.6
85521.0,85522.0,85521.5,53.2
85522.0,85523.0,85522.5,92.9
85523.0,85524.0,85523.5,119.8
85524.0,85525.0,85524.5,154.7
85525.0,85526.0,85525.5,159.8
85526.0,85527.0,85526.5,86.8
85527.0,85528.0,85527.5,51.1
85528.0,85529.0,85528.5,126.4
85529.0,85530.0,85529.5,93.5
85530.0,85531.0,85530.5,118.1
85531.0,85532.0,85531.5,237.2
85532.0,85533.0,85532.5,197.9
85533.0,85534.0,85533.5,144.9
85534.0,85535.0,85534.5,298.6
85535.0,85536.0,85535.5,112.3
85536.0,85537.0,85536.5,113.2
85537.0,85538.0,85537.5,184.9
85538.0,85539.0,85538.5,160.3
85539.0,85540.0,85539.5,199.3
85540.0,85541.0,85540.5,106.8
85541.0,85542.0,85541.5,111.2
85542.0,85543.0,85542.5,120.7
85543.0,85544.0,85543.5,127.4
85544.0,85545.0,85544.5,102.0
85545.0,85546.0,85545.5,115.2
85546.0,85547.0,85546.5,85.2
85547.0,85548.0,85547.5,294.2
85548.0,85549.0,85548.5,172.4
85549.0,85550.0,85549.5,207.8
85550.0,85551.0,85550.5,72.7
85551.0,85552.0,85551.5,126.9
85552.0,85553.0,85552.5,126.1
85553.0,85554.0,85553.5,217.0
85554.0,85555.0,85554.5,199.4
85555.0,85556.0,85555.5,85.6
85556.0,85557.0,85556.5,187.7
85557.0,85558.0,85557.5,103.4
85558.0,85559.0,85558.5,175.4
85559.0,85560.0,85559.5,189.3
85560.0,85561.0,85560.5,102.7
85561.0,85562.0,85561.5,152.6
85562.0,85563.0,85562.5,86.4
85563.0,85564.0,85563.5,129.7
85564.0,85565.0,85564.5,253.4
85565.0,85566.0,85565.5,248.4
85566.0,85567.0,85566.5,82.1
85567.0,85568.0,85567.5,135.4
85568.0,85569.0,85568.5,265.4
85569.0,85570.0,85569.5,327.9
85570.0,85571.0,85570.5,157.7
85571.0,85572.0,85571.5,101.5
85572.0,85573.0,85572.5,94.3
85573.0,85574.0,85573.5,53.4
85574.0,85575.0,85574.5,130.1
85575.0,85576.0,85575.5,191.3
85576.0,85577.0,85576.5,237.0
85577.0,85578.0,85577.5,207.1
85578.0,85579.0,85578.5,114.3
85579.0,85580.0,85579.5,79.7
85580.0,85581.0,85580.5,114.3
85581.0,85582.0,85581.5,69.2
85582.0,85583.0,85582.5,120.7
85583.0,85584.0,85583.5,163.4
85584.0,85585.0,85584.5,71.9
85585.0,85586.0,85585.5,187.6
85586.0,85587.0,85586.5,97.5
85587.0,85588.0,85587.5,176.4
85588.0,85589.0,85588.5,119.4
85589.0,85590.0,85589.5,200.4
85590.0,85591.0,85590.5,152.4
85591.0,85592.0,85591.5,57.3
85592.0,85593.0,85592.5,70.2
85593.0,85594.0,85593.5,157.5
85594.0,85595.0,85594.5,124.6
85595.0,85596.0,85595.5,133.8
85596.0,85597.0,85596.5,168.2
85597.0,85598.0,85597.5,48.8
85598.0,85599.0,85598.5,158.1
85599.0,85600.0,85599.5,114.0
85600.0,85601.0,85600.5,151.1
85601.0,85602.0,85601.5,151.5
85602.0,85603.0,85602.5,70.2
85603.0,85604.0,85603.5,193.9
85604.0,85605.0,85604.5,75.8
85605.0,85606.0,85605.5,109.5
85606.0,85607.0,85606.5,100.9
85607.0,85608.0,85607.5,80.4
85608.0,85609.0,85608.5,143.3
85609.0,85610.0,85609.5,77.4
85610.0,85611.0,85610.5,200.0
85611.0,85612.0,85611.5,143.3
85612.0,85613.0,85612.5,101.0
85613.0,85614.0,85613.5,98.3
85614.0,85615.0,85614.5,163.8
85615.0,85616.0,85615.5,245.6
85616.0,85617.0,85616.5,77.4
85617.0,85618.0,85617.5,131.8
85618.0,85619.0,85618.5,80.9
85619.0,85620.0,85619.5,142.0
85620.0,85621.0,85620.5,172.6
85621.0,85622.0,85621.5,34.9
85622.0,85623.0,85622.5,133.7
85623.0,85624.0,85623.5,178.3
85624.0,85625.0,85624.5,119.6
85625.0,85626.0,85625.5,98.7
85626.0,85627.0,85626.5,166.7
85627.0,85628.0,85627.5,69.7
85628.0,85629.0,85628.5,106.5
85629.0,85630.0,85629.5,162.9
85630.0,85631.0,85630.5,68.4
85631.0,85632.0,85631.5,66.7
85632.0,85633.0,85632.5,126.9
85633.0,85634.0,85633.5,97.8
85634.0,85635.0,85634.5,128.8
85635.0,85636.0,85635.5,128.7
85636.0,85637.0,85636.5,74.6
85637.0,85638.0,85637.5,119.3
85638.0,85639.0,85638.5,65.2
85639.0,85640.0,85639.5,109.1
85640.0,85641.0,85640.5,67.0
85641.0,85642.0,85641.5,79.6
85642.0,85643.0,85642.5,68.2
85643.0,85644.0,85643.5,101.9
85644.0,85645.0,85644.5,116.5
85645.0,85646.0,85645.5,42.0
85646.0,85647.0,85646.5,62.3
85647.0,85648.0,85647.5,85.7
85648.0,85649.0,85648.5,97.0
85649.0,85650.0,85649.5,114.2
85650.0,85651.0,85650.5,69.5
85651.0,85652.0,85651.5,135.9
85652.0,85653.0,85652.5,113.9
85653.0,85654.0,85653.5,92.6
85654.0,85655.0,85654.5,225.5
85655.0,85656.0,85655.5,90.1
85656.0,85657.0,85656.5,31.7
85657.0,85658.0,85657.5,71.0
85658.0,85659.0,85658.5,252.4
85659.0,85660.0,85659.5,144.3
85660.0,85661.0,85660.5,123.2
85661.0,85662.0,85661.5,63.2
85662.0,85663.0,85662.5,145.8
85663.0,85664.0,85663.5,99.8
85664.0,85665.0,85664.5,111.8
85665.0,85666.0,85665.5,99.3
85666.0,85667.0,85666.5,89.6
85667.0,85668.0,85667.5,129.2
85668.0,85669.0,85668.5,100.4
85669.0,85670.0,85669.5,269.2
85670.0,85671.0,85670.5,79.9
85671.0,85672.0,85671.5,129.9
85672.0,85673.0,85672.5,75.1
85673.0,85674.0,85673.5,83.7
85674.0,85675.0,85674.5,175.2
85675.0,85676.0,85675.5,137.3
85676.0,85677.0,85676.5,133.1
85677.0,85678.0,85677.5,85.5
85678.0,85679.0,85678.5,98.7
85679.0,85680.0,85679.5,71.1
85680.0,85681.0,85680.5,102.3
85681.0,85682.0,85681.5,72.2
85682.0,85683.0,85682.5,128.8
85683.0,85684.0,85683.5,80.6
85684.0,85685.0,85684.5,121.9
85685.0,85686.0,85685.5,234.5
85686.0,85687.0,85686.5,76.2
85687.0,85688.0,85687.5,79.4
85688.0,85689.0,85688.5,149.7
85689.0,85690.0,85689.5,90.7
85690.0,85691.0,85690.5,133.7
85691.0,85692.0,85691.5,149.5
85692.0,85693.0,85692.5,81.5
85693.0,85694.0,85693.5,131.6
85694.0,85695.0,85694.5,74.4
85695.0,85696.0,85695.5,78.4
85696.0,85697.0,85696.5,67.8
85697.0,85698.0,85697.5,59.4
85698.0,85699.0,85698.5,131.8
85699.0,85700.0,85699.5,73.1
85700.0,85701.0,85700.5,101.0
85701.0,85702.0,85701.5,106.2
85702.0,85703.0,85702.5,120.7
85703.0,85704.0,85703.5,53.3
85704.0,85705.0,85704.5,49.4
85705.0,85706.0,85705.5,75.3
85706.0,85707.0,85706.5,203.5
85707.0,85708.0,85707.5,105.4
85708.0,85709.0,85708.5,76.4
85709.0,85710.0,85709.5,119.6
85710.0,85711.0,85710.5,173.3
85711.0,85712.0,85711.5,98.5
85712.0,85713.0,85712.5,43.8
85713.0,85714.0,85713.5,72.2
85714.0,85715.0,85714.5,105.9
85715.0,85716.0,85715.5,150.9
85716.0,85717.0,85716.5,37.6
85717.0,85718.0,85717.5,73.6
85718.0,85719.0,85718.5,74.2
85719.0,85720.0,85719.5,120.9
85720.0,85721.0,85720.5,76.8
85721.0,85722.0,85721.5,98.8
85722.0,85723.0,85722.5,274.0
85723.0,85724.0,85723.5,84.1
85724.0,85725.0,85724.5,76.5
85725.0,85726.0,85725.5,107.8
85726.0,85727.0,85726.5,140.6
85727.0,85728.0,85727.5,92.0
85728.0,85729.0,85728.5,60.8
85729.0,85730.0,85729.5,67.7
85730.0,85731.0,85730.5,69.8
85731.0,85732.0,85731.5,57.5
85732.0,85733.0,85732.5,45.8
85733.0,85734.0,85733.5,151.7
85734.0,85735.0,85734.5,76.0
85735.0,85736.0,85735.5,70.9
85736.0,85737.0,85736.5,33.0
85737.0,85738.0,85737.5,73.7
85738.0,85739.0,85738.5,39.7
85739.0,85740.0,85739.5,64.0
85740.0,85741.0,85740.5,82.4
85741.0,85742.0,85741.5,120.0
85742.0,85743.0,85742.5,260.2
85743.0,85744.0,85743.5,37.8
85744.0,85745.0,85744.5,61.9
85745.0,85746.0,85745.5,126.8
85746.0,85747.0,85746.5,77.9
85747.0,85748.0,85747.5,80.8
85748.0,85749.0,85748.5,95.8
85749.0,85750.0,85749.5,122.4
85750.0,85751.0,85750.5,66.2
85751.0,85752.0,85751.5,51.6
85752.0,85753.0,85752.5,80.8
85753.0,85754.0,85753.5,75.0
85754.0,85755.0,85754.5,44.0
85755.0,85756.0,85755.5,158.1
85756.0,85757.0,85756.5,124.4
85757.0,85758.0,85757.5,25.9
85758.0,85759.0,85758.5,156.5
85759.0,85760.0,85759.5,24.3
85760.0,85761.0,85760.5,61.6
85761.0,85762.0,85761.5,85.0
85762.0,85763.0,85762.5,99.3
85763.0,85764.0,85763.5,19.6
85764.0,85765.0,85764.5,42.3
85765.0,85766.0,85765.5,109.5
85766.0,85767.0,85766.5,123.8
85767.0,85768.0,85767.5,55.4
85768.0,85769.0,85768.5,41.2
85769.0,85770.0,85769.5,26.3
85770.0,85771.0,85770.5,71.1
85771.0,85772.0,85771.5,62.1
85772.0,85773.0,85772.5,71.7
85773.0,85774.0,85773.5,71.3
85774.0,85775.0,85774.5,58.5
85775.0,85776.0,85775.5,83.7
85776.0,85777.0,85776.5,74.6
85777.0,85778.0,85777.5,25.8
85778.0,85779.0,85778.5,61.8
85779.0,85780.0,85779.5,45.4
85780.0,85781.0,85780.5,38.7
85781.0,85782.0,85781.5,64.3
85782.0,85783.0,85782.5,63.7
85783.0,85784.0,85783.5,61.5
85784.0,85785.0,85784.5,37.5
85785.0,85786.0,85785.5,80.4
85786.0,85787.0,85786.5,41.1
85787.0,85788.0,85787.5,18.2
85788.0,85789.0,85788.5,17.0
85789.0,85790.0,85789.5,57.3
85790.0,85791.0,85790.5,20.7
85791.0,85792.0,85791.5,56.4
85792.0,85793.0,85792.5,66.0
85793.0,85794.0,85793.5,32.9
85794.0,85795.0,85794.5,46.4
85795.0,85796.0,85795.5,65.2
85796.0,85797.0,85796.5,42.5
85797.0,85798.0,85797.5,45.4
85798.0,85799.0,85798.5,45.4
85799.0,85800.0,85799.5,58.3
85800.0,85801.0,85800.5,23.5
85801.0,85802.0,85801.5,84.1
85802.0,85803.0,85802.5,50.1
85803.0,85804.0,85803.5,35.7
85804.0,85805.0,85804.5,28.7
85805.0,85806.0,85805.5,10.4
85806.0,85807.0,85806.5,50.0
85807.0,85808.0,85807.5,66.6
85808.0,85809.0,85808.5,115.6
85809.0,85810.0,85809.5,57.8
85810.0,85811.0,85810.5,40.7
85811.0,85812.0,85811.5,62.9
85812.0,85813.0,85812.5,41.8
85813.0,85814.0,85813.5,22.8
85814.0,85815.0,85814.5,86.4
85815.0,85816.0,85815.5,79.2
85816.0,85817.0,85816.5,90.5
85817.0,85818.0,85817.5,21.7
85818.0,85819.0,85818.5,19.7
85819.0,85820.0,85819.5,80.1
85820.0,85821.0,85820.5,36.8
85821.0,85822.0,85821.5,132.5
85822.0,85823.0,85822.5,24.8
85823.0,85824.0,85823.5,6.8
85824.0,85825.0,85824.5,43.5
85825.0,85826.0,85825.5,53.0
85826.0,85827.0,85826.5,12.7
85827.0,85828.0,85827.5,13.3
85828.0,85829.0,85828.5,52.2
85829.0,85830.0,85829.5,31.3
85830.0,85831.0,85830.5,71.0
85831.0,85832.0,85831.5,82.9
85832.0,85833.0,85832.5,142.6
85833.0,85834.0,85833.5,84.0
85834.0,85835.0,85834.5,30.2
85835.0,85836.0,85835.5,12.5
85836.0,85837.0,85836.5,106.4
85837.0,85838.0,85837.5,40.3
85838.0,85839.0,85838.5,105.0
85839.0,85840.0,85839.5,15.6
85840.0,85841.0,85840.5,56.6
85841.0,85842.0,85841.5,8.6
85842.0,85843.0,85842.5,41.3
85843.0,85844.0,85843.5,6.4
85844.0,85845.0,85844.5,22.1
85845.0,85846.0,85845.5,19.0
85846.0,85847.0,85846.5,12.2
85847.0,85848.0,85847.5,7.5
85848.0,85849.0,85848.5,47.1
85849.0,85850.0,85849.5,48.7
85850.0,85851.0,85850.5,2.1
85851.0,85852.0,85851.5,83.1
85852.0,85853.0,85852.5,35.8
85853.0,85854.0,85853.5,27.0
85854.0,85855.0,85854.5,63.3
85855.0,85856.0,85855.5,20.6
85856.0,85857.0,85856.5,127.6
85857.0,85858.0,85857.5,119.7
85858.0,85859.0,85858.5,12.6
85859.0,85860.0,85859.5,76.1
85860.0,85861.0,85860.5,24.8
85861.0,85862.0,85861.5,23.7
85862.0,85863.0,85862.5,6.7
85863.0,85864.0,85863.5,49.1
85864.0,85865.0,85864.5,20.2
85865.0,85866.0,85865.5,45.5
85866.0,85867.0,85866.5,50.5
85867.0,85868.0,85867.5,6.4
85868.0,85869.0,85868.5,28.6
85869.0,85870.0,85869.5,22.4
85870.0,85871.0,85870.5,28.5
85871.0,85872.0,85871.5,38.7
85872.0,85873.0,85872.5,19.0
85873.0,85874.0,85873.5,57.1
85874.0,85875.0,85874.5,29.3
85875.0,85876.0,85875.5,73.3
85876.0,85877.0,85876.5,59.8
85877.0,85878.0,85877.5,13.9
85878.0,85879.0,85878.5,17.8
85879.0,85880.0,85879.5,6.2
85880.0,85881.0,85880.5,103.0
85881.0,85882.0,85881.5,34.7
85882.0,85883.0,85882.5,53.3
85883.0,85884.0,85883.5,7.6
85884.0,85885.0,85884.5,12.8
85885.0,85886.0,85885.5,107.9
85886.0,85887.0,85886.5,86.1
85887.0,85888.0,85887.5,24.5
85888.0,85889.0,85888.5,39.8
85889.0,85890.0,85889.5,61.0
85890.0,85891.0,85890.5,51.7
85891.0,85892.0,85891.5,51.0
85892.0,85893.0,85892.5,58.3
85893.0,85894.0,85893.5,179.7
85894.0,85895.0,85894.5,121.9
85895.0,85896.0,85895.5,160.3
85896.0,85897.0,85896.5,27.8
85897.0,85898.0,85897.5,33.7
85898.0,85899.0,85898.5,51.8
85899.0,85900.0,85899.5,15.8
