NASA Data Processing/CAMP2Ex/SP2/CAMP2Ex-LARGE-SP2_P3B_20190913_R1.ict
37, 1001
Luke D. Ziemba
NASA Langley Research Center
Single Particle Soot Photometer (SP2), DMT
CAMP2Ex
1, 1
2019, 09, 13, 2020,05,06
0
Time_Start, seconds_past_midnight, start_seconds_past_midnight
3
1, 1, 1
-9999, -9999, -9999
Time_Stop, seconds_past_midnight, stop_seconds_past_midnight
Time_Mid, seconds_past_midnight, mid_seconds_past_midnight
BlackCarbon_STP, Black_Carbon_nanograms_per_standard_cubic_meter, AerComp_BC_InSitu_LII_Accu_MassSTP
1
N/A
19
PI_CONTACT_INFO: 21 Langley Blvd, Hampton, VA 23681
PLATFORM: NASA WFF P3-B N426NA
LOCATION: Philippines; Latitude, Longitude, and Altitude included in Hskping files (MetNav)
ASSOCIATED_DATA: InletFlag, MetNav, cloud flag
INSTRUMENT_INFO: Single particle refractory BC mass measured by laser-induced incandescence. Calibrated using laboratory-generated monodisperse fullerene soot aerosol and polynomial mass/response fit. 
DATA_INFO: Data corrected to STP (760 torr and 273K). Measurements apply to refractory black carbon particles with diameter between 100 and 700nm
UNCERTAINTY: 10%
ULOD_FLAG: -7777
ULOD_VALUE: N/A
LLOD_FLAG: -8888
LLOD_VALUE: N/A
DM_CONTACT_INFO: Luke D. Ziemba, luke.ziemba@nasa.gov, (757)864-6246
PROJECT_INFO: CAMP2Ex based at Clark International Airport, Philippines
STIPULATIONS_ON_USE: Data users are strongly encouraged to contact the instrument PI for information on instrument caveats and best practices.
OTHER_COMMENTS: Data affected by cloud penetrations have NOT been removed.Switched between forward-facing isokinetic inlet and counterflow virtual impactor; flag is provided (InletFlag).Data are removed for calibrations,insufficient laser power,and pump failure.
REVISION: R1
R0: Final Data.  No further adjustments are planned.
R1: Applied time shift of -2s to DLH.
Time_Start, Time_Stop, Time_Mid, BlackCarbon_STP
[from data line 556]
75082.0,75083.0,75082.5,0.3
75083.0,75084.0,75083.5,0.0
75084.0,75085.0,75084.5,1.3
75085.0,75086.0,75085.5,0.4
75086.0,75087.0,75086.5,0.4
75087.0,75088.0,75087.5,0.0
75088.0,75089.0,75088.5,6.2
75089.0,75090.0,75089.5,0.6
75090.0,75091.0,75090.5,3.9
75091.0,75092.0,75091.5,4.8
75092.0,75093.0,75092.5,6.3
75093.0,75094.0,75093.5,7.7
75094.0,75095.0,75094.5,1.3
75095.0,75096.0,75095.5,2.5
75096.0,75097.0,75096.5,0.2
75097.0,75098.0,75097.5,0.7
75098.0,75099.0,75098.5,0.4
75099.0,75100.0,75099.5,0.0
75100.0,75101.0,75100.5,0.0
75101.0,75102.0,75101.5,0.0
75102.0,75103.0,75102.5,0.0
75103.0,75104.0,75103.5,1.5
75104.0,75105.0,75104.5,1.9
75105.0,75106.0,75105.5,2.8
75106.0,75107.0,75106.5,0.0
75107.0,75108.0,75107.5,0.3
75108.0,75109.0,75108.5,1.0
75109.0,75110.0,75109.5,1.1
75110.0,75111.0,75110.5,1.9
75111.0,75112.0,75111.5,0.5
75112.0,75113.0,75112.5,0.7
75113.0,75114.0,75113.5,0.8
75114.0,75115.0,75114.5,0.0
75115.0,75116.0,75115.5,0.0
75116.0,75117.0,75116.5,0.0
75117.0,75118.0,75117.5,0.0
75118.0,75119.0,75118.5,0.0
75119.0,75120.0,75119.5,1.0
75120.0,75121.0,75120.5,0.0
75121.0,75122.0,75121.5,0.0
75122.0,75123.0,75122.5,0.0
75123.0,75124.0,75123.5,0.0
75124.0,75125.0,75124.5,0.0
75125.0,75126.0,75125.5,0.0
75126.0,75127.0,75126.5,0.0
75127.0,75128.0,75127.5,0.6
75128.0,75129.0,75128.5,0.0
75129.0,75130.0,75129.5,0.0
75130.0,75131.0,75130.5,0.0
75131.0,75132.0,75131.5,0.0
75132.0,75133.0,75132.5,0.0
75133.0,75134.0,75133.5,0.0
75134.0,75135.0,75134.5,0.0
75135.0,75136.0,75135.5,0.7
75136.0,75137.0,75136.5,0.0
75137.0,75138.0,75137.5,0.0
75138.0,75139.0,75138.5,0.0
75139.0,75140.0,75139.5,0.6
75140.0,75141.0,75140.5,1.8
75141.0,75142.0,75141.5,0.0
75142.0,75143.0,75142.5,0.0
75143.0,75144.0,75143.5,0.0
75144.0,75145.0,75144.5,0.0
75145.0,75146.0,75145.5,0.0
75146.0,75147.0,75146.5,0.0
75147.0,75148.0,75147.5,0.0
75148.0,75149.0,75148.5,0.8
75149.0,75150.0,75149.5,0.7
75150.0,75151.0,75150.5,1.8
75151.0,75152.0,75151.5,1.0
75152.0,75153.0,75152.5,0.0
75153.0,75154.0,75153.5,0.0
75154.0,75155.0,75154.5,0.0
75155.0,75156.0,75155.5,0.8
75156.0,75157.0,75156.5,0.0
75157.0,75158.0,75157.5,0.0
75158.0,75159.0,75158.5,0.0
75159.0,75160.0,75159.5,0.0
75160.0,75161.0,75160.5,0.0
75161.0,75162.0,75161.5,0.0
75162.0,75163.0,75162.5,2.3
75163.0,75164.0,75163.5,2.2
75164.0,75165.0,75164.5,2.3
75165.0,75166.0,75165.5,6.9
75166.0,75167.0,75166.5,0.0
75167.0,75168.0,75167.5,0.0
75168.0,75169.0,75168.5,9.9
75169.0,75170.0,75169.5,0.0
75170.0,75171.0,75170.5,0.0
75171.0,75172.0,75171.5,0.0
75172.0,75173.0,75172.5,0.0
75173.0,75174.0,75173.5,0.0
75174.0,75175.0,75174.5,0.0
75175.0,75176.0,75175.5,0.0
75176.0,75177.0,75176.5,0.0
75177.0,75178.0,75177.5,0.0
75178.0,75179.0,75178.5,0.0
75179.0,75180.0,75179.5,0.0
75180.0,75181.0,75180.5,2.1
75181.0,75182.0,75181.5,0.0
75182.0,75183.0,75182.5,0.0
75183.0,75184.0,75183.5,0.0
75184.0,75185.0,75184.5,0.0
75185.0,75186.0,75185.5,0.0
75186.0,75187.0,75186.5,0.5
75187.0,75188.0,75187.5,0.0
75188.0,75189.0,75188.5,0.0
75189.0,75190.0,75189.5,0.0
75190.0,75191.0,75190.5,0.0
75191.0,75192.0,75191.5,0.0
75192.0,75193.0,75192.5,0.0
75193.0,75194.0,75193.5,0.0
75194.0,75195.0,75194.5,0.0
75195.0,75196.0,75195.5,0.0
75196.0,75197.0,75196.5,0.0
75197.0,75198.0,75197.5,0.0
75198.0,75199.0,75198.5,0.0
75199.0,75200.0,75199.5,0.7
75200.0,75201.0,75200.5,0.0
75201.0,75202.0,75201.5,0.0
75202.0,75203.0,75202.5,0.0
75203.0,75204.0,75203.5,0.0
75204.0,75205.0,75204.5,0.0
75205.0,75206.0,75205.5,1.6
75206.0,75207.0,75206.5,0.0
75207.0,75208.0,75207.5,0.0
75208.0,75209.0,75208.5,0.0
75209.0,75210.0,75209.5,0.0
75210.0,75211.0,75210.5,0.0
75211.0,75212.0,75211.5,0.8
75212.0,75213.0,75212.5,0.0
75213.0,75214.0,75213.5,0.0
75214.0,75215.0,75214.5,0.0
75215.0,75216.0,75215.5,0.0
75216.0,75217.0,75216.5,0.0
75217.0,75218.0,75217.5,0.0
75218.0,75219.0,75218.5,1.0
75219.0,75220.0,75219.5,0.0
75220.0,75221.0,75220.5,0.0
75221.0,75222.0,75221.5,0.4
75222.0,75223.0,75222.5,0.0
75223.0,75224.0,75223.5,15.7
75224.0,75225.0,75224.5,0.0
75225.0,75226.0,75225.5,0.0
75226.0,75227.0,75226.5,1.0
75227.0,75228.0,75227.5,0.3
75228.0,75229.0,75228.5,1.7
75229.0,75230.0,75229.5,18.9
75230.0,75231.0,75230.5,0.9
75231.0,75232.0,75231.5,0.0
75232.0,75233.0,75232.5,0.0
75233.0,75234.0,75233.5,3.3
75234.0,75235.0,75234.5,0.6
75235.0,75236.0,75235.5,9.0
75236.0,75237.0,75236.5,0.0
75237.0,75238.0,75237.5,0.0
75238.0,75239.0,75238.5,0.8
75239.0,75240.0,75239.5,0.0
75240.0,75241.0,75240.5,1.0
75241.0,75242.0,75241.5,0.5
75242.0,75243.0,75242.5,3.5
75243.0,75244.0,75243.5,0.0
75244.0,75245.0,75244.5,4.6
75245.0,75246.0,75245.5,0.6
75246.0,75247.0,75246.5,12.3
75247.0,75248.0,75247.5,0.0
75248.0,75249.0,75248.5,0.0
75249.0,75250.0,75249.5,0.0
75250.0,75251.0,75250.5,0.0
75251.0,75252.0,75251.5,0.0
75252.0,75253.0,75252.5,3.6
75253.0,75254.0,75253.5,1.3
75254.0,75255.0,75254.5,1.3
75255.0,75256.0,75255.5,1.5
75256.0,75257.0,75256.5,0.0
75257.0,75258.0,75257.5,1.5
75258.0,75259.0,75258.5,0.3
75259.0,75260.0,75259.5,0.3
75260.0,75261.0,75260.5,0.0
75261.0,75262.0,75261.5,0.6
75262.0,75263.0,75262.5,0.0
75263.0,75264.0,75263.5,1.3
75264.0,75265.0,75264.5,0.0
75265.0,75266.0,75265.5,1.3
75266.0,75267.0,75266.5,0.7
75267.0,75268.0,75267.5,3.9
75268.0,75269.0,75268.5,0.3
75269.0,75270.0,75269.5,4.2
75270.0,75271.0,75270.5,0.0
75271.0,75272.0,75271.5,1.8
75272.0,75273.0,75272.5,0.0
75273.0,75274.0,75273.5,0.0
75274.0,75275.0,75274.5,0.0
75275.0,75276.0,75275.5,0.0
75276.0,75277.0,75276.5,0.0
75277.0,75278.0,75277.5,0.0
75278.0,75279.0,75278.5,0.0
75279.0,75280.0,75279.5,0.0
75280.0,75281.0,75280.5,0.0
75281.0,75282.0,75281.5,0.0
75282.0,75283.0,75282.5,0.0
75283.0,75284.0,75283.5,1.9
75284.0,75285.0,75284.5,0.0
75285.0,75286.0,75285.5,0.0
75286.0,75287.0,75286.5,0.0
75287.0,75288.0,75287.5,0.0
75288.0,75289.0,75288.5,0.0
75289.0,75290.0,75289.5,0.0
75290.0,75291.0,75290.5,0.0
75291.0,75292.0,75291.5,0.0
75292.0,75293.0,75292.5,0.0
75293.0,75294.0,75293.5,0.0
75294.0,75295.0,75294.5,0.0
75295.0,75296.0,75295.5,2.9
75296.0,75297.0,75296.5,0.0
75297.0,75298.0,75297.5,0.0
75298.0,75299.0,75298.5,0.0
75299.0,75300.0,75299.5,0.0
75300.0,75301.0,75300.5,5.9
75301.0,75302.0,75301.5,0.0
75302.0,75303.0,75302.5,0.0
75303.0,75304.0,75303.5,0.0
75304.0,75305.0,75304.5,0.0
75305.0,75306.0,75305.5,0.0
75306.0,75307.0,75306.5,0.0
75307.0,75308.0,75307.5,0.0
75308.0,75309.0,75308.5,0.4
75309.0,75310.0,75309.5,0.0
75310.0,75311.0,75310.5,0.0
75311.0,75312.0,75311.5,0.0
75312.0,75313.0,75312.5,0.0
75313.0,75314.0,75313.5,0.0
75314.0,75315.0,75314.5,1.7
75315.0,75316.0,75315.5,0.4
75316.0,75317.0,75316.5,2.0
75317.0,75318.0,75317.5,0.0
75318.0,75319.0,75318.5,0.0
75319.0,75320.0,75319.5,0.0
75320.0,75321.0,75320.5,0.0
75321.0,75322.0,75321.5,0.0
75322.0,75323.0,75322.5,0.0
75323.0,75324.0,75323.5,0.4
75324.0,75325.0,75324.5,0.0
75325.0,75326.0,75325.5,0.0
75326.0,75327.0,75326.5,0.0
75327.0,75328.0,75327.5,0.0
75328.0,75329.0,75328.5,0.8
75329.0,75330.0,75329.5,0.0
75330.0,75331.0,75330.5,0.0
75331.0,75332.0,75331.5,0.0
75332.0,75333.0,75332.5,0.3
75333.0,75334.0,75333.5,0.0
75334.0,75335.0,75334.5,0.0
75335.0,75336.0,75335.5,0.0
75336.0,75337.0,75336.5,0.0
75337.0,75338.0,75337.5,0.0
75338.0,75339.0,75338.5,4.7
75339.0,75340.0,75339.5,0.0
75340.0,75341.0,75340.5,0.0
75341.0,75342.0,75341.5,0.0
75342.0,75343.0,75342.5,0.0
75343.0,75344.0,75343.5,0.5
75344.0,75345.0,75344.5,0.0
75345.0,75346.0,75345.5,0.0
75346.0,75347.0,75346.5,0.0
75347.0,75348.0,75347.5,0.0
75348.0,75349.0,75348.5,0.0
75349.0,75350.0,75349.5,0.0
75350.0,75351.0,75350.5,0.0
75351.0,75352.0,75351.5,0.0
75352.0,75353.0,75352.5,0.7
75353.0,75354.0,75353.5,0.0
75354.0,75355.0,75354.5,0.6
75355.0,75356.0,75355.5,0.0
75356.0,75357.0,75356.5,0.6
75357.0,75358.0,75357.5,0.0
75358.0,75359.0,75358.5,0.0
75359.0,75360.0,75359.5,0.0
75360.0,75361.0,75360.5,0.0
75361.0,75362.0,75361.5,0.0
75362.0,75363.0,75362.5,0.0
75363.0,75364.0,75363.5,0.0
75364.0,75365.0,75364.5,0.0
75365.0,75366.0,75365.5,0.0
75366.0,75367.0,75366.5,0.0
75367.0,75368.0,75367.5,0.0
75368.0,75369.0,75368.5,0.0
75369.0,75370.0,75369.5,0.0
75370.0,75371.0,75370.5,0.0
75371.0,75372.0,75371.5,0.0
75372.0,75373.0,75372.5,0.0
75373.0,75374.0,75373.5,0.0
75374.0,75375.0,75374.5,0.0
75375.0,75376.0,75375.5,0.0
75376.0,75377.0,75376.5,0.0
75377.0,75378.0,75377.5,0.0
75378.0,75379.0,75378.5,0.0
75379.0,75380.0,75379.5,0.0
75380.0,75381.0,75380.5,0.0
75381.0,75382.0,75381.5,0.0
75382.0,75383.0,75382.5,0.0
75383.0,75384.0,75383.5,0.0
75384.0,75385.0,75384.5,0.0
75385.0,75386.0,75385.5,0.0
75386.0,75387.0,75386.5,0.0
75387.0,75388.0,75387.5,0.0
75388.0,75389.0,75388.5,0.0
75389.0,75390.0,75389.5,0.0
75390.0,75391.0,75390.5,0.0
75391.0,75392.0,75391.5,0.0
75392.0,75393.0,75392.5,0.6
75393.0,75394.0,75393.5,0.0
75394.0,75395.0,75394.5,0.0
75395.0,75396.0,75395.5,0.0
75396.0,75397.0,75396.5,0.0
75397.0,75398.0,75397.5,0.0
75398.0,75399.0,75398.5,0.0
75399.0,75400.0,75399.5,1.6
75400.0,75401.0,75400.5,0.0
75401.0,75402.0,75401.5,0.0
75402.0,75403.0,75402.5,0.0
75403.0,75404.0,75403.5,0.0
75404.0,75405.0,75404.5,0.0
75405.0,75406.0,75405.5,0.0
75406.0,75407.0,75406.5,0.0
75407.0,75408.0,75407.5,0.0
75408.0,75409.0,75408.5,0.0
75409.0,75410.0,75409.5,0.0
75410.0,75411.0,75410.5,0.5
75411.0,75412.0,75411.5,0.0
75412.0,75413.0,75412.5,0.0
75413.0,75414.0,75413.5,0.0
75414.0,75415.0,75414.5,0.0
75415.0,75416.0,75415.5,0.0
75416.0,75417.0,75416.5,0.0
75417.0,75418.0,75417.5,0.0
75418.0,75419.0,75418.5,0.0
75419.0,75420.0,75419.5,0.6
75420.0,75421.0,75420.5,6.1
75421.0,75422.0,75421.5,0.0
75422.0,75423.0,75422.5,0.0
75423.0,75424.0,75423.5,0.0
75424.0,75425.0,75424.5,0.0
75425.0,75426.0,75425.5,0.0
75426.0,75427.0,75426.5,0.0
75427.0,75428.0,75427.5,0.0
75428.0,75429.0,75428.5,0.0
75429.0,75430.0,75429.5,0.3
75430.0,75431.0,75430.5,1.1
75431.0,75432.0,75431.5,0.0
75432.0,75433.0,75432.5,1.3
75433.0,75434.0,75433.5,0.0
75434.0,75435.0,75434.5,0.0
75435.0,75436.0,75435.5,0.0
75436.0,75437.0,75436.5,1.2
75437.0,75438.0,75437.5,0.0
75438.0,75439.0,75438.5,0.0
75439.0,75440.0,75439.5,0.0
75440.0,75441.0,75440.5,1.2
75441.0,75442.0,75441.5,0.0
75442.0,75443.0,75442.5,0.0
75443.0,75444.0,75443.5,0.0
75444.0,75445.0,75444.5,0.0
75445.0,75446.0,75445.5,1.9
75446.0,75447.0,75446.5,0.0
75447.0,75448.0,75447.5,0.0
75448.0,75449.0,75448.5,0.0
75449.0,75450.0,75449.5,0.0
75450.0,75451.0,75450.5,0.0
75451.0,75452.0,75451.5,0.0
75452.0,75453.0,75452.5,0.0
75453.0,75454.0,75453.5,0.0
75454.0,75455.0,75454.5,0.0
75455.0,75456.0,75455.5,0.0
75456.0,75457.0,75456.5,0.0
75457.0,75458.0,75457.5,0.0
75458.0,75459.0,75458.5,1.4
75459.0,75460.0,75459.5,0.0
75460.0,75461.0,75460.5,0.0
75461.0,75462.0,75461.5,0.0
75462.0,75463.0,75462.5,0.3
75463.0,75464.0,75463.5,0.0
75464.0,75465.0,75464.5,0.0
75465.0,75466.0,75465.5,0.4
75466.0,75467.0,75466.5,0.5
75467.0,75468.0,75467.5,0.0
75468.0,75469.0,75468.5,0.0
75469.0,75470.0,75469.5,0.0
75470.0,75471.0,75470.5,0.0
75471.0,75472.0,75471.5,0.0
75472.0,75473.0,75472.5,0.0
75473.0,75474.0,75473.5,0.7
75474.0,75475.0,75474.5,0.0
75475.0,75476.0,75475.5,0.0
75476.0,75477.0,75476.5,0.0
75477.0,75478.0,75477.5,1.1
75478.0,75479.0,75478.5,0.0
75479.0,75480.0,75479.5,0.0
75480.0,75481.0,75480.5,0.0
75481.0,75482.0,75481.5,0.0
75482.0,75483.0,75482.5,0.9
75483.0,75484.0,75483.5,0.0
75484.0,75485.0,75484.5,0.0
75485.0,75486.0,75485.5,0.0
75486.0,75487.0,75486.5,3.1
75487.0,75488.0,75487.5,0.0
75488.0,75489.0,75488.5,0.0
75489.0,75490.0,75489.5,0.0
75490.0,75491.0,75490.5,0.0
75491.0,75492.0,75491.5,0.3
75492.0,75493.0,75492.5,0.0
75493.0,75494.0,75493.5,0.0
75494.0,75495.0,75494.5,0.0
75495.0,75496.0,75495.5,0.0
75496.0,75497.0,75496.5,0.0
75497.0,75498.0,75497.5,0.0
75498.0,75499.0,75498.5,0.0
75499.0,75500.0,75499.5,2.2
75500.0,75501.0,75500.5,0.6
75501.0,75502.0,75501.5,0.6
75502.0,75503.0,75502.5,0.0
75503.0,75504.0,75503.5,0.0
75504.0,75505.0,75504.5,1.6
75505.0,75506.0,75505.5,0.0
75506.0,75507.0,75506.5,2.9
75507.0,75508.0,75507.5,1.0
75508.0,75509.0,75508.5,0.0
75509.0,75510.0,75509.5,3.1
75510.0,75511.0,75510.5,0.0
75511.0,75512.0,75511.5,3.1
75512.0,75513.0,75512.5,0.0
75513.0,75514.0,75513.5,1.8
75514.0,75515.0,75514.5,0.0
75515.0,75516.0,75515.5,0.0
75516.0,75517.0,75516.5,0.0
75517.0,75518.0,75517.5,0.5
75518.0,75519.0,75518.5,0.0
75519.0,75520.0,75519.5,0.0
75520.0,75521.0,75520.5,1.8
75521.0,75522.0,75521.5,1.6
75522.0,75523.0,75522.5,0.0
75523.0,75524.0,75523.5,2.3
75524.0,75525.0,75524.5,0.7
75525.0,75526.0,75525.5,0.0
75526.0,75527.0,75526.5,0.0
75527.0,75528.0,75527.5,0.0
75528.0,75529.0,75528.5,0.5
75529.0,75530.0,75529.5,0.0
75530.0,75531.0,75530.5,1.4
75531.0,75532.0,75531.5,0.6
75532.0,75533.0,75532.5,1.2
75533.0,75534.0,75533.5,0.0
75534.0,75535.0,75534.5,0.0
75535.0,75536.0,75535.5,0.0
75536.0,75537.0,75536.5,0.0
75537.0,75538.0,75537.5,3.2
75538.0,75539.0,75538.5,0.0
75539.0,75540.0,75539.5,0.9
75540.0,75541.0,75540.5,0.0
75541.0,75542.0,75541.5,0.7
75542.0,75543.0,75542.5,1.3
75543.0,75544.0,75543.5,0.0
75544.0,75545.0,75544.5,0.0
75545.0,75546.0,75545.5,0.0
75546.0,75547.0,75546.5,0.0
75547.0,75548.0,75547.5,0.0
75548.0,75549.0,75548.5,0.0
75549.0,75550.0,75549.5,0.0
75550.0,75551.0,75550.5,0.0
75551.0,75552.0,75551.5,0.4
75552.0,75553.0,75552.5,0.0
75553.0,75554.0,75553.5,2.1
75554.0,75555.0,75554.5,0.0
75555.0,75556.0,75555.5,0.0
75556.0,75557.0,75556.5,1.0
75557.0,75558.0,75557.5,0.0
75558.0,75559.0,75558.5,0.4
75559.0,75560.0,75559.5,0.6
75560.0,75561.0,75560.5,4.3
75561.0,75562.0,75561.5,0.0
75562.0,75563.0,75562.5,1.7
75563.0,75564.0,75563.5,0.0
75564.0,75565.0,75564.5,0.0
75565.0,75566.0,75565.5,0.6
75566.0,75567.0,75566.5,0.0
75567.0,75568.0,75567.5,0.0
75568.0,75569.0,75568.5,0.0
75569.0,75570.0,75569.5,1.0
75570.0,75571.0,75570.5,1.1
75571.0,75572.0,75571.5,0.3
75572.0,75573.0,75572.5,0.5
75573.0,75574.0,75573.5,2.3
75574.0,75575.0,75574.5,0.0
75575.0,75576.0,75575.5,0.9
75576.0,75577.0,75576.5,24.4
75577.0,75578.0,75577.5,0.4
75578.0,75579.0,75578.5,0.0
75579.0,75580.0,75579.5,0.8
75580.0,75581.0,75580.5,1.1
75581.0,75582.0,75581.5,0.0
75582.0,75583.0,75582.5,1.3
75583.0,75584.0,75583.5,10.2
75584.0,75585.0,75584.5,0.0
75585.0,75586.0,75585.5,0.4
75586.0,75587.0,75586.5,0.0
75587.0,75588.0,75587.5,0.0
75588.0,75589.0,75588.5,0.0
75589.0,75590.0,75589.5,0.0
75590.0,75591.0,75590.5,0.0
75591.0,75592.0,75591.5,2.1
75592.0,75593.0,75592.5,0.0
75593.0,75594.0,75593.5,0.0
75594.0,75595.0,75594.5,0.0
75595.0,75596.0,75595.5,2.4
75596.0,75597.0,75596.5,3.0
75597.0,75598.0,75597.5,0.0
75598.0,75599.0,75598.5,1.0
75599.0,75600.0,75599.5,4.6
75600.0,75601.0,75600.5,0.5
75601.0,75602.0,75601.5,0.0
75602.0,75603.0,75602.5,1.7
75603.0,75604.0,75603.5,0.5
75604.0,75605.0,75604.5,3.8
75605.0,75606.0,75605.5,3.0
75606.0,75607.0,75606.5,0.0
75607.0,75608.0,75607.5,0.0
75608.0,75609.0,75608.5,0.0
75609.0,75610.0,75609.5,1.0
75610.0,75611.0,75610.5,0.4
75611.0,75612.0,75611.5,2.5
75612.0,75613.0,75612.5,0.0
75613.0,75614.0,75613.5,0.9
75614.0,75615.0,75614.5,0.0
75615.0,75616.0,75615.5,3.8
75616.0,75617.0,75616.5,2.4
75617.0,75618.0,75617.5,4.0
75618.0,75619.0,75618.5,4.4
75619.0,75620.0,75619.5,0.0
75620.0,75621.0,75620.5,3.7
75621.0,75622.0,75621.5,3.1
75622.0,75623.0,75622.5,4.6
75623.0,75624.0,75623.5,4.3
75624.0,75625.0,75624.5,1.4
75625.0,75626.0,75625.5,0.0
75626.0,75627.0,75626.5,1.0
75627.0,75628.0,75627.5,0.0
75628.0,75629.0,75628.5,0.0
75629.0,75630.0,75629.5,0.0
75630.0,75631.0,75630.5,0.0
75631.0,75632.0,75631.5,0.8
75632.0,75633.0,75632.5,1.6
75633.0,75634.0,75633.5,0.0
75634.0,75635.0,75634.5,3.1
75635.0,75636.0,75635.5,1.5
75636.0,75637.0,75636.5,0.6
75637.0,75638.0,75637.5,1.8
75638.0,75639.0,75638.5,0.4
75639.0,75640.0,75639.5,1.1
75640.0,75641.0,75640.5,0.0
75641.0,75642.0,75641.5,0.5
75642.0,75643.0,75642.5,3.3
75643.0,75644.0,75643.5,0.4
75644.0,75645.0,75644.5,0.0
75645.0,75646.0,75645.5,0.0
75646.0,75647.0,75646.5,0.0
75647.0,75648.0,75647.5,0.0
75648.0,75649.0,75648.5,0.3
75649.0,75650.0,75649.5,0.0
75650.0,75651.0,75650.5,0.0
75651.0,75652.0,75651.5,0.0
