NASA Data Processing/CAMP2Ex/SP2/CAMP2Ex-LARGE-SP2_P3B_20190919_R1.ict
37, 1001
Luke D. Ziemba
NASA Langley Research Center
Single Particle Soot Photometer (SP2), DMT
CAMP2Ex
1, 1
2019, 09, 19, 2020,05,06
0
Time_Start, seconds_past_midnight, start_seconds_past_midnight
3
1, 1, 1
-9999, -9999, -9999
Time_Stop, seconds_past_midnight, stop_seconds_past_midnight
Time_Mid, seconds_past_midnight, mid_seconds_past_midnight
BlackCarbon_STP, Black_Carbon_nanograms_per_standard_cubic_meter, AerComp_BC_InSitu_LII_Accu_MassSTP
1
N/A
19
PI_CONTACT_INFO: 21 Langley Blvd, Hampton, VA 23681
PLATFORM: NASA WFF P3-B N426NA
LOCATION: Philippines; Latitude, Longitude, and Altitude included in Hskping files (MetNav)
ASSOCIATED_DATA: InletFlag, MetNav, cloud flag
INSTRUMENT_INFO: Single particle refractory BC mass measured by laser-induced incandescence. Calibrated using laboratory-generated monodisperse fullerene soot aerosol and polynomial mass/response fit. 
DATA_INFO: Data corrected to STP (760 torr and 273K). Measurements apply to refractory black carbon particles with diameter between 100 and 700nm
UNCERTAINTY: 10%
ULOD_FLAG: -7777
ULOD_VALUE: N/A
LLOD_FLAG: -8888
LLOD_VALUE: N/A
DM_CONTACT_INFO: Luke D. Ziemba, luke.ziemba@nasa.gov, (757)864-6246
PROJECT_INFO: CAMP2Ex based at Clark International Airport, Philippines
STIPULATIONS_ON_USE: Data users are strongly encouraged to contact the instrument PI for information on instrument caveats and best practices.
OTHER_COMMENTS: Data affected by cloud penetrations have NOT been removed.Switched between forward-facing isokinetic inlet and counterflow virtual impactor; flag is provided (InletFlag).Data are removed for calibrations,insufficient laser power,and pump failure.
REVISION: R1
R0: Final Data.  No further adjustments are planned.
R1: Applied time shift of -2s to DLH.
Time_Start, Time_Stop, Time_Mid, BlackCarbon_STP
[from data line 21666]
103724.0,103725.0,103724.5,4.7
103725.0,103726.0,103725.5,16.0
103726.0,103727.0,103726.5,7.9
103727.0,103728.0,103727.5,2.3
103728.0,103729.0,103728.5,34.2
103729.0,103730.0,103729.5,23.5
103730.0,103731.0,103730.5,16.9
103731.0,103732.0,103731.5,7.3
103732.0,103733.0,103732.5,0.0
103733.0,103734.0,103733.5,31.4
103734.0,103735.0,103734.5,13.0
103735.0,103736.0,103735.5,15.0
103736.0,103737.0,103736.5,0.4
103737.0,103738.0,103737.5,17.7
103738.0,103739.0,103738.5,16.7
103739.0,103740.0,103739.5,58.3
103740.0,103741.0,103740.5,21.3
103741.0,103742.0,103741.5,90.5
103742.0,103743.0,103742.5,22.9
103743.0,103744.0,103743.5,15.1
103744.0,103745.0,103744.5,25.4
103745.0,103746.0,103745.5,1.5
103746.0,103747.0,103746.5,1.9
103747.0,103748.0,103747.5,4.4
103748.0,103749.0,103748.5,7.0
103749.0,103750.0,103749.5,22.3
103750.0,103751.0,103750.5,44.9
103751.0,103752.0,103751.5,10.6
103752.0,103753.0,103752.5,7.5
103753.0,103754.0,103753.5,73.5
103754.0,103755.0,103754.5,25.1
103755.0,103756.0,103755.5,18.6
103756.0,103757.0,103756.5,29.6
103757.0,103758.0,103757.5,28.3
103758.0,103759.0,103758.5,42.4
103759.0,103760.0,103759.5,2.8
103760.0,103761.0,103760.5,20.6
103761.0,103762.0,103761.5,3.3
103762.0,103763.0,103762.5,37.3
103763.0,103764.0,103763.5,18.0
103764.0,103765.0,103764.5,1.4
103765.0,103766.0,103765.5,1.1
103766.0,103767.0,103766.5,32.5
103767.0,103768.0,103767.5,10.7
103768.0,103769.0,103768.5,3.5
103769.0,103770.0,103769.5,10.6
103770.0,103771.0,103770.5,20.7
103771.0,103772.0,103771.5,7.5
103772.0,103773.0,103772.5,4.5
103773.0,103774.0,103773.5,22.1
103774.0,103775.0,103774.5,36.5
103775.0,103776.0,103775.5,19.4
103776.0,103777.0,103776.5,61.4
103777.0,103778.0,103777.5,74.4
103778.0,103779.0,103778.5,27.2
103779.0,103780.0,103779.5,13.3
103780.0,103781.0,103780.5,12.2
103781.0,103782.0,103781.5,23.1
103782.0,103783.0,103782.5,9.3
103783.0,103784.0,103783.5,15.6
103784.0,103785.0,103784.5,53.0
103785.0,103786.0,103785.5,116.3
103786.0,103787.0,103786.5,159.7
103787.0,103788.0,103787.5,11.6
103788.0,103789.0,103788.5,12.9
103789.0,103790.0,103789.5,100.2
103790.0,103791.0,103790.5,13.2
103791.0,103792.0,103791.5,15.8
103792.0,103793.0,103792.5,8.4
103793.0,103794.0,103793.5,0.3
103794.0,103795.0,103794.5,5.4
103795.0,103796.0,103795.5,4.5
103796.0,103797.0,103796.5,23.8
103797.0,103798.0,103797.5,54.0
103798.0,103799.0,103798.5,32.4
103799.0,103800.0,103799.5,9.5
103800.0,103801.0,103800.5,8.6
103801.0,103802.0,103801.5,5.7
103802.0,103803.0,103802.5,13.0
103803.0,103804.0,103803.5,12.3
103804.0,103805.0,103804.5,25.2
103805.0,103806.0,103805.5,19.8
103806.0,103807.0,103806.5,3.2
103807.0,103808.0,103807.5,28.7
103808.0,103809.0,103808.5,117.2
103809.0,103810.0,103809.5,5.6
103810.0,103811.0,103810.5,2.9
103811.0,103812.0,103811.5,6.0
103812.0,103813.0,103812.5,11.9
103813.0,103814.0,103813.5,12.7
103814.0,103815.0,103814.5,63.4
103815.0,103816.0,103815.5,5.5
103816.0,103817.0,103816.5,15.9
103817.0,103818.0,103817.5,52.8
103818.0,103819.0,103818.5,28.1
103819.0,103820.0,103819.5,50.9
103820.0,103821.0,103820.5,5.2
103821.0,103822.0,103821.5,1.5
103822.0,103823.0,103822.5,3.3
103823.0,103824.0,103823.5,17.0
103824.0,103825.0,103824.5,16.0
103825.0,103826.0,103825.5,27.7
103826.0,103827.0,103826.5,1.5
103827.0,103828.0,103827.5,293.5
103828.0,103829.0,103828.5,105.6
103829.0,103830.0,103829.5,22.7
103830.0,103831.0,103830.5,1.9
103831.0,103832.0,103831.5,2.6
103832.0,103833.0,103832.5,0.2
103833.0,103834.0,103833.5,0.0
103834.0,103835.0,103834.5,0.0
103835.0,103836.0,103835.5,0.0
103836.0,103837.0,103836.5,0.0
103837.0,103838.0,103837.5,0.0
103838.0,103839.0,103838.5,0.0
103839.0,103840.0,103839.5,0.0
103840.0,103841.0,103840.5,0.0
103841.0,103842.0,103841.5,0.0
103842.0,103843.0,103842.5,0.0
103843.0,103844.0,103843.5,0.0
103844.0,103845.0,103844.5,0.0
103845.0,103846.0,103845.5,0.0
103846.0,103847.0,103846.5,0.0
103847.0,103848.0,103847.5,0.0
103848.0,103849.0,103848.5,0.0
103849.0,103850.0,103849.5,0.0
103850.0,103851.0,103850.5,0.0
103851.0,103852.0,103851.5,0.0
103852.0,103853.0,103852.5,0.0
103853.0,103854.0,103853.5,0.0
103854.0,103855.0,103854.5,0.0
103855.0,103856.0,103855.5,0.0
103856.0,103857.0,103856.5,0.0
103857.0,103858.0,103857.5,0.0
103858.0,103859.0,103858.5,5.5
103859.0,103860.0,103859.5,8.4
103860.0,103861.0,103860.5,15.8
103861.0,103862.0,103861.5,16.6
103862.0,103863.0,103862.5,9.6
103863.0,103864.0,103863.5,23.0
103864.0,103865.0,103864.5,24.7
103865.0,103866.0,103865.5,5.7
103866.0,103867.0,103866.5,14.1
103867.0,103868.0,103867.5,18.4
103868.0,103869.0,103868.5,40.3
103869.0,103870.0,103869.5,15.6
103870.0,103871.0,103870.5,19.6
103871.0,103872.0,103871.5,24.4
103872.0,103873.0,103872.5,26.6
103873.0,103874.0,103873.5,2.4
103874.0,103875.0,103874.5,1.8
103875.0,103876.0,103875.5,8.2
103876.0,103877.0,103876.5,6.4
103877.0,103878.0,103877.5,2.2
103878.0,103879.0,103878.5,91.5
103879.0,103880.0,103879.5,13.6
103880.0,103881.0,103880.5,32.1
103881.0,103882.0,103881.5,16.4
103882.0,103883.0,103882.5,4.4
103883.0,103884.0,103883.5,5.7
103884.0,103885.0,103884.5,10.0
103885.0,103886.0,103885.5,2.5
103886.0,103887.0,103886.5,13.3
103887.0,103888.0,103887.5,41.5
103888.0,103889.0,103888.5,18.3
103889.0,103890.0,103889.5,6.0
103890.0,103891.0,103890.5,28.5
103891.0,103892.0,103891.5,31.1
103892.0,103893.0,103892.5,14.3
103893.0,103894.0,103893.5,2.7
103894.0,103895.0,103894.5,21.9
103895.0,103896.0,103895.5,30.0
103896.0,103897.0,103896.5,88.1
103897.0,103898.0,103897.5,48.1
103898.0,103899.0,103898.5,21.7
103899.0,103900.0,103899.5,2.9
103900.0,103901.0,103900.5,11.6
103901.0,103902.0,103901.5,9.2
103902.0,103903.0,103902.5,27.3
103903.0,103904.0,103903.5,24.0
103904.0,103905.0,103904.5,34.0
103905.0,103906.0,103905.5,1.3
103906.0,103907.0,103906.5,41.7
103907.0,103908.0,103907.5,15.2
103908.0,103909.0,103908.5,7.3
103909.0,103910.0,103909.5,53.7
103910.0,103911.0,103910.5,56.0
103911.0,103912.0,103911.5,28.1
103912.0,103913.0,103912.5,1.9
103913.0,103914.0,103913.5,17.8
103914.0,103915.0,103914.5,4.3
103915.0,103916.0,103915.5,14.3
103916.0,103917.0,103916.5,10.6
103917.0,103918.0,103917.5,8.5
103918.0,103919.0,103918.5,22.3
103919.0,103920.0,103919.5,10.7
103920.0,103921.0,103920.5,14.8
103921.0,103922.0,103921.5,31.7
103922.0,103923.0,103922.5,8.5
103923.0,103924.0,103923.5,10.3
103924.0,103925.0,103924.5,2.4
103925.0,103926.0,103925.5,11.1
103926.0,103927.0,103926.5,2.5
103927.0,103928.0,103927.5,7.1
103928.0,103929.0,103928.5,7.6
103929.0,103930.0,103929.5,6.3
103930.0,103931.0,103930.5,9.8
103931.0,103932.0,103931.5,35.8
103932.0,103933.0,103932.5,1.9
103933.0,103934.0,103933.5,3.6
103934.0,103935.0,103934.5,7.1
103935.0,103936.0,103935.5,4.4
103936.0,103937.0,103936.5,53.3
103937.0,103938.0,103937.5,10.4
103938.0,103939.0,103938.5,22.3
103939.0,103940.0,103939.5,24.5
103940.0,103941.0,103940.5,6.4
103941.0,103942.0,103941.5,3.1
103942.0,103943.0,103942.5,14.9
103943.0,103944.0,103943.5,14.7
103944.0,103945.0,103944.5,1.5
103945.0,103946.0,103945.5,30.0
103946.0,103947.0,103946.5,16.7
103947.0,103948.0,103947.5,11.5
103948.0,103949.0,103948.5,6.1
103949.0,103950.0,103949.5,13.4
103950.0,103951.0,103950.5,6.1
103951.0,103952.0,103951.5,0.5
103952.0,103953.0,103952.5,8.9
103953.0,103954.0,103953.5,6.6
103954.0,103955.0,103954.5,2.6
103955.0,103956.0,103955.5,20.1
103956.0,103957.0,103956.5,30.8
103957.0,103958.0,103957.5,23.5
103958.0,103959.0,103958.5,30.0
103959.0,103960.0,103959.5,12.7
103960.0,103961.0,103960.5,8.1
103961.0,103962.0,103961.5,2.1
103962.0,103963.0,103962.5,4.3
103963.0,103964.0,103963.5,0.7
103964.0,103965.0,103964.5,24.7
103965.0,103966.0,103965.5,91.3
103966.0,103967.0,103966.5,44.0
103967.0,103968.0,103967.5,30.5
103968.0,103969.0,103968.5,43.0
103969.0,103970.0,103969.5,1.2
103970.0,103971.0,103970.5,12.8
103971.0,103972.0,103971.5,6.6
103972.0,103973.0,103972.5,24.3
103973.0,103974.0,103973.5,13.5
103974.0,103975.0,103974.5,9.7
103975.0,103976.0,103975.5,5.6
103976.0,103977.0,103976.5,28.2
103977.0,103978.0,103977.5,3.1
103978.0,103979.0,103978.5,15.2
103979.0,103980.0,103979.5,22.1
103980.0,103981.0,103980.5,13.1
103981.0,103982.0,103981.5,6.4
103982.0,103983.0,103982.5,51.3
103983.0,103984.0,103983.5,9.5
103984.0,103985.0,103984.5,7.7
103985.0,103986.0,103985.5,15.9
103986.0,103987.0,103986.5,27.7
103987.0,103988.0,103987.5,31.9
103988.0,103989.0,103988.5,20.7
103989.0,103990.0,103989.5,9.7
103990.0,103991.0,103990.5,38.4
103991.0,103992.0,103991.5,10.0
103992.0,103993.0,103992.5,80.0
103993.0,103994.0,103993.5,69.1
103994.0,103995.0,103994.5,7.5
103995.0,103996.0,103995.5,0.0
103996.0,103997.0,103996.5,5.6
103997.0,103998.0,103997.5,34.6
103998.0,103999.0,103998.5,35.8
103999.0,104000.0,103999.5,27.2
104000.0,104001.0,104000.5,5.0
104001.0,104002.0,104001.5,15.5
104002.0,104003.0,104002.5,47.8
104003.0,104004.0,104003.5,11.9
104004.0,104005.0,104004.5,1.9
104005.0,104006.0,104005.5,46.1
104006.0,104007.0,104006.5,7.8
104007.0,104008.0,104007.5,15.5
104008.0,104009.0,104008.5,5.8
104009.0,104010.0,104009.5,11.2
104010.0,104011.0,104010.5,34.2
104011.0,104012.0,104011.5,5.5
104012.0,104013.0,104012.5,6.4
104013.0,104014.0,104013.5,51.9
104014.0,104015.0,104014.5,51.7
104015.0,104016.0,104015.5,4.1
104016.0,104017.0,104016.5,2.1
104017.0,104018.0,104017.5,3.1
104018.0,104019.0,104018.5,56.7
104019.0,104020.0,104019.5,35.4
104020.0,104021.0,104020.5,27.7
104021.0,104022.0,104021.5,156.4
104022.0,104023.0,104022.5,10.9
104023.0,104024.0,104023.5,17.7
104024.0,104025.0,104024.5,43.6
104025.0,104026.0,104025.5,0.9
104026.0,104027.0,104026.5,26.8
104027.0,104028.0,104027.5,69.4
104028.0,104029.0,104028.5,34.1
104029.0,104030.0,104029.5,10.4
104030.0,104031.0,104030.5,46.6
104031.0,104032.0,104031.5,5.6
104032.0,104033.0,104032.5,8.1
104033.0,104034.0,104033.5,16.7
104034.0,104035.0,104034.5,13.5
104035.0,104036.0,104035.5,12.5
104036.0,104037.0,104036.5,15.0
104037.0,104038.0,104037.5,26.4
104038.0,104039.0,104038.5,29.2
104039.0,104040.0,104039.5,8.1
104040.0,104041.0,104040.5,6.1
104041.0,104042.0,104041.5,5.2
104042.0,104043.0,104042.5,15.7
104043.0,104044.0,104043.5,52.7
104044.0,104045.0,104044.5,22.7
104045.0,104046.0,104045.5,30.7
104046.0,104047.0,104046.5,3.9
104047.0,104048.0,104047.5,22.8
104048.0,104049.0,104048.5,10.3
104049.0,104050.0,104049.5,23.9
104050.0,104051.0,104050.5,28.2
104051.0,104052.0,104051.5,42.8
104052.0,104053.0,104052.5,7.2
104053.0,104054.0,104053.5,38.7
104054.0,104055.0,104054.5,4.0
104055.0,104056.0,104055.5,19.4
104056.0,104057.0,104056.5,11.0
104057.0,104058.0,104057.5,10.2
104058.0,104059.0,104058.5,4.4
104059.0,104060.0,104059.5,12.5
104060.0,104061.0,104060.5,8.5
104061.0,104062.0,104061.5,4.8
104062.0,104063.0,104062.5,7.5
104063.0,104064.0,104063.5,2.6
104064.0,104065.0,104064.5,28.1
104065.0,104066.0,104065.5,23.5
104066.0,104067.0,104066.5,0.0
104067.0,104068.0,104067.5,7.0
104068.0,104069.0,104068.5,7.6
104069.0,104070.0,104069.5,24.8
104070.0,104071.0,104070.5,17.0
104071.0,104072.0,104071.5,32.5
104072.0,104073.0,104072.5,4.1
104073.0,104074.0,104073.5,16.0
104074.0,104075.0,104074.5,2.3
104075.0,104076.0,104075.5,11.2
104076.0,104077.0,104076.5,52.4
104077.0,104078.0,104077.5,13.3
104078.0,104079.0,104078.5,12.8
104079.0,104080.0,104079.5,17.0
104080.0,104081.0,104080.5,118.6
104081.0,104082.0,104081.5,28.4
104082.0,104083.0,104082.5,3.2
104083.0,104084.0,104083.5,27.1
104084.0,104085.0,104084.5,21.7
104085.0,104086.0,104085.5,43.1
104086.0,104087.0,104086.5,27.6
104087.0,104088.0,104087.5,0.0
104088.0,104089.0,104088.5,29.3
104089.0,104090.0,104089.5,27.2
104090.0,104091.0,104090.5,6.7
104091.0,104092.0,104091.5,32.8
104092.0,104093.0,104092.5,39.5
104093.0,104094.0,104093.5,6.8
104094.0,104095.0,104094.5,9.8
104095.0,104096.0,104095.5,21.5
104096.0,104097.0,104096.5,9.5
104097.0,104098.0,104097.5,43.3
104098.0,104099.0,104098.5,17.4
104099.0,104100.0,104099.5,21.6
104100.0,104101.0,104100.5,17.6
104101.0,104102.0,104101.5,15.3
104102.0,104103.0,104102.5,41.7
104103.0,104104.0,104103.5,15.5
104104.0,104105.0,104104.5,6.6
104105.0,104106.0,104105.5,15.2
104106.0,104107.0,104106.5,22.9
104107.0,104108.0,104107.5,43.2
104108.0,104109.0,104108.5,31.6
104109.0,104110.0,104109.5,20.1
104110.0,104111.0,104110.5,12.1
104111.0,104112.0,104111.5,65.6
104112.0,104113.0,104112.5,49.6
104113.0,104114.0,104113.5,87.2
104114.0,104115.0,104114.5,29.6
104115.0,104116.0,104115.5,4.5
104116.0,104117.0,104116.5,38.2
104117.0,104118.0,104117.5,14.7
104118.0,104119.0,104118.5,90.1
104119.0,104120.0,104119.5,46.8
104120.0,104121.0,104120.5,27.8
104121.0,104122.0,104121.5,12.7
104122.0,104123.0,104122.5,11.8
104123.0,104124.0,104123.5,23.0
104124.0,104125.0,104124.5,29.5
104125.0,104126.0,104125.5,12.7
104126.0,104127.0,104126.5,111.9
104127.0,104128.0,104127.5,33.2
104128.0,104129.0,104128.5,30.0
104129.0,104130.0,104129.5,16.4
104130.0,104131.0,104130.5,21.0
104131.0,104132.0,104131.5,12.5
104132.0,104133.0,104132.5,46.7
104133.0,104134.0,104133.5,23.7
104134.0,104135.0,104134.5,2.4
104135.0,104136.0,104135.5,12.9
104136.0,104137.0,104136.5,18.0
104137.0,104138.0,104137.5,8.5
104138.0,104139.0,104138.5,4.8
104139.0,104140.0,104139.5,0.9
104140.0,104141.0,104140.5,39.5
104141.0,104142.0,104141.5,9.6
104142.0,104143.0,104142.5,4.2
104143.0,104144.0,104143.5,12.6
104144.0,104145.0,104144.5,10.9
104145.0,104146.0,104145.5,9.9
104146.0,104147.0,104146.5,16.2
104147.0,104148.0,104147.5,29.4
104148.0,104149.0,104148.5,32.0
104149.0,104150.0,104149.5,3.8
104150.0,104151.0,104150.5,6.1
104151.0,104152.0,104151.5,31.6
104152.0,104153.0,104152.5,2.1
104153.0,104154.0,104153.5,23.8
104154.0,104155.0,104154.5,62.2
104155.0,104156.0,104155.5,30.8
104156.0,104157.0,104156.5,34.7
104157.0,104158.0,104157.5,9.5
104158.0,104159.0,104158.5,54.7
104159.0,104160.0,104159.5,13.3
104160.0,104161.0,104160.5,8.7
104161.0,104162.0,104161.5,76.3
104162.0,104163.0,104162.5,116.0
104163.0,104164.0,104163.5,6.1
104164.0,104165.0,104164.5,8.3
104165.0,104166.0,104165.5,7.5
104166.0,104167.0,104166.5,3.0
104167.0,104168.0,104167.5,0.1
104168.0,104169.0,104168.5,12.9
104169.0,104170.0,104169.5,21.7
104170.0,104171.0,104170.5,7.2
104171.0,104172.0,104171.5,17.9
104172.0,104173.0,104172.5,5.6
104173.0,104174.0,104173.5,11.0
104174.0,104175.0,104174.5,111.4
104175.0,104176.0,104175.5,13.2
104176.0,104177.0,104176.5,1.3
104177.0,104178.0,104177.5,24.4
104178.0,104179.0,104178.5,85.8
104179.0,104180.0,104179.5,55.5
104180.0,104181.0,104180.5,9.7
104181.0,104182.0,104181.5,14.0
104182.0,104183.0,104182.5,50.3
104183.0,104184.0,104183.5,4.0
104184.0,104185.0,104184.5,15.0
104185.0,104186.0,104185.5,5.8
104186.0,104187.0,104186.5,16.9
104187.0,104188.0,104187.5,11.7
104188.0,104189.0,104188.5,7.2
104189.0,104190.0,104189.5,11.4
104190.0,104191.0,104190.5,22.3
104191.0,104192.0,104191.5,12.4
104192.0,104193.0,104192.5,57.9
104193.0,104194.0,104193.5,5.4
104194.0,104195.0,104194.5,7.5
104195.0,104196.0,104195.5,10.5
104196.0,104197.0,104196.5,18.6
104197.0,104198.0,104197.5,8.0
104198.0,104199.0,104198.5,2.1
104199.0,104200.0,104199.5,23.7
104200.0,104201.0,104200.5,15.6
104201.0,104202.0,104201.5,18.9
104202.0,104203.0,104202.5,5.5
104203.0,104204.0,104203.5,14.8
104204.0,104205.0,104204.5,90.6
104205.0,104206.0,104205.5,30.1
104206.0,104207.0,104206.5,46.1
104207.0,104208.0,104207.5,6.3
104208.0,104209.0,104208.5,37.6
104209.0,104210.0,104209.5,3.2
104210.0,104211.0,104210.5,23.2
104211.0,104212.0,104211.5,1.0
104212.0,104213.0,104212.5,7.6
104213.0,104214.0,104213.5,13.6
104214.0,104215.0,104214.5,21.2
104215.0,104216.0,104215.5,9.3
104216.0,104217.0,104216.5,14.3
104217.0,104218.0,104217.5,32.5
104218.0,104219.0,104218.5,6.0
104219.0,104220.0,104219.5,20.5
104220.0,104221.0,104220.5,13.4
104221.0,104222.0,104221.5,22.7
104222.0,104223.0,104222.5,9.4
104223.0,104224.0,104223.5,7.7
104224.0,104225.0,104224.5,16.8
104225.0,104226.0,104225.5,8.5
104226.0,104227.0,104226.5,27.9
104227.0,104228.0,104227.5,6.7
