NASA Data Processing/CAMP2Ex/SP2/CAMP2Ex-LARGE-SP2_P3B_20190830_R1.ict
37, 1001
Luke D. Ziemba
NASA Langley Research Center
Single Particle Soot Photometer (SP2), DMT
CAMP2Ex
1, 1
2019, 08, 30, 2020,05,06
0
Time_Start, seconds_past_midnight, start_seconds_past_midnight
3
1, 1, 1
-9999, -9999, -9999
Time_Stop, seconds_past_midnight, stop_seconds_past_midnight
Time_Mid, seconds_past_midnight, mid_seconds_past_midnight
BlackCarbon_STP, Black_Carbon_nanograms_per_standard_cubic_meter, AerComp_BC_InSitu_LII_Accu_MassSTP
1
N/A
19
PI_CONTACT_INFO: 21 Langley Blvd, Hampton, VA 23681
PLATFORM: NASA WFF P3-B N426NA
LOCATION: Philippines; Latitude, Longitude, and Altitude included in Hskping files (MetNav)
ASSOCIATED_DATA: InletFlag, MetNav, cloud flag
INSTRUMENT_INFO: Single particle refractory BC mass measured by laser-induced incandescence. Calibrated using laboratory-generated monodisperse fullerene soot aerosol and polynomial mass/response fit. 
DATA_INFO: Data corrected to STP (760 torr and 273K). Measurements apply to refractory black carbon particles with diameter between 100 and 700nm
UNCERTAINTY: 10%
ULOD_FLAG: -7777
ULOD_VALUE: N/A
LLOD_FLAG: -8888
LLOD_VALUE: N/A
DM_CONTACT_INFO: Luke D. Ziemba, luke.ziemba@nasa.gov, (757)864-6246
PROJECT_INFO: CAMP2Ex based at Clark International Airport, Philippines
STIPULATIONS_ON_USE: Data users are strongly encouraged to contact the instrument PI for information on instrument caveats and best practices.
OTHER_COMMENTS: Data affected by cloud penetrations have NOT been removed.Switched between forward-facing isokinetic inlet and counterflow virtual impactor; flag is provided (InletFlag).Data are removed for calibrations,insufficient laser power,and pump failure.
REVISION: R1
R0: Final Data.  No further adjustments are planned.
R1: Applied time shift of -2s to DLH.
Time_Start, Time_Stop, Time_Mid, BlackCarbon_STP
[from data line 28271]
110462.0,110463.0,110462.5,0.0
110463.0,110464.0,110463.5,0.0
110464.0,110465.0,110464.5,0.0
110465.0,110466.0,110465.5,0.0
110466.0,110467.0,110466.5,0.0
110467.0,110468.0,110467.5,0.0
110468.0,110469.0,110468.5,0.0
110469.0,110470.0,110469.5,0.0
110470.0,110471.0,110470.5,0.0
110471.0,110472.0,110471.5,0.0
110472.0,110473.0,110472.5,0.0
110473.0,110474.0,110473.5,0.0
110474.0,110475.0,110474.5,0.0
110475.0,110476.0,110475.5,0.0
110476.0,110477.0,110476.5,0.0
110477.0,110478.0,110477.5,0.0
110478.0,110479.0,110478.5,0.0
110479.0,110480.0,110479.5,0.0
110480.0,110481.0,110480.5,0.0
110481.0,110482.0,110481.5,0.0
110482.0,110483.0,110482.5,0.0
110483.0,110484.0,110483.5,0.0
110484.0,110485.0,110484.5,0.0
110485.0,110486.0,110485.5,0.0
110486.0,110487.0,110486.5,0.0
110487.0,110488.0,110487.5,0.0
110488.0,110489.0,110488.5,0.0
110489.0,110490.0,110489.5,0.0
110490.0,110491.0,110490.5,0.0
110491.0,110492.0,110491.5,0.0
110492.0,110493.0,110492.5,0.0
110493.0,110494.0,110493.5,0.0
110494.0,110495.0,110494.5,0.0
110495.0,110496.0,110495.5,0.0
110496.0,110497.0,110496.5,0.0
110497.0,110498.0,110497.5,0.0
110498.0,110499.0,110498.5,0.0
110499.0,110500.0,110499.5,0.0
110500.0,110501.0,110500.5,0.0
110501.0,110502.0,110501.5,0.0
110502.0,110503.0,110502.5,0.0
110503.0,110504.0,110503.5,0.0
110504.0,110505.0,110504.5,0.0
110505.0,110506.0,110505.5,0.0
110506.0,110507.0,110506.5,0.0
110507.0,110508.0,110507.5,0.0
110508.0,110509.0,110508.5,0.0
110509.0,110510.0,110509.5,0.0
110510.0,110511.0,110510.5,0.0
110511.0,110512.0,110511.5,0.0
110512.0,110513.0,110512.5,0.0
110513.0,110514.0,110513.5,0.0
110514.0,110515.0,110514.5,0.0
110515.0,110516.0,110515.5,0.0
110516.0,110517.0,110516.5,0.0
110517.0,110518.0,110517.5,0.0
110518.0,110519.0,110518.5,0.0
110519.0,110520.0,110519.5,0.0
110520.0,110521.0,110520.5,0.0
110521.0,110522.0,110521.5,0.0
110522.0,110523.0,110522.5,0.0
110523.0,110524.0,110523.5,3.5
110524.0,110525.0,110524.5,88.6
110525.0,110526.0,110525.5,68.4
110526.0,110527.0,110526.5,48.8
110527.0,110528.0,110527.5,24.1
110528.0,110529.0,110528.5,46.1
110529.0,110530.0,110529.5,1.8
110530.0,110531.0,110530.5,0.0
110531.0,110532.0,110531.5,0.0
110532.0,110533.0,110532.5,0.0
110533.0,110534.0,110533.5,0.0
110534.0,110535.0,110534.5,0.0
110535.0,110536.0,110535.5,0.0
110536.0,110537.0,110536.5,0.0
110537.0,110538.0,110537.5,0.0
110538.0,110539.0,110538.5,0.0
110539.0,110540.0,110539.5,0.0
110540.0,110541.0,110540.5,5.6
110541.0,110542.0,110541.5,0.0
110542.0,110543.0,110542.5,2.2
110543.0,110544.0,110543.5,11.2
110544.0,110545.0,110544.5,0.0
110545.0,110546.0,110545.5,0.0
110546.0,110547.0,110546.5,0.0
110547.0,110548.0,110547.5,0.0
110548.0,110549.0,110548.5,4.7
110549.0,110550.0,110549.5,0.3
110550.0,110551.0,110550.5,0.6
110551.0,110552.0,110551.5,0.0
110552.0,110553.0,110552.5,0.0
110553.0,110554.0,110553.5,0.0
110554.0,110555.0,110554.5,0.0
110555.0,110556.0,110555.5,0.0
110556.0,110557.0,110556.5,0.0
110557.0,110558.0,110557.5,1.2
110558.0,110559.0,110558.5,1.6
110559.0,110560.0,110559.5,0.0
110560.0,110561.0,110560.5,0.0
110561.0,110562.0,110561.5,0.4
110562.0,110563.0,110562.5,0.0
110563.0,110564.0,110563.5,1.0
110564.0,110565.0,110564.5,7.4
110565.0,110566.0,110565.5,1.6
110566.0,110567.0,110566.5,0.0
110567.0,110568.0,110567.5,0.6
110568.0,110569.0,110568.5,1.2
110569.0,110570.0,110569.5,1.0
110570.0,110571.0,110570.5,0.0
110571.0,110572.0,110571.5,5.8
110572.0,110573.0,110572.5,7.7
110573.0,110574.0,110573.5,0.7
110574.0,110575.0,110574.5,1.9
110575.0,110576.0,110575.5,0.0
110576.0,110577.0,110576.5,1.4
110577.0,110578.0,110577.5,8.3
110578.0,110579.0,110578.5,0.0
110579.0,110580.0,110579.5,23.1
110580.0,110581.0,110580.5,22.0
110581.0,110582.0,110581.5,6.3
110582.0,110583.0,110582.5,40.8
110583.0,110584.0,110583.5,10.6
110584.0,110585.0,110584.5,4.0
110585.0,110586.0,110585.5,0.0
110586.0,110587.0,110586.5,3.6
110587.0,110588.0,110587.5,0.0
110588.0,110589.0,110588.5,5.1
110589.0,110590.0,110589.5,0.0
110590.0,110591.0,110590.5,2.7
110591.0,110592.0,110591.5,0.2
110592.0,110593.0,110592.5,9.1
110593.0,110594.0,110593.5,0.0
110594.0,110595.0,110594.5,0.0
110595.0,110596.0,110595.5,1.7
110596.0,110597.0,110596.5,9.2
110597.0,110598.0,110597.5,2.0
110598.0,110599.0,110598.5,13.5
110599.0,110600.0,110599.5,60.2
110600.0,110601.0,110600.5,60.5
110601.0,110602.0,110601.5,35.6
110602.0,110603.0,110602.5,49.7
110603.0,110604.0,110603.5,7.6
110604.0,110605.0,110604.5,76.1
110605.0,110606.0,110605.5,25.3
110606.0,110607.0,110606.5,30.7
110607.0,110608.0,110607.5,7.2
110608.0,110609.0,110608.5,19.8
110609.0,110610.0,110609.5,23.2
110610.0,110611.0,110610.5,21.6
110611.0,110612.0,110611.5,7.7
110612.0,110613.0,110612.5,26.7
110613.0,110614.0,110613.5,18.2
110614.0,110615.0,110614.5,12.8
110615.0,110616.0,110615.5,12.5
110616.0,110617.0,110616.5,21.1
110617.0,110618.0,110617.5,28.7
110618.0,110619.0,110618.5,34.7
110619.0,110620.0,110619.5,29.2
110620.0,110621.0,110620.5,30.9
110621.0,110622.0,110621.5,10.2
110622.0,110623.0,110622.5,110.4
110623.0,110624.0,110623.5,11.0
110624.0,110625.0,110624.5,10.2
110625.0,110626.0,110625.5,9.3
110626.0,110627.0,110626.5,37.7
110627.0,110628.0,110627.5,44.9
110628.0,110629.0,110628.5,36.1
110629.0,110630.0,110629.5,143.3
110630.0,110631.0,110630.5,12.6
110631.0,110632.0,110631.5,40.1
110632.0,110633.0,110632.5,78.5
110633.0,110634.0,110633.5,24.0
110634.0,110635.0,110634.5,62.0
110635.0,110636.0,110635.5,43.6
110636.0,110637.0,110636.5,25.0
110637.0,110638.0,110637.5,46.3
110638.0,110639.0,110638.5,36.0
110639.0,110640.0,110639.5,152.7
110640.0,110641.0,110640.5,32.2
110641.0,110642.0,110641.5,15.8
110642.0,110643.0,110642.5,23.7
110643.0,110644.0,110643.5,27.6
110644.0,110645.0,110644.5,26.2
110645.0,110646.0,110645.5,34.4
110646.0,110647.0,110646.5,21.4
110647.0,110648.0,110647.5,30.3
110648.0,110649.0,110648.5,6.2
110649.0,110650.0,110649.5,6.1
110650.0,110651.0,110650.5,17.4
110651.0,110652.0,110651.5,28.5
110652.0,110653.0,110652.5,1.2
110653.0,110654.0,110653.5,33.6
110654.0,110655.0,110654.5,27.9
110655.0,110656.0,110655.5,15.7
110656.0,110657.0,110656.5,6.8
110657.0,110658.0,110657.5,21.0
110658.0,110659.0,110658.5,2.8
110659.0,110660.0,110659.5,37.9
110660.0,110661.0,110660.5,5.8
110661.0,110662.0,110661.5,7.4
110662.0,110663.0,110662.5,16.8
110663.0,110664.0,110663.5,16.7
110664.0,110665.0,110664.5,0.0
110665.0,110666.0,110665.5,118.5
110666.0,110667.0,110666.5,4.9
110667.0,110668.0,110667.5,1.2
110668.0,110669.0,110668.5,5.6
110669.0,110670.0,110669.5,0.4
110670.0,110671.0,110670.5,13.2
110671.0,110672.0,110671.5,0.0
110672.0,110673.0,110672.5,0.0
110673.0,110674.0,110673.5,0.6
110674.0,110675.0,110674.5,0.0
110675.0,110676.0,110675.5,2.5
110676.0,110677.0,110676.5,0.0
110677.0,110678.0,110677.5,0.0
110678.0,110679.0,110678.5,0.0
110679.0,110680.0,110679.5,1.0
110680.0,110681.0,110680.5,0.0
110681.0,110682.0,110681.5,1.5
110682.0,110683.0,110682.5,0.0
110683.0,110684.0,110683.5,1.7
110684.0,110685.0,110684.5,5.2
110685.0,110686.0,110685.5,3.5
110686.0,110687.0,110686.5,59.9
110687.0,110688.0,110687.5,13.1
110688.0,110689.0,110688.5,12.0
110689.0,110690.0,110689.5,2.2
110690.0,110691.0,110690.5,131.9
110691.0,110692.0,110691.5,2.1
110692.0,110693.0,110692.5,20.0
110693.0,110694.0,110693.5,13.6
110694.0,110695.0,110694.5,13.7
110695.0,110696.0,110695.5,16.1
110696.0,110697.0,110696.5,6.8
110697.0,110698.0,110697.5,3.6
110698.0,110699.0,110698.5,7.7
110699.0,110700.0,110699.5,34.4
110700.0,110701.0,110700.5,24.9
110701.0,110702.0,110701.5,2.7
110702.0,110703.0,110702.5,62.1
110703.0,110704.0,110703.5,13.1
110704.0,110705.0,110704.5,33.9
110705.0,110706.0,110705.5,15.0
110706.0,110707.0,110706.5,24.3
110707.0,110708.0,110707.5,9.4
110708.0,110709.0,110708.5,3.6
110709.0,110710.0,110709.5,29.6
110710.0,110711.0,110710.5,20.7
110711.0,110712.0,110711.5,35.5
110712.0,110713.0,110712.5,17.9
110713.0,110714.0,110713.5,31.3
110714.0,110715.0,110714.5,9.9
110715.0,110716.0,110715.5,24.9
110716.0,110717.0,110716.5,0.6
110717.0,110718.0,110717.5,3.3
110718.0,110719.0,110718.5,39.8
110719.0,110720.0,110719.5,0.0
110720.0,110721.0,110720.5,0.0
110721.0,110722.0,110721.5,0.0
110722.0,110723.0,110722.5,0.0
110723.0,110724.0,110723.5,1.2
110724.0,110725.0,110724.5,0.0
110725.0,110726.0,110725.5,0.0
110726.0,110727.0,110726.5,0.0
110727.0,110728.0,110727.5,0.0
110728.0,110729.0,110728.5,0.0
110729.0,110730.0,110729.5,0.0
110730.0,110731.0,110730.5,0.0
110731.0,110732.0,110731.5,0.0
110732.0,110733.0,110732.5,0.0
110733.0,110734.0,110733.5,0.0
110734.0,110735.0,110734.5,0.0
110735.0,110736.0,110735.5,0.0
110736.0,110737.0,110736.5,0.0
110737.0,110738.0,110737.5,0.0
110738.0,110739.0,110738.5,0.0
110739.0,110740.0,110739.5,0.0
110740.0,110741.0,110740.5,0.0
110741.0,110742.0,110741.5,0.0
110742.0,110743.0,110742.5,0.0
110743.0,110744.0,110743.5,0.0
110744.0,110745.0,110744.5,0.0
110745.0,110746.0,110745.5,0.0
110746.0,110747.0,110746.5,0.0
110747.0,110748.0,110747.5,0.0
110748.0,110749.0,110748.5,0.0
110749.0,110750.0,110749.5,0.0
110750.0,110751.0,110750.5,0.0
110751.0,110752.0,110751.5,0.0
110752.0,110753.0,110752.5,0.0
110753.0,110754.0,110753.5,0.0
110754.0,110755.0,110754.5,0.0
110755.0,110756.0,110755.5,4.5
110756.0,110757.0,110756.5,0.0
110757.0,110758.0,110757.5,0.3
110758.0,110759.0,110758.5,0.0
110759.0,110760.0,110759.5,0.0
110760.0,110761.0,110760.5,1.1
110761.0,110762.0,110761.5,0.0
110762.0,110763.0,110762.5,0.2
110763.0,110764.0,110763.5,0.0
110764.0,110765.0,110764.5,0.0
110765.0,110766.0,110765.5,0.0
110766.0,110767.0,110766.5,0.0
110767.0,110768.0,110767.5,2.1
110768.0,110769.0,110768.5,0.4
110769.0,110770.0,110769.5,3.2
110770.0,110771.0,110770.5,8.7
110771.0,110772.0,110771.5,8.0
110772.0,110773.0,110772.5,0.0
110773.0,110774.0,110773.5,0.0
110774.0,110775.0,110774.5,1.3
110775.0,110776.0,110775.5,0.0
110776.0,110777.0,110776.5,0.0
110777.0,110778.0,110777.5,0.0
110778.0,110779.0,110778.5,0.0
110779.0,110780.0,110779.5,0.0
110780.0,110781.0,110780.5,0.0
110781.0,110782.0,110781.5,0.6
110782.0,110783.0,110782.5,0.0
110783.0,110784.0,110783.5,1.4
110784.0,110785.0,110784.5,0.0
110785.0,110786.0,110785.5,0.0
110786.0,110787.0,110786.5,0.0
110787.0,110788.0,110787.5,0.0
110788.0,110789.0,110788.5,4.9
110789.0,110790.0,110789.5,1.5
110790.0,110791.0,110790.5,0.0
110791.0,110792.0,110791.5,0.0
110792.0,110793.0,110792.5,0.7
110793.0,110794.0,110793.5,0.0
110794.0,110795.0,110794.5,5.3
110795.0,110796.0,110795.5,0.0
110796.0,110797.0,110796.5,4.1
110797.0,110798.0,110797.5,15.1
110798.0,110799.0,110798.5,270.4
110799.0,110800.0,110799.5,142.6
110800.0,110801.0,110800.5,206.8
110801.0,110802.0,110801.5,289.3
110802.0,110803.0,110802.5,181.8
110803.0,110804.0,110803.5,272.0
110804.0,110805.0,110804.5,178.4
110805.0,110806.0,110805.5,235.8
110806.0,110807.0,110806.5,127.2
110807.0,110808.0,110807.5,242.9
110808.0,110809.0,110808.5,241.3
110809.0,110810.0,110809.5,145.2
110810.0,110811.0,110810.5,114.7
110811.0,110812.0,110811.5,194.0
110812.0,110813.0,110812.5,342.3
110813.0,110814.0,110813.5,273.4
110814.0,110815.0,110814.5,154.5
110815.0,110816.0,110815.5,154.7
110816.0,110817.0,110816.5,153.7
110817.0,110818.0,110817.5,64.4
110818.0,110819.0,110818.5,144.4
110819.0,110820.0,110819.5,140.0
110820.0,110821.0,110820.5,162.1
110821.0,110822.0,110821.5,133.5
110822.0,110823.0,110822.5,103.5
110823.0,110824.0,110823.5,32.5
110824.0,110825.0,110824.5,71.4
110825.0,110826.0,110825.5,191.9
110826.0,110827.0,110826.5,205.0
110827.0,110828.0,110827.5,105.4
110828.0,110829.0,110828.5,73.1
110829.0,110830.0,110829.5,24.5
110830.0,110831.0,110830.5,26.9
110831.0,110832.0,110831.5,4.3
110832.0,110833.0,110832.5,4.0
110833.0,110834.0,110833.5,3.5
110834.0,110835.0,110834.5,7.1
110835.0,110836.0,110835.5,0.2
110836.0,110837.0,110836.5,5.0
110837.0,110838.0,110837.5,7.4
110838.0,110839.0,110838.5,20.2
110839.0,110840.0,110839.5,11.5
110840.0,110841.0,110840.5,10.6
110841.0,110842.0,110841.5,0.0
110842.0,110843.0,110842.5,2.4
110843.0,110844.0,110843.5,3.8
110844.0,110845.0,110844.5,10.2
110845.0,110846.0,110845.5,16.8
110846.0,110847.0,110846.5,12.2
110847.0,110848.0,110847.5,8.9
110848.0,110849.0,110848.5,0.6
110849.0,110850.0,110849.5,0.0
110850.0,110851.0,110850.5,0.0
110851.0,110852.0,110851.5,2.6
110852.0,110853.0,110852.5,0.0
110853.0,110854.0,110853.5,2.7
110854.0,110855.0,110854.5,0.0
110855.0,110856.0,110855.5,1.4
110856.0,110857.0,110856.5,0.0
110857.0,110858.0,110857.5,0.0
110858.0,110859.0,110858.5,0.2
110859.0,110860.0,110859.5,0.0
110860.0,110861.0,110860.5,0.0
110861.0,110862.0,110861.5,1.5
110862.0,110863.0,110862.5,0.0
110863.0,110864.0,110863.5,0.0
110864.0,110865.0,110864.5,0.0
110865.0,110866.0,110865.5,4.9
110866.0,110867.0,110866.5,0.0
110867.0,110868.0,110867.5,0.0
110868.0,110869.0,110868.5,0.0
110869.0,110870.0,110869.5,0.0
110870.0,110871.0,110870.5,0.0
110871.0,110872.0,110871.5,0.0
110872.0,110873.0,110872.5,0.0
110873.0,110874.0,110873.5,0.0
110874.0,110875.0,110874.5,0.0
110875.0,110876.0,110875.5,0.0
110876.0,110877.0,110876.5,0.0
110877.0,110878.0,110877.5,0.0
110878.0,110879.0,110878.5,0.0
110879.0,110880.0,110879.5,0.6
110880.0,110881.0,110880.5,0.0
110881.0,110882.0,110881.5,20.1
110882.0,110883.0,110882.5,1.7
110883.0,110884.0,110883.5,1.2
110884.0,110885.0,110884.5,0.2
110885.0,110886.0,110885.5,1.0
110886.0,110887.0,110886.5,3.5
110887.0,110888.0,110887.5,8.7
110888.0,110889.0,110888.5,2.0
110889.0,110890.0,110889.5,0.0
110890.0,110891.0,110890.5,0.3
110891.0,110892.0,110891.5,0.0
110892.0,110893.0,110892.5,0.0
110893.0,110894.0,110893.5,0.0
110894.0,110895.0,110894.5,0.0
110895.0,110896.0,110895.5,0.0
110896.0,110897.0,110896.5,0.0
110897.0,110898.0,110897.5,0.0
110898.0,110899.0,110898.5,0.0
110899.0,110900.0,110899.5,0.0
110900.0,110901.0,110900.5,2.9
110901.0,110902.0,110901.5,0.0
110902.0,110903.0,110902.5,2.1
110903.0,110904.0,110903.5,0.0
110904.0,110905.0,110904.5,0.0
110905.0,110906.0,110905.5,2.1
110906.0,110907.0,110906.5,0.9
110907.0,110908.0,110907.5,0.0
110908.0,110909.0,110908.5,0.0
110909.0,110910.0,110909.5,0.0
110910.0,110911.0,110910.5,0.0
110911.0,110912.0,110911.5,0.0
110912.0,110913.0,110912.5,0.0
110913.0,110914.0,110913.5,0.0
110914.0,110915.0,110914.5,0.0
110915.0,110916.0,110915.5,0.0
110916.0,110917.0,110916.5,0.0
110917.0,110918.0,110917.5,0.0
110918.0,110919.0,110918.5,0.0
110919.0,110920.0,110919.5,0.0
110920.0,110921.0,110920.5,0.0
110921.0,110922.0,110921.5,0.0
110922.0,110923.0,110922.5,0.0
110923.0,110924.0,110923.5,0.0
110924.0,110925.0,110924.5,0.0
110925.0,110926.0,110925.5,0.0
110926.0,110927.0,110926.5,0.0
110927.0,110928.0,110927.5,0.0
110928.0,110929.0,110928.5,0.0
110929.0,110930.0,110929.5,0.0
110930.0,110931.0,110930.5,0.0
110931.0,110932.0,110931.5,0.0
110932.0,110933.0,110932.5,0.0
110933.0,110934.0,110933.5,0.0
110934.0,110935.0,110934.5,0.0
110935.0,110936.0,110935.5,0.0
110936.0,110937.0,110936.5,0.0
110937.0,110938.0,110937.5,0.0
110938.0,110939.0,110938.5,0.0
110939.0,110940.0,110939.5,0.0
110940.0,110941.0,110940.5,0.0
110941.0,110942.0,110941.5,0.0
110942.0,110943.0,110942.5,0.0
110943.0,110944.0,110943.5,0.0
110944.0,110945.0,110944.5,0.0
110945.0,110946.0,110945.5,0.0
110946.0,110947.0,110946.5,0.0
110947.0,110948.0,110947.5,0.0
110948.0,110949.0,110948.5,0.0
110949.0,110950.0,110949.5,0.0
110950.0,110951.0,110950.5,0.0
110951.0,110952.0,110951.5,0.0
110952.0,110953.0,110952.5,0.0
110953.0,110954.0,110953.5,0.0
110954.0,110955.0,110954.5,0.0
110955.0,110956.0,110955.5,0.0
110956.0,110957.0,110956.5,0.0
110957.0,110958.0,110957.5,0.0
110958.0,110959.0,110958.5,0.0
110959.0,110960.0,110959.5,0.0
110960.0,110961.0,110960.5,3.0
110961.0,110962.0,110961.5,5.8
110962.0,110963.0,110962.5,3.6
110963.0,110964.0,110963.5,0.0
110964.0,110965.0,110964.5,11.6
110965.0,110966.0,110965.5,7.4
110966.0,110967.0,110966.5,8.5
110967.0,110968.0,110967.5,12.8
110968.0,110969.0,110968.5,5.0
110969.0,110970.0,110969.5,12.5
110970.0,110971.0,110970.5,3.0
110971.0,110972.0,110971.5,5.1
