NASA Data Processing/CAMP2Ex/SP2/CAMP2Ex-LARGE-SP2_P3B_20190906_R1.ict
37, 1001
Luke D. Ziemba
NASA Langley Research Center
Single Particle Soot Photometer (SP2), DMT
CAMP2Ex
1, 1
2019, 09, 06, 2020,05,06
0
Time_Start, seconds_past_midnight, start_seconds_past_midnight
3
1, 1, 1
-9999, -9999, -9999
Time_Stop, seconds_past_midnight, stop_seconds_past_midnight
Time_Mid, seconds_past_midnight, mid_seconds_past_midnight
BlackCarbon_STP, Black_Carbon_nanograms_per_standard_cubic_meter, AerComp_BC_InSitu_LII_Accu_MassSTP
1
N/A
19
PI_CONTACT_INFO: 21 Langley Blvd, Hampton, VA 23681
PLATFORM: NASA WFF P3-B N426NA
LOCATION: Philippines; Latitude, Longitude, and Altitude included in Hskping files (MetNav)
ASSOCIATED_DATA: InletFlag, MetNav, cloud flag
INSTRUMENT_INFO: Single particle refractory BC mass measured by laser-induced incandescence. Calibrated using laboratory-generated monodisperse fullerene soot aerosol and polynomial mass/response fit. 
DATA_INFO: Data corrected to STP (760 torr and 273K). Measurements apply to refractory black carbon particles with diameter between 100 and 700nm
UNCERTAINTY: 10%
ULOD_FLAG: -7777
ULOD_VALUE: N/A
LLOD_FLAG: -8888
LLOD_VALUE: N/A
DM_CONTACT_INFO: Luke D. Ziemba, luke.ziemba@nasa.gov, (757)864-6246
PROJECT_INFO: CAMP2Ex based at Clark International Airport, Philippines
STIPULATIONS_ON_USE: Data users are strongly encouraged to contact the instrument PI for information on instrument caveats and best practices.
OTHER_COMMENTS: Data affected by cloud penetrations have NOT been removed.Switched between forward-facing isokinetic inlet and counterflow virtual impactor; flag is provided (InletFlag).Data are removed for calibrations,insufficient laser power,and pump failure.
REVISION: R1
R0: Final Data.  No further adjustments are planned.
R1: Applied time shift of -2s to DLH.
Time_Start, Time_Stop, Time_Mid, BlackCarbon_STP
[from data line 22311]
108481.0,108482.0,108481.5,0.0
108482.0,108483.0,108482.5,0.0
108483.0,108484.0,108483.5,0.0
108484.0,108485.0,108484.5,0.0
108485.0,108486.0,108485.5,0.0
108486.0,108487.0,108486.5,0.0
108487.0,108488.0,108487.5,0.0
108488.0,108489.0,108488.5,0.0
108489.0,108490.0,108489.5,0.0
108490.0,108491.0,108490.5,0.0
108491.0,108492.0,108491.5,0.0
108492.0,108493.0,108492.5,0.0
108493.0,108494.0,108493.5,0.0
108494.0,108495.0,108494.5,0.0
108495.0,108496.0,108495.5,0.0
108496.0,108497.0,108496.5,0.0
108497.0,108498.0,108497.5,0.0
108498.0,108499.0,108498.5,0.0
108499.0,108500.0,108499.5,0.0
108500.0,108501.0,108500.5,0.0
108501.0,108502.0,108501.5,0.0
108502.0,108503.0,108502.5,0.0
108503.0,108504.0,108503.5,0.0
108504.0,108505.0,108504.5,0.0
108505.0,108506.0,108505.5,0.0
108506.0,108507.0,108506.5,0.0
108507.0,108508.0,108507.5,0.0
108508.0,108509.0,108508.5,0.0
108509.0,108510.0,108509.5,0.0
108510.0,108511.0,108510.5,0.0
108511.0,108512.0,108511.5,0.0
108512.0,108513.0,108512.5,0.0
108513.0,108514.0,108513.5,0.0
108514.0,108515.0,108514.5,0.0
108515.0,108516.0,108515.5,0.0
108516.0,108517.0,108516.5,0.0
108517.0,108518.0,108517.5,0.0
108518.0,108519.0,108518.5,0.0
108519.0,108520.0,108519.5,0.0
108520.0,108521.0,108520.5,0.0
108521.0,108522.0,108521.5,0.0
108522.0,108523.0,108522.5,0.0
108523.0,108524.0,108523.5,0.0
108524.0,108525.0,108524.5,0.0
108525.0,108526.0,108525.5,0.0
108526.0,108527.0,108526.5,0.0
108527.0,108528.0,108527.5,0.0
108528.0,108529.0,108528.5,0.0
108529.0,108530.0,108529.5,0.0
108530.0,108531.0,108530.5,0.0
108531.0,108532.0,108531.5,0.0
108532.0,108533.0,108532.5,0.0
108533.0,108534.0,108533.5,0.0
108534.0,108535.0,108534.5,0.0
108535.0,108536.0,108535.5,0.0
108536.0,108537.0,108536.5,0.0
108537.0,108538.0,108537.5,0.0
108538.0,108539.0,108538.5,0.0
108539.0,108540.0,108539.5,0.0
108540.0,108541.0,108540.5,0.0
108541.0,108542.0,108541.5,0.0
108542.0,108543.0,108542.5,0.0
108543.0,108544.0,108543.5,0.0
108544.0,108545.0,108544.5,0.0
108545.0,108546.0,108545.5,0.0
108546.0,108547.0,108546.5,0.0
108547.0,108548.0,108547.5,0.0
108548.0,108549.0,108548.5,0.0
108549.0,108550.0,108549.5,0.0
108550.0,108551.0,108550.5,0.0
108551.0,108552.0,108551.5,0.0
108552.0,108553.0,108552.5,0.0
108553.0,108554.0,108553.5,0.0
108554.0,108555.0,108554.5,0.0
108555.0,108556.0,108555.5,0.0
108556.0,108557.0,108556.5,0.0
108557.0,108558.0,108557.5,0.0
108558.0,108559.0,108558.5,0.0
108559.0,108560.0,108559.5,0.0
108560.0,108561.0,108560.5,0.0
108561.0,108562.0,108561.5,0.0
108562.0,108563.0,108562.5,0.0
108563.0,108564.0,108563.5,0.0
108564.0,108565.0,108564.5,0.0
108565.0,108566.0,108565.5,0.0
108566.0,108567.0,108566.5,0.0
108567.0,108568.0,108567.5,0.0
108568.0,108569.0,108568.5,0.0
108569.0,108570.0,108569.5,0.0
108570.0,108571.0,108570.5,0.0
108571.0,108572.0,108571.5,0.0
108572.0,108573.0,108572.5,0.0
108573.0,108574.0,108573.5,0.0
108574.0,108575.0,108574.5,0.0
108575.0,108576.0,108575.5,0.0
108576.0,108577.0,108576.5,0.0
108577.0,108578.0,108577.5,0.0
108578.0,108579.0,108578.5,0.0
108579.0,108580.0,108579.5,0.0
108580.0,108581.0,108580.5,0.0
108581.0,108582.0,108581.5,0.0
108582.0,108583.0,108582.5,0.0
108583.0,108584.0,108583.5,0.0
108584.0,108585.0,108584.5,0.0
108585.0,108586.0,108585.5,0.0
108586.0,108587.0,108586.5,0.0
108587.0,108588.0,108587.5,0.0
108588.0,108589.0,108588.5,0.0
108589.0,108590.0,108589.5,0.0
108590.0,108591.0,108590.5,0.0
108591.0,108592.0,108591.5,0.0
108592.0,108593.0,108592.5,0.0
108593.0,108594.0,108593.5,0.0
108594.0,108595.0,108594.5,0.0
108595.0,108596.0,108595.5,0.0
108596.0,108597.0,108596.5,0.0
108597.0,108598.0,108597.5,0.0
108598.0,108599.0,108598.5,0.0
108599.0,108600.0,108599.5,0.0
108600.0,108601.0,108600.5,0.0
108601.0,108602.0,108601.5,0.0
108602.0,108603.0,108602.5,0.0
108603.0,108604.0,108603.5,0.0
108604.0,108605.0,108604.5,0.0
108605.0,108606.0,108605.5,0.0
108606.0,108607.0,108606.5,0.0
108607.0,108608.0,108607.5,0.0
108608.0,108609.0,108608.5,0.0
108609.0,108610.0,108609.5,0.0
108610.0,108611.0,108610.5,0.0
108611.0,108612.0,108611.5,0.0
108612.0,108613.0,108612.5,0.0
108613.0,108614.0,108613.5,0.0
108614.0,108615.0,108614.5,0.0
108615.0,108616.0,108615.5,0.0
108616.0,108617.0,108616.5,0.0
108617.0,108618.0,108617.5,0.0
108618.0,108619.0,108618.5,0.0
108619.0,108620.0,108619.5,0.0
108620.0,108621.0,108620.5,0.0
108621.0,108622.0,108621.5,0.0
108622.0,108623.0,108622.5,0.0
108623.0,108624.0,108623.5,0.0
108624.0,108625.0,108624.5,0.0
108625.0,108626.0,108625.5,0.0
108626.0,108627.0,108626.5,0.0
108627.0,108628.0,108627.5,0.0
108628.0,108629.0,108628.5,0.0
108629.0,108630.0,108629.5,0.0
108630.0,108631.0,108630.5,0.0
108631.0,108632.0,108631.5,0.0
108632.0,108633.0,108632.5,0.0
108633.0,108634.0,108633.5,0.0
108634.0,108635.0,108634.5,0.0
108635.0,108636.0,108635.5,0.0
108636.0,108637.0,108636.5,0.0
108637.0,108638.0,108637.5,0.0
108638.0,108639.0,108638.5,0.0
108639.0,108640.0,108639.5,0.0
108640.0,108641.0,108640.5,0.0
108641.0,108642.0,108641.5,0.0
108642.0,108643.0,108642.5,0.0
108643.0,108644.0,108643.5,0.0
108644.0,108645.0,108644.5,0.0
108645.0,108646.0,108645.5,0.0
108646.0,108647.0,108646.5,0.0
108647.0,108648.0,108647.5,0.0
108648.0,108649.0,108648.5,0.0
108649.0,108650.0,108649.5,0.0
108650.0,108651.0,108650.5,0.0
108651.0,108652.0,108651.5,0.0
108652.0,108653.0,108652.5,0.0
108653.0,108654.0,108653.5,0.0
108654.0,108655.0,108654.5,0.0
108655.0,108656.0,108655.5,0.0
108656.0,108657.0,108656.5,0.0
108657.0,108658.0,108657.5,0.0
108658.0,108659.0,108658.5,0.0
108659.0,108660.0,108659.5,0.0
108660.0,108661.0,108660.5,0.0
108661.0,108662.0,108661.5,0.0
108662.0,108663.0,108662.5,0.0
108663.0,108664.0,108663.5,0.0
108664.0,108665.0,108664.5,0.0
108665.0,108666.0,108665.5,0.0
108666.0,108667.0,108666.5,0.0
108667.0,108668.0,108667.5,0.0
108668.0,108669.0,108668.5,0.0
108669.0,108670.0,108669.5,0.0
108670.0,108671.0,108670.5,0.0
108671.0,108672.0,108671.5,0.0
108672.0,108673.0,108672.5,0.0
108673.0,108674.0,108673.5,0.0
108674.0,108675.0,108674.5,0.0
108675.0,108676.0,108675.5,0.0
108676.0,108677.0,108676.5,0.0
108677.0,108678.0,108677.5,0.0
108678.0,108679.0,108678.5,0.0
108679.0,108680.0,108679.5,0.0
108680.0,108681.0,108680.5,0.0
108681.0,108682.0,108681.5,0.0
108682.0,108683.0,108682.5,0.0
108683.0,108684.0,108683.5,0.0
108684.0,108685.0,108684.5,0.0
108685.0,108686.0,108685.5,0.0
108686.0,108687.0,108686.5,0.0
108687.0,108688.0,108687.5,0.0
108688.0,108689.0,108688.5,0.0
108689.0,108690.0,108689.5,0.0
108690.0,108691.0,108690.5,0.0
108691.0,108692.0,108691.5,0.0
108692.0,108693.0,108692.5,0.0
108693.0,108694.0,108693.5,0.0
108694.0,108695.0,108694.5,0.0
108695.0,108696.0,108695.5,0.0
108696.0,108697.0,108696.5,0.0
108697.0,108698.0,108697.5,0.0
108698.0,108699.0,108698.5,0.0
108699.0,108700.0,108699.5,0.0
108700.0,108701.0,108700.5,0.0
108701.0,108702.0,108701.5,0.0
108702.0,108703.0,108702.5,0.0
108703.0,108704.0,108703.5,0.0
108704.0,108705.0,108704.5,0.0
108705.0,108706.0,108705.5,0.0
108706.0,108707.0,108706.5,0.0
108707.0,108708.0,108707.5,0.0
108708.0,108709.0,108708.5,0.0
108709.0,108710.0,108709.5,0.0
108710.0,108711.0,108710.5,0.0
108711.0,108712.0,108711.5,0.0
108712.0,108713.0,108712.5,0.0
108713.0,108714.0,108713.5,0.0
108714.0,108715.0,108714.5,0.0
108715.0,108716.0,108715.5,0.0
108716.0,108717.0,108716.5,0.0
108717.0,108718.0,108717.5,0.0
108718.0,108719.0,108718.5,0.0
108719.0,108720.0,108719.5,0.0
108720.0,108721.0,108720.5,0.0
108721.0,108722.0,108721.5,0.0
108722.0,108723.0,108722.5,0.0
108723.0,108724.0,108723.5,0.0
108724.0,108725.0,108724.5,0.0
108725.0,108726.0,108725.5,0.0
108726.0,108727.0,108726.5,0.0
108727.0,108728.0,108727.5,0.0
108728.0,108729.0,108728.5,0.0
108729.0,108730.0,108729.5,0.0
108730.0,108731.0,108730.5,0.0
108731.0,108732.0,108731.5,0.0
108732.0,108733.0,108732.5,0.0
108733.0,108734.0,108733.5,0.0
108734.0,108735.0,108734.5,0.0
108735.0,108736.0,108735.5,0.0
108736.0,108737.0,108736.5,0.0
108737.0,108738.0,108737.5,0.0
108738.0,108739.0,108738.5,0.0
108739.0,108740.0,108739.5,0.0
108740.0,108741.0,108740.5,0.0
108741.0,108742.0,108741.5,0.0
108742.0,108743.0,108742.5,0.0
108743.0,108744.0,108743.5,0.0
108744.0,108745.0,108744.5,0.0
108745.0,108746.0,108745.5,0.0
108746.0,108747.0,108746.5,0.0
108747.0,108748.0,108747.5,0.0
108748.0,108749.0,108748.5,0.0
108749.0,108750.0,108749.5,0.0
108750.0,108751.0,108750.5,0.0
108751.0,108752.0,108751.5,0.0
108752.0,108753.0,108752.5,0.0
108753.0,108754.0,108753.5,0.0
108754.0,108755.0,108754.5,0.0
108755.0,108756.0,108755.5,0.0
108756.0,108757.0,108756.5,0.0
108757.0,108758.0,108757.5,0.0
108758.0,108759.0,108758.5,0.0
108759.0,108760.0,108759.5,0.0
108760.0,108761.0,108760.5,0.0
108761.0,108762.0,108761.5,0.0
108762.0,108763.0,108762.5,0.0
108763.0,108764.0,108763.5,0.0
108764.0,108765.0,108764.5,0.0
108765.0,108766.0,108765.5,0.0
108766.0,108767.0,108766.5,0.0
108767.0,108768.0,108767.5,0.0
108768.0,108769.0,108768.5,0.0
108769.0,108770.0,108769.5,0.0
108770.0,108771.0,108770.5,0.0
108771.0,108772.0,108771.5,0.0
108772.0,108773.0,108772.5,0.0
108773.0,108774.0,108773.5,0.0
108774.0,108775.0,108774.5,0.0
108775.0,108776.0,108775.5,0.0
108776.0,108777.0,108776.5,0.0
108777.0,108778.0,108777.5,0.0
108778.0,108779.0,108778.5,0.0
108779.0,108780.0,108779.5,0.0
108780.0,108781.0,108780.5,0.0
108781.0,108782.0,108781.5,0.0
108782.0,108783.0,108782.5,0.0
108783.0,108784.0,108783.5,0.0
108784.0,108785.0,108784.5,0.0
108785.0,108786.0,108785.5,0.0
108786.0,108787.0,108786.5,0.0
108787.0,108788.0,108787.5,0.0
108788.0,108789.0,108788.5,0.0
108789.0,108790.0,108789.5,0.0
108790.0,108791.0,108790.5,0.0
108791.0,108792.0,108791.5,0.0
108792.0,108793.0,108792.5,0.0
108793.0,108794.0,108793.5,0.0
108794.0,108795.0,108794.5,0.0
108795.0,108796.0,108795.5,0.0
108796.0,108797.0,108796.5,0.0
108797.0,108798.0,108797.5,0.0
108798.0,108799.0,108798.5,0.0
108799.0,108800.0,108799.5,0.0
108800.0,108801.0,108800.5,0.0
108801.0,108802.0,108801.5,0.0
108802.0,108803.0,108802.5,0.0
108803.0,108804.0,108803.5,0.0
108804.0,108805.0,108804.5,0.0
108805.0,108806.0,108805.5,0.0
108806.0,108807.0,108806.5,0.0
108807.0,108808.0,108807.5,0.0
108808.0,108809.0,108808.5,0.0
108809.0,108810.0,108809.5,0.0
108810.0,108811.0,108810.5,0.0
108811.0,108812.0,108811.5,0.0
108812.0,108813.0,108812.5,0.0
108813.0,108814.0,108813.5,0.0
108814.0,108815.0,108814.5,0.0
108815.0,108816.0,108815.5,0.0
108816.0,108817.0,108816.5,0.0
108817.0,108818.0,108817.5,0.0
108818.0,108819.0,108818.5,0.0
108819.0,108820.0,108819.5,0.0
108820.0,108821.0,108820.5,0.0
108821.0,108822.0,108821.5,0.0
108822.0,108823.0,108822.5,0.0
108823.0,108824.0,108823.5,0.0
108824.0,108825.0,108824.5,0.0
108825.0,108826.0,108825.5,0.0
108826.0,108827.0,108826.5,0.0
108827.0,108828.0,108827.5,0.0
108828.0,108829.0,108828.5,0.0
108829.0,108830.0,108829.5,0.0
108830.0,108831.0,108830.5,0.0
108831.0,108832.0,108831.5,0.0
108832.0,108833.0,108832.5,0.0
108833.0,108834.0,108833.5,0.0
108834.0,108835.0,108834.5,0.0
108835.0,108836.0,108835.5,0.0
108836.0,108837.0,108836.5,0.0
108837.0,108838.0,108837.5,0.0
108838.0,108839.0,108838.5,0.0
108839.0,108840.0,108839.5,0.0
108840.0,108841.0,108840.5,0.0
108841.0,108842.0,108841.5,0.0
108842.0,108843.0,108842.5,0.0
108843.0,108844.0,108843.5,0.0
108844.0,108845.0,108844.5,0.0
108845.0,108846.0,108845.5,0.0
108846.0,108847.0,108846.5,0.0
108847.0,108848.0,108847.5,0.0
108848.0,108849.0,108848.5,0.0
108849.0,108850.0,108849.5,0.0
108850.0,108851.0,108850.5,0.0
108851.0,108852.0,108851.5,0.0
108852.0,108853.0,108852.5,0.0
108853.0,108854.0,108853.5,0.0
108854.0,108855.0,108854.5,0.0
108855.0,108856.0,108855.5,0.0
108856.0,108857.0,108856.5,0.0
108857.0,108858.0,108857.5,0.0
108858.0,108859.0,108858.5,0.0
108859.0,108860.0,108859.5,0.0
108860.0,108861.0,108860.5,0.0
108861.0,108862.0,108861.5,0.0
108862.0,108863.0,108862.5,0.0
108863.0,108864.0,108863.5,0.0
108864.0,108865.0,108864.5,0.0
108865.0,108866.0,108865.5,0.0
108866.0,108867.0,108866.5,0.0
108867.0,108868.0,108867.5,0.0
108868.0,108869.0,108868.5,0.0
108869.0,108870.0,108869.5,0.0
108870.0,108871.0,108870.5,0.0
108871.0,108872.0,108871.5,0.0
108872.0,108873.0,108872.5,0.0
108873.0,108874.0,108873.5,0.0
108874.0,108875.0,108874.5,0.0
108875.0,108876.0,108875.5,0.0
108876.0,108877.0,108876.5,0.0
108877.0,108878.0,108877.5,0.0
108878.0,108879.0,108878.5,0.0
108879.0,108880.0,108879.5,0.0
108880.0,108881.0,108880.5,0.0
108881.0,108882.0,108881.5,0.0
108882.0,108883.0,108882.5,0.0
108883.0,108884.0,108883.5,0.0
108884.0,108885.0,108884.5,0.0
108885.0,108886.0,108885.5,0.0
108886.0,108887.0,108886.5,0.0
108887.0,108888.0,108887.5,0.0
108888.0,108889.0,108888.5,0.0
108889.0,108890.0,108889.5,0.0
108890.0,108891.0,108890.5,0.0
108891.0,108892.0,108891.5,0.0
108892.0,108893.0,108892.5,0.0
108893.0,108894.0,108893.5,0.0
108894.0,108895.0,108894.5,0.0
108895.0,108896.0,108895.5,0.0
108896.0,108897.0,108896.5,0.0
108897.0,108898.0,108897.5,0.0
108898.0,108899.0,108898.5,0.0
108899.0,108900.0,108899.5,0.0
108900.0,108901.0,108900.5,0.0
108901.0,108902.0,108901.5,0.0
108902.0,108903.0,108902.5,0.0
108903.0,108904.0,108903.5,0.0
108904.0,108905.0,108904.5,0.0
108905.0,108906.0,108905.5,0.0
108906.0,108907.0,108906.5,0.0
108907.0,108908.0,108907.5,0.0
108908.0,108909.0,108908.5,0.0
108909.0,108910.0,108909.5,0.0
108910.0,108911.0,108910.5,0.0
108911.0,108912.0,108911.5,0.0
108912.0,108913.0,108912.5,0.0
108913.0,108914.0,108913.5,0.0
108914.0,108915.0,108914.5,0.0
108915.0,108916.0,108915.5,0.0
108916.0,108917.0,108916.5,0.0
108917.0,108918.0,108917.5,0.0
108918.0,108919.0,108918.5,0.0
108919.0,108920.0,108919.5,0.0
108920.0,108921.0,108920.5,0.0
108921.0,108922.0,108921.5,0.0
108922.0,108923.0,108922.5,0.0
108923.0,108924.0,108923.5,0.0
108924.0,108925.0,108924.5,0.0
108925.0,108926.0,108925.5,0.0
108926.0,108927.0,108926.5,0.0
108927.0,108928.0,108927.5,0.0
108928.0,108929.0,108928.5,0.0
108929.0,108930.0,108929.5,0.0
108930.0,108931.0,108930.5,0.0
108931.0,108932.0,108931.5,0.0
108932.0,108933.0,108932.5,0.0
108933.0,108934.0,108933.5,0.0
108934.0,108935.0,108934.5,0.0
108935.0,108936.0,108935.5,0.0
108936.0,108937.0,108936.5,0.0
108937.0,108938.0,108937.5,0.0
108938.0,108939.0,108938.5,0.0
108939.0,108940.0,108939.5,0.0
108940.0,108941.0,108940.5,0.0
108941.0,108942.0,108941.5,0.0
108942.0,108943.0,108942.5,0.0
108943.0,108944.0,108943.5,0.0
108944.0,108945.0,108944.5,0.0
108945.0,108946.0,108945.5,0.0
108946.0,108947.0,108946.5,0.0
108947.0,108948.0,108947.5,0.0
108948.0,108949.0,108948.5,0.0
108949.0,108950.0,108949.5,0.0
108950.0,108951.0,108950.5,0.0
108951.0,108952.0,108951.5,0.0
108952.0,108953.0,108952.5,0.0
108953.0,108954.0,108953.5,0.0
108954.0,108955.0,108954.5,0.0
108955.0,108956.0,108955.5,0.0
108956.0,108957.0,108956.5,0.0
108957.0,108958.0,108957.5,0.0
108958.0,108959.0,108958.5,0.0
108959.0,108960.0,108959.5,0.0
108960.0,108961.0,108960.5,0.0
108961.0,108962.0,108961.5,0.0
108962.0,108963.0,108962.5,0.0
108963.0,108964.0,108963.5,0.0
108964.0,108965.0,108964.5,0.0
108965.0,108966.0,108965.5,0.0
108966.0,108967.0,108966.5,0.0
108967.0,108968.0,108967.5,0.0
108968.0,108969.0,108968.5,0.0
108969.0,108970.0,108969.5,0.0
108970.0,108971.0,108970.5,0.0
108971.0,108972.0,108971.5,0.0
108972.0,108973.0,108972.5,0.0
108973.0,108974.0,108973.5,0.0
108974.0,108975.0,108974.5,0.0
108975.0,108976.0,108975.5,0.0
108976.0,108977.0,108976.5,0.0
108977.0,108978.0,108977.5,0.0
108978.0,108979.0,108978.5,0.0
108979.0,108980.0,108979.5,0.0
108980.0,108981.0,108980.5,0.0
108981.0,108982.0,108981.5,0.0
108982.0,108983.0,108982.5,0.0
108983.0,108984.0,108983.5,0.0
108984.0,108985.0,108984.5,0.0
108985.0,108986.0,108985.5,0.0
108986.0,108987.0,108986.5,0.0
108987.0,108988.0,108987.5,0.0
108988.0,108989.0,108988.5,0.0
108989.0,108990.0,108989.5,0.0
108990.0,108991.0,108990.5,0.0
108991.0,108992.0,108991.5,0.0
108992.0,108993.0,108992.5,0.0
108993.0,108994.0,108993.5,0.0
108994.0,108995.0,108994.5,0.0
108995.0,108996.0,108995.5,0.0
