NASA Data Processing/CAMP2Ex/SP2/CAMP2Ex-LARGE-SP2_P3B_20190919_R1.ict
37, 1001
Luke D. Ziemba
NASA Langley Research Center
Single Particle Soot Photometer (SP2), DMT
CAMP2Ex
1, 1
2019, 09, 19, 2020,05,06
0
Time_Start, seconds_past_midnight, start_seconds_past_midnight
3
1, 1, 1
-9999, -9999, -9999
Time_Stop, seconds_past_midnight, stop_seconds_past_midnight
Time_Mid, seconds_past_midnight, mid_seconds_past_midnight
BlackCarbon_STP, Black_Carbon_nanograms_per_standard_cubic_meter, AerComp_BC_InSitu_LII_Accu_MassSTP
1
N/A
19
PI_CONTACT_INFO: 21 Langley Blvd, Hampton, VA 23681
PLATFORM: NASA WFF P3-B N426NA
LOCATION: Philippines; Latitude, Longitude, and Altitude included in Hskping files (MetNav)
ASSOCIATED_DATA: InletFlag, MetNav, cloud flag
INSTRUMENT_INFO: Single particle refractory BC mass measured by laser-induced incandescence. Calibrated using laboratory-generated monodisperse fullerene soot aerosol and polynomial mass/response fit. 
DATA_INFO: Data corrected to STP (760 torr and 273K). Measurements apply to refractory black carbon particles with diameter between 100 and 700nm
UNCERTAINTY: 10%
ULOD_FLAG: -7777
ULOD_VALUE: N/A
LLOD_FLAG: -8888
LLOD_VALUE: N/A
DM_CONTACT_INFO: Luke D. Ziemba, luke.ziemba@nasa.gov, (757)864-6246
PROJECT_INFO: CAMP2Ex based at Clark International Airport, Philippines
STIPULATIONS_ON_USE: Data users are strongly encouraged to contact the instrument PI for information on instrument caveats and best practices.
OTHER_COMMENTS: Data affected by cloud penetrations have NOT been removed.Switched between forward-facing isokinetic inlet and counterflow virtual impactor; flag is provided (InletFlag).Data are removed for calibrations,insufficient laser power,and pump failure.
REVISION: R1
R0: Final Data.  No further adjustments are planned.
R1: Applied time shift of -2s to DLH.
Time_Start, Time_Stop, Time_Mid, BlackCarbon_STP
[from data line 24227]
106285.0,106286.0,106285.5,0.0
106286.0,106287.0,106286.5,0.0
106287.0,106288.0,106287.5,0.0
106288.0,106289.0,106288.5,0.0
106289.0,106290.0,106289.5,0.0
106290.0,106291.0,106290.5,0.0
106291.0,106292.0,106291.5,0.0
106292.0,106293.0,106292.5,0.0
106293.0,106294.0,106293.5,0.0
106294.0,106295.0,106294.5,0.0
106295.0,106296.0,106295.5,0.0
106296.0,106297.0,106296.5,0.0
106297.0,106298.0,106297.5,0.0
106298.0,106299.0,106298.5,0.0
106299.0,106300.0,106299.5,0.0
106300.0,106301.0,106300.5,0.0
106301.0,106302.0,106301.5,0.0
106302.0,106303.0,106302.5,0.0
106303.0,106304.0,106303.5,0.0
106304.0,106305.0,106304.5,0.0
106305.0,106306.0,106305.5,1.5
106306.0,106307.0,106306.5,0.0
106307.0,106308.0,106307.5,0.0
106308.0,106309.0,106308.5,1.6
106309.0,106310.0,106309.5,0.0
106310.0,106311.0,106310.5,0.0
106311.0,106312.0,106311.5,0.0
106312.0,106313.0,106312.5,0.0
106313.0,106314.0,106313.5,0.0
106314.0,106315.0,106314.5,0.8
106315.0,106316.0,106315.5,0.0
106316.0,106317.0,106316.5,0.0
106317.0,106318.0,106317.5,0.0
106318.0,106319.0,106318.5,0.0
106319.0,106320.0,106319.5,0.0
106320.0,106321.0,106320.5,0.0
106321.0,106322.0,106321.5,0.0
106322.0,106323.0,106322.5,0.0
106323.0,106324.0,106323.5,0.0
106324.0,106325.0,106324.5,0.0
106325.0,106326.0,106325.5,0.0
106326.0,106327.0,106326.5,0.0
106327.0,106328.0,106327.5,0.0
106328.0,106329.0,106328.5,0.0
106329.0,106330.0,106329.5,0.0
106330.0,106331.0,106330.5,0.0
106331.0,106332.0,106331.5,0.0
106332.0,106333.0,106332.5,0.0
106333.0,106334.0,106333.5,0.0
106334.0,106335.0,106334.5,0.0
106335.0,106336.0,106335.5,0.0
106336.0,106337.0,106336.5,0.0
106337.0,106338.0,106337.5,0.0
106338.0,106339.0,106338.5,0.0
106339.0,106340.0,106339.5,0.0
106340.0,106341.0,106340.5,0.8
106341.0,106342.0,106341.5,0.0
106342.0,106343.0,106342.5,1.2
106343.0,106344.0,106343.5,0.0
106344.0,106345.0,106344.5,0.0
106345.0,106346.0,106345.5,0.0
106346.0,106347.0,106346.5,0.0
106347.0,106348.0,106347.5,0.0
106348.0,106349.0,106348.5,0.0
106349.0,106350.0,106349.5,0.0
106350.0,106351.0,106350.5,0.0
106351.0,106352.0,106351.5,0.0
106352.0,106353.0,106352.5,0.0
106353.0,106354.0,106353.5,0.0
106354.0,106355.0,106354.5,0.0
106355.0,106356.0,106355.5,0.0
106356.0,106357.0,106356.5,0.0
106357.0,106358.0,106357.5,0.0
106358.0,106359.0,106358.5,0.0
106359.0,106360.0,106359.5,0.0
106360.0,106361.0,106360.5,0.0
106361.0,106362.0,106361.5,0.0
106362.0,106363.0,106362.5,5.2
106363.0,106364.0,106363.5,0.0
106364.0,106365.0,106364.5,0.0
106365.0,106366.0,106365.5,0.0
106366.0,106367.0,106366.5,0.0
106367.0,106368.0,106367.5,0.0
106368.0,106369.0,106368.5,0.0
106369.0,106370.0,106369.5,0.0
106370.0,106371.0,106370.5,0.0
106371.0,106372.0,106371.5,0.5
106372.0,106373.0,106372.5,0.0
106373.0,106374.0,106373.5,0.0
106374.0,106375.0,106374.5,0.0
106375.0,106376.0,106375.5,0.0
106376.0,106377.0,106376.5,0.0
106377.0,106378.0,106377.5,0.0
106378.0,106379.0,106378.5,0.0
106379.0,106380.0,106379.5,2.7
106380.0,106381.0,106380.5,2.3
106381.0,106382.0,106381.5,0.0
106382.0,106383.0,106382.5,1.4
106383.0,106384.0,106383.5,0.0
106384.0,106385.0,106384.5,0.0
106385.0,106386.0,106385.5,0.0
106386.0,106387.0,106386.5,0.0
106387.0,106388.0,106387.5,0.0
106388.0,106389.0,106388.5,0.0
106389.0,106390.0,106389.5,13.0
106390.0,106391.0,106390.5,0.0
106391.0,106392.0,106391.5,0.0
106392.0,106393.0,106392.5,0.0
106393.0,106394.0,106393.5,1.5
106394.0,106395.0,106394.5,0.0
106395.0,106396.0,106395.5,0.0
106396.0,106397.0,106396.5,0.0
106397.0,106398.0,106397.5,0.0
106398.0,106399.0,106398.5,0.0
106399.0,106400.0,106399.5,1.5
106400.0,106401.0,106400.5,0.0
106401.0,106402.0,106401.5,1.3
106402.0,106403.0,106402.5,0.0
106403.0,106404.0,106403.5,0.0
106404.0,106405.0,106404.5,0.0
106405.0,106406.0,106405.5,0.4
106406.0,106407.0,106406.5,0.0
106407.0,106408.0,106407.5,0.0
106408.0,106409.0,106408.5,0.0
106409.0,106410.0,106409.5,0.0
106410.0,106411.0,106410.5,0.0
106411.0,106412.0,106411.5,0.0
106412.0,106413.0,106412.5,1.8
106413.0,106414.0,106413.5,0.0
106414.0,106415.0,106414.5,0.0
106415.0,106416.0,106415.5,0.0
106416.0,106417.0,106416.5,0.0
106417.0,106418.0,106417.5,0.0
106418.0,106419.0,106418.5,0.0
106419.0,106420.0,106419.5,0.0
106420.0,106421.0,106420.5,0.0
106421.0,106422.0,106421.5,0.0
106422.0,106423.0,106422.5,0.0
106423.0,106424.0,106423.5,0.0
106424.0,106425.0,106424.5,0.0
106425.0,106426.0,106425.5,0.0
106426.0,106427.0,106426.5,0.0
106427.0,106428.0,106427.5,0.0
106428.0,106429.0,106428.5,0.0
106429.0,106430.0,106429.5,0.0
106430.0,106431.0,106430.5,0.5
106431.0,106432.0,106431.5,0.0
106432.0,106433.0,106432.5,0.0
106433.0,106434.0,106433.5,0.0
106434.0,106435.0,106434.5,0.0
106435.0,106436.0,106435.5,0.0
106436.0,106437.0,106436.5,0.0
106437.0,106438.0,106437.5,0.0
106438.0,106439.0,106438.5,0.0
106439.0,106440.0,106439.5,0.0
106440.0,106441.0,106440.5,0.0
106441.0,106442.0,106441.5,3.8
106442.0,106443.0,106442.5,0.0
106443.0,106444.0,106443.5,0.0
106444.0,106445.0,106444.5,0.0
106445.0,106446.0,106445.5,0.0
106446.0,106447.0,106446.5,0.0
106447.0,106448.0,106447.5,0.0
106448.0,106449.0,106448.5,0.0
106449.0,106450.0,106449.5,0.0
106450.0,106451.0,106450.5,0.0
106451.0,106452.0,106451.5,4.4
106452.0,106453.0,106452.5,0.0
106453.0,106454.0,106453.5,0.5
106454.0,106455.0,106454.5,0.0
106455.0,106456.0,106455.5,0.0
106456.0,106457.0,106456.5,0.6
106457.0,106458.0,106457.5,0.0
106458.0,106459.0,106458.5,0.0
106459.0,106460.0,106459.5,0.0
106460.0,106461.0,106460.5,0.0
106461.0,106462.0,106461.5,0.0
106462.0,106463.0,106462.5,2.1
106463.0,106464.0,106463.5,0.0
106464.0,106465.0,106464.5,0.0
106465.0,106466.0,106465.5,1.2
106466.0,106467.0,106466.5,0.0
106467.0,106468.0,106467.5,0.0
106468.0,106469.0,106468.5,0.0
106469.0,106470.0,106469.5,0.0
106470.0,106471.0,106470.5,0.0
106471.0,106472.0,106471.5,0.0
106472.0,106473.0,106472.5,1.0
106473.0,106474.0,106473.5,0.0
106474.0,106475.0,106474.5,0.0
106475.0,106476.0,106475.5,0.0
106476.0,106477.0,106476.5,0.0
106477.0,106478.0,106477.5,0.0
106478.0,106479.0,106478.5,0.0
106479.0,106480.0,106479.5,0.0
106480.0,106481.0,106480.5,0.0
106481.0,106482.0,106481.5,0.0
106482.0,106483.0,106482.5,0.0
106483.0,106484.0,106483.5,0.0
106484.0,106485.0,106484.5,0.0
106485.0,106486.0,106485.5,0.0
106486.0,106487.0,106486.5,0.0
106487.0,106488.0,106487.5,1.6
106488.0,106489.0,106488.5,0.0
106489.0,106490.0,106489.5,0.0
106490.0,106491.0,106490.5,0.0
106491.0,106492.0,106491.5,0.0
106492.0,106493.0,106492.5,0.0
106493.0,106494.0,106493.5,0.0
106494.0,106495.0,106494.5,0.0
106495.0,106496.0,106495.5,1.3
106496.0,106497.0,106496.5,0.0
106497.0,106498.0,106497.5,0.0
106498.0,106499.0,106498.5,0.0
106499.0,106500.0,106499.5,0.0
106500.0,106501.0,106500.5,0.0
106501.0,106502.0,106501.5,0.0
106502.0,106503.0,106502.5,0.0
106503.0,106504.0,106503.5,0.0
106504.0,106505.0,106504.5,0.0
106505.0,106506.0,106505.5,0.0
106506.0,106507.0,106506.5,2.2
106507.0,106508.0,106507.5,0.0
106508.0,106509.0,106508.5,0.0
106509.0,106510.0,106509.5,0.0
106510.0,106511.0,106510.5,0.0
106511.0,106512.0,106511.5,0.0
106512.0,106513.0,106512.5,0.0
106513.0,106514.0,106513.5,0.0
106514.0,106515.0,106514.5,3.3
106515.0,106516.0,106515.5,5.9
106516.0,106517.0,106516.5,0.0
106517.0,106518.0,106517.5,0.0
106518.0,106519.0,106518.5,0.0
106519.0,106520.0,106519.5,0.0
106520.0,106521.0,106520.5,0.0
106521.0,106522.0,106521.5,0.0
106522.0,106523.0,106522.5,0.0
106523.0,106524.0,106523.5,0.0
106524.0,106525.0,106524.5,0.0
106525.0,106526.0,106525.5,0.0
106526.0,106527.0,106526.5,0.0
106527.0,106528.0,106527.5,0.0
106528.0,106529.0,106528.5,0.0
106529.0,106530.0,106529.5,0.0
106530.0,106531.0,106530.5,0.0
106531.0,106532.0,106531.5,0.0
106532.0,106533.0,106532.5,0.0
106533.0,106534.0,106533.5,0.0
106534.0,106535.0,106534.5,0.0
106535.0,106536.0,106535.5,1.2
106536.0,106537.0,106536.5,0.0
106537.0,106538.0,106537.5,0.0
106538.0,106539.0,106538.5,0.0
106539.0,106540.0,106539.5,0.0
106540.0,106541.0,106540.5,0.0
106541.0,106542.0,106541.5,0.0
106542.0,106543.0,106542.5,0.0
106543.0,106544.0,106543.5,0.0
106544.0,106545.0,106544.5,0.0
106545.0,106546.0,106545.5,0.0
106546.0,106547.0,106546.5,0.0
106547.0,106548.0,106547.5,0.0
106548.0,106549.0,106548.5,0.0
106549.0,106550.0,106549.5,0.0
106550.0,106551.0,106550.5,0.0
106551.0,106552.0,106551.5,0.0
106552.0,106553.0,106552.5,0.0
106553.0,106554.0,106553.5,0.0
106554.0,106555.0,106554.5,0.0
106555.0,106556.0,106555.5,0.4
106556.0,106557.0,106556.5,0.0
106557.0,106558.0,106557.5,0.0
106558.0,106559.0,106558.5,0.0
106559.0,106560.0,106559.5,0.0
106560.0,106561.0,106560.5,0.0
106561.0,106562.0,106561.5,0.0
106562.0,106563.0,106562.5,0.0
106563.0,106564.0,106563.5,0.0
106564.0,106565.0,106564.5,0.0
106565.0,106566.0,106565.5,0.0
106566.0,106567.0,106566.5,0.0
106567.0,106568.0,106567.5,0.0
106568.0,106569.0,106568.5,0.0
106569.0,106570.0,106569.5,0.0
106570.0,106571.0,106570.5,0.0
106571.0,106572.0,106571.5,0.0
106572.0,106573.0,106572.5,0.0
106573.0,106574.0,106573.5,0.0
106574.0,106575.0,106574.5,0.0
106575.0,106576.0,106575.5,0.0
106576.0,106577.0,106576.5,0.0
106577.0,106578.0,106577.5,0.0
106578.0,106579.0,106578.5,0.0
106579.0,106580.0,106579.5,0.0
106580.0,106581.0,106580.5,1.7
106581.0,106582.0,106581.5,0.4
106582.0,106583.0,106582.5,0.0
106583.0,106584.0,106583.5,0.0
106584.0,106585.0,106584.5,0.0
106585.0,106586.0,106585.5,0.0
106586.0,106587.0,106586.5,0.0
106587.0,106588.0,106587.5,0.0
106588.0,106589.0,106588.5,0.0
106589.0,106590.0,106589.5,0.0
106590.0,106591.0,106590.5,3.1
106591.0,106592.0,106591.5,6.3
106592.0,106593.0,106592.5,0.0
106593.0,106594.0,106593.5,0.0
106594.0,106595.0,106594.5,0.0
106595.0,106596.0,106595.5,0.0
106596.0,106597.0,106596.5,0.0
106597.0,106598.0,106597.5,0.0
106598.0,106599.0,106598.5,0.0
106599.0,106600.0,106599.5,0.0
106600.0,106601.0,106600.5,0.0
106601.0,106602.0,106601.5,0.0
106602.0,106603.0,106602.5,1.7
106603.0,106604.0,106603.5,0.0
106604.0,106605.0,106604.5,0.8
106605.0,106606.0,106605.5,0.0
106606.0,106607.0,106606.5,0.0
106607.0,106608.0,106607.5,0.0
106608.0,106609.0,106608.5,0.0
106609.0,106610.0,106609.5,0.6
106610.0,106611.0,106610.5,0.0
106611.0,106612.0,106611.5,0.0
106612.0,106613.0,106612.5,1.7
106613.0,106614.0,106613.5,3.9
106614.0,106615.0,106614.5,0.5
106615.0,106616.0,106615.5,0.0
106616.0,106617.0,106616.5,0.6
106617.0,106618.0,106617.5,0.0
106618.0,106619.0,106618.5,0.0
106619.0,106620.0,106619.5,0.0
106620.0,106621.0,106620.5,0.0
106621.0,106622.0,106621.5,0.0
106622.0,106623.0,106622.5,0.0
106623.0,106624.0,106623.5,0.9
106624.0,106625.0,106624.5,0.0
106625.0,106626.0,106625.5,0.0
106626.0,106627.0,106626.5,0.0
106627.0,106628.0,106627.5,0.0
106628.0,106629.0,106628.5,1.8
106629.0,106630.0,106629.5,0.0
106630.0,106631.0,106630.5,0.0
106631.0,106632.0,106631.5,0.0
106632.0,106633.0,106632.5,0.0
106633.0,106634.0,106633.5,1.3
106634.0,106635.0,106634.5,0.0
106635.0,106636.0,106635.5,0.0
106636.0,106637.0,106636.5,0.0
106637.0,106638.0,106637.5,0.0
106638.0,106639.0,106638.5,0.0
106639.0,106640.0,106639.5,0.9
106640.0,106641.0,106640.5,0.0
106641.0,106642.0,106641.5,0.0
106642.0,106643.0,106642.5,0.0
106643.0,106644.0,106643.5,0.0
106644.0,106645.0,106644.5,0.0
106645.0,106646.0,106645.5,0.0
106646.0,106647.0,106646.5,0.0
106647.0,106648.0,106647.5,0.0
106648.0,106649.0,106648.5,0.0
106649.0,106650.0,106649.5,0.0
106650.0,106651.0,106650.5,0.0
106651.0,106652.0,106651.5,0.0
106652.0,106653.0,106652.5,0.6
106653.0,106654.0,106653.5,0.0
106654.0,106655.0,106654.5,0.0
106655.0,106656.0,106655.5,1.3
106656.0,106657.0,106656.5,0.0
106657.0,106658.0,106657.5,2.8
106658.0,106659.0,106658.5,3.9
106659.0,106660.0,106659.5,0.0
106660.0,106661.0,106660.5,0.0
106661.0,106662.0,106661.5,0.7
106662.0,106663.0,106662.5,0.0
106663.0,106664.0,106663.5,0.8
106664.0,106665.0,106664.5,3.8
106665.0,106666.0,106665.5,0.0
106666.0,106667.0,106666.5,0.0
106667.0,106668.0,106667.5,0.7
106668.0,106669.0,106668.5,0.0
106669.0,106670.0,106669.5,0.9
106670.0,106671.0,106670.5,0.0
106671.0,106672.0,106671.5,0.0
106672.0,106673.0,106672.5,0.0
106673.0,106674.0,106673.5,6.2
106674.0,106675.0,106674.5,0.0
106675.0,106676.0,106675.5,0.0
106676.0,106677.0,106676.5,0.0
106677.0,106678.0,106677.5,0.0
106678.0,106679.0,106678.5,0.0
106679.0,106680.0,106679.5,0.0
106680.0,106681.0,106680.5,0.0
106681.0,106682.0,106681.5,0.0
106682.0,106683.0,106682.5,0.0
106683.0,106684.0,106683.5,0.7
106684.0,106685.0,106684.5,0.0
106685.0,106686.0,106685.5,0.0
106686.0,106687.0,106686.5,3.0
106687.0,106688.0,106687.5,0.0
106688.0,106689.0,106688.5,0.0
106689.0,106690.0,106689.5,0.0
106690.0,106691.0,106690.5,0.0
106691.0,106692.0,106691.5,0.0
106692.0,106693.0,106692.5,0.0
106693.0,106694.0,106693.5,0.0
106694.0,106695.0,106694.5,1.4
106695.0,106696.0,106695.5,0.0
106696.0,106697.0,106696.5,0.0
106697.0,106698.0,106697.5,0.0
106698.0,106699.0,106698.5,0.0
106699.0,106700.0,106699.5,0.0
106700.0,106701.0,106700.5,0.0
106701.0,106702.0,106701.5,0.0
106702.0,106703.0,106702.5,0.0
106703.0,106704.0,106703.5,0.0
106704.0,106705.0,106704.5,0.6
106705.0,106706.0,106705.5,0.0
106706.0,106707.0,106706.5,0.0
106707.0,106708.0,106707.5,0.0
106708.0,106709.0,106708.5,0.0
106709.0,106710.0,106709.5,0.0
106710.0,106711.0,106710.5,0.0
106711.0,106712.0,106711.5,0.0
106712.0,106713.0,106712.5,0.0
106713.0,106714.0,106713.5,0.0
106714.0,106715.0,106714.5,0.0
106715.0,106716.0,106715.5,1.2
106716.0,106717.0,106716.5,5.1
106717.0,106718.0,106717.5,0.0
106718.0,106719.0,106718.5,0.0
106719.0,106720.0,106719.5,0.0
106720.0,106721.0,106720.5,0.0
106721.0,106722.0,106721.5,0.0
106722.0,106723.0,106722.5,0.0
106723.0,106724.0,106723.5,0.0
106724.0,106725.0,106724.5,0.4
106725.0,106726.0,106725.5,0.0
106726.0,106727.0,106726.5,0.0
106727.0,106728.0,106727.5,0.0
106728.0,106729.0,106728.5,0.0
106729.0,106730.0,106729.5,0.0
106730.0,106731.0,106730.5,0.0
106731.0,106732.0,106731.5,0.0
106732.0,106733.0,106732.5,0.0
106733.0,106734.0,106733.5,0.0
106734.0,106735.0,106734.5,1.3
106735.0,106736.0,106735.5,0.0
106736.0,106737.0,106736.5,0.0
106737.0,106738.0,106737.5,0.0
106738.0,106739.0,106738.5,0.0
106739.0,106740.0,106739.5,0.0
106740.0,106741.0,106740.5,0.0
106741.0,106742.0,106741.5,0.0
106742.0,106743.0,106742.5,0.0
106743.0,106744.0,106743.5,0.0
106744.0,106745.0,106744.5,1.3
106745.0,106746.0,106745.5,0.0
106746.0,106747.0,106746.5,0.0
106747.0,106748.0,106747.5,0.0
106748.0,106749.0,106748.5,1.0
106749.0,106750.0,106749.5,0.0
106750.0,106751.0,106750.5,0.0
106751.0,106752.0,106751.5,0.6
106752.0,106753.0,106752.5,0.0
106753.0,106754.0,106753.5,0.0
106754.0,106755.0,106754.5,6.1
106755.0,106756.0,106755.5,0.0
106756.0,106757.0,106756.5,0.0
106757.0,106758.0,106757.5,0.0
106758.0,106759.0,106758.5,0.0
106759.0,106760.0,106759.5,0.0
106760.0,106761.0,106760.5,0.0
106761.0,106762.0,106761.5,0.0
106762.0,106763.0,106762.5,0.9
106763.0,106764.0,106763.5,0.0
106764.0,106765.0,106764.5,0.0
106765.0,106766.0,106765.5,0.0
106766.0,106767.0,106766.5,0.0
106767.0,106768.0,106767.5,0.0
106768.0,106769.0,106768.5,0.0
106769.0,106770.0,106769.5,0.0
106770.0,106771.0,106770.5,0.0
106771.0,106772.0,106771.5,0.0
106772.0,106773.0,106772.5,0.0
106773.0,106774.0,106773.5,0.0
106774.0,106775.0,106774.5,1.7
106775.0,106776.0,106775.5,1.1
106776.0,106777.0,106776.5,0.0
106777.0,106778.0,106777.5,0.0
106778.0,106779.0,106778.5,0.0
106779.0,106780.0,106779.5,0.6
106780.0,106781.0,106780.5,0.0
106781.0,106782.0,106781.5,0.0
106782.0,106783.0,106782.5,0.0
106783.0,106784.0,106783.5,0.0
106784.0,106785.0,106784.5,2.3
106785.0,106786.0,106785.5,0.0
106786.0,106787.0,106786.5,0.0
106787.0,106788.0,106787.5,0.0
106788.0,106789.0,106788.5,1.8
106789.0,106790.0,106789.5,1.9
106790.0,106791.0,106790.5,0.0
106791.0,106792.0,106791.5,0.0
106792.0,106793.0,106792.5,0.9
106793.0,106794.0,106793.5,0.9
106794.0,106795.0,106794.5,2.5
106795.0,106796.0,106795.5,0.0
106796.0,106797.0,106796.5,0.5
106797.0,106798.0,106797.5,0.4
106798.0,106799.0,106798.5,9.3
106799.0,106800.0,106799.5,0.0
