NASA Data Processing/CAMP2Ex/SP2/CAMP2Ex-LARGE-SP2_P3B_20190929_R1.ict
37, 1001
Luke D. Ziemba
NASA Langley Research Center
Single Particle Soot Photometer (SP2), DMT
CAMP2Ex
1, 1
2019, 09, 29, 2020,05,06
0
Time_Start, seconds_past_midnight, start_seconds_past_midnight
3
1, 1, 1
-9999, -9999, -9999
Time_Stop, seconds_past_midnight, stop_seconds_past_midnight
Time_Mid, seconds_past_midnight, mid_seconds_past_midnight
BlackCarbon_STP, Black_Carbon_nanograms_per_standard_cubic_meter, AerComp_BC_InSitu_LII_Accu_MassSTP
1
N/A
19
PI_CONTACT_INFO: 21 Langley Blvd, Hampton, VA 23681
PLATFORM: NASA WFF P3-B N426NA
LOCATION: Philippines; Latitude, Longitude, and Altitude included in Hskping files (MetNav)
ASSOCIATED_DATA: InletFlag, MetNav, cloud flag
INSTRUMENT_INFO: Single particle refractory BC mass measured by laser-induced incandescence. Calibrated using laboratory-generated monodisperse fullerene soot aerosol and polynomial mass/response fit. 
DATA_INFO: Data corrected to STP (760 torr and 273K). Measurements apply to refractory black carbon particles with diameter between 100 and 700nm
UNCERTAINTY: 10%
ULOD_FLAG: -7777
ULOD_VALUE: N/A
LLOD_FLAG: -8888
LLOD_VALUE: N/A
DM_CONTACT_INFO: Luke D. Ziemba, luke.ziemba@nasa.gov, (757)864-6246
PROJECT_INFO: CAMP2Ex based at Clark International Airport, Philippines
STIPULATIONS_ON_USE: Data users are strongly encouraged to contact the instrument PI for information on instrument caveats and best practices.
OTHER_COMMENTS: Data affected by cloud penetrations have NOT been removed.Switched between forward-facing isokinetic inlet and counterflow virtual impactor; flag is provided (InletFlag).Data are removed for calibrations,insufficient laser power,and pump failure.
REVISION: R1
R0: Final Data.  No further adjustments are planned.
R1: Applied time shift of -2s to DLH.
Time_Start, Time_Stop, Time_Mid, BlackCarbon_STP
[from data line 5801]
14735.0,14736.0,14735.5,0.0
14736.0,14737.0,14736.5,0.0
14737.0,14738.0,14737.5,0.0
14738.0,14739.0,14738.5,0.0
14739.0,14740.0,14739.5,0.0
14740.0,14741.0,14740.5,0.0
14741.0,14742.0,14741.5,0.0
14742.0,14743.0,14742.5,0.0
14743.0,14744.0,14743.5,0.0
14744.0,14745.0,14744.5,0.0
14745.0,14746.0,14745.5,0.0
14746.0,14747.0,14746.5,0.0
14747.0,14748.0,14747.5,0.0
14748.0,14749.0,14748.5,0.0
14749.0,14750.0,14749.5,0.0
14750.0,14751.0,14750.5,0.0
14751.0,14752.0,14751.5,0.0
14752.0,14753.0,14752.5,0.0
14753.0,14754.0,14753.5,0.0
14754.0,14755.0,14754.5,0.0
14755.0,14756.0,14755.5,0.0
14756.0,14757.0,14756.5,0.0
14757.0,14758.0,14757.5,0.0
14758.0,14759.0,14758.5,0.0
14759.0,14760.0,14759.5,0.0
14760.0,14761.0,14760.5,0.0
14761.0,14762.0,14761.5,0.0
14762.0,14763.0,14762.5,0.0
14763.0,14764.0,14763.5,0.0
14764.0,14765.0,14764.5,0.0
14765.0,14766.0,14765.5,0.0
14766.0,14767.0,14766.5,0.0
14767.0,14768.0,14767.5,0.0
14768.0,14769.0,14768.5,0.0
14769.0,14770.0,14769.5,0.0
14770.0,14771.0,14770.5,0.0
14771.0,14772.0,14771.5,0.0
14772.0,14773.0,14772.5,0.0
14773.0,14774.0,14773.5,0.0
14774.0,14775.0,14774.5,0.0
14775.0,14776.0,14775.5,0.0
14776.0,14777.0,14776.5,0.0
14777.0,14778.0,14777.5,0.0
14778.0,14779.0,14778.5,0.0
14779.0,14780.0,14779.5,0.0
14780.0,14781.0,14780.5,0.0
14781.0,14782.0,14781.5,0.0
14782.0,14783.0,14782.5,0.0
14783.0,14784.0,14783.5,0.0
14784.0,14785.0,14784.5,0.0
14785.0,14786.0,14785.5,0.0
14786.0,14787.0,14786.5,0.0
14787.0,14788.0,14787.5,0.0
14788.0,14789.0,14788.5,0.0
14789.0,14790.0,14789.5,0.0
14790.0,14791.0,14790.5,0.0
14791.0,14792.0,14791.5,0.0
14792.0,14793.0,14792.5,0.0
14793.0,14794.0,14793.5,0.0
14794.0,14795.0,14794.5,0.0
14795.0,14796.0,14795.5,0.0
14796.0,14797.0,14796.5,0.0
14797.0,14798.0,14797.5,0.0
14798.0,14799.0,14798.5,0.0
14799.0,14800.0,14799.5,0.0
14800.0,14801.0,14800.5,0.0
14801.0,14802.0,14801.5,0.0
14802.0,14803.0,14802.5,0.0
14803.0,14804.0,14803.5,0.0
14804.0,14805.0,14804.5,0.0
14805.0,14806.0,14805.5,0.0
14806.0,14807.0,14806.5,0.0
14807.0,14808.0,14807.5,0.0
14808.0,14809.0,14808.5,0.0
14809.0,14810.0,14809.5,0.0
14810.0,14811.0,14810.5,0.0
14811.0,14812.0,14811.5,0.0
14812.0,14813.0,14812.5,0.0
14813.0,14814.0,14813.5,0.0
14814.0,14815.0,14814.5,0.0
14815.0,14816.0,14815.5,0.0
14816.0,14817.0,14816.5,0.0
14817.0,14818.0,14817.5,0.0
14818.0,14819.0,14818.5,0.0
14819.0,14820.0,14819.5,0.0
14820.0,14821.0,14820.5,0.0
14821.0,14822.0,14821.5,0.0
14822.0,14823.0,14822.5,0.0
14823.0,14824.0,14823.5,0.0
14824.0,14825.0,14824.5,0.0
14825.0,14826.0,14825.5,0.0
14826.0,14827.0,14826.5,0.0
14827.0,14828.0,14827.5,0.0
14828.0,14829.0,14828.5,0.0
14829.0,14830.0,14829.5,0.0
14830.0,14831.0,14830.5,0.0
14831.0,14832.0,14831.5,0.0
14832.0,14833.0,14832.5,0.0
14833.0,14834.0,14833.5,0.0
14834.0,14835.0,14834.5,0.0
14835.0,14836.0,14835.5,0.0
14836.0,14837.0,14836.5,0.0
14837.0,14838.0,14837.5,0.0
14838.0,14839.0,14838.5,0.0
14839.0,14840.0,14839.5,0.0
14840.0,14841.0,14840.5,0.0
14841.0,14842.0,14841.5,0.0
14842.0,14843.0,14842.5,0.0
14843.0,14844.0,14843.5,0.0
14844.0,14845.0,14844.5,0.0
14845.0,14846.0,14845.5,0.0
14846.0,14847.0,14846.5,0.0
14847.0,14848.0,14847.5,0.0
14848.0,14849.0,14848.5,0.0
14849.0,14850.0,14849.5,0.0
14850.0,14851.0,14850.5,0.0
14851.0,14852.0,14851.5,0.0
14852.0,14853.0,14852.5,0.0
14853.0,14854.0,14853.5,0.0
14854.0,14855.0,14854.5,0.0
14855.0,14856.0,14855.5,0.0
14856.0,14857.0,14856.5,0.0
14857.0,14858.0,14857.5,0.0
14858.0,14859.0,14858.5,0.0
14859.0,14860.0,14859.5,0.0
14860.0,14861.0,14860.5,0.0
14861.0,14862.0,14861.5,0.0
14862.0,14863.0,14862.5,0.0
14863.0,14864.0,14863.5,0.0
14864.0,14865.0,14864.5,0.0
14865.0,14866.0,14865.5,0.0
14866.0,14867.0,14866.5,0.0
14867.0,14868.0,14867.5,0.0
14868.0,14869.0,14868.5,0.0
14869.0,14870.0,14869.5,0.0
14870.0,14871.0,14870.5,0.0
14871.0,14872.0,14871.5,0.0
14872.0,14873.0,14872.5,0.0
14873.0,14874.0,14873.5,0.0
14874.0,14875.0,14874.5,0.0
14875.0,14876.0,14875.5,0.0
14876.0,14877.0,14876.5,0.0
14877.0,14878.0,14877.5,0.0
14878.0,14879.0,14878.5,0.0
14879.0,14880.0,14879.5,0.0
14880.0,14881.0,14880.5,0.0
14881.0,14882.0,14881.5,0.0
14882.0,14883.0,14882.5,0.0
14883.0,14884.0,14883.5,0.0
14884.0,14885.0,14884.5,0.0
14885.0,14886.0,14885.5,0.0
14886.0,14887.0,14886.5,0.0
14887.0,14888.0,14887.5,0.0
14888.0,14889.0,14888.5,0.0
14889.0,14890.0,14889.5,0.0
14890.0,14891.0,14890.5,0.0
14891.0,14892.0,14891.5,0.0
14892.0,14893.0,14892.5,0.0
14893.0,14894.0,14893.5,0.0
14894.0,14895.0,14894.5,0.0
14895.0,14896.0,14895.5,0.0
14896.0,14897.0,14896.5,0.0
14897.0,14898.0,14897.5,0.0
14898.0,14899.0,14898.5,0.0
14899.0,14900.0,14899.5,0.0
14900.0,14901.0,14900.5,0.0
14901.0,14902.0,14901.5,0.0
14902.0,14903.0,14902.5,0.0
14903.0,14904.0,14903.5,0.0
14904.0,14905.0,14904.5,0.0
14905.0,14906.0,14905.5,0.0
14906.0,14907.0,14906.5,0.0
14907.0,14908.0,14907.5,0.0
14908.0,14909.0,14908.5,0.0
14909.0,14910.0,14909.5,0.0
14910.0,14911.0,14910.5,0.0
14911.0,14912.0,14911.5,0.0
14912.0,14913.0,14912.5,0.0
14913.0,14914.0,14913.5,0.0
14914.0,14915.0,14914.5,0.0
14915.0,14916.0,14915.5,0.0
14916.0,14917.0,14916.5,0.0
14917.0,14918.0,14917.5,0.0
14918.0,14919.0,14918.5,0.0
14919.0,14920.0,14919.5,0.0
14920.0,14921.0,14920.5,0.0
14921.0,14922.0,14921.5,0.0
14922.0,14923.0,14922.5,0.0
14923.0,14924.0,14923.5,0.0
14924.0,14925.0,14924.5,0.0
14925.0,14926.0,14925.5,0.0
14926.0,14927.0,14926.5,0.0
14927.0,14928.0,14927.5,0.0
14928.0,14929.0,14928.5,0.0
14929.0,14930.0,14929.5,0.0
14930.0,14931.0,14930.5,0.0
14931.0,14932.0,14931.5,0.0
14932.0,14933.0,14932.5,0.0
14933.0,14934.0,14933.5,0.0
14934.0,14935.0,14934.5,0.0
14935.0,14936.0,14935.5,0.0
14936.0,14937.0,14936.5,0.0
14937.0,14938.0,14937.5,0.0
14938.0,14939.0,14938.5,0.0
14939.0,14940.0,14939.5,0.0
14940.0,14941.0,14940.5,0.0
14941.0,14942.0,14941.5,0.0
14942.0,14943.0,14942.5,0.0
14943.0,14944.0,14943.5,0.0
14944.0,14945.0,14944.5,0.0
14945.0,14946.0,14945.5,0.0
14946.0,14947.0,14946.5,0.0
14947.0,14948.0,14947.5,0.0
14948.0,14949.0,14948.5,0.0
14949.0,14950.0,14949.5,0.0
14950.0,14951.0,14950.5,0.0
14951.0,14952.0,14951.5,0.0
14952.0,14953.0,14952.5,0.0
14953.0,14954.0,14953.5,0.0
14954.0,14955.0,14954.5,0.0
14955.0,14956.0,14955.5,0.0
14956.0,14957.0,14956.5,0.0
14957.0,14958.0,14957.5,0.0
14958.0,14959.0,14958.5,0.0
14959.0,14960.0,14959.5,0.0
14960.0,14961.0,14960.5,0.0
14961.0,14962.0,14961.5,0.0
14962.0,14963.0,14962.5,0.0
14963.0,14964.0,14963.5,0.0
14964.0,14965.0,14964.5,0.0
14965.0,14966.0,14965.5,0.0
14966.0,14967.0,14966.5,0.0
14967.0,14968.0,14967.5,0.0
14968.0,14969.0,14968.5,0.0
14969.0,14970.0,14969.5,0.0
14970.0,14971.0,14970.5,0.0
14971.0,14972.0,14971.5,0.0
14972.0,14973.0,14972.5,0.0
14973.0,14974.0,14973.5,0.0
14974.0,14975.0,14974.5,0.0
14975.0,14976.0,14975.5,0.0
14976.0,14977.0,14976.5,0.0
14977.0,14978.0,14977.5,0.0
14978.0,14979.0,14978.5,0.0
14979.0,14980.0,14979.5,0.0
14980.0,14981.0,14980.5,0.0
14981.0,14982.0,14981.5,0.0
14982.0,14983.0,14982.5,0.0
14983.0,14984.0,14983.5,0.0
14984.0,14985.0,14984.5,0.0
14985.0,14986.0,14985.5,0.0
14986.0,14987.0,14986.5,0.0
14987.0,14988.0,14987.5,0.0
14988.0,14989.0,14988.5,0.0
14989.0,14990.0,14989.5,0.0
14990.0,14991.0,14990.5,0.0
14991.0,14992.0,14991.5,0.0
14992.0,14993.0,14992.5,0.0
14993.0,14994.0,14993.5,0.0
14994.0,14995.0,14994.5,0.0
14995.0,14996.0,14995.5,0.0
14996.0,14997.0,14996.5,0.0
14997.0,14998.0,14997.5,0.0
14998.0,14999.0,14998.5,0.0
14999.0,15000.0,14999.5,0.0
15000.0,15001.0,15000.5,0.0
15001.0,15002.0,15001.5,0.0
15002.0,15003.0,15002.5,0.0
15003.0,15004.0,15003.5,0.0
15004.0,15005.0,15004.5,0.0
15005.0,15006.0,15005.5,0.0
15006.0,15007.0,15006.5,0.0
15007.0,15008.0,15007.5,0.0
15008.0,15009.0,15008.5,0.0
15009.0,15010.0,15009.5,0.0
15010.0,15011.0,15010.5,0.0
15011.0,15012.0,15011.5,0.0
15012.0,15013.0,15012.5,0.0
15013.0,15014.0,15013.5,0.0
15014.0,15015.0,15014.5,0.0
15015.0,15016.0,15015.5,0.0
15016.0,15017.0,15016.5,0.0
15017.0,15018.0,15017.5,0.0
15018.0,15019.0,15018.5,0.0
15019.0,15020.0,15019.5,0.0
15020.0,15021.0,15020.5,0.0
15021.0,15022.0,15021.5,0.0
15022.0,15023.0,15022.5,0.0
15023.0,15024.0,15023.5,0.0
15024.0,15025.0,15024.5,0.0
15025.0,15026.0,15025.5,0.0
15026.0,15027.0,15026.5,0.0
15027.0,15028.0,15027.5,0.0
15028.0,15029.0,15028.5,0.0
15029.0,15030.0,15029.5,0.0
15030.0,15031.0,15030.5,0.0
15031.0,15032.0,15031.5,0.0
15032.0,15033.0,15032.5,0.0
15033.0,15034.0,15033.5,0.0
15034.0,15035.0,15034.5,0.0
15035.0,15036.0,15035.5,0.0
15036.0,15037.0,15036.5,0.0
15037.0,15038.0,15037.5,0.0
15038.0,15039.0,15038.5,0.0
15039.0,15040.0,15039.5,0.0
15040.0,15041.0,15040.5,0.0
15041.0,15042.0,15041.5,0.0
15042.0,15043.0,15042.5,0.0
15043.0,15044.0,15043.5,0.0
15044.0,15045.0,15044.5,0.0
15045.0,15046.0,15045.5,0.0
15046.0,15047.0,15046.5,0.0
15047.0,15048.0,15047.5,0.0
15048.0,15049.0,15048.5,0.0
15049.0,15050.0,15049.5,0.0
15050.0,15051.0,15050.5,0.0
15051.0,15052.0,15051.5,0.0
15052.0,15053.0,15052.5,0.0
15053.0,15054.0,15053.5,0.0
15054.0,15055.0,15054.5,0.0
15055.0,15056.0,15055.5,0.0
15056.0,15057.0,15056.5,0.0
15057.0,15058.0,15057.5,0.0
15058.0,15059.0,15058.5,0.0
15059.0,15060.0,15059.5,0.0
15060.0,15061.0,15060.5,0.0
15061.0,15062.0,15061.5,0.0
15062.0,15063.0,15062.5,0.0
15063.0,15064.0,15063.5,0.0
15064.0,15065.0,15064.5,0.0
15065.0,15066.0,15065.5,0.0
15066.0,15067.0,15066.5,0.0
15067.0,15068.0,15067.5,0.0
15068.0,15069.0,15068.5,0.0
15069.0,15070.0,15069.5,0.0
15070.0,15071.0,15070.5,0.0
15071.0,15072.0,15071.5,0.0
15072.0,15073.0,15072.5,0.0
15073.0,15074.0,15073.5,0.0
15074.0,15075.0,15074.5,0.0
15075.0,15076.0,15075.5,0.0
15076.0,15077.0,15076.5,0.0
15077.0,15078.0,15077.5,0.0
15078.0,15079.0,15078.5,0.0
15079.0,15080.0,15079.5,0.0
15080.0,15081.0,15080.5,0.0
15081.0,15082.0,15081.5,0.0
15082.0,15083.0,15082.5,0.0
15083.0,15084.0,15083.5,0.0
15084.0,15085.0,15084.5,0.0
15085.0,15086.0,15085.5,0.0
15086.0,15087.0,15086.5,0.0
15087.0,15088.0,15087.5,0.0
15088.0,15089.0,15088.5,0.0
15089.0,15090.0,15089.5,0.0
15090.0,15091.0,15090.5,0.0
15091.0,15092.0,15091.5,0.0
15092.0,15093.0,15092.5,0.0
15093.0,15094.0,15093.5,0.0
15094.0,15095.0,15094.5,0.0
15095.0,15096.0,15095.5,0.0
15096.0,15097.0,15096.5,0.0
15097.0,15098.0,15097.5,0.0
15098.0,15099.0,15098.5,0.0
15099.0,15100.0,15099.5,0.0
15100.0,15101.0,15100.5,0.0
15101.0,15102.0,15101.5,0.0
15102.0,15103.0,15102.5,0.0
15103.0,15104.0,15103.5,0.0
15104.0,15105.0,15104.5,0.0
15105.0,15106.0,15105.5,0.0
15106.0,15107.0,15106.5,0.0
15107.0,15108.0,15107.5,0.0
15108.0,15109.0,15108.5,0.0
15109.0,15110.0,15109.5,0.0
15110.0,15111.0,15110.5,0.0
15111.0,15112.0,15111.5,0.0
15112.0,15113.0,15112.5,0.0
15113.0,15114.0,15113.5,0.0
15114.0,15115.0,15114.5,0.0
15115.0,15116.0,15115.5,0.0
15116.0,15117.0,15116.5,0.0
15117.0,15118.0,15117.5,0.0
15118.0,15119.0,15118.5,0.0
15119.0,15120.0,15119.5,0.0
15120.0,15121.0,15120.5,0.0
15121.0,15122.0,15121.5,0.0
15122.0,15123.0,15122.5,0.0
15123.0,15124.0,15123.5,0.0
15124.0,15125.0,15124.5,0.0
15125.0,15126.0,15125.5,0.0
15126.0,15127.0,15126.5,0.0
15127.0,15128.0,15127.5,0.0
15128.0,15129.0,15128.5,0.0
15129.0,15130.0,15129.5,0.0
15130.0,15131.0,15130.5,0.0
15131.0,15132.0,15131.5,0.0
15132.0,15133.0,15132.5,0.0
15133.0,15134.0,15133.5,0.0
15134.0,15135.0,15134.5,0.0
15135.0,15136.0,15135.5,0.0
15136.0,15137.0,15136.5,0.0
15137.0,15138.0,15137.5,0.0
15138.0,15139.0,15138.5,0.0
15139.0,15140.0,15139.5,0.0
15140.0,15141.0,15140.5,0.0
15141.0,15142.0,15141.5,0.0
15142.0,15143.0,15142.5,0.0
15143.0,15144.0,15143.5,0.0
15144.0,15145.0,15144.5,0.0
15145.0,15146.0,15145.5,0.0
15146.0,15147.0,15146.5,0.0
15147.0,15148.0,15147.5,0.0
15148.0,15149.0,15148.5,0.0
15149.0,15150.0,15149.5,0.0
15150.0,15151.0,15150.5,0.0
15151.0,15152.0,15151.5,0.0
15152.0,15153.0,15152.5,0.0
15153.0,15154.0,15153.5,0.0
15154.0,15155.0,15154.5,0.0
15155.0,15156.0,15155.5,0.0
15156.0,15157.0,15156.5,0.0
15157.0,15158.0,15157.5,0.0
15158.0,15159.0,15158.5,0.0
15159.0,15160.0,15159.5,0.0
15160.0,15161.0,15160.5,0.0
15161.0,15162.0,15161.5,0.0
15162.0,15163.0,15162.5,0.0
15163.0,15164.0,15163.5,0.0
15164.0,15165.0,15164.5,0.0
15165.0,15166.0,15165.5,0.0
15166.0,15167.0,15166.5,0.0
15167.0,15168.0,15167.5,0.0
15168.0,15169.0,15168.5,0.0
15169.0,15170.0,15169.5,0.0
15170.0,15171.0,15170.5,0.0
15171.0,15172.0,15171.5,0.0
15172.0,15173.0,15172.5,0.0
15173.0,15174.0,15173.5,0.0
15174.0,15175.0,15174.5,0.0
15175.0,15176.0,15175.5,0.0
15176.0,15177.0,15176.5,0.0
15177.0,15178.0,15177.5,0.0
15178.0,15179.0,15178.5,0.0
15179.0,15180.0,15179.5,0.0
15180.0,15181.0,15180.5,0.0
15181.0,15182.0,15181.5,0.0
15182.0,15183.0,15182.5,0.0
15183.0,15184.0,15183.5,0.0
15184.0,15185.0,15184.5,0.0
15185.0,15186.0,15185.5,0.0
15186.0,15187.0,15186.5,0.0
15187.0,15188.0,15187.5,0.0
15188.0,15189.0,15188.5,0.0
15189.0,15190.0,15189.5,0.0
15190.0,15191.0,15190.5,0.0
15191.0,15192.0,15191.5,0.0
15192.0,15193.0,15192.5,0.0
15193.0,15194.0,15193.5,0.0
15194.0,15195.0,15194.5,0.0
15195.0,15196.0,15195.5,0.0
15196.0,15197.0,15196.5,0.0
15197.0,15198.0,15197.5,0.0
15198.0,15199.0,15198.5,0.0
15199.0,15200.0,15199.5,0.0
15200.0,15201.0,15200.5,0.0
15201.0,15202.0,15201.5,0.0
15202.0,15203.0,15202.5,0.0
15203.0,15204.0,15203.5,0.0
15204.0,15205.0,15204.5,0.0
15205.0,15206.0,15205.5,0.0
15206.0,15207.0,15206.5,0.0
15207.0,15208.0,15207.5,0.0
15208.0,15209.0,15208.5,0.0
15209.0,15210.0,15209.5,0.0
15210.0,15211.0,15210.5,0.0
15211.0,15212.0,15211.5,0.0
15212.0,15213.0,15212.5,0.0
15213.0,15214.0,15213.5,0.0
15214.0,15215.0,15214.5,0.0
15215.0,15216.0,15215.5,0.0
15216.0,15217.0,15216.5,0.0
15217.0,15218.0,15217.5,0.0
15218.0,15219.0,15218.5,0.0
15219.0,15220.0,15219.5,0.0
15220.0,15221.0,15220.5,0.0
15221.0,15222.0,15221.5,0.0
15222.0,15223.0,15222.5,0.0
15223.0,15224.0,15223.5,0.0
15224.0,15225.0,15224.5,0.0
15225.0,15226.0,15225.5,0.0
15226.0,15227.0,15226.5,0.0
15227.0,15228.0,15227.5,0.0
15228.0,15229.0,15228.5,0.0
15229.0,15230.0,15229.5,0.0
15230.0,15231.0,15230.5,0.0
15231.0,15232.0,15231.5,0.0
15232.0,15233.0,15232.5,0.0
15233.0,15234.0,15233.5,0.0
15234.0,15235.0,15234.5,0.0
15235.0,15236.0,15235.5,0.0
15236.0,15237.0,15236.5,0.0
15237.0,15238.0,15237.5,0.0
15238.0,15239.0,15238.5,0.0
15239.0,15240.0,15239.5,0.0
15240.0,15241.0,15240.5,0.3
15241.0,15242.0,15241.5,0.0
15242.0,15243.0,15242.5,0.8
15243.0,15244.0,15243.5,0.0
15244.0,15245.0,15244.5,0.0
15245.0,15246.0,15245.5,0.0
15246.0,15247.0,15246.5,0.0
15247.0,15248.0,15247.5,0.0
15248.0,15249.0,15248.5,0.0
15249.0,15250.0,15249.5,0.0
15250.0,15251.0,15250.5,0.0
15251.0,15252.0,15251.5,0.0
15252.0,15253.0,15252.5,0.0
15253.0,15254.0,15253.5,0.0
15254.0,15255.0,15254.5,0.0
15255.0,15256.0,15255.5,0.0
15256.0,15257.0,15256.5,0.0
15257.0,15258.0,15257.5,0.0
15258.0,15259.0,15258.5,0.0
15259.0,15260.0,15259.5,0.0
15260.0,15261.0,15260.5,0.0
15261.0,15262.0,15261.5,0.0
15262.0,15263.0,15262.5,0.0
15263.0,15264.0,15263.5,0.0
15264.0,15265.0,15264.5,0.0
15265.0,15266.0,15265.5,0.0
15266.0,15267.0,15266.5,0.0
15267.0,15268.0,15267.5,0.0
15268.0,15269.0,15268.5,0.0
15269.0,15270.0,15269.5,0.0
15270.0,15271.0,15270.5,0.0
15271.0,15272.0,15271.5,0.0
15272.0,15273.0,15272.5,0.0
15273.0,15274.0,15273.5,0.0
15274.0,15275.0,15274.5,0.0
15275.0,15276.0,15275.5,0.0
15276.0,15277.0,15276.5,1.5
15277.0,15278.0,15277.5,0.0
15278.0,15279.0,15278.5,0.0
15279.0,15280.0,15279.5,0.0
15280.0,15281.0,15280.5,0.0
15281.0,15282.0,15281.5,0.0
15282.0,15283.0,15282.5,0.0
15283.0,15284.0,15283.5,0.0
15284.0,15285.0,15284.5,0.0
15285.0,15286.0,15285.5,0.0
15286.0,15287.0,15286.5,0.0
15287.0,15288.0,15287.5,0.0
15288.0,15289.0,15288.5,0.0
15289.0,15290.0,15289.5,0.0
15290.0,15291.0,15290.5,0.0
15291.0,15292.0,15291.5,0.0
15292.0,15293.0,15292.5,0.0
15293.0,15294.0,15293.5,0.0
15294.0,15295.0,15294.5,0.0
15295.0,15296.0,15295.5,0.0
15296.0,15297.0,15296.5,0.0
15297.0,15298.0,15297.5,0.0
15298.0,15299.0,15298.5,0.0
15299.0,15300.0,15299.5,0.0
15300.0,15301.0,15300.5,0.0
15301.0,15302.0,15301.5,0.0
15302.0,15303.0,15302.5,0.0
15303.0,15304.0,15303.5,0.0
15304.0,15305.0,15304.5,0.0
