NASA Data Processing/CAMP2Ex/SP2/CAMP2Ex-LARGE-SP2_P3B_20191005_R1.ict
37, 1001
Luke D. Ziemba
NASA Langley Research Center
Single Particle Soot Photometer (SP2), DMT
CAMP2Ex
1, 1
2019, 10, 05, 2020,05,06
0
Time_Start, seconds_past_midnight, start_seconds_past_midnight
3
1, 1, 1
-9999, -9999, -9999
Time_Stop, seconds_past_midnight, stop_seconds_past_midnight
Time_Mid, seconds_past_midnight, mid_seconds_past_midnight
BlackCarbon_STP, Black_Carbon_nanograms_per_standard_cubic_meter, AerComp_BC_InSitu_LII_Accu_MassSTP
1
N/A
19
PI_CONTACT_INFO: 21 Langley Blvd, Hampton, VA 23681
PLATFORM: NASA WFF P3-B N426NA
LOCATION: Philippines; Latitude, Longitude, and Altitude included in Hskping files (MetNav)
ASSOCIATED_DATA: InletFlag, MetNav, cloud flag
INSTRUMENT_INFO: Single particle refractory BC mass measured by laser-induced incandescence. Calibrated using laboratory-generated monodisperse fullerene soot aerosol and polynomial mass/response fit. 
DATA_INFO: Data corrected to STP (760 torr and 273K). Measurements apply to refractory black carbon particles with diameter between 100 and 700nm
UNCERTAINTY: 10%
ULOD_FLAG: -7777
ULOD_VALUE: N/A
LLOD_FLAG: -8888
LLOD_VALUE: N/A
DM_CONTACT_INFO: Luke D. Ziemba, luke.ziemba@nasa.gov, (757)864-6246
PROJECT_INFO: CAMP2Ex based at Clark International Airport, Philippines
STIPULATIONS_ON_USE: Data users are strongly encouraged to contact the instrument PI for information on instrument caveats and best practices.
OTHER_COMMENTS: Data affected by cloud penetrations have NOT been removed.Switched between forward-facing isokinetic inlet and counterflow virtual impactor; flag is provided (InletFlag).Data are removed for calibrations,insufficient laser power,and pump failure.
REVISION: R1
R0: Final Data.  No further adjustments are planned.
R1: Applied time shift of -2s to DLH.
Time_Start, Time_Stop, Time_Mid, BlackCarbon_STP
[from data line 6733]
12239.0,12240.0,12239.5,0.0
12240.0,12241.0,12240.5,0.0
12241.0,12242.0,12241.5,0.0
12242.0,12243.0,12242.5,0.0
12243.0,12244.0,12243.5,0.0
12244.0,12245.0,12244.5,0.0
12245.0,12246.0,12245.5,0.0
12246.0,12247.0,12246.5,0.0
12247.0,12248.0,12247.5,0.0
12248.0,12249.0,12248.5,0.0
12249.0,12250.0,12249.5,0.0
12250.0,12251.0,12250.5,0.0
12251.0,12252.0,12251.5,0.0
12252.0,12253.0,12252.5,0.0
12253.0,12254.0,12253.5,0.0
12254.0,12255.0,12254.5,0.0
12255.0,12256.0,12255.5,0.0
12256.0,12257.0,12256.5,0.0
12257.0,12258.0,12257.5,0.0
12258.0,12259.0,12258.5,0.0
12259.0,12260.0,12259.5,0.0
12260.0,12261.0,12260.5,0.0
12261.0,12262.0,12261.5,0.0
12262.0,12263.0,12262.5,0.0
12263.0,12264.0,12263.5,0.0
12264.0,12265.0,12264.5,0.0
12265.0,12266.0,12265.5,0.0
12266.0,12267.0,12266.5,0.0
12267.0,12268.0,12267.5,0.0
12268.0,12269.0,12268.5,0.0
12269.0,12270.0,12269.5,0.0
12270.0,12271.0,12270.5,0.0
12271.0,12272.0,12271.5,0.0
12272.0,12273.0,12272.5,0.0
12273.0,12274.0,12273.5,0.0
12274.0,12275.0,12274.5,0.0
12275.0,12276.0,12275.5,0.0
12276.0,12277.0,12276.5,0.0
12277.0,12278.0,12277.5,0.0
12278.0,12279.0,12278.5,0.0
12279.0,12280.0,12279.5,0.0
12280.0,12281.0,12280.5,0.0
12281.0,12282.0,12281.5,0.0
12282.0,12283.0,12282.5,0.0
12283.0,12284.0,12283.5,0.0
12284.0,12285.0,12284.5,29.3
12285.0,12286.0,12285.5,0.0
12286.0,12287.0,12286.5,0.3
12287.0,12288.0,12287.5,1.9
12288.0,12289.0,12288.5,35.2
12289.0,12290.0,12289.5,90.0
12290.0,12291.0,12290.5,6.2
12291.0,12292.0,12291.5,0.9
12292.0,12293.0,12292.5,0.4
12293.0,12294.0,12293.5,2.0
12294.0,12295.0,12294.5,12.0
12295.0,12296.0,12295.5,1.3
12296.0,12297.0,12296.5,0.0
12297.0,12298.0,12297.5,0.0
12298.0,12299.0,12298.5,0.4
12299.0,12300.0,12299.5,0.0
12300.0,12301.0,12300.5,0.0
12301.0,12302.0,12301.5,0.0
12302.0,12303.0,12302.5,0.0
12303.0,12304.0,12303.5,0.0
12304.0,12305.0,12304.5,0.0
12305.0,12306.0,12305.5,0.0
12306.0,12307.0,12306.5,0.0
12307.0,12308.0,12307.5,0.0
12308.0,12309.0,12308.5,0.0
12309.0,12310.0,12309.5,0.0
12310.0,12311.0,12310.5,0.0
12311.0,12312.0,12311.5,0.0
12312.0,12313.0,12312.5,0.0
12313.0,12314.0,12313.5,0.0
12314.0,12315.0,12314.5,0.0
12315.0,12316.0,12315.5,0.0
12316.0,12317.0,12316.5,0.0
12317.0,12318.0,12317.5,0.0
12318.0,12319.0,12318.5,0.0
12319.0,12320.0,12319.5,0.0
12320.0,12321.0,12320.5,0.0
12321.0,12322.0,12321.5,0.0
12322.0,12323.0,12322.5,0.0
12323.0,12324.0,12323.5,0.0
12324.0,12325.0,12324.5,0.0
12325.0,12326.0,12325.5,0.0
12326.0,12327.0,12326.5,0.0
12327.0,12328.0,12327.5,0.0
12328.0,12329.0,12328.5,0.0
12329.0,12330.0,12329.5,0.0
12330.0,12331.0,12330.5,0.0
12331.0,12332.0,12331.5,0.0
12332.0,12333.0,12332.5,0.0
12333.0,12334.0,12333.5,0.0
12334.0,12335.0,12334.5,0.0
12335.0,12336.0,12335.5,0.0
12336.0,12337.0,12336.5,4.8
12337.0,12338.0,12337.5,0.0
12338.0,12339.0,12338.5,0.0
12339.0,12340.0,12339.5,0.0
12340.0,12341.0,12340.5,0.0
12341.0,12342.0,12341.5,0.0
12342.0,12343.0,12342.5,0.0
12343.0,12344.0,12343.5,0.0
12344.0,12345.0,12344.5,0.0
12345.0,12346.0,12345.5,0.0
12346.0,12347.0,12346.5,0.0
12347.0,12348.0,12347.5,0.0
12348.0,12349.0,12348.5,0.0
12349.0,12350.0,12349.5,0.0
12350.0,12351.0,12350.5,0.0
12351.0,12352.0,12351.5,0.0
12352.0,12353.0,12352.5,0.0
12353.0,12354.0,12353.5,0.0
12354.0,12355.0,12354.5,0.0
12355.0,12356.0,12355.5,0.0
12356.0,12357.0,12356.5,0.0
12357.0,12358.0,12357.5,0.0
12358.0,12359.0,12358.5,0.0
12359.0,12360.0,12359.5,0.0
12360.0,12361.0,12360.5,0.0
12361.0,12362.0,12361.5,0.0
12362.0,12363.0,12362.5,0.0
12363.0,12364.0,12363.5,0.0
12364.0,12365.0,12364.5,0.0
12365.0,12366.0,12365.5,0.0
12366.0,12367.0,12366.5,0.0
12367.0,12368.0,12367.5,0.0
12368.0,12369.0,12368.5,0.0
12369.0,12370.0,12369.5,0.0
12370.0,12371.0,12370.5,0.0
12371.0,12372.0,12371.5,0.0
12372.0,12373.0,12372.5,0.0
12373.0,12374.0,12373.5,0.0
12374.0,12375.0,12374.5,0.0
12375.0,12376.0,12375.5,0.0
12376.0,12377.0,12376.5,0.0
12377.0,12378.0,12377.5,0.0
12378.0,12379.0,12378.5,0.0
12379.0,12380.0,12379.5,0.0
12380.0,12381.0,12380.5,0.0
12381.0,12382.0,12381.5,0.0
12382.0,12383.0,12382.5,0.0
12383.0,12384.0,12383.5,0.0
12384.0,12385.0,12384.5,0.0
12385.0,12386.0,12385.5,0.0
12386.0,12387.0,12386.5,0.0
12387.0,12388.0,12387.5,0.0
12388.0,12389.0,12388.5,0.0
12389.0,12390.0,12389.5,0.0
12390.0,12391.0,12390.5,0.0
12391.0,12392.0,12391.5,0.0
12392.0,12393.0,12392.5,0.0
12393.0,12394.0,12393.5,0.0
12394.0,12395.0,12394.5,0.0
12395.0,12396.0,12395.5,0.0
12396.0,12397.0,12396.5,0.0
12397.0,12398.0,12397.5,0.0
12398.0,12399.0,12398.5,0.0
12399.0,12400.0,12399.5,0.0
12400.0,12401.0,12400.5,0.0
12401.0,12402.0,12401.5,0.0
12402.0,12403.0,12402.5,0.0
12403.0,12404.0,12403.5,0.0
12404.0,12405.0,12404.5,0.0
12405.0,12406.0,12405.5,0.0
12406.0,12407.0,12406.5,0.0
12407.0,12408.0,12407.5,0.0
12408.0,12409.0,12408.5,0.0
12409.0,12410.0,12409.5,0.0
12410.0,12411.0,12410.5,0.0
12411.0,12412.0,12411.5,0.0
12412.0,12413.0,12412.5,0.0
12413.0,12414.0,12413.5,0.0
12414.0,12415.0,12414.5,2.7
12415.0,12416.0,12415.5,0.0
12416.0,12417.0,12416.5,0.0
12417.0,12418.0,12417.5,0.0
12418.0,12419.0,12418.5,0.0
12419.0,12420.0,12419.5,0.0
12420.0,12421.0,12420.5,0.0
12421.0,12422.0,12421.5,0.0
12422.0,12423.0,12422.5,0.0
12423.0,12424.0,12423.5,0.0
12424.0,12425.0,12424.5,0.0
12425.0,12426.0,12425.5,0.0
12426.0,12427.0,12426.5,0.0
12427.0,12428.0,12427.5,0.0
12428.0,12429.0,12428.5,0.0
12429.0,12430.0,12429.5,0.0
12430.0,12431.0,12430.5,4.2
12431.0,12432.0,12431.5,0.0
12432.0,12433.0,12432.5,0.0
12433.0,12434.0,12433.5,0.0
12434.0,12435.0,12434.5,0.0
12435.0,12436.0,12435.5,0.0
12436.0,12437.0,12436.5,0.0
12437.0,12438.0,12437.5,0.0
12438.0,12439.0,12438.5,0.0
12439.0,12440.0,12439.5,0.0
12440.0,12441.0,12440.5,0.0
12441.0,12442.0,12441.5,0.0
12442.0,12443.0,12442.5,0.0
12443.0,12444.0,12443.5,0.0
12444.0,12445.0,12444.5,0.0
12445.0,12446.0,12445.5,0.0
12446.0,12447.0,12446.5,0.0
12447.0,12448.0,12447.5,0.0
12448.0,12449.0,12448.5,0.0
12449.0,12450.0,12449.5,0.0
12450.0,12451.0,12450.5,0.0
12451.0,12452.0,12451.5,0.0
12452.0,12453.0,12452.5,4.3
12453.0,12454.0,12453.5,0.0
12454.0,12455.0,12454.5,0.0
12455.0,12456.0,12455.5,0.0
12456.0,12457.0,12456.5,0.0
12457.0,12458.0,12457.5,0.0
12458.0,12459.0,12458.5,0.0
12459.0,12460.0,12459.5,0.0
12460.0,12461.0,12460.5,0.0
12461.0,12462.0,12461.5,0.0
12462.0,12463.0,12462.5,0.0
12463.0,12464.0,12463.5,0.0
12464.0,12465.0,12464.5,0.0
12465.0,12466.0,12465.5,0.0
12466.0,12467.0,12466.5,0.0
12467.0,12468.0,12467.5,0.0
12468.0,12469.0,12468.5,0.0
12469.0,12470.0,12469.5,0.0
12470.0,12471.0,12470.5,0.0
12471.0,12472.0,12471.5,0.0
12472.0,12473.0,12472.5,0.0
12473.0,12474.0,12473.5,0.0
12474.0,12475.0,12474.5,0.0
12475.0,12476.0,12475.5,0.0
12476.0,12477.0,12476.5,0.0
12477.0,12478.0,12477.5,0.0
12478.0,12479.0,12478.5,0.0
12479.0,12480.0,12479.5,0.0
12480.0,12481.0,12480.5,0.0
12481.0,12482.0,12481.5,0.0
12482.0,12483.0,12482.5,0.0
12483.0,12484.0,12483.5,0.0
12484.0,12485.0,12484.5,0.0
12485.0,12486.0,12485.5,0.0
12486.0,12487.0,12486.5,0.0
12487.0,12488.0,12487.5,0.0
12488.0,12489.0,12488.5,0.0
12489.0,12490.0,12489.5,0.0
12490.0,12491.0,12490.5,0.0
12491.0,12492.0,12491.5,0.0
12492.0,12493.0,12492.5,0.0
12493.0,12494.0,12493.5,0.0
12494.0,12495.0,12494.5,0.0
12495.0,12496.0,12495.5,0.0
12496.0,12497.0,12496.5,0.0
12497.0,12498.0,12497.5,0.0
12498.0,12499.0,12498.5,0.0
12499.0,12500.0,12499.5,0.0
12500.0,12501.0,12500.5,0.0
12501.0,12502.0,12501.5,0.0
12502.0,12503.0,12502.5,0.0
12503.0,12504.0,12503.5,0.0
12504.0,12505.0,12504.5,0.0
12505.0,12506.0,12505.5,0.0
12506.0,12507.0,12506.5,0.0
12507.0,12508.0,12507.5,0.0
12508.0,12509.0,12508.5,0.0
12509.0,12510.0,12509.5,0.0
12510.0,12511.0,12510.5,0.0
12511.0,12512.0,12511.5,0.0
12512.0,12513.0,12512.5,0.0
12513.0,12514.0,12513.5,0.0
12514.0,12515.0,12514.5,0.0
12515.0,12516.0,12515.5,0.0
12516.0,12517.0,12516.5,0.0
12517.0,12518.0,12517.5,0.0
12518.0,12519.0,12518.5,0.0
12519.0,12520.0,12519.5,0.0
12520.0,12521.0,12520.5,0.0
12521.0,12522.0,12521.5,0.0
12522.0,12523.0,12522.5,0.0
12523.0,12524.0,12523.5,0.0
12524.0,12525.0,12524.5,0.0
12525.0,12526.0,12525.5,0.0
12526.0,12527.0,12526.5,0.0
12527.0,12528.0,12527.5,0.0
12528.0,12529.0,12528.5,0.0
12529.0,12530.0,12529.5,0.0
12530.0,12531.0,12530.5,0.0
12531.0,12532.0,12531.5,0.0
12532.0,12533.0,12532.5,0.0
12533.0,12534.0,12533.5,0.0
12534.0,12535.0,12534.5,0.0
12535.0,12536.0,12535.5,0.0
12536.0,12537.0,12536.5,0.0
12537.0,12538.0,12537.5,0.0
12538.0,12539.0,12538.5,0.0
12539.0,12540.0,12539.5,0.0
12540.0,12541.0,12540.5,0.0
12541.0,12542.0,12541.5,0.0
12542.0,12543.0,12542.5,0.4
12543.0,12544.0,12543.5,23.3
12544.0,12545.0,12544.5,0.0
12545.0,12546.0,12545.5,0.6
12546.0,12547.0,12546.5,0.2
12547.0,12548.0,12547.5,2.1
12548.0,12549.0,12548.5,31.8
12549.0,12550.0,12549.5,1.1
12550.0,12551.0,12550.5,128.6
12551.0,12552.0,12551.5,108.3
12552.0,12553.0,12552.5,44.4
12553.0,12554.0,12553.5,5.6
12554.0,12555.0,12554.5,5.3
12555.0,12556.0,12555.5,3.8
12556.0,12557.0,12556.5,8.0
12557.0,12558.0,12557.5,25.7
12558.0,12559.0,12558.5,42.5
12559.0,12560.0,12559.5,5.5
12560.0,12561.0,12560.5,0.0
12561.0,12562.0,12561.5,3.5
12562.0,12563.0,12562.5,4.1
12563.0,12564.0,12563.5,0.0
12564.0,12565.0,12564.5,0.2
12565.0,12566.0,12565.5,0.0
12566.0,12567.0,12566.5,0.0
12567.0,12568.0,12567.5,0.0
12568.0,12569.0,12568.5,0.3
12569.0,12570.0,12569.5,0.7
12570.0,12571.0,12570.5,0.0
12571.0,12572.0,12571.5,0.0
12572.0,12573.0,12572.5,0.0
12573.0,12574.0,12573.5,0.0
12574.0,12575.0,12574.5,0.0
12575.0,12576.0,12575.5,0.0
12576.0,12577.0,12576.5,0.0
12577.0,12578.0,12577.5,0.0
12578.0,12579.0,12578.5,0.0
12579.0,12580.0,12579.5,0.0
12580.0,12581.0,12580.5,0.0
12581.0,12582.0,12581.5,0.0
12582.0,12583.0,12582.5,0.0
12583.0,12584.0,12583.5,0.0
12584.0,12585.0,12584.5,0.0
12585.0,12586.0,12585.5,0.0
12586.0,12587.0,12586.5,0.0
12587.0,12588.0,12587.5,0.0
12588.0,12589.0,12588.5,0.0
12589.0,12590.0,12589.5,0.0
12590.0,12591.0,12590.5,0.0
12591.0,12592.0,12591.5,0.0
12592.0,12593.0,12592.5,0.0
12593.0,12594.0,12593.5,0.0
12594.0,12595.0,12594.5,0.0
12595.0,12596.0,12595.5,0.0
12596.0,12597.0,12596.5,0.0
12597.0,12598.0,12597.5,0.0
12598.0,12599.0,12598.5,0.0
12599.0,12600.0,12599.5,0.0
12600.0,12601.0,12600.5,0.0
12601.0,12602.0,12601.5,0.0
12602.0,12603.0,12602.5,0.0
12603.0,12604.0,12603.5,0.0
12604.0,12605.0,12604.5,0.0
12605.0,12606.0,12605.5,0.0
12606.0,12607.0,12606.5,0.0
12607.0,12608.0,12607.5,0.0
12608.0,12609.0,12608.5,0.0
12609.0,12610.0,12609.5,0.0
12610.0,12611.0,12610.5,0.0
12611.0,12612.0,12611.5,0.0
12612.0,12613.0,12612.5,0.0
12613.0,12614.0,12613.5,0.0
12614.0,12615.0,12614.5,1.2
12615.0,12616.0,12615.5,0.0
12616.0,12617.0,12616.5,0.0
12617.0,12618.0,12617.5,0.0
12618.0,12619.0,12618.5,0.0
12619.0,12620.0,12619.5,0.0
12620.0,12621.0,12620.5,0.0
12621.0,12622.0,12621.5,0.0
12622.0,12623.0,12622.5,0.0
12623.0,12624.0,12623.5,0.0
12624.0,12625.0,12624.5,0.0
12625.0,12626.0,12625.5,0.0
12626.0,12627.0,12626.5,0.0
12627.0,12628.0,12627.5,0.0
12628.0,12629.0,12628.5,0.0
12629.0,12630.0,12629.5,0.0
12630.0,12631.0,12630.5,0.0
12631.0,12632.0,12631.5,0.0
12632.0,12633.0,12632.5,0.0
12633.0,12634.0,12633.5,0.0
12634.0,12635.0,12634.5,0.0
12635.0,12636.0,12635.5,0.0
12636.0,12637.0,12636.5,0.0
12637.0,12638.0,12637.5,0.0
12638.0,12639.0,12638.5,0.0
12639.0,12640.0,12639.5,0.0
12640.0,12641.0,12640.5,0.0
12641.0,12642.0,12641.5,0.0
12642.0,12643.0,12642.5,0.0
12643.0,12644.0,12643.5,0.0
12644.0,12645.0,12644.5,0.0
12645.0,12646.0,12645.5,0.0
12646.0,12647.0,12646.5,0.0
12647.0,12648.0,12647.5,0.0
12648.0,12649.0,12648.5,0.0
12649.0,12650.0,12649.5,0.0
12650.0,12651.0,12650.5,0.0
12651.0,12652.0,12651.5,0.0
12652.0,12653.0,12652.5,0.0
12653.0,12654.0,12653.5,0.0
12654.0,12655.0,12654.5,0.0
12655.0,12656.0,12655.5,0.0
12656.0,12657.0,12656.5,0.0
12657.0,12658.0,12657.5,0.0
12658.0,12659.0,12658.5,0.0
12659.0,12660.0,12659.5,0.0
12660.0,12661.0,12660.5,0.0
12661.0,12662.0,12661.5,0.0
12662.0,12663.0,12662.5,0.0
12663.0,12664.0,12663.5,0.0
12664.0,12665.0,12664.5,0.0
12665.0,12666.0,12665.5,0.0
12666.0,12667.0,12666.5,0.0
12667.0,12668.0,12667.5,0.0
12668.0,12669.0,12668.5,0.0
12669.0,12670.0,12669.5,0.0
12670.0,12671.0,12670.5,0.0
12671.0,12672.0,12671.5,0.0
12672.0,12673.0,12672.5,0.0
12673.0,12674.0,12673.5,0.0
12674.0,12675.0,12674.5,0.0
12675.0,12676.0,12675.5,0.0
12676.0,12677.0,12676.5,0.0
12677.0,12678.0,12677.5,0.0
12678.0,12679.0,12678.5,0.0
12679.0,12680.0,12679.5,0.0
12680.0,12681.0,12680.5,0.0
12681.0,12682.0,12681.5,0.0
12682.0,12683.0,12682.5,0.0
12683.0,12684.0,12683.5,0.0
12684.0,12685.0,12684.5,0.0
12685.0,12686.0,12685.5,0.0
12686.0,12687.0,12686.5,0.0
12687.0,12688.0,12687.5,0.0
12688.0,12689.0,12688.5,0.0
12689.0,12690.0,12689.5,0.0
12690.0,12691.0,12690.5,0.3
12691.0,12692.0,12691.5,0.0
12692.0,12693.0,12692.5,0.0
12693.0,12694.0,12693.5,0.0
12694.0,12695.0,12694.5,0.0
12695.0,12696.0,12695.5,0.0
12696.0,12697.0,12696.5,0.0
12697.0,12698.0,12697.5,0.0
12698.0,12699.0,12698.5,0.0
12699.0,12700.0,12699.5,0.0
12700.0,12701.0,12700.5,0.0
12701.0,12702.0,12701.5,0.0
12702.0,12703.0,12702.5,0.0
12703.0,12704.0,12703.5,0.0
12704.0,12705.0,12704.5,0.0
12705.0,12706.0,12705.5,0.0
12706.0,12707.0,12706.5,0.0
12707.0,12708.0,12707.5,0.0
12708.0,12709.0,12708.5,0.0
12709.0,12710.0,12709.5,0.0
12710.0,12711.0,12710.5,0.0
12711.0,12712.0,12711.5,0.0
12712.0,12713.0,12712.5,0.0
12713.0,12714.0,12713.5,0.0
12714.0,12715.0,12714.5,0.0
12715.0,12716.0,12715.5,0.0
12716.0,12717.0,12716.5,0.0
12717.0,12718.0,12717.5,0.0
12718.0,12719.0,12718.5,0.0
12719.0,12720.0,12719.5,0.0
12720.0,12721.0,12720.5,0.0
12721.0,12722.0,12721.5,0.0
12722.0,12723.0,12722.5,0.0
12723.0,12724.0,12723.5,0.0
12724.0,12725.0,12724.5,0.0
12725.0,12726.0,12725.5,0.0
12726.0,12727.0,12726.5,0.0
12727.0,12728.0,12727.5,0.0
12728.0,12729.0,12728.5,0.0
12729.0,12730.0,12729.5,0.0
12730.0,12731.0,12730.5,0.0
12731.0,12732.0,12731.5,0.0
12732.0,12733.0,12732.5,0.0
12733.0,12734.0,12733.5,0.0
12734.0,12735.0,12734.5,0.0
12735.0,12736.0,12735.5,0.0
12736.0,12737.0,12736.5,0.0
12737.0,12738.0,12737.5,0.0
12738.0,12739.0,12738.5,0.0
12739.0,12740.0,12739.5,0.0
12740.0,12741.0,12740.5,0.0
12741.0,12742.0,12741.5,0.0
12742.0,12743.0,12742.5,0.0
12743.0,12744.0,12743.5,0.0
12744.0,12745.0,12744.5,0.0
12745.0,12746.0,12745.5,0.0
12746.0,12747.0,12746.5,0.0
12747.0,12748.0,12747.5,0.0
12748.0,12749.0,12748.5,0.0
12749.0,12750.0,12749.5,0.0
12750.0,12751.0,12750.5,0.0
12751.0,12752.0,12751.5,0.0
12752.0,12753.0,12752.5,0.0
12753.0,12754.0,12753.5,0.0
12754.0,12755.0,12754.5,0.0
12755.0,12756.0,12755.5,0.0
12756.0,12757.0,12756.5,0.0
12757.0,12758.0,12757.5,0.0
12758.0,12759.0,12758.5,0.0
12759.0,12760.0,12759.5,0.0
12760.0,12761.0,12760.5,0.0
12761.0,12762.0,12761.5,0.0
12762.0,12763.0,12762.5,0.0
12763.0,12764.0,12763.5,0.0
12764.0,12765.0,12764.5,0.0
12765.0,12766.0,12765.5,0.0
12766.0,12767.0,12766.5,0.0
12767.0,12768.0,12767.5,0.0
12768.0,12769.0,12768.5,0.0
12769.0,12770.0,12769.5,0.0
12770.0,12771.0,12770.5,0.0
12771.0,12772.0,12771.5,0.0
12772.0,12773.0,12772.5,0.3
12773.0,12774.0,12773.5,0.0
12774.0,12775.0,12774.5,0.0
12775.0,12776.0,12775.5,0.0
12776.0,12777.0,12776.5,0.0
12777.0,12778.0,12777.5,0.0
12778.0,12779.0,12778.5,0.0
12779.0,12780.0,12779.5,0.0
12780.0,12781.0,12780.5,0.0
12781.0,12782.0,12781.5,0.0
12782.0,12783.0,12782.5,0.0
12783.0,12784.0,12783.5,0.0
12784.0,12785.0,12784.5,0.4
12785.0,12786.0,12785.5,0.0
12786.0,12787.0,12786.5,0.0
12787.0,12788.0,12787.5,0.0
12788.0,12789.0,12788.5,0.0
12789.0,12790.0,12789.5,0.0
12790.0,12791.0,12790.5,0.0
12791.0,12792.0,12791.5,0.0
12792.0,12793.0,12792.5,0.0
12793.0,12794.0,12793.5,0.0
12794.0,12795.0,12794.5,0.0
12795.0,12796.0,12795.5,0.0
12796.0,12797.0,12796.5,0.0
12797.0,12798.0,12797.5,0.0
12798.0,12799.0,12798.5,0.0
12799.0,12800.0,12799.5,0.0
12800.0,12801.0,12800.5,0.0
12801.0,12802.0,12801.5,0.0
12802.0,12803.0,12802.5,0.0
12803.0,12804.0,12803.5,0.0
12804.0,12805.0,12804.5,0.0
12805.0,12806.0,12805.5,0.0
12806.0,12807.0,12806.5,0.0
12807.0,12808.0,12807.5,0.0
12808.0,12809.0,12808.5,0.0
