NASA Data Processing/CAMP2Ex/SP2/CAMP2Ex-LARGE-SP2_P3B_20190919_R1.ict
37, 1001
Luke D. Ziemba
NASA Langley Research Center
Single Particle Soot Photometer (SP2), DMT
CAMP2Ex
1, 1
2019, 09, 19, 2020,05,06
0
Time_Start, seconds_past_midnight, start_seconds_past_midnight
3
1, 1, 1
-9999, -9999, -9999
Time_Stop, seconds_past_midnight, stop_seconds_past_midnight
Time_Mid, seconds_past_midnight, mid_seconds_past_midnight
BlackCarbon_STP, Black_Carbon_nanograms_per_standard_cubic_meter, AerComp_BC_InSitu_LII_Accu_MassSTP
1
N/A
19
PI_CONTACT_INFO: 21 Langley Blvd, Hampton, VA 23681
PLATFORM: NASA WFF P3-B N426NA
LOCATION: Philippines; Latitude, Longitude, and Altitude included in Hskping files (MetNav)
ASSOCIATED_DATA: InletFlag, MetNav, cloud flag
INSTRUMENT_INFO: Single particle refractory BC mass measured by laser-induced incandescence. Calibrated using laboratory-generated monodisperse fullerene soot aerosol and polynomial mass/response fit. 
DATA_INFO: Data corrected to STP (760 torr and 273K). Measurements apply to refractory black carbon particles with diameter between 100 and 700nm
UNCERTAINTY: 10%
ULOD_FLAG: -7777
ULOD_VALUE: N/A
LLOD_FLAG: -8888
LLOD_VALUE: N/A
DM_CONTACT_INFO: Luke D. Ziemba, luke.ziemba@nasa.gov, (757)864-6246
PROJECT_INFO: CAMP2Ex based at Clark International Airport, Philippines
STIPULATIONS_ON_USE: Data users are strongly encouraged to contact the instrument PI for information on instrument caveats and best practices.
OTHER_COMMENTS: Data affected by cloud penetrations have NOT been removed.Switched between forward-facing isokinetic inlet and counterflow virtual impactor; flag is provided (InletFlag).Data are removed for calibrations,insufficient laser power,and pump failure.
REVISION: R1
R0: Final Data.  No further adjustments are planned.
R1: Applied time shift of -2s to DLH.
Time_Start, Time_Stop, Time_Mid, BlackCarbon_STP
[from data line 8475]
90533.0,90534.0,90533.5,23.6
90534.0,90535.0,90534.5,36.8
90535.0,90536.0,90535.5,27.9
90536.0,90537.0,90536.5,17.9
90537.0,90538.0,90537.5,18.2
90538.0,90539.0,90538.5,20.0
90539.0,90540.0,90539.5,149.4
90540.0,90541.0,90540.5,2.3
90541.0,90542.0,90541.5,26.2
90542.0,90543.0,90542.5,38.0
90543.0,90544.0,90543.5,53.9
90544.0,90545.0,90544.5,99.8
90545.0,90546.0,90545.5,8.5
90546.0,90547.0,90546.5,56.9
90547.0,90548.0,90547.5,20.0
90548.0,90549.0,90548.5,29.0
90549.0,90550.0,90549.5,13.6
90550.0,90551.0,90550.5,22.4
90551.0,90552.0,90551.5,65.1
90552.0,90553.0,90552.5,129.9
90553.0,90554.0,90553.5,80.4
90554.0,90555.0,90554.5,35.5
90555.0,90556.0,90555.5,26.4
90556.0,90557.0,90556.5,108.7
90557.0,90558.0,90557.5,8.6
90558.0,90559.0,90558.5,23.0
90559.0,90560.0,90559.5,15.2
90560.0,90561.0,90560.5,35.6
90561.0,90562.0,90561.5,69.5
90562.0,90563.0,90562.5,35.8
90563.0,90564.0,90563.5,7.5
90564.0,90565.0,90564.5,2.1
90565.0,90566.0,90565.5,34.0
90566.0,90567.0,90566.5,13.2
90567.0,90568.0,90567.5,38.4
90568.0,90569.0,90568.5,6.6
90569.0,90570.0,90569.5,20.0
90570.0,90571.0,90570.5,38.2
90571.0,90572.0,90571.5,29.0
90572.0,90573.0,90572.5,22.1
90573.0,90574.0,90573.5,121.8
90574.0,90575.0,90574.5,56.7
90575.0,90576.0,90575.5,22.8
90576.0,90577.0,90576.5,12.0
90577.0,90578.0,90577.5,131.1
90578.0,90579.0,90578.5,36.5
90579.0,90580.0,90579.5,7.6
90580.0,90581.0,90580.5,52.1
90581.0,90582.0,90581.5,56.7
90582.0,90583.0,90582.5,14.8
90583.0,90584.0,90583.5,10.4
90584.0,90585.0,90584.5,13.6
90585.0,90586.0,90585.5,18.1
90586.0,90587.0,90586.5,32.8
90587.0,90588.0,90587.5,9.1
90588.0,90589.0,90588.5,115.9
90589.0,90590.0,90589.5,3.9
90590.0,90591.0,90590.5,50.1
90591.0,90592.0,90591.5,28.8
90592.0,90593.0,90592.5,99.8
90593.0,90594.0,90593.5,10.2
90594.0,90595.0,90594.5,4.6
90595.0,90596.0,90595.5,15.7
90596.0,90597.0,90596.5,25.8
90597.0,90598.0,90597.5,10.9
90598.0,90599.0,90598.5,65.8
90599.0,90600.0,90599.5,130.3
90600.0,90601.0,90600.5,59.9
90601.0,90602.0,90601.5,13.1
90602.0,90603.0,90602.5,8.3
90603.0,90604.0,90603.5,39.5
90604.0,90605.0,90604.5,23.0
90605.0,90606.0,90605.5,42.3
90606.0,90607.0,90606.5,141.9
90607.0,90608.0,90607.5,29.8
90608.0,90609.0,90608.5,9.3
90609.0,90610.0,90609.5,53.9
90610.0,90611.0,90610.5,84.3
90611.0,90612.0,90611.5,59.7
90612.0,90613.0,90612.5,10.8
90613.0,90614.0,90613.5,12.6
90614.0,90615.0,90614.5,11.5
90615.0,90616.0,90615.5,13.3
90616.0,90617.0,90616.5,22.9
90617.0,90618.0,90617.5,42.6
90618.0,90619.0,90618.5,4.3
90619.0,90620.0,90619.5,61.1
90620.0,90621.0,90620.5,5.7
90621.0,90622.0,90621.5,23.7
90622.0,90623.0,90622.5,84.2
90623.0,90624.0,90623.5,47.0
90624.0,90625.0,90624.5,31.0
90625.0,90626.0,90625.5,40.4
90626.0,90627.0,90626.5,69.6
90627.0,90628.0,90627.5,21.7
90628.0,90629.0,90628.5,20.4
90629.0,90630.0,90629.5,29.8
90630.0,90631.0,90630.5,22.8
90631.0,90632.0,90631.5,14.9
90632.0,90633.0,90632.5,13.2
90633.0,90634.0,90633.5,57.4
90634.0,90635.0,90634.5,9.0
90635.0,90636.0,90635.5,4.6
90636.0,90637.0,90636.5,26.5
90637.0,90638.0,90637.5,15.7
90638.0,90639.0,90638.5,25.3
90639.0,90640.0,90639.5,13.5
90640.0,90641.0,90640.5,12.8
90641.0,90642.0,90641.5,22.8
90642.0,90643.0,90642.5,26.1
90643.0,90644.0,90643.5,31.7
90644.0,90645.0,90644.5,54.4
90645.0,90646.0,90645.5,99.8
90646.0,90647.0,90646.5,121.5
90647.0,90648.0,90647.5,19.9
90648.0,90649.0,90648.5,13.2
90649.0,90650.0,90649.5,12.3
90650.0,90651.0,90650.5,56.6
90651.0,90652.0,90651.5,21.8
90652.0,90653.0,90652.5,24.0
90653.0,90654.0,90653.5,38.0
90654.0,90655.0,90654.5,15.2
90655.0,90656.0,90655.5,100.1
90656.0,90657.0,90656.5,43.5
90657.0,90658.0,90657.5,27.3
90658.0,90659.0,90658.5,29.7
90659.0,90660.0,90659.5,53.4
90660.0,90661.0,90660.5,32.4
90661.0,90662.0,90661.5,74.0
90662.0,90663.0,90662.5,24.9
90663.0,90664.0,90663.5,84.4
90664.0,90665.0,90664.5,54.2
90665.0,90666.0,90665.5,59.6
90666.0,90667.0,90666.5,25.4
90667.0,90668.0,90667.5,37.4
90668.0,90669.0,90668.5,42.2
90669.0,90670.0,90669.5,10.7
90670.0,90671.0,90670.5,26.6
90671.0,90672.0,90671.5,27.4
90672.0,90673.0,90672.5,83.9
90673.0,90674.0,90673.5,191.7
90674.0,90675.0,90674.5,19.0
90675.0,90676.0,90675.5,21.4
90676.0,90677.0,90676.5,40.2
90677.0,90678.0,90677.5,25.7
90678.0,90679.0,90678.5,31.4
90679.0,90680.0,90679.5,14.0
90680.0,90681.0,90680.5,24.6
90681.0,90682.0,90681.5,57.6
90682.0,90683.0,90682.5,128.0
90683.0,90684.0,90683.5,12.2
90684.0,90685.0,90684.5,23.8
90685.0,90686.0,90685.5,12.0
90686.0,90687.0,90686.5,13.7
90687.0,90688.0,90687.5,8.6
90688.0,90689.0,90688.5,55.1
90689.0,90690.0,90689.5,47.4
90690.0,90691.0,90690.5,39.0
90691.0,90692.0,90691.5,30.2
90692.0,90693.0,90692.5,61.9
90693.0,90694.0,90693.5,301.5
90694.0,90695.0,90694.5,52.0
90695.0,90696.0,90695.5,151.2
90696.0,90697.0,90696.5,121.7
90697.0,90698.0,90697.5,80.1
90698.0,90699.0,90698.5,26.3
90699.0,90700.0,90699.5,22.2
90700.0,90701.0,90700.5,42.3
90701.0,90702.0,90701.5,133.7
90702.0,90703.0,90702.5,25.7
90703.0,90704.0,90703.5,65.0
90704.0,90705.0,90704.5,81.0
90705.0,90706.0,90705.5,12.6
90706.0,90707.0,90706.5,13.3
90707.0,90708.0,90707.5,10.9
90708.0,90709.0,90708.5,79.6
90709.0,90710.0,90709.5,159.9
90710.0,90711.0,90710.5,59.5
90711.0,90712.0,90711.5,77.6
90712.0,90713.0,90712.5,13.2
90713.0,90714.0,90713.5,13.0
90714.0,90715.0,90714.5,37.2
90715.0,90716.0,90715.5,12.7
90716.0,90717.0,90716.5,56.8
90717.0,90718.0,90717.5,41.2
90718.0,90719.0,90718.5,34.5
90719.0,90720.0,90719.5,73.4
90720.0,90721.0,90720.5,48.6
90721.0,90722.0,90721.5,48.5
90722.0,90723.0,90722.5,58.2
90723.0,90724.0,90723.5,122.8
90724.0,90725.0,90724.5,212.8
90725.0,90726.0,90725.5,103.9
90726.0,90727.0,90726.5,30.9
90727.0,90728.0,90727.5,3.7
90728.0,90729.0,90728.5,10.4
90729.0,90730.0,90729.5,69.0
90730.0,90731.0,90730.5,7.2
90731.0,90732.0,90731.5,24.9
90732.0,90733.0,90732.5,17.2
90733.0,90734.0,90733.5,8.0
90734.0,90735.0,90734.5,16.3
90735.0,90736.0,90735.5,2.7
90736.0,90737.0,90736.5,60.6
90737.0,90738.0,90737.5,19.7
90738.0,90739.0,90738.5,38.9
90739.0,90740.0,90739.5,54.2
90740.0,90741.0,90740.5,6.0
90741.0,90742.0,90741.5,13.3
90742.0,90743.0,90742.5,15.7
90743.0,90744.0,90743.5,36.2
90744.0,90745.0,90744.5,47.7
90745.0,90746.0,90745.5,38.8
90746.0,90747.0,90746.5,9.3
90747.0,90748.0,90747.5,50.0
90748.0,90749.0,90748.5,8.9
90749.0,90750.0,90749.5,83.2
90750.0,90751.0,90750.5,64.0
90751.0,90752.0,90751.5,72.6
90752.0,90753.0,90752.5,85.7
90753.0,90754.0,90753.5,37.2
90754.0,90755.0,90754.5,15.3
90755.0,90756.0,90755.5,20.6
90756.0,90757.0,90756.5,25.2
90757.0,90758.0,90757.5,63.8
90758.0,90759.0,90758.5,32.3
90759.0,90760.0,90759.5,44.0
90760.0,90761.0,90760.5,3.9
90761.0,90762.0,90761.5,26.1
90762.0,90763.0,90762.5,40.7
90763.0,90764.0,90763.5,12.8
90764.0,90765.0,90764.5,61.7
90765.0,90766.0,90765.5,95.4
90766.0,90767.0,90766.5,60.3
90767.0,90768.0,90767.5,24.8
90768.0,90769.0,90768.5,84.0
90769.0,90770.0,90769.5,94.3
90770.0,90771.0,90770.5,32.7
90771.0,90772.0,90771.5,28.5
90772.0,90773.0,90772.5,19.4
90773.0,90774.0,90773.5,48.9
90774.0,90775.0,90774.5,37.3
90775.0,90776.0,90775.5,43.2
90776.0,90777.0,90776.5,48.3
90777.0,90778.0,90777.5,30.7
90778.0,90779.0,90778.5,27.8
90779.0,90780.0,90779.5,140.3
90780.0,90781.0,90780.5,25.4
90781.0,90782.0,90781.5,39.2
90782.0,90783.0,90782.5,20.3
90783.0,90784.0,90783.5,86.2
90784.0,90785.0,90784.5,230.4
90785.0,90786.0,90785.5,50.2
90786.0,90787.0,90786.5,26.9
90787.0,90788.0,90787.5,17.2
90788.0,90789.0,90788.5,44.8
90789.0,90790.0,90789.5,54.5
90790.0,90791.0,90790.5,43.8
90791.0,90792.0,90791.5,32.5
90792.0,90793.0,90792.5,34.5
90793.0,90794.0,90793.5,11.0
90794.0,90795.0,90794.5,34.5
90795.0,90796.0,90795.5,17.9
90796.0,90797.0,90796.5,41.6
90797.0,90798.0,90797.5,36.1
90798.0,90799.0,90798.5,39.7
90799.0,90800.0,90799.5,10.4
90800.0,90801.0,90800.5,38.1
90801.0,90802.0,90801.5,9.3
90802.0,90803.0,90802.5,74.0
90803.0,90804.0,90803.5,84.8
90804.0,90805.0,90804.5,58.1
90805.0,90806.0,90805.5,73.3
90806.0,90807.0,90806.5,83.0
90807.0,90808.0,90807.5,32.5
90808.0,90809.0,90808.5,26.0
90809.0,90810.0,90809.5,104.9
90810.0,90811.0,90810.5,62.6
90811.0,90812.0,90811.5,11.1
90812.0,90813.0,90812.5,4.7
90813.0,90814.0,90813.5,62.7
90814.0,90815.0,90814.5,25.5
90815.0,90816.0,90815.5,11.3
90816.0,90817.0,90816.5,24.7
90817.0,90818.0,90817.5,36.0
90818.0,90819.0,90818.5,14.2
90819.0,90820.0,90819.5,57.9
90820.0,90821.0,90820.5,108.4
90821.0,90822.0,90821.5,13.3
90822.0,90823.0,90822.5,11.7
90823.0,90824.0,90823.5,66.0
90824.0,90825.0,90824.5,18.3
90825.0,90826.0,90825.5,5.2
90826.0,90827.0,90826.5,217.2
90827.0,90828.0,90827.5,29.8
90828.0,90829.0,90828.5,42.5
90829.0,90830.0,90829.5,23.2
90830.0,90831.0,90830.5,24.0
90831.0,90832.0,90831.5,48.3
90832.0,90833.0,90832.5,47.3
90833.0,90834.0,90833.5,231.1
90834.0,90835.0,90834.5,83.7
90835.0,90836.0,90835.5,56.2
90836.0,90837.0,90836.5,16.1
90837.0,90838.0,90837.5,19.5
90838.0,90839.0,90838.5,27.8
90839.0,90840.0,90839.5,39.9
90840.0,90841.0,90840.5,70.6
90841.0,90842.0,90841.5,33.8
90842.0,90843.0,90842.5,17.5
90843.0,90844.0,90843.5,42.4
90844.0,90845.0,90844.5,41.0
90845.0,90846.0,90845.5,63.3
90846.0,90847.0,90846.5,10.9
90847.0,90848.0,90847.5,56.0
90848.0,90849.0,90848.5,16.4
90849.0,90850.0,90849.5,68.8
90850.0,90851.0,90850.5,20.8
90851.0,90852.0,90851.5,18.5
90852.0,90853.0,90852.5,7.6
90853.0,90854.0,90853.5,65.5
90854.0,90855.0,90854.5,36.1
90855.0,90856.0,90855.5,30.6
90856.0,90857.0,90856.5,37.4
90857.0,90858.0,90857.5,23.5
90858.0,90859.0,90858.5,49.4
90859.0,90860.0,90859.5,33.0
90860.0,90861.0,90860.5,20.6
90861.0,90862.0,90861.5,89.9
90862.0,90863.0,90862.5,17.2
90863.0,90864.0,90863.5,33.5
90864.0,90865.0,90864.5,39.9
90865.0,90866.0,90865.5,28.6
90866.0,90867.0,90866.5,36.7
90867.0,90868.0,90867.5,39.4
90868.0,90869.0,90868.5,62.1
90869.0,90870.0,90869.5,103.8
90870.0,90871.0,90870.5,22.0
90871.0,90872.0,90871.5,38.9
90872.0,90873.0,90872.5,121.9
90873.0,90874.0,90873.5,50.2
90874.0,90875.0,90874.5,15.2
90875.0,90876.0,90875.5,47.4
90876.0,90877.0,90876.5,7.7
90877.0,90878.0,90877.5,83.1
90878.0,90879.0,90878.5,45.2
90879.0,90880.0,90879.5,29.5
90880.0,90881.0,90880.5,45.9
90881.0,90882.0,90881.5,30.8
90882.0,90883.0,90882.5,45.9
90883.0,90884.0,90883.5,200.9
90884.0,90885.0,90884.5,14.8
90885.0,90886.0,90885.5,37.1
90886.0,90887.0,90886.5,18.3
90887.0,90888.0,90887.5,124.6
90888.0,90889.0,90888.5,31.3
90889.0,90890.0,90889.5,47.3
90890.0,90891.0,90890.5,24.5
90891.0,90892.0,90891.5,16.1
90892.0,90893.0,90892.5,57.6
90893.0,90894.0,90893.5,27.8
90894.0,90895.0,90894.5,45.5
90895.0,90896.0,90895.5,57.4
90896.0,90897.0,90896.5,34.4
90897.0,90898.0,90897.5,69.7
90898.0,90899.0,90898.5,21.3
90899.0,90900.0,90899.5,42.6
90900.0,90901.0,90900.5,40.5
90901.0,90902.0,90901.5,15.4
90902.0,90903.0,90902.5,64.0
90903.0,90904.0,90903.5,47.9
90904.0,90905.0,90904.5,52.2
90905.0,90906.0,90905.5,28.2
90906.0,90907.0,90906.5,31.9
90907.0,90908.0,90907.5,31.9
90908.0,90909.0,90908.5,62.4
90909.0,90910.0,90909.5,33.1
90910.0,90911.0,90910.5,17.3
90911.0,90912.0,90911.5,25.5
90912.0,90913.0,90912.5,136.1
90913.0,90914.0,90913.5,17.5
90914.0,90915.0,90914.5,25.9
90915.0,90916.0,90915.5,23.0
90916.0,90917.0,90916.5,34.4
90917.0,90918.0,90917.5,31.9
90918.0,90919.0,90918.5,19.0
90919.0,90920.0,90919.5,66.2
90920.0,90921.0,90920.5,76.9
90921.0,90922.0,90921.5,65.3
90922.0,90923.0,90922.5,107.7
90923.0,90924.0,90923.5,54.5
90924.0,90925.0,90924.5,46.2
90925.0,90926.0,90925.5,18.5
90926.0,90927.0,90926.5,24.9
90927.0,90928.0,90927.5,34.8
90928.0,90929.0,90928.5,32.4
90929.0,90930.0,90929.5,63.2
90930.0,90931.0,90930.5,23.4
90931.0,90932.0,90931.5,33.5
90932.0,90933.0,90932.5,142.0
90933.0,90934.0,90933.5,96.0
90934.0,90935.0,90934.5,70.0
90935.0,90936.0,90935.5,103.0
90936.0,90937.0,90936.5,28.9
90937.0,90938.0,90937.5,47.5
90938.0,90939.0,90938.5,3.4
90939.0,90940.0,90939.5,93.0
90940.0,90941.0,90940.5,53.1
90941.0,90942.0,90941.5,31.5
90942.0,90943.0,90942.5,11.1
90943.0,90944.0,90943.5,44.5
90944.0,90945.0,90944.5,4.2
90945.0,90946.0,90945.5,60.7
90946.0,90947.0,90946.5,21.3
90947.0,90948.0,90947.5,135.6
90948.0,90949.0,90948.5,47.9
90949.0,90950.0,90949.5,31.8
90950.0,90951.0,90950.5,36.4
90951.0,90952.0,90951.5,47.1
90952.0,90953.0,90952.5,13.9
90953.0,90954.0,90953.5,27.7
90954.0,90955.0,90954.5,38.7
90955.0,90956.0,90955.5,86.8
90956.0,90957.0,90956.5,51.1
90957.0,90958.0,90957.5,29.2
90958.0,90959.0,90958.5,15.0
90959.0,90960.0,90959.5,38.8
90960.0,90961.0,90960.5,23.1
90961.0,90962.0,90961.5,85.3
90962.0,90963.0,90962.5,27.4
90963.0,90964.0,90963.5,51.0
90964.0,90965.0,90964.5,19.3
90965.0,90966.0,90965.5,29.2
90966.0,90967.0,90966.5,24.8
90967.0,90968.0,90967.5,43.0
90968.0,90969.0,90968.5,36.5
90969.0,90970.0,90969.5,31.9
90970.0,90971.0,90970.5,190.8
90971.0,90972.0,90971.5,29.8
90972.0,90973.0,90972.5,20.7
90973.0,90974.0,90973.5,34.9
90974.0,90975.0,90974.5,22.1
90975.0,90976.0,90975.5,39.5
90976.0,90977.0,90976.5,16.3
90977.0,90978.0,90977.5,36.6
90978.0,90979.0,90978.5,30.3
90979.0,90980.0,90979.5,23.2
90980.0,90981.0,90980.5,68.3
90981.0,90982.0,90981.5,35.0
90982.0,90983.0,90982.5,52.7
90983.0,90984.0,90983.5,81.9
90984.0,90985.0,90984.5,27.2
90985.0,90986.0,90985.5,56.4
90986.0,90987.0,90986.5,14.7
90987.0,90988.0,90987.5,42.1
90988.0,90989.0,90988.5,17.6
90989.0,90990.0,90989.5,35.0
90990.0,90991.0,90990.5,25.3
90991.0,90992.0,90991.5,51.4
90992.0,90993.0,90992.5,67.7
90993.0,90994.0,90993.5,36.7
90994.0,90995.0,90994.5,37.4
90995.0,90996.0,90995.5,37.3
90996.0,90997.0,90996.5,9.1
90997.0,90998.0,90997.5,61.3
90998.0,90999.0,90998.5,99.5
90999.0,91000.0,90999.5,33.5
91000.0,91001.0,91000.5,76.3
91001.0,91002.0,91001.5,59.3
91002.0,91003.0,91002.5,32.3
91003.0,91004.0,91003.5,23.7
91004.0,91005.0,91004.5,25.6
91005.0,91006.0,91005.5,23.7
91006.0,91007.0,91006.5,101.5
91007.0,91008.0,91007.5,32.2
91008.0,91009.0,91008.5,24.0
91009.0,91010.0,91009.5,53.2
91010.0,91011.0,91010.5,88.9
91011.0,91012.0,91011.5,26.3
91012.0,91013.0,91012.5,137.1
91013.0,91014.0,91013.5,46.2
91014.0,91015.0,91014.5,41.7
91015.0,91016.0,91015.5,31.0
91016.0,91017.0,91016.5,24.2
91017.0,91018.0,91017.5,33.9
91018.0,91019.0,91018.5,103.3
91019.0,91020.0,91019.5,56.1
91020.0,91021.0,91020.5,127.5
91021.0,91022.0,91021.5,25.1
91022.0,91023.0,91022.5,30.9
91023.0,91024.0,91023.5,24.1
91024.0,91025.0,91024.5,111.2
91025.0,91026.0,91025.5,41.3
91026.0,91027.0,91026.5,156.3
91027.0,91028.0,91027.5,57.5
91028.0,91029.0,91028.5,13.9
91029.0,91030.0,91029.5,37.4
91030.0,91031.0,91030.5,62.2
91031.0,91032.0,91031.5,88.8
91032.0,91033.0,91032.5,42.3
91033.0,91034.0,91033.5,26.1
91034.0,91035.0,91034.5,24.5
91035.0,91036.0,91035.5,37.2
91036.0,91037.0,91036.5,47.6
91037.0,91038.0,91037.5,27.8
91038.0,91039.0,91038.5,45.6
91039.0,91040.0,91039.5,27.3
91040.0,91041.0,91040.5,10.5
91041.0,91042.0,91041.5,62.8
91042.0,91043.0,91042.5,69.1
91043.0,91044.0,91043.5,13.4
91044.0,91045.0,91044.5,23.7
91045.0,91046.0,91045.5,35.6
91046.0,91047.0,91046.5,9.0
91047.0,91048.0,91047.5,13.3
91048.0,91049.0,91048.5,31.9
91049.0,91050.0,91049.5,39.5
91050.0,91051.0,91050.5,42.7
91051.0,91052.0,91051.5,60.0
91052.0,91053.0,91052.5,77.9
91053.0,91054.0,91053.5,38.5
91054.0,91055.0,91054.5,69.9
91055.0,91056.0,91055.5,31.0
91056.0,91057.0,91056.5,14.7
91057.0,91058.0,91057.5,19.2
91058.0,91059.0,91058.5,100.9
91059.0,91060.0,91059.5,41.9
91060.0,91061.0,91060.5,64.0
91061.0,91062.0,91061.5,58.2
91062.0,91063.0,91062.5,23.4
91063.0,91064.0,91063.5,49.3
91064.0,91065.0,91064.5,114.4
91065.0,91066.0,91065.5,42.1
91066.0,91067.0,91066.5,56.2
91067.0,91068.0,91067.5,70.2
91068.0,91069.0,91068.5,25.9
91069.0,91070.0,91069.5,72.9
91070.0,91071.0,91070.5,10.8
91071.0,91072.0,91071.5,43.4
91072.0,91073.0,91072.5,14.7
91073.0,91074.0,91073.5,21.0
91074.0,91075.0,91074.5,3.8
91075.0,91076.0,91075.5,40.5
91076.0,91077.0,91076.5,31.1
91077.0,91078.0,91077.5,45.1
91078.0,91079.0,91078.5,27.7
91079.0,91080.0,91079.5,40.0
91080.0,91081.0,91080.5,85.2
91081.0,91082.0,91081.5,64.0
91082.0,91083.0,91082.5,13.0
91083.0,91084.0,91083.5,47.5
