NASA Data Processing/CAMP2Ex/SP2/CAMP2Ex-LARGE-SP2_P3B_20190829_R1.ict
37, 1001
Luke D. Ziemba
NASA Langley Research Center
Single Particle Soot Photometer (SP2), DMT
CAMP2Ex
1, 1
2019, 08, 29, 2020,05,06
0
Time_Start, seconds_past_midnight, start_seconds_past_midnight
3
1, 1, 1
-9999, -9999, -9999
Time_Stop, seconds_past_midnight, stop_seconds_past_midnight
Time_Mid, seconds_past_midnight, mid_seconds_past_midnight
BlackCarbon_STP, Black_Carbon_nanograms_per_standard_cubic_meter, AerComp_BC_InSitu_LII_Accu_MassSTP
1
N/A
19
PI_CONTACT_INFO: 21 Langley Blvd, Hampton, VA 23681
PLATFORM: NASA WFF P3-B N426NA
LOCATION: Philippines; Latitude, Longitude, and Altitude included in Hskping files (MetNav)
ASSOCIATED_DATA: InletFlag, MetNav, cloud flag
INSTRUMENT_INFO: Single particle refractory BC mass measured by laser-induced incandescence. Calibrated using laboratory-generated monodisperse fullerene soot aerosol and polynomial mass/response fit. 
DATA_INFO: Data corrected to STP (760 torr and 273K). Measurements apply to refractory black carbon particles with diameter between 100 and 700nm
UNCERTAINTY: 10%
ULOD_FLAG: -7777
ULOD_VALUE: N/A
LLOD_FLAG: -8888
LLOD_VALUE: N/A
DM_CONTACT_INFO: Luke D. Ziemba, luke.ziemba@nasa.gov, (757)864-6246
PROJECT_INFO: CAMP2Ex based at Clark International Airport, Philippines
STIPULATIONS_ON_USE: Data users are strongly encouraged to contact the instrument PI for information on instrument caveats and best practices.
OTHER_COMMENTS: Data affected by cloud penetrations have NOT been removed.Switched between forward-facing isokinetic inlet and counterflow virtual impactor; flag is provided (InletFlag).Data are removed for calibrations,insufficient laser power,and pump failure.
REVISION: R1
R0: Final Data.  No further adjustments are planned.
R1: Applied time shift of -2s to DLH.
Time_Start, Time_Stop, Time_Mid, BlackCarbon_STP
[from data line 24830]
105623.0,105624.0,105623.5,0.0
105624.0,105625.0,105624.5,0.0
105625.0,105626.0,105625.5,1.9
105626.0,105627.0,105626.5,0.0
105627.0,105628.0,105627.5,3.3
105628.0,105629.0,105628.5,5.4
105629.0,105630.0,105629.5,27.2
105630.0,105631.0,105630.5,3.5
105631.0,105632.0,105631.5,0.2
105632.0,105633.0,105632.5,0.0
105633.0,105634.0,105633.5,0.8
105634.0,105635.0,105634.5,0.5
105635.0,105636.0,105635.5,0.0
105636.0,105637.0,105636.5,0.3
105637.0,105638.0,105637.5,12.5
105638.0,105639.0,105638.5,0.0
105639.0,105640.0,105639.5,0.0
105640.0,105641.0,105640.5,0.0
105641.0,105642.0,105641.5,0.1
105642.0,105643.0,105642.5,13.6
105643.0,105644.0,105643.5,7.2
105644.0,105645.0,105644.5,0.0
105645.0,105646.0,105645.5,0.0
105646.0,105647.0,105646.5,7.8
105647.0,105648.0,105647.5,1.7
105648.0,105649.0,105648.5,0.0
105649.0,105650.0,105649.5,1.2
105650.0,105651.0,105650.5,5.7
105651.0,105652.0,105651.5,4.7
105652.0,105653.0,105652.5,5.2
105653.0,105654.0,105653.5,2.8
105654.0,105655.0,105654.5,10.7
105655.0,105656.0,105655.5,0.5
105656.0,105657.0,105656.5,0.0
105657.0,105658.0,105657.5,0.0
105658.0,105659.0,105658.5,0.0
105659.0,105660.0,105659.5,0.0
105660.0,105661.0,105660.5,0.0
105661.0,105662.0,105661.5,0.0
105662.0,105663.0,105662.5,0.0
105663.0,105664.0,105663.5,0.0
105664.0,105665.0,105664.5,0.0
105665.0,105666.0,105665.5,0.0
105666.0,105667.0,105666.5,0.0
105667.0,105668.0,105667.5,0.0
105668.0,105669.0,105668.5,0.0
105669.0,105670.0,105669.5,0.0
105670.0,105671.0,105670.5,0.0
105671.0,105672.0,105671.5,0.0
105672.0,105673.0,105672.5,0.0
105673.0,105674.0,105673.5,0.0
105674.0,105675.0,105674.5,0.0
105675.0,105676.0,105675.5,0.5
105676.0,105677.0,105676.5,0.0
105677.0,105678.0,105677.5,0.0
105678.0,105679.0,105678.5,0.0
105679.0,105680.0,105679.5,17.7
105680.0,105681.0,105680.5,14.1
105681.0,105682.0,105681.5,0.0
105682.0,105683.0,105682.5,0.0
105683.0,105684.0,105683.5,6.6
105684.0,105685.0,105684.5,0.0
105685.0,105686.0,105685.5,0.0
105686.0,105687.0,105686.5,0.0
105687.0,105688.0,105687.5,0.0
105688.0,105689.0,105688.5,0.0
105689.0,105690.0,105689.5,0.0
105690.0,105691.0,105690.5,13.3
105691.0,105692.0,105691.5,7.6
105692.0,105693.0,105692.5,16.4
105693.0,105694.0,105693.5,402.2
105694.0,105695.0,105694.5,197.9
105695.0,105696.0,105695.5,248.4
105696.0,105697.0,105696.5,118.0
105697.0,105698.0,105697.5,76.6
105698.0,105699.0,105698.5,49.4
105699.0,105700.0,105699.5,64.7
105700.0,105701.0,105700.5,50.0
105701.0,105702.0,105701.5,14.4
105702.0,105703.0,105702.5,5.4
105703.0,105704.0,105703.5,4.0
105704.0,105705.0,105704.5,0.0
105705.0,105706.0,105705.5,0.2
105706.0,105707.0,105706.5,2.8
105707.0,105708.0,105707.5,6.0
105708.0,105709.0,105708.5,21.5
105709.0,105710.0,105709.5,64.5
105710.0,105711.0,105710.5,23.8
105711.0,105712.0,105711.5,0.0
105712.0,105713.0,105712.5,0.0
105713.0,105714.0,105713.5,0.0
105714.0,105715.0,105714.5,13.4
105715.0,105716.0,105715.5,58.6
105716.0,105717.0,105716.5,62.7
105717.0,105718.0,105717.5,1.9
105718.0,105719.0,105718.5,0.0
105719.0,105720.0,105719.5,0.0
105720.0,105721.0,105720.5,0.7
105721.0,105722.0,105721.5,0.0
105722.0,105723.0,105722.5,0.0
105723.0,105724.0,105723.5,0.0
105724.0,105725.0,105724.5,0.0
105725.0,105726.0,105725.5,1.0
105726.0,105727.0,105726.5,0.0
105727.0,105728.0,105727.5,0.0
105728.0,105729.0,105728.5,0.0
105729.0,105730.0,105729.5,0.0
105730.0,105731.0,105730.5,0.5
105731.0,105732.0,105731.5,8.2
105732.0,105733.0,105732.5,6.8
105733.0,105734.0,105733.5,5.0
105734.0,105735.0,105734.5,14.0
105735.0,105736.0,105735.5,0.3
105736.0,105737.0,105736.5,80.6
105737.0,105738.0,105737.5,9.7
105738.0,105739.0,105738.5,9.8
105739.0,105740.0,105739.5,5.2
105740.0,105741.0,105740.5,13.6
105741.0,105742.0,105741.5,10.9
105742.0,105743.0,105742.5,5.4
105743.0,105744.0,105743.5,1.7
105744.0,105745.0,105744.5,0.8
105745.0,105746.0,105745.5,7.1
105746.0,105747.0,105746.5,0.7
105747.0,105748.0,105747.5,2.5
105748.0,105749.0,105748.5,8.1
105749.0,105750.0,105749.5,0.0
105750.0,105751.0,105750.5,10.8
105751.0,105752.0,105751.5,18.6
105752.0,105753.0,105752.5,1.3
105753.0,105754.0,105753.5,15.0
105754.0,105755.0,105754.5,2.8
105755.0,105756.0,105755.5,1.4
105756.0,105757.0,105756.5,0.0
105757.0,105758.0,105757.5,2.8
105758.0,105759.0,105758.5,21.5
105759.0,105760.0,105759.5,11.8
105760.0,105761.0,105760.5,3.7
105761.0,105762.0,105761.5,0.3
105762.0,105763.0,105762.5,3.9
105763.0,105764.0,105763.5,2.3
105764.0,105765.0,105764.5,1.1
105765.0,105766.0,105765.5,7.6
105766.0,105767.0,105766.5,15.9
105767.0,105768.0,105767.5,4.4
105768.0,105769.0,105768.5,2.1
105769.0,105770.0,105769.5,5.8
105770.0,105771.0,105770.5,13.4
105771.0,105772.0,105771.5,1.1
105772.0,105773.0,105772.5,5.3
105773.0,105774.0,105773.5,1.9
105774.0,105775.0,105774.5,2.5
105775.0,105776.0,105775.5,23.1
105776.0,105777.0,105776.5,4.9
105777.0,105778.0,105777.5,0.0
105778.0,105779.0,105778.5,6.7
105779.0,105780.0,105779.5,6.2
105780.0,105781.0,105780.5,5.1
105781.0,105782.0,105781.5,14.6
105782.0,105783.0,105782.5,6.7
105783.0,105784.0,105783.5,8.1
105784.0,105785.0,105784.5,3.0
105785.0,105786.0,105785.5,0.0
105786.0,105787.0,105786.5,2.0
105787.0,105788.0,105787.5,0.0
105788.0,105789.0,105788.5,2.2
105789.0,105790.0,105789.5,0.0
105790.0,105791.0,105790.5,18.3
105791.0,105792.0,105791.5,3.3
105792.0,105793.0,105792.5,1.4
105793.0,105794.0,105793.5,0.0
105794.0,105795.0,105794.5,6.8
105795.0,105796.0,105795.5,0.0
105796.0,105797.0,105796.5,7.0
105797.0,105798.0,105797.5,7.7
105798.0,105799.0,105798.5,1.1
105799.0,105800.0,105799.5,16.3
105800.0,105801.0,105800.5,18.8
105801.0,105802.0,105801.5,6.4
105802.0,105803.0,105802.5,1.2
105803.0,105804.0,105803.5,11.5
105804.0,105805.0,105804.5,5.5
105805.0,105806.0,105805.5,0.0
105806.0,105807.0,105806.5,7.8
105807.0,105808.0,105807.5,0.4
105808.0,105809.0,105808.5,0.9
105809.0,105810.0,105809.5,4.3
105810.0,105811.0,105810.5,3.0
105811.0,105812.0,105811.5,2.7
105812.0,105813.0,105812.5,11.2
105813.0,105814.0,105813.5,1.6
105814.0,105815.0,105814.5,0.0
105815.0,105816.0,105815.5,0.0
105816.0,105817.0,105816.5,1.2
105817.0,105818.0,105817.5,4.1
105818.0,105819.0,105818.5,2.1
105819.0,105820.0,105819.5,0.0
105820.0,105821.0,105820.5,11.7
105821.0,105822.0,105821.5,0.0
105822.0,105823.0,105822.5,26.7
105823.0,105824.0,105823.5,0.0
105824.0,105825.0,105824.5,1.3
105825.0,105826.0,105825.5,0.0
105826.0,105827.0,105826.5,0.0
105827.0,105828.0,105827.5,0.2
105828.0,105829.0,105828.5,0.0
105829.0,105830.0,105829.5,3.8
105830.0,105831.0,105830.5,0.0
105831.0,105832.0,105831.5,0.0
105832.0,105833.0,105832.5,0.0
105833.0,105834.0,105833.5,0.3
105834.0,105835.0,105834.5,0.4
105835.0,105836.0,105835.5,0.0
105836.0,105837.0,105836.5,0.0
105837.0,105838.0,105837.5,0.0
105838.0,105839.0,105838.5,0.0
105839.0,105840.0,105839.5,0.0
105840.0,105841.0,105840.5,0.0
105841.0,105842.0,105841.5,1.0
105842.0,105843.0,105842.5,0.8
105843.0,105844.0,105843.5,12.2
105844.0,105845.0,105844.5,0.0
105845.0,105846.0,105845.5,0.0
105846.0,105847.0,105846.5,0.0
105847.0,105848.0,105847.5,0.0
105848.0,105849.0,105848.5,0.0
105849.0,105850.0,105849.5,5.9
105850.0,105851.0,105850.5,0.0
105851.0,105852.0,105851.5,0.0
105852.0,105853.0,105852.5,0.2
105853.0,105854.0,105853.5,1.0
105854.0,105855.0,105854.5,0.0
105855.0,105856.0,105855.5,1.4
105856.0,105857.0,105856.5,0.0
105857.0,105858.0,105857.5,4.0
105858.0,105859.0,105858.5,0.0
105859.0,105860.0,105859.5,0.0
105860.0,105861.0,105860.5,0.0
105861.0,105862.0,105861.5,0.0
105862.0,105863.0,105862.5,5.6
105863.0,105864.0,105863.5,0.5
105864.0,105865.0,105864.5,102.5
105865.0,105866.0,105865.5,0.4
105866.0,105867.0,105866.5,0.0
105867.0,105868.0,105867.5,0.0
105868.0,105869.0,105868.5,0.0
105869.0,105870.0,105869.5,1.7
105870.0,105871.0,105870.5,0.0
105871.0,105872.0,105871.5,0.0
105872.0,105873.0,105872.5,0.0
105873.0,105874.0,105873.5,0.0
105874.0,105875.0,105874.5,0.0
105875.0,105876.0,105875.5,0.4
105876.0,105877.0,105876.5,6.4
105877.0,105878.0,105877.5,25.2
105878.0,105879.0,105878.5,9.7
105879.0,105880.0,105879.5,12.9
105880.0,105881.0,105880.5,0.8
105881.0,105882.0,105881.5,7.1
105882.0,105883.0,105882.5,1.2
105883.0,105884.0,105883.5,95.1
105884.0,105885.0,105884.5,66.7
105885.0,105886.0,105885.5,149.6
105886.0,105887.0,105886.5,166.9
105887.0,105888.0,105887.5,104.0
105888.0,105889.0,105888.5,46.7
105889.0,105890.0,105889.5,80.0
105890.0,105891.0,105890.5,59.1
105891.0,105892.0,105891.5,117.4
105892.0,105893.0,105892.5,28.4
105893.0,105894.0,105893.5,68.3
105894.0,105895.0,105894.5,13.0
105895.0,105896.0,105895.5,21.7
105896.0,105897.0,105896.5,76.0
105897.0,105898.0,105897.5,42.1
105898.0,105899.0,105898.5,109.1
105899.0,105900.0,105899.5,121.0
105900.0,105901.0,105900.5,153.4
105901.0,105902.0,105901.5,74.1
105902.0,105903.0,105902.5,111.4
105903.0,105904.0,105903.5,63.1
105904.0,105905.0,105904.5,58.1
105905.0,105906.0,105905.5,50.0
105906.0,105907.0,105906.5,67.8
105907.0,105908.0,105907.5,16.1
105908.0,105909.0,105908.5,20.0
105909.0,105910.0,105909.5,30.4
105910.0,105911.0,105910.5,28.3
105911.0,105912.0,105911.5,50.9
105912.0,105913.0,105912.5,82.4
105913.0,105914.0,105913.5,85.4
105914.0,105915.0,105914.5,43.0
105915.0,105916.0,105915.5,68.8
105916.0,105917.0,105916.5,131.7
105917.0,105918.0,105917.5,61.1
105918.0,105919.0,105918.5,93.8
105919.0,105920.0,105919.5,35.3
105920.0,105921.0,105920.5,93.4
105921.0,105922.0,105921.5,75.5
105922.0,105923.0,105922.5,62.2
105923.0,105924.0,105923.5,114.6
105924.0,105925.0,105924.5,82.2
105925.0,105926.0,105925.5,271.6
105926.0,105927.0,105926.5,324.4
105927.0,105928.0,105927.5,75.1
105928.0,105929.0,105928.5,28.5
105929.0,105930.0,105929.5,7.6
105930.0,105931.0,105930.5,14.4
105931.0,105932.0,105931.5,13.0
105932.0,105933.0,105932.5,52.5
105933.0,105934.0,105933.5,5.4
105934.0,105935.0,105934.5,16.7
105935.0,105936.0,105935.5,15.3
105936.0,105937.0,105936.5,18.2
105937.0,105938.0,105937.5,33.2
105938.0,105939.0,105938.5,8.2
105939.0,105940.0,105939.5,15.9
105940.0,105941.0,105940.5,20.3
105941.0,105942.0,105941.5,8.3
105942.0,105943.0,105942.5,18.2
105943.0,105944.0,105943.5,25.3
105944.0,105945.0,105944.5,10.7
105945.0,105946.0,105945.5,6.0
105946.0,105947.0,105946.5,29.3
105947.0,105948.0,105947.5,40.5
105948.0,105949.0,105948.5,40.9
105949.0,105950.0,105949.5,27.0
105950.0,105951.0,105950.5,20.5
105951.0,105952.0,105951.5,45.6
105952.0,105953.0,105952.5,22.3
105953.0,105954.0,105953.5,10.8
105954.0,105955.0,105954.5,13.6
105955.0,105956.0,105955.5,11.8
105956.0,105957.0,105956.5,38.7
105957.0,105958.0,105957.5,13.8
105958.0,105959.0,105958.5,42.4
105959.0,105960.0,105959.5,49.4
105960.0,105961.0,105960.5,39.7
105961.0,105962.0,105961.5,44.0
105962.0,105963.0,105962.5,7.6
105963.0,105964.0,105963.5,13.7
105964.0,105965.0,105964.5,13.2
105965.0,105966.0,105965.5,9.8
105966.0,105967.0,105966.5,26.6
105967.0,105968.0,105967.5,41.8
105968.0,105969.0,105968.5,16.8
105969.0,105970.0,105969.5,35.9
105970.0,105971.0,105970.5,28.2
105971.0,105972.0,105971.5,90.9
105972.0,105973.0,105972.5,28.3
105973.0,105974.0,105973.5,34.9
105974.0,105975.0,105974.5,20.9
105975.0,105976.0,105975.5,104.4
105976.0,105977.0,105976.5,0.0
105977.0,105978.0,105977.5,0.0
105978.0,105979.0,105978.5,0.0
105979.0,105980.0,105979.5,0.0
105980.0,105981.0,105980.5,0.0
105981.0,105982.0,105981.5,0.0
105982.0,105983.0,105982.5,0.0
105983.0,105984.0,105983.5,9.9
105984.0,105985.0,105984.5,0.0
105985.0,105986.0,105985.5,2.4
105986.0,105987.0,105986.5,0.0
105987.0,105988.0,105987.5,0.0
105988.0,105989.0,105988.5,0.0
105989.0,105990.0,105989.5,0.0
105990.0,105991.0,105990.5,0.0
105991.0,105992.0,105991.5,0.0
105992.0,105993.0,105992.5,0.0
105993.0,105994.0,105993.5,0.0
105994.0,105995.0,105994.5,0.0
105995.0,105996.0,105995.5,30.6
105996.0,105997.0,105996.5,77.3
105997.0,105998.0,105997.5,4.5
105998.0,105999.0,105998.5,0.0
105999.0,106000.0,105999.5,18.6
106000.0,106001.0,106000.5,0.0
106001.0,106002.0,106001.5,4.5
106002.0,106003.0,106002.5,0.0
106003.0,106004.0,106003.5,0.0
106004.0,106005.0,106004.5,0.0
106005.0,106006.0,106005.5,0.0
106006.0,106007.0,106006.5,0.0
106007.0,106008.0,106007.5,0.0
106008.0,106009.0,106008.5,0.0
106009.0,106010.0,106009.5,0.0
106010.0,106011.0,106010.5,0.0
106011.0,106012.0,106011.5,0.0
106012.0,106013.0,106012.5,0.0
106013.0,106014.0,106013.5,0.0
106014.0,106015.0,106014.5,0.0
106015.0,106016.0,106015.5,0.0
106016.0,106017.0,106016.5,0.0
106017.0,106018.0,106017.5,0.0
106018.0,106019.0,106018.5,49.3
106019.0,106020.0,106019.5,82.2
106020.0,106021.0,106020.5,94.5
106021.0,106022.0,106021.5,77.8
106022.0,106023.0,106022.5,157.3
106023.0,106024.0,106023.5,405.4
106024.0,106025.0,106024.5,495.2
106025.0,106026.0,106025.5,51.9
106026.0,106027.0,106026.5,0.0
106027.0,106028.0,106027.5,2.3
106028.0,106029.0,106028.5,0.0
106029.0,106030.0,106029.5,0.0
106030.0,106031.0,106030.5,21.0
106031.0,106032.0,106031.5,4.8
106032.0,106033.0,106032.5,9.3
106033.0,106034.0,106033.5,0.0
106034.0,106035.0,106034.5,0.0
106035.0,106036.0,106035.5,0.0
106036.0,106037.0,106036.5,0.0
106037.0,106038.0,106037.5,1.0
106038.0,106039.0,106038.5,7.3
106039.0,106040.0,106039.5,8.8
106040.0,106041.0,106040.5,6.3
106041.0,106042.0,106041.5,5.1
106042.0,106043.0,106042.5,7.0
106043.0,106044.0,106043.5,12.0
106044.0,106045.0,106044.5,19.5
106045.0,106046.0,106045.5,14.2
106046.0,106047.0,106046.5,1.9
106047.0,106048.0,106047.5,4.7
106048.0,106049.0,106048.5,33.9
106049.0,106050.0,106049.5,4.7
106050.0,106051.0,106050.5,9.1
106051.0,106052.0,106051.5,0.0
106052.0,106053.0,106052.5,17.3
106053.0,106054.0,106053.5,22.0
106054.0,106055.0,106054.5,13.5
106055.0,106056.0,106055.5,2.4
106056.0,106057.0,106056.5,20.8
106057.0,106058.0,106057.5,8.7
106058.0,106059.0,106058.5,15.3
106059.0,106060.0,106059.5,2.1
106060.0,106061.0,106060.5,15.6
106061.0,106062.0,106061.5,0.6
106062.0,106063.0,106062.5,7.8
106063.0,106064.0,106063.5,4.5
106064.0,106065.0,106064.5,3.3
106065.0,106066.0,106065.5,0.2
106066.0,106067.0,106066.5,3.1
106067.0,106068.0,106067.5,3.3
106068.0,106069.0,106068.5,17.3
106069.0,106070.0,106069.5,16.8
106070.0,106071.0,106070.5,36.1
106071.0,106072.0,106071.5,0.6
106072.0,106073.0,106072.5,6.3
106073.0,106074.0,106073.5,0.0
106074.0,106075.0,106074.5,0.0
106075.0,106076.0,106075.5,5.1
106076.0,106077.0,106076.5,7.1
106077.0,106078.0,106077.5,0.7
106078.0,106079.0,106078.5,16.8
106079.0,106080.0,106079.5,5.5
106080.0,106081.0,106080.5,4.9
106081.0,106082.0,106081.5,0.0
106082.0,106083.0,106082.5,2.3
106083.0,106084.0,106083.5,1.0
106084.0,106085.0,106084.5,11.3
106085.0,106086.0,106085.5,0.0
106086.0,106087.0,106086.5,8.7
106087.0,106088.0,106087.5,11.8
106088.0,106089.0,106088.5,5.2
106089.0,106090.0,106089.5,0.6
106090.0,106091.0,106090.5,10.8
106091.0,106092.0,106091.5,8.2
106092.0,106093.0,106092.5,20.6
106093.0,106094.0,106093.5,0.0
106094.0,106095.0,106094.5,1.9
106095.0,106096.0,106095.5,3.8
106096.0,106097.0,106096.5,0.0
106097.0,106098.0,106097.5,2.2
106098.0,106099.0,106098.5,1.2
106099.0,106100.0,106099.5,5.2
106100.0,106101.0,106100.5,1.5
106101.0,106102.0,106101.5,11.0
106102.0,106103.0,106102.5,21.2
106103.0,106104.0,106103.5,0.0
106104.0,106105.0,106104.5,9.9
106105.0,106106.0,106105.5,2.6
106106.0,106107.0,106106.5,3.1
106107.0,106108.0,106107.5,8.6
106108.0,106109.0,106108.5,0.9
106109.0,106110.0,106109.5,0.2
106110.0,106111.0,106110.5,0.0
106111.0,106112.0,106111.5,9.8
106112.0,106113.0,106112.5,1.5
106113.0,106114.0,106113.5,0.0
106114.0,106115.0,106114.5,3.5
106115.0,106116.0,106115.5,0.5
106116.0,106117.0,106116.5,35.1
106117.0,106118.0,106117.5,3.5
106118.0,106119.0,106118.5,12.3
106119.0,106120.0,106119.5,7.3
106120.0,106121.0,106120.5,13.8
106121.0,106122.0,106121.5,11.2
106122.0,106123.0,106122.5,20.6
106123.0,106124.0,106123.5,7.0
106124.0,106125.0,106124.5,13.6
106125.0,106126.0,106125.5,14.6
106126.0,106127.0,106126.5,5.1
106127.0,106128.0,106127.5,3.6
106128.0,106129.0,106128.5,3.1
106129.0,106130.0,106129.5,12.7
106130.0,106131.0,106130.5,17.7
