NASA Data Processing/NAAMES(2015)/SP2/NAAMES-LARGE-SP2_C130_20151123_R0.ict
36, 1001
Bruce Anderson
NASA Langley Research Center
Single Particle Soot Photometer, DMT
NAAMES-1
1, 1
2015, 11, 23, 2016, 11, 30
0
UTC_start, seconds_past_midnight, start_time_in_UTC
3
1, 1, 1
-9999, -9999, -9999
UTC_end, seconds_past_midnight, end_time_in_UTC
UTC_mid, seconds_past_midnight, mid_time_in_UTC
BC_mass, ng/m3, mass_concentration_of_black_carbon_aerosol
1
N/A
18
PI_CONTACT_INFO: 21 Langley Blvd, Hampton, VA 23681
PLATFORM: NASA WFF C130
LOCATION: North Atlantic Ocean
ASSOCIATED_DATA: N/A
INSTRUMENT_INFO: Calibrated using fullerene soot aerosol and polynomial mass/response fit. 
DATA_INFO: Data corrected to STP (760 torr and 273K). Measurements apply to black carbon particles with diameter between 105 and 600nm. Mass outside this range is accounted for using a log-normal fit to flight-averaged data.
UNCERTAINTY: 10%
ULOD_FLAG: -7777
ULOD_VALUE: N/A
LLOD_FLAG: -8888
LLOD_VALUE: N/A
DM_CONTACT_INFO: Luke D. Ziemba, luke.ziemba@nasa.gov, (757)864-6246
PROJECT_INFO: NAAMES Fall Deployment, November 2015
STIPULATIONS_ON_USE: Users are strongly encouraged to contact PI.
OTHER_COMMENTS: Data affected by cloud penetration artifacts have not been removed.  Please see the LARGE cloud flag to remove these data.
REVISION: R0
none
UTC_start, UTC_end, UTC_mid, BC_mass
36267,36277,36272,-9999.0
36277,36287,36282,28.2
36287,36297,36292,26.3
36297,36307,36302,31.1
36307,36317,36312,38.4
36317,36327,36322,14.3
36327,36337,36332,12.9
36337,36347,36342,25.2
36347,36357,36352,34.2
36357,36367,36362,31.3
36367,36377,36372,24.4
36377,36387,36382,26.9
36387,36397,36392,35.8
36397,36407,36402,33.7
36407,36417,36412,45.0
36417,36427,36422,34.9
36427,36437,36432,27.3
36437,36447,36442,12.5
36447,36457,36452,42.0
36457,36467,36462,36.4
36467,36477,36472,34.5
36477,36487,36482,32.8
36487,36497,36492,33.0
36497,36507,36502,28.7
36507,36517,36512,32.1
36517,36527,36522,29.0
36527,36537,36532,4.8
36537,36547,36542,30.8
36547,36557,36552,36.1
36557,36567,36562,32.8
36567,36577,36572,32.1
36577,36587,36582,29.6
36587,36597,36592,39.6
36597,36607,36602,29.5
36607,36617,36612,30.5
36617,36627,36622,33.0
36627,36637,36632,34.9
36637,36647,36642,37.9
36647,36657,36652,39.7
36657,36667,36662,32.4
36667,36677,36672,32.4
36677,36687,36682,37.8
36687,36697,36692,35.0
36697,36707,36702,50.3
36707,36717,36712,35.5
36717,36727,36722,36.4
36727,36737,36732,35.2
36737,36747,36742,39.5
36747,36757,36752,35.7
36757,36767,36762,36.2
36767,36777,36772,28.9
36777,36787,36782,32.9
36787,36797,36792,30.9
36797,36807,36802,27.4
36807,36817,36812,30.6
36817,36827,36822,33.2
36827,36837,36832,29.4
36837,36847,36842,27.1
36847,36857,36852,25.7
36857,36867,36862,31.6
36867,36877,36872,35.4
36877,36887,36882,24.5
36887,36897,36892,29.9
36897,36907,36902,23.5
36907,36917,36912,24.6
36917,36927,36922,25.0
36927,36937,36932,23.8
36937,36947,36942,27.2
36947,36957,36952,24.8
36957,36967,36962,26.8
36967,36977,36972,28.7
36977,36987,36982,23.8
36987,36997,36992,5.8
36997,37007,37002,4.8
37007,37017,37012,6.9
37017,37027,37022,7.9
37027,37037,37032,8.3
37037,37047,37042,16.3
37047,37057,37052,12.9
37057,37067,37062,8.4
37067,37077,37072,9.0
37077,37087,37082,7.5
37087,37097,37092,10.7
37097,37107,37102,13.5
37107,37117,37112,14.1
37117,37127,37122,8.1
37127,37137,37132,12.1
37137,37147,37142,13.8
37147,37157,37152,9.8
37157,37167,37162,9.0
37167,37177,37172,12.3
37177,37187,37182,13.4
37187,37197,37192,12.4
37197,37207,37202,8.9
37207,37217,37212,10.3
37217,37227,37222,10.1
37227,37237,37232,11.9
37237,37247,37242,7.9
37247,37257,37252,10.7
37257,37267,37262,8.1
37267,37277,37272,9.8
37277,37287,37282,7.8
37287,37297,37292,10.1
37297,37307,37302,6.2
37307,37317,37312,11.2
37317,37327,37322,10.8
37327,37337,37332,9.3
37337,37347,37342,8.4
37347,37357,37352,8.3
37357,37367,37362,5.1
37367,37377,37372,8.6
37377,37387,37382,13.2
37387,37397,37392,9.9
37397,37407,37402,8.0
37407,37417,37412,11.5
37417,37427,37422,7.0
37427,37437,37432,7.3
37437,37447,37442,9.2
37447,37457,37452,9.3
37457,37467,37462,9.0
37467,37477,37472,5.9
37477,37487,37482,4.7
37487,37497,37492,6.4
37497,37507,37502,6.4
37507,37517,37512,5.9
37517,37527,37522,8.3
37527,37537,37532,5.3
37537,37547,37542,3.9
37547,37557,37552,6.9
37557,37567,37562,5.1
37567,37577,37572,5.7
37577,37587,37582,6.9
37587,37597,37592,5.6
37597,37607,37602,5.9
37607,37617,37612,4.9
37617,37627,37622,4.3
37627,37637,37632,5.2
37637,37647,37642,4.5
37647,37657,37652,5.0
37657,37667,37662,5.4
37667,37677,37672,3.1
37677,37687,37682,2.5
37687,37697,37692,5.2
37697,37707,37702,3.0
37707,37717,37712,6.1
37717,37727,37722,2.8
37727,37737,37732,6.5
37737,37747,37742,5.0
37747,37757,37752,7.0
37757,37767,37762,4.9
37767,37777,37772,8.4
37777,37787,37782,1.9
37787,37797,37792,3.8
37797,37807,37802,5.9
37807,37817,37812,4.3
37817,37827,37822,7.2
37827,37837,37832,4.0
37837,37847,37842,2.1
37847,37857,37852,4.0
37857,37867,37862,4.3
37867,37877,37872,1.4
37877,37887,37882,7.2
37887,37897,37892,2.8
37897,37907,37902,3.0
37907,37917,37912,1.8
37917,37927,37922,4.5
37927,37937,37932,2.7
37937,37947,37942,1.1
37947,37957,37952,1.8
37957,37967,37962,3.4
37967,37977,37972,4.2
37977,37987,37982,1.2
37987,37997,37992,10.5
37997,38007,38002,4.9
38007,38017,38012,3.1
38017,38027,38022,2.2
38027,38037,38032,2.4
38037,38047,38042,0.7
38047,38057,38052,1.6
38057,38067,38062,3.3
38067,38077,38072,1.6
38077,38087,38082,1.0
38087,38097,38092,1.8
38097,38107,38102,1.9
38107,38117,38112,1.2
38117,38127,38122,1.0
38127,38137,38132,7.3
38137,38147,38142,5.1
38147,38157,38152,2.4
38157,38167,38162,3.4
38167,38177,38172,1.6
38177,38187,38182,2.0
38187,38197,38192,3.1
38197,38207,38202,1.5
38207,38217,38212,0.9
38217,38227,38222,0.8
38227,38237,38232,2.2
38237,38247,38242,0.7
38247,38257,38252,2.1
38257,38267,38262,0.2
38267,38277,38272,0.8
38277,38287,38282,0.9
38287,38297,38292,1.9
38297,38307,38302,1.9
38307,38317,38312,0.0
38317,38327,38322,1.2
38327,38337,38332,1.1
38337,38347,38342,0.0
38347,38357,38352,0.2
38357,38367,38362,0.8
38367,38377,38372,0.5
38377,38387,38382,0.5
38387,38397,38392,1.3
38397,38407,38402,1.2
38407,38417,38412,0.6
38417,38427,38422,0.8
38427,38437,38432,1.0
38437,38447,38442,1.8
38447,38457,38452,0.3
38457,38467,38462,1.7
38467,38477,38472,1.6
38477,38487,38482,0.5
38487,38497,38492,0.2
38497,38507,38502,0.7
38507,38517,38512,0.3
38517,38527,38522,0.0
38527,38537,38532,1.0
38537,38547,38542,2.1
38547,38557,38552,0.9
38557,38567,38562,0.1
38567,38577,38572,0.8
38577,38587,38582,0.4
38587,38597,38592,1.3
38597,38607,38602,0.3
38607,38617,38612,1.3
38617,38627,38622,0.4
38627,38637,38632,0.0
38637,38647,38642,2.0
38647,38657,38652,0.5
38657,38667,38662,0.5
38667,38677,38672,0.5
38677,38687,38682,0.3
38687,38697,38692,1.1
38697,38707,38702,1.7
38707,38717,38712,1.1
38717,38727,38722,0.4
38727,38737,38732,0.8
38737,38747,38742,1.0
38747,38757,38752,2.1
38757,38767,38762,1.4
38767,38777,38772,0.8
38777,38787,38782,0.5
38787,38797,38792,2.5
38797,38807,38802,0.2
38807,38817,38812,0.4
38817,38827,38822,0.3
38827,38837,38832,0.6
38837,38847,38842,1.6
38847,38857,38852,1.1
38857,38867,38862,0.9
38867,38877,38872,0.3
38877,38887,38882,1.0
38887,38897,38892,1.1
38897,38907,38902,0.1
38907,38917,38912,2.0
38917,38927,38922,2.0
38927,38937,38932,1.6
38937,38947,38942,2.2
38947,38957,38952,0.4
38957,38967,38962,2.6
38967,38977,38972,1.1
38977,38987,38982,1.4
38987,38997,38992,1.5
38997,39007,39002,0.6
39007,39017,39012,1.7
39017,39027,39022,0.3
39027,39037,39032,0.3
39037,39047,39042,2.0
39047,39057,39052,1.1
39057,39067,39062,2.0
39067,39077,39072,1.7
39077,39087,39082,0.9
39087,39097,39092,2.2
39097,39107,39102,0.3
39107,39117,39112,0.8
39117,39127,39122,0.0
39127,39137,39132,0.4
39137,39147,39142,0.8
39147,39157,39152,2.5
39157,39167,39162,1.7
39167,39177,39172,1.4
39177,39187,39182,1.3
39187,39197,39192,0.5
39197,39207,39202,0.6
39207,39217,39212,0.2
39217,39227,39222,0.6
39227,39237,39232,1.2
39237,39247,39242,0.4
39247,39257,39252,0.4
39257,39267,39262,3.2
39267,39277,39272,1.0
39277,39287,39282,2.0
39287,39297,39292,1.5
39297,39307,39302,0.9
39307,39317,39312,0.8
39317,39327,39322,1.1
39327,39337,39332,1.3
39337,39347,39342,0.8
39347,39357,39352,2.4
39357,39367,39362,1.3
39367,39377,39372,0.8
39377,39387,39382,1.4
39387,39397,39392,2.1
39397,39407,39402,0.3
39407,39417,39412,0.5
39417,39427,39422,1.2
39427,39437,39432,1.4
39437,39447,39442,1.5
39447,39457,39452,0.0
39457,39467,39462,0.4
39467,39477,39472,0.8
39477,39487,39482,0.3
39487,39497,39492,0.7
39497,39507,39502,1.7
39507,39517,39512,1.8
39517,39527,39522,0.6
39527,39537,39532,0.8
39537,39547,39542,0.9
39547,39557,39552,1.1
39557,39567,39562,2.4
39567,39577,39572,0.5
39577,39587,39582,0.0
39587,39597,39592,1.0
39597,39607,39602,0.1
39607,39617,39612,1.1
39617,39627,39622,1.1
39627,39637,39632,0.3
39637,39647,39642,0.5
39647,39657,39652,0.4
39657,39667,39662,1.4
39667,39677,39672,0.6
39677,39687,39682,0.3
39687,39697,39692,1.1
39697,39707,39702,2.4
39707,39717,39712,1.0
39717,39727,39722,0.7
39727,39737,39732,2.2
39737,39747,39742,0.6
39747,39757,39752,0.4
39757,39767,39762,0.5
39767,39777,39772,0.4
39777,39787,39782,0.7
39787,39797,39792,0.0
39797,39807,39802,1.4
39807,39817,39812,0.6
39817,39827,39822,0.9
39827,39837,39832,1.1
39837,39847,39842,1.7
39847,39857,39852,0.3
39857,39867,39862,0.5
39867,39877,39872,1.1
39877,39887,39882,1.2
39887,39897,39892,0.9
39897,39907,39902,1.2
39907,39917,39912,0.5
39917,39927,39922,0.6
39927,39937,39932,0.2
39937,39947,39942,0.6
39947,39957,39952,0.0
39957,39967,39962,0.0
39967,39977,39972,1.6
39977,39987,39982,1.2
39987,39997,39992,0.1
39997,40007,40002,2.4
40007,40017,40012,0.0
40017,40027,40022,1.1
40027,40037,40032,0.5
40037,40047,40042,0.4
40047,40057,40052,0.9
40057,40067,40062,0.3
40067,40077,40072,0.0
40077,40087,40082,0.9
40087,40097,40092,0.3
40097,40107,40102,0.0
40107,40117,40112,0.3
40117,40127,40122,1.1
40127,40137,40132,1.2
40137,40147,40142,0.8
40147,40157,40152,2.4
40157,40167,40162,0.4
40167,40177,40172,0.6
40177,40187,40182,3.3
40187,40197,40192,0.1
40197,40207,40202,0.8
40207,40217,40212,1.0
40217,40227,40222,0.3
40227,40237,40232,0.4
40237,40247,40242,0.3
40247,40257,40252,0.2
40257,40267,40262,0.6
40267,40277,40272,0.8
40277,40287,40282,0.5
40287,40297,40292,0.2
40297,40307,40302,0.5
40307,40317,40312,1.3
40317,40327,40322,0.7
40327,40337,40332,0.5
40337,40347,40342,1.4
40347,40357,40352,0.7
40357,40367,40362,0.2
40367,40377,40372,0.4
40377,40387,40382,0.0
40387,40397,40392,0.9
40397,40407,40402,1.0
40407,40417,40412,2.1
40417,40427,40422,2.4
40427,40437,40432,5.1
40437,40447,40442,3.8
40447,40457,40452,1.7
40457,40467,40462,1.5
40467,40477,40472,1.4
40477,40487,40482,1.9
40487,40497,40492,2.1
40497,40507,40502,2.2
40507,40517,40512,1.3
40517,40527,40522,1.9
40527,40537,40532,3.0
40537,40547,40542,3.9
40547,40557,40552,4.4
40557,40567,40562,2.2
40567,40577,40572,2.6
40577,40587,40582,3.0
40587,40597,40592,2.8
40597,40607,40602,2.8
40607,40617,40612,7.6
40617,40627,40622,1.3
40627,40637,40632,2.7
40637,40647,40642,1.5
40647,40657,40652,3.1
40657,40667,40662,2.6
40667,40677,40672,2.5
40677,40687,40682,1.4
40687,40697,40692,3.1
40697,40707,40702,4.0
40707,40717,40712,2.8
40717,40727,40722,4.2
40727,40737,40732,3.5
40737,40747,40742,3.3
40747,40757,40752,10.0
40757,40767,40762,3.4
40767,40777,40772,3.5
40777,40787,40782,3.9
40787,40797,40792,3.9
40797,40807,40802,2.0
40807,40817,40812,1.3
40817,40827,40822,1.7
40827,40837,40832,4.3
40837,40847,40842,3.6
40847,40857,40852,1.1
40857,40867,40862,2.2
40867,40877,40872,2.4
40877,40887,40882,2.2
40887,40897,40892,2.4
40897,40907,40902,4.7
40907,40917,40912,2.3
40917,40927,40922,3.4
40927,40937,40932,3.6
40937,40947,40942,1.9
40947,40957,40952,2.9
40957,40967,40962,3.0
40967,40977,40972,5.1
40977,40987,40982,1.6
40987,40997,40992,5.2
40997,41007,41002,3.7
41007,41017,41012,3.1
41017,41027,41022,2.9
41027,41037,41032,2.0
41037,41047,41042,3.7
41047,41057,41052,2.8
41057,41067,41062,1.9
41067,41077,41072,3.2
41077,41087,41082,1.7
41087,41097,41092,2.4
41097,41107,41102,2.4
41107,41117,41112,5.6
41117,41127,41122,3.4
41127,41137,41132,1.3
41137,41147,41142,10.8
41147,41157,41152,2.5
41157,41167,41162,2.6
41167,41177,41172,4.3
41177,41187,41182,3.2
41187,41197,41192,2.3
41197,41207,41202,2.0
41207,41217,41212,2.3
41217,41227,41222,3.7
41227,41237,41232,3.0
41237,41247,41242,1.8
41247,41257,41252,1.9
41257,41267,41262,2.3
41267,41277,41272,3.3
41277,41287,41282,2.7
41287,41297,41292,4.8
41297,41307,41302,1.9
41307,41317,41312,2.6
41317,41327,41322,1.8
41327,41337,41332,2.3
41337,41347,41342,1.7
41347,41357,41352,3.6
41357,41367,41362,2.6
41367,41377,41372,1.4
41377,41387,41382,2.8
41387,41397,41392,1.1
41397,41407,41402,3.2
41407,41417,41412,1.5
41417,41427,41422,2.2
41427,41437,41432,3.4
41437,41447,41442,2.5
41447,41457,41452,1.8
41457,41467,41462,1.9
41467,41477,41472,2.6
41477,41487,41482,3.3
41487,41497,41492,0.9
41497,41507,41502,3.6
41507,41517,41512,3.6
41517,41527,41522,2.2
41527,41537,41532,4.1
41537,41547,41542,3.5
41547,41557,41552,3.5
41557,41567,41562,3.3
41567,41577,41572,3.0
41577,41587,41582,7.5
41587,41597,41592,3.2
41597,41607,41602,3.2
41607,41617,41612,2.3
41617,41627,41622,6.1
41627,41637,41632,2.9
41637,41647,41642,3.6
41647,41657,41652,12.4
41657,41667,41662,1.9
41667,41677,41672,2.2
41677,41687,41682,3.5
41687,41697,41692,7.9
41697,41707,41702,2.4
41707,41717,41712,3.7
41717,41727,41722,3.2
41727,41737,41732,1.6
41737,41747,41742,4.0
41747,41757,41752,3.4
41757,41767,41762,3.1
41767,41777,41772,1.5
41777,41787,41782,2.3
41787,41797,41792,4.2
41797,41807,41802,3.3
41807,41817,41812,2.3
41817,41827,41822,2.3
41827,41837,41832,3.0
41837,41847,41842,2.3
41847,41857,41852,5.7
41857,41867,41862,4.3
41867,41877,41872,2.7
41877,41887,41882,2.0
41887,41897,41892,3.5
41897,41907,41902,2.4
41907,41917,41912,2.2
41917,41927,41922,2.6
41927,41937,41932,2.4
41937,41947,41942,3.4
41947,41957,41952,3.1
41957,41967,41962,1.1
41967,41977,41972,1.7
41977,41987,41982,1.6
41987,41997,41992,3.9
41997,42007,42002,2.5
42007,42017,42012,2.2
42017,42027,42022,3.5
42027,42037,42032,3.0
42037,42047,42042,2.6
42047,42057,42052,3.3
42057,42067,42062,3.4
42067,42077,42072,4.0
42077,42087,42082,1.7
42087,42097,42092,5.2
42097,42107,42102,3.9
42107,42117,42112,4.2
42117,42127,42122,3.4
42127,42137,42132,2.6
42137,42147,42142,3.8
42147,42157,42152,2.1
42157,42167,42162,3.4
42167,42177,42172,1.4
42177,42187,42182,2.4
42187,42197,42192,1.5
42197,42207,42202,1.1
42207,42217,42212,1.4
42217,42227,42222,2.1
42227,42237,42232,1.8
42237,42247,42242,5.9
42247,42257,42252,2.2
42257,42267,42262,0.7
42267,42277,42272,3.5
42277,42287,42282,3.6
42287,42297,42292,1.7
42297,42307,42302,3.3
42307,42317,42312,1.3
42317,42327,42322,2.7
42327,42337,42332,4.9
42337,42347,42342,2.0
42347,42357,42352,1.4
42357,42367,42362,2.7
42367,42377,42372,2.9
42377,42387,42382,3.4
42387,42397,42392,2.8
42397,42407,42402,3.4
42407,42417,42412,2.7
42417,42427,42422,1.9
42427,42437,42432,2.2
42437,42447,42442,2.1
42447,42457,42452,2.2
42457,42467,42462,2.2
42467,42477,42472,4.0
42477,42487,42482,2.8
42487,42497,42492,2.1
42497,42507,42502,1.6
42507,42517,42512,2.3
42517,42527,42522,1.9
42527,42537,42532,4.1
42537,42547,42542,3.9
42547,42557,42552,1.3
42557,42567,42562,3.0
42567,42577,42572,3.7
42577,42587,42582,2.7
42587,42597,42592,2.9
42597,42607,42602,3.2
42607,42617,42612,2.3
42617,42627,42622,1.4
42627,42637,42632,3.5
42637,42647,42642,1.7
42647,42657,42652,1.6
42657,42667,42662,2.2
42667,42677,42672,1.9
42677,42687,42682,1.7
42687,42697,42692,2.8
42697,42707,42702,5.6
42707,42717,42712,1.2
42717,42727,42722,1.5
42727,42737,42732,3.1
42737,42747,42742,4.0
42747,42757,42752,6.3
42757,42767,42762,4.0
42767,42777,42772,7.3
42777,42787,42782,3.2
42787,42797,42792,4.5
42797,42807,42802,2.9
42807,42817,42812,1.4
42817,42827,42822,1.4
42827,42837,42832,3.4
42837,42847,42842,3.1
42847,42857,42852,4.0
42857,42867,42862,4.3
42867,42877,42872,4.1
42877,42887,42882,4.9
42887,42897,42892,6.1
42897,42907,42902,3.9
42907,42917,42912,5.3
42917,42927,42922,10.4
42927,42937,42932,6.8
42937,42947,42942,7.1
42947,42957,42952,9.8
42957,42967,42962,7.5
42967,42977,42972,2.7
42977,42987,42982,3.4
42987,42997,42992,2.4
42997,43007,43002,3.2
43007,43017,43012,3.5
43017,43027,43022,4.1
43027,43037,43032,2.1
43037,43047,43042,2.3
43047,43057,43052,2.2
43057,43067,43062,2.7
43067,43077,43072,3.5
43077,43087,43082,5.2
43087,43097,43092,2.1
43097,43107,43102,2.8
43107,43117,43112,2.6
43117,43127,43122,2.8
43127,43137,43132,1.7
43137,43147,43142,1.7
43147,43157,43152,0.7
43157,43167,43162,2.5
43167,43177,43172,2.0
43177,43187,43182,4.9
43187,43197,43192,1.8
43197,43207,43202,1.9
43207,43217,43212,2.3
43217,43227,43222,2.0
43227,43237,43232,2.9
43237,43247,43242,1.4
43247,43257,43252,1.7
43257,43267,43262,2.8
43267,43277,43272,2.1
43277,43287,43282,3.0
43287,43297,43292,5.3
43297,43307,43302,4.2
43307,43317,43312,1.0
43317,43327,43322,2.3
43327,43337,43332,4.2
43337,43347,43342,3.6
43347,43357,43352,3.5
43357,43367,43362,1.5
43367,43377,43372,2.3
43377,43387,43382,2.2
43387,43397,43392,2.3
43397,43407,43402,3.5
43407,43417,43412,1.0
43417,43427,43422,4.9
43427,43437,43432,2.6
43437,43447,43442,2.0
43447,43457,43452,1.8
43457,43467,43462,2.4
43467,43477,43472,1.1
43477,43487,43482,8.3
