NASA Data Processing/NAAMES(2015)/SP2/NAAMES-LARGE-SP2_C130_20151117_R0.ict
36, 1001
Bruce Anderson
NASA Langley Research Center
Single Particle Soot Photometer, DMT
NAAMES-1
1, 1
2015, 11, 17, 2016, 12, 01
0
UTC_start, seconds_past_midnight,   start_time_in_UTC
3
1, 1, 1
-9999, -9999, -9999
UTC_end, seconds_past_midnight, end_time_in_UTC
UTC_mid, seconds_past_midnight, mid_time_in_UTC
BC_mass, ng/m3, mass_concentration_of_black_carbon_aerosol
1
N/A
18
PI_CONTACT_INFO: 21 Langley Blvd, Hampton, VA 23681
PLATFORM: NASA WFF C130
LOCATION: North Atlantic Ocean
ASSOCIATED_DATA: N/A
INSTRUMENT_INFO: Calibrated using fullerene soot aerosol and polynomial mass/response fit. 
DATA_INFO: Data corrected to STP (760 torr and 273K). Measurements apply to black carbon particles with diameter between 105 and 600nm. Mass outside this range is accounted for using a log-normal fit to flight-averaged data.
UNCERTAINTY: 10%
ULOD_FLAG: -7777
ULOD_VALUE: N/A
LLOD_FLAG: -8888
LLOD_VALUE: N/A
DM_CONTACT_INFO: Luke D. Ziemba, luke.ziemba@nasa.gov, (757)864-6246
PROJECT_INFO: NAAMES Fall Deployment, November 2015
STIPULATIONS_ON_USE: Users are strongly encouraged to contact PI.
OTHER_COMMENTS: Data affected by cloud penetration artifacts have not been removed.  Please see the LARGE cloud flag to remove these data.
REVISION: R0
none
UTC_start, UTC_end, UTC_mid, BC_mass
[from data line 691]
42837,42847,42842,9.8
42847,42857,42852,12.3
42857,42867,42862,12.6
42867,42877,42872,12.0
42877,42887,42882,4.5
42887,42897,42892,10.5
42897,42907,42902,9.8
42907,42917,42912,9.6
42917,42927,42922,6.8
42927,42937,42932,7.0
42937,42947,42942,15.2
42947,42957,42952,11.9
42957,42967,42962,13.9
42967,42977,42972,12.4
42977,42987,42982,9.2
42987,42997,42992,6.7
42997,43007,43002,8.2
43007,43017,43012,5.2
43017,43027,43022,7.0
43027,43037,43032,11.0
43037,43047,43042,8.5
43047,43057,43052,8.1
43057,43067,43062,6.3
43067,43077,43072,5.8
43077,43087,43082,6.6
43087,43097,43092,7.4
43097,43107,43102,4.2
43107,43117,43112,3.5
43117,43127,43122,7.3
43127,43137,43132,4.8
43137,43147,43142,10.6
43147,43157,43152,10.1
43157,43167,43162,8.6
43167,43177,43172,5.2
43177,43187,43182,7.2
43187,43197,43192,7.4
43197,43207,43202,10.5
43207,43217,43212,6.7
43217,43227,43222,20.9
43227,43237,43232,11.8
43237,43247,43242,5.5
43247,43257,43252,4.4
43257,43267,43262,3.5
43267,43277,43272,2.0
43277,43287,43282,5.3
43287,43297,43292,4.5
43297,43307,43302,2.5
43307,43317,43312,3.1
43317,43327,43322,5.7
43327,43337,43332,4.0
43337,43347,43342,3.2
43347,43357,43352,5.0
43357,43367,43362,3.7
43367,43377,43372,5.2
43377,43387,43382,8.0
43387,43397,43392,9.2
43397,43407,43402,3.5
43407,43417,43412,6.7
43417,43427,43422,2.7
43427,43437,43432,3.1
43437,43447,43442,3.2
43447,43457,43452,2.1
43457,43467,43462,4.0
43467,43477,43472,2.5
43477,43487,43482,2.2
43487,43497,43492,3.1
43497,43507,43502,2.7
43507,43517,43512,12.1
43517,43527,43522,2.3
43527,43537,43532,5.2
43537,43547,43542,2.3
43547,43557,43552,1.7
43557,43567,43562,1.7
43567,43577,43572,2.6
43577,43587,43582,3.1
43587,43597,43592,2.4
43597,43607,43602,5.6
43607,43617,43612,2.4
43617,43627,43622,0.7
43627,43637,43632,1.8
43637,43647,43642,2.0
43647,43657,43652,2.7
43657,43667,43662,2.3
43667,43677,43672,1.6
43677,43687,43682,0.9
43687,43697,43692,3.9
43697,43707,43702,3.3
43707,43717,43712,2.5
43717,43727,43722,1.3
43727,43737,43732,1.5
43737,43747,43742,2.3
43747,43757,43752,3.9
43757,43767,43762,1.6
43767,43777,43772,4.1
43777,43787,43782,6.1
43787,43797,43792,6.6
43797,43807,43802,2.6
43807,43817,43812,2.9
43817,43827,43822,1.7
43827,43837,43832,4.2
43837,43847,43842,2.9
43847,43857,43852,4.4
43857,43867,43862,9.5
43867,43877,43872,3.6
43877,43887,43882,3.7
43887,43897,43892,2.0
43897,43907,43902,3.4
43907,43917,43912,0.4
43917,43927,43922,3.8
43927,43937,43932,2.9
43937,43947,43942,0.9
43947,43957,43952,0.4
43957,43967,43962,6.4
43967,43977,43972,2.4
43977,43987,43982,7.5
43987,43997,43992,6.4
43997,44007,44002,3.9
44007,44017,44012,7.0
44017,44027,44022,2.3
44027,44037,44032,13.3
44037,44047,44042,3.1
44047,44057,44052,3.5
44057,44067,44062,2.0
44067,44077,44072,0.7
44077,44087,44082,2.3
44087,44097,44092,1.8
44097,44107,44102,2.3
44107,44117,44112,3.7
44117,44127,44122,7.0
44127,44137,44132,4.0
44137,44147,44142,1.6
44147,44157,44152,1.5
44157,44167,44162,3.7
44167,44177,44172,6.9
44177,44187,44182,2.5
44187,44197,44192,4.8
44197,44207,44202,3.2
44207,44217,44212,2.0
44217,44227,44222,5.7
44227,44237,44232,3.9
44237,44247,44242,5.0
44247,44257,44252,3.2
44257,44267,44262,2.5
44267,44277,44272,2.0
44277,44287,44282,2.0
44287,44297,44292,4.8
44297,44307,44302,5.4
44307,44317,44312,3.9
44317,44327,44322,5.5
44327,44337,44332,2.9
44337,44347,44342,4.8
44347,44357,44352,2.1
44357,44367,44362,3.0
44367,44377,44372,1.7
44377,44387,44382,3.5
44387,44397,44392,3.8
44397,44407,44402,9.2
44407,44417,44412,1.8
44417,44427,44422,4.9
44427,44437,44432,5.1
44437,44447,44442,3.1
44447,44457,44452,3.7
44457,44467,44462,6.9
44467,44477,44472,6.4
44477,44487,44482,0.6
44487,44497,44492,2.2
44497,44507,44502,4.4
44507,44517,44512,3.2
44517,44527,44522,4.7
44527,44537,44532,2.5
44537,44547,44542,2.8
44547,44557,44552,5.8
44557,44567,44562,2.9
44567,44577,44572,7.5
44577,44587,44582,1.5
44587,44597,44592,4.0
44597,44607,44602,9.3
44607,44617,44612,3.3
44617,44627,44622,4.8
44627,44637,44632,4.3
44637,44647,44642,4.9
44647,44657,44652,7.6
44657,44667,44662,5.3
44667,44677,44672,4.9
44677,44687,44682,3.9
44687,44697,44692,2.5
44697,44707,44702,2.6
44707,44717,44712,1.6
44717,44727,44722,2.2
44727,44737,44732,4.0
44737,44747,44742,4.6
44747,44757,44752,1.8
44757,44767,44762,2.7
44767,44777,44772,2.3
44777,44787,44782,3.1
44787,44797,44792,7.4
44797,44807,44802,3.8
44807,44817,44812,4.4
44817,44827,44822,1.9
44827,44837,44832,6.2
44837,44847,44842,3.7
44847,44857,44852,3.6
44857,44867,44862,6.0
44867,44877,44872,3.2
44877,44887,44882,9.8
44887,44897,44892,1.2
44897,44907,44902,3.5
44907,44917,44912,2.2
44917,44927,44922,3.2
44927,44937,44932,2.8
44937,44947,44942,5.6
44947,44957,44952,1.4
44957,44967,44962,2.7
44967,44977,44972,7.8
44977,44987,44982,8.2
44987,44997,44992,2.5
44997,45007,45002,2.7
45007,45017,45012,2.0
45017,45027,45022,3.1
45027,45037,45032,6.5
45037,45047,45042,3.6
45047,45057,45052,6.2
45057,45067,45062,6.2
45067,45077,45072,3.9
45077,45087,45082,3.1
45087,45097,45092,2.0
45097,45107,45102,2.1
45107,45117,45112,3.3
45117,45127,45122,3.0
45127,45137,45132,16.6
45137,45147,45142,2.0
45147,45157,45152,9.1
45157,45167,45162,4.5
45167,45177,45172,1.9
45177,45187,45182,2.2
45187,45197,45192,3.1
45197,45207,45202,4.7
45207,45217,45212,6.6
45217,45227,45222,3.4
45227,45237,45232,4.5
45237,45247,45242,5.6
45247,45257,45252,3.2
45257,45267,45262,3.2
45267,45277,45272,3.1
45277,45287,45282,2.1
45287,45297,45292,1.2
45297,45307,45302,3.6
45307,45317,45312,3.6
45317,45327,45322,9.3
45327,45337,45332,2.0
45337,45347,45342,2.0
45347,45357,45352,6.5
45357,45367,45362,3.4
45367,45377,45372,4.0
45377,45387,45382,2.5
45387,45397,45392,3.0
45397,45407,45402,1.6
45407,45417,45412,5.4
45417,45427,45422,2.7
45427,45437,45432,3.6
45437,45447,45442,5.0
45447,45457,45452,1.3
45457,45467,45462,2.3
45467,45477,45472,1.0
45477,45487,45482,3.3
45487,45497,45492,0.9
45497,45507,45502,11.0
45507,45517,45512,2.6
45517,45527,45522,6.0
45527,45537,45532,4.0
45537,45547,45542,3.6
45547,45557,45552,8.1
45557,45567,45562,3.4
45567,45577,45572,7.4
45577,45587,45582,2.8
45587,45597,45592,1.8
45597,45607,45602,4.3
45607,45617,45612,3.2
45617,45627,45622,0.9
45627,45637,45632,1.1
45637,45647,45642,1.2
45647,45657,45652,4.9
45657,45667,45662,2.7
45667,45677,45672,1.9
45677,45687,45682,2.5
45687,45697,45692,2.6
45697,45707,45702,2.2
45707,45717,45712,2.0
45717,45727,45722,1.4
45727,45737,45732,0.9
45737,45747,45742,3.2
45747,45757,45752,2.7
45757,45767,45762,3.8
45767,45777,45772,3.0
45777,45787,45782,4.3
45787,45797,45792,3.2
45797,45807,45802,5.5
45807,45817,45812,4.5
45817,45827,45822,2.1
45827,45837,45832,7.1
45837,45847,45842,4.1
45847,45857,45852,2.3
45857,45867,45862,2.0
45867,45877,45872,4.4
45877,45887,45882,3.6
45887,45897,45892,4.2
45897,45907,45902,4.4
45907,45917,45912,2.2
45917,45927,45922,4.2
45927,45937,45932,1.1
45937,45947,45942,2.6
45947,45957,45952,2.7
45957,45967,45962,2.9
45967,45977,45972,2.8
45977,45987,45982,3.4
45987,45997,45992,3.5
45997,46007,46002,11.4
46007,46017,46012,4.5
46017,46027,46022,2.5
46027,46037,46032,4.1
46037,46047,46042,3.3
46047,46057,46052,6.9
46057,46067,46062,3.7
46067,46077,46072,6.5
46077,46087,46082,4.9
46087,46097,46092,5.4
46097,46107,46102,4.7
46107,46117,46112,4.1
46117,46127,46122,9.4
46127,46137,46132,6.0
46137,46147,46142,14.2
46147,46157,46152,5.7
46157,46167,46162,5.7
46167,46177,46172,8.5
46177,46187,46182,4.6
46187,46197,46192,6.0
46197,46207,46202,6.3
46207,46217,46212,9.2
46217,46227,46222,14.0
46227,46237,46232,9.8
46237,46247,46242,9.7
46247,46257,46252,8.8
46257,46267,46262,9.0
46267,46277,46272,2.5
46277,46287,46282,5.1
46287,46297,46292,5.1
46297,46307,46302,14.3
46307,46317,46312,5.5
46317,46327,46322,6.1
46327,46337,46332,7.8
46337,46347,46342,7.9
46347,46357,46352,11.6
46357,46367,46362,8.4
46367,46377,46372,17.9
46377,46387,46382,11.9
46387,46397,46392,9.4
46397,46407,46402,15.6
46407,46417,46412,9.7
46417,46427,46422,16.6
46427,46437,46432,8.0
46437,46447,46442,8.9
46447,46457,46452,11.8
46457,46467,46462,13.6
46467,46477,46472,13.7
46477,46487,46482,8.2
46487,46497,46492,7.1
46497,46507,46502,12.3
46507,46517,46512,7.7
46517,46527,46522,8.9
46527,46537,46532,4.8
46537,46547,46542,7.1
46547,46557,46552,9.5
46557,46567,46562,3.9
46567,46577,46572,4.5
46577,46587,46582,4.3
46587,46597,46592,4.4
46597,46607,46602,1.4
46607,46617,46612,2.5
46617,46627,46622,2.5
46627,46637,46632,2.4
46637,46647,46642,1.3
46647,46657,46652,6.0
46657,46667,46662,1.7
46667,46677,46672,5.5
46677,46687,46682,4.1
46687,46697,46692,1.6
46697,46707,46702,4.0
46707,46717,46712,3.4
46717,46727,46722,4.4
46727,46737,46732,0.9
46737,46747,46742,1.9
46747,46757,46752,0.5
46757,46767,46762,1.3
46767,46777,46772,1.5
46777,46787,46782,1.3
46787,46797,46792,1.6
46797,46807,46802,0.5
46807,46817,46812,2.0
46817,46827,46822,3.1
46827,46837,46832,5.2
46837,46847,46842,3.3
46847,46857,46852,7.1
46857,46867,46862,6.1
46867,46877,46872,4.7
46877,46887,46882,2.0
46887,46897,46892,1.0
46897,46907,46902,2.8
46907,46917,46912,5.6
46917,46927,46922,3.5
46927,46937,46932,2.3
46937,46947,46942,9.5
46947,46957,46952,10.5
46957,46967,46962,10.4
46967,46977,46972,4.6
46977,46987,46982,8.0
46987,46997,46992,5.5
46997,47007,47002,6.0
47007,47017,47012,4.0
47017,47027,47022,3.9
47027,47037,47032,4.6
47037,47047,47042,1.5
47047,47057,47052,5.3
47057,47067,47062,9.6
47067,47077,47072,6.1
47077,47087,47082,3.8
47087,47097,47092,7.2
47097,47107,47102,2.7
47107,47117,47112,10.1
47117,47127,47122,3.5
47127,47137,47132,6.8
47137,47147,47142,10.2
47147,47157,47152,5.1
47157,47167,47162,3.8
47167,47177,47172,5.1
47177,47187,47182,5.5
47187,47197,47192,4.5
47197,47207,47202,7.1
47207,47217,47212,15.4
47217,47227,47222,4.8
47227,47237,47232,5.9
47237,47247,47242,4.0
47247,47257,47252,6.7
47257,47267,47262,10.3
47267,47277,47272,6.5
47277,47287,47282,3.1
47287,47297,47292,8.5
47297,47307,47302,7.3
47307,47317,47312,8.8
47317,47327,47322,3.6
47327,47337,47332,4.2
47337,47347,47342,5.8
47347,47357,47352,4.5
47357,47367,47362,13.0
47367,47377,47372,6.6
47377,47387,47382,9.4
47387,47397,47392,2.6
47397,47407,47402,14.0
47407,47417,47412,24.4
47417,47427,47422,9.5
47427,47437,47432,3.3
47437,47447,47442,7.2
47447,47457,47452,8.9
47457,47467,47462,9.7
47467,47477,47472,6.7
47477,47487,47482,6.3
47487,47497,47492,7.7
47497,47507,47502,7.0
47507,47517,47512,4.3
47517,47527,47522,4.1
47527,47537,47532,5.1
47537,47547,47542,5.5
47547,47557,47552,5.7
47557,47567,47562,4.8
47567,47577,47572,3.9
47577,47587,47582,5.8
47587,47597,47592,5.6
47597,47607,47602,6.4
47607,47617,47612,4.9
47617,47627,47622,6.4
47627,47637,47632,6.2
47637,47647,47642,6.5
47647,47657,47652,6.5
47657,47667,47662,6.4
47667,47677,47672,6.4
47677,47687,47682,5.3
47687,47697,47692,6.0
47697,47707,47702,4.4
47707,47717,47712,5.0
47717,47727,47722,5.5
47727,47737,47732,6.3
47737,47747,47742,6.8
47747,47757,47752,9.8
47757,47767,47762,6.6
47767,47777,47772,8.7
47777,47787,47782,5.4
47787,47797,47792,11.2
47797,47807,47802,6.6
47807,47817,47812,12.2
47817,47827,47822,5.1
47827,47837,47832,4.7
47837,47847,47842,9.1
47847,47857,47852,8.5
47857,47867,47862,1.7
47867,47877,47872,3.1
47877,47887,47882,6.1
47887,47897,47892,5.0
47897,47907,47902,3.8
47907,47917,47912,5.0
47917,47927,47922,4.8
47927,47937,47932,2.1
47937,47947,47942,3.5
47947,47957,47952,6.6
47957,47967,47962,2.5
47967,47977,47972,2.6
47977,47987,47982,3.2
47987,47997,47992,3.3
47997,48007,48002,2.1
48007,48017,48012,3.8
48017,48027,48022,4.7
48027,48037,48032,1.8
48037,48047,48042,5.4
48047,48057,48052,3.5
48057,48067,48062,1.8
48067,48077,48072,1.6
48077,48087,48082,4.0
48087,48097,48092,1.6
48097,48107,48102,2.5
48107,48117,48112,17.8
48117,48127,48122,6.0
48127,48137,48132,4.5
48137,48147,48142,5.6
48147,48157,48152,7.0
48157,48167,48162,1.7
48167,48177,48172,1.3
48177,48187,48182,2.0
48187,48197,48192,3.3
48197,48207,48202,1.1
48207,48217,48212,2.6
48217,48227,48222,4.2
48227,48237,48232,5.2
48237,48247,48242,2.5
48247,48257,48252,1.4
48257,48267,48262,3.5
48267,48277,48272,3.7
48277,48287,48282,2.3
48287,48297,48292,8.3
48297,48307,48302,5.0
48307,48317,48312,5.0
48317,48327,48322,9.1
48327,48337,48332,5.7
48337,48347,48342,4.3
48347,48357,48352,7.9
48357,48367,48362,5.9
48367,48377,48372,6.2
48377,48387,48382,5.7
48387,48397,48392,6.8
48397,48407,48402,4.3
48407,48417,48412,7.1
48417,48427,48422,4.7
48427,48437,48432,5.2
48437,48447,48442,4.6
48447,48457,48452,8.2
48457,48467,48462,7.2
48467,48477,48472,3.0
48477,48487,48482,2.5
48487,48497,48492,7.3
48497,48507,48502,7.0
48507,48517,48512,3.7
48517,48527,48522,5.0
48527,48537,48532,4.6
48537,48547,48542,3.5
48547,48557,48552,6.8
48557,48567,48562,3.5
48567,48577,48572,5.0
48577,48587,48582,5.5
48587,48597,48592,5.8
48597,48607,48602,4.3
48607,48617,48612,9.6
48617,48627,48622,3.4
48627,48637,48632,3.7
48637,48647,48642,8.7
48647,48657,48652,3.4
48657,48667,48662,3.7
48667,48677,48672,5.6
48677,48687,48682,3.6
48687,48697,48692,7.8
48697,48707,48702,6.2
48707,48717,48712,8.1
48717,48727,48722,5.5
48727,48737,48732,4.6
48737,48747,48742,5.8
48747,48757,48752,7.6
48757,48767,48762,4.5
48767,48777,48772,5.7
48777,48787,48782,3.7
48787,48797,48792,4.7
48797,48807,48802,6.7
48807,48817,48812,3.4
48817,48827,48822,4.4
48827,48837,48832,8.0
48837,48847,48842,5.9
48847,48857,48852,5.8
48857,48867,48862,9.9
48867,48877,48872,3.7
48877,48887,48882,8.2
48887,48897,48892,4.3
48897,48907,48902,4.1
48907,48917,48912,8.5
48917,48927,48922,6.3
48927,48937,48932,4.3
48937,48947,48942,4.9
48947,48957,48952,6.3
48957,48967,48962,4.5
48967,48977,48972,4.5
48977,48987,48982,7.0
48987,48997,48992,6.2
48997,49007,49002,7.1
49007,49017,49012,5.1
49017,49027,49022,4.8
49027,49037,49032,4.7
49037,49047,49042,5.2
49047,49057,49052,4.2
49057,49067,49062,6.4
49067,49077,49072,5.2
49077,49087,49082,6.2
49087,49097,49092,9.7
49097,49107,49102,12.0
49107,49117,49112,4.0
49117,49127,49122,7.0
49127,49137,49132,5.9
49137,49147,49142,160.0
49147,49157,49152,114.2
49157,49167,49162,6.3
49167,49177,49172,4.2
49177,49187,49182,5.9
49187,49197,49192,4.5
49197,49207,49202,4.2
49207,49217,49212,6.3
49217,49227,49222,18.0
49227,49237,49232,3.5
49237,49247,49242,4.7
49247,49257,49252,6.4
49257,49267,49262,5.0
49267,49277,49272,5.4
49277,49287,49282,5.7
49287,49297,49292,7.8
49297,49307,49302,2.4
49307,49317,49312,6.1
49317,49327,49322,9.8
49327,49337,49332,6.3
49337,49347,49342,5.5
49347,49357,49352,4.5
49357,49367,49362,8.9
49367,49377,49372,4.6
49377,49387,49382,5.2
49387,49397,49392,9.2
49397,49407,49402,4.0
49407,49417,49412,4.0
49417,49427,49422,6.3
49427,49437,49432,10.0
49437,49447,49442,4.7
49447,49457,49452,4.8
49457,49467,49462,6.5
49467,49477,49472,8.6
49477,49487,49482,4.8
49487,49497,49492,4.1
49497,49507,49502,8.1
49507,49517,49512,5.0
49517,49527,49522,6.1
49527,49537,49532,6.8
49537,49547,49542,6.1
49547,49557,49552,3.8
49557,49567,49562,10.0
49567,49577,49572,2.8
49577,49587,49582,3.9
49587,49597,49592,4.4
49597,49607,49602,3.2
49607,49617,49612,2.8
49617,49627,49622,2.1
49627,49637,49632,3.5
49637,49647,49642,1.0
49647,49657,49652,1.0
49657,49667,49662,1.0
49667,49677,49672,1.3
49677,49687,49682,1.2
49687,49697,49692,1.5
49697,49707,49702,1.0
49707,49717,49712,1.5
49717,49727,49722,0.9
49727,49737,49732,0.2
49737,49747,49742,1.4
49747,49757,49752,0.0
49757,49767,49762,0.5
49767,49777,49772,1.9
49777,49787,49782,1.3
49787,49797,49792,0.6
49797,49807,49802,0.6
49807,49817,49812,1.3
49817,49827,49822,1.1
49827,49837,49832,2.1
49837,49847,49842,1.5
49847,49857,49852,1.5
49857,49867,49862,2.4
49867,49877,49872,1.5
49877,49887,49882,3.3
49887,49897,49892,2.2
49897,49907,49902,1.6
49907,49917,49912,5.2
49917,49927,49922,2.5
49927,49937,49932,3.1
49937,49947,49942,1.9
49947,49957,49952,0.0
49957,49967,49962,1.3
49967,49977,49972,1.7
49977,49987,49982,1.9
49987,49997,49992,0.4
49997,50007,50002,0.8
50007,50017,50012,1.2
50017,50027,50022,2.5
50027,50037,50032,1.2
50037,50047,50042,0.3
50047,50057,50052,1.1
50057,50067,50062,3.8
50067,50077,50072,2.3
