NASA Data Processing/NAAMES(2015)/SP2/NAAMES-LARGE-SP2_C130_20151117_R0.ict
36, 1001
Bruce Anderson
NASA Langley Research Center
Single Particle Soot Photometer, DMT
NAAMES-1
1, 1
2015, 11, 17, 2016, 12, 01
0
UTC_start, seconds_past_midnight,   start_time_in_UTC
3
1, 1, 1
-9999, -9999, -9999
UTC_end, seconds_past_midnight, end_time_in_UTC
UTC_mid, seconds_past_midnight, mid_time_in_UTC
BC_mass, ng/m3, mass_concentration_of_black_carbon_aerosol
1
N/A
18
PI_CONTACT_INFO: 21 Langley Blvd, Hampton, VA 23681
PLATFORM: NASA WFF C130
LOCATION: North Atlantic Ocean
ASSOCIATED_DATA: N/A
INSTRUMENT_INFO: Calibrated using fullerene soot aerosol and polynomial mass/response fit. 
DATA_INFO: Data corrected to STP (760 torr and 273K). Measurements apply to black carbon particles with diameter between 105 and 600nm. Mass outside this range is accounted for using a log-normal fit to flight-averaged data.
UNCERTAINTY: 10%
ULOD_FLAG: -7777
ULOD_VALUE: N/A
LLOD_FLAG: -8888
LLOD_VALUE: N/A
DM_CONTACT_INFO: Luke D. Ziemba, luke.ziemba@nasa.gov, (757)864-6246
PROJECT_INFO: NAAMES Fall Deployment, November 2015
STIPULATIONS_ON_USE: Users are strongly encouraged to contact PI.
OTHER_COMMENTS: Data affected by cloud penetration artifacts have not been removed.  Please see the LARGE cloud flag to remove these data.
REVISION: R0
none
UTC_start, UTC_end, UTC_mid, BC_mass
[from data line 1416]
50087,50097,50092,2.9
50097,50107,50102,2.0
50107,50117,50112,0.8
50117,50127,50122,2.4
50127,50137,50132,0.4
50137,50147,50142,1.2
50147,50157,50152,1.0
50157,50167,50162,2.9
50167,50177,50172,2.6
50177,50187,50182,0.9
50187,50197,50192,2.3
50197,50207,50202,1.3
50207,50217,50212,2.1
50217,50227,50222,2.7
50227,50237,50232,2.1
50237,50247,50242,1.0
50247,50257,50252,2.4
50257,50267,50262,15.1
50267,50277,50272,0.9
50277,50287,50282,2.2
50287,50297,50292,1.0
50297,50307,50302,5.5
50307,50317,50312,2.0
50317,50327,50322,1.1
50327,50337,50332,3.1
50337,50347,50342,3.2
50347,50357,50352,2.2
50357,50367,50362,4.1
50367,50377,50372,4.0
50377,50387,50382,5.4
50387,50397,50392,6.4
50397,50407,50402,4.1
50407,50417,50412,2.3
50417,50427,50422,4.9
50427,50437,50432,3.6
50437,50447,50442,2.3
50447,50457,50452,4.8
50457,50467,50462,3.1
50467,50477,50472,2.5
50477,50487,50482,3.0
50487,50497,50492,5.5
50497,50507,50502,7.5
50507,50517,50512,3.3
50517,50527,50522,3.5
50527,50537,50532,3.7
50537,50547,50542,5.7
50547,50557,50552,7.2
50557,50567,50562,2.7
50567,50577,50572,4.0
50577,50587,50582,3.2
50587,50597,50592,4.0
50597,50607,50602,7.6
50607,50617,50612,3.8
50617,50627,50622,2.8
50627,50637,50632,2.1
50637,50647,50642,5.0
50647,50657,50652,3.0
50657,50667,50662,2.9
50667,50677,50672,5.1
50677,50687,50682,5.4
50687,50697,50692,2.8
50697,50707,50702,4.7
50707,50717,50712,9.1
50717,50727,50722,10.5
50727,50737,50732,10.9
50737,50747,50742,10.5
50747,50757,50752,15.9
50757,50767,50762,12.5
50767,50777,50772,11.5
50777,50787,50782,16.2
50787,50797,50792,9.5
50797,50807,50802,14.6
50807,50817,50812,9.9
50817,50827,50822,12.2
50827,50837,50832,9.1
50837,50847,50842,5.4
50847,50857,50852,4.8
50857,50867,50862,3.2
50867,50877,50872,4.7
50877,50887,50882,4.7
50887,50897,50892,9.1
50897,50907,50902,4.1
50907,50917,50912,5.3
50917,50927,50922,4.7
50927,50937,50932,5.9
50937,50947,50942,4.0
50947,50957,50952,4.2
50957,50967,50962,4.0
50967,50977,50972,2.8
50977,50987,50982,6.0
50987,50997,50992,3.9
50997,51007,51002,22.2
51007,51017,51012,2.8
51017,51027,51022,4.3
51027,51037,51032,4.6
51037,51047,51042,3.2
51047,51057,51052,5.8
51057,51067,51062,3.7
51067,51077,51072,4.5
51077,51087,51082,4.1
51087,51097,51092,6.7
51097,51107,51102,6.8
51107,51117,51112,2.8
51117,51127,51122,3.6
51127,51137,51132,3.3
51137,51147,51142,5.7
51147,51157,51152,6.2
51157,51167,51162,3.9
51167,51177,51172,5.3
51177,51187,51182,2.3
51187,51197,51192,3.0
51197,51207,51202,3.8
51207,51217,51212,2.8
51217,51227,51222,4.0
51227,51237,51232,6.2
51237,51247,51242,2.2
51247,51257,51252,2.9
51257,51267,51262,5.5
51267,51277,51272,3.4
51277,51287,51282,5.0
51287,51297,51292,2.8
51297,51307,51302,2.7
51307,51317,51312,2.3
51317,51327,51322,3.5
51327,51337,51332,4.7
51337,51347,51342,9.5
51347,51357,51352,3.0
51357,51367,51362,3.9
51367,51377,51372,3.9
51377,51387,51382,2.9
51387,51397,51392,2.2
51397,51407,51402,4.4
51407,51417,51412,4.0
51417,51427,51422,3.3
51427,51437,51432,2.9
51437,51447,51442,3.7
51447,51457,51452,3.1
51457,51467,51462,2.5
51467,51477,51472,4.3
51477,51487,51482,5.6
51487,51497,51492,0.0
51497,51507,51502,1.8
51507,51517,51512,2.0
51517,51527,51522,4.2
51527,51537,51532,23.0
51537,51547,51542,1.9
51547,51557,51552,2.0
51557,51567,51562,2.0
51567,51577,51572,0.7
51577,51587,51582,3.5
51587,51597,51592,4.9
51597,51607,51602,2.5
51607,51617,51612,2.0
51617,51627,51622,3.9
51627,51637,51632,3.3
51637,51647,51642,2.2
51647,51657,51652,1.6
51657,51667,51662,1.3
51667,51677,51672,1.1
51677,51687,51682,1.0
51687,51697,51692,1.3
51697,51707,51702,0.3
51707,51717,51712,3.2
51717,51727,51722,1.2
51727,51737,51732,2.7
51737,51747,51742,1.3
51747,51757,51752,1.5
51757,51767,51762,2.3
51767,51777,51772,1.5
51777,51787,51782,2.6
51787,51797,51792,1.8
51797,51807,51802,1.6
51807,51817,51812,1.7
51817,51827,51822,0.3
51827,51837,51832,2.8
51837,51847,51842,1.5
51847,51857,51852,0.2
51857,51867,51862,1.3
51867,51877,51872,2.4
51877,51887,51882,4.2
51887,51897,51892,2.3
51897,51907,51902,1.0
51907,51917,51912,1.9
51917,51927,51922,2.1
51927,51937,51932,1.1
51937,51947,51942,5.0
51947,51957,51952,1.4
51957,51967,51962,1.6
51967,51977,51972,2.8
51977,51987,51982,4.4
51987,51997,51992,6.0
51997,52007,52002,4.5
52007,52017,52012,2.1
52017,52027,52022,3.1
52027,52037,52032,1.7
52037,52047,52042,2.8
52047,52057,52052,3.3
52057,52067,52062,10.0
52067,52077,52072,2.9
52077,52087,52082,1.8
52087,52097,52092,1.2
52097,52107,52102,2.0
52107,52117,52112,4.1
52117,52127,52122,3.9
52127,52137,52132,2.4
52137,52147,52142,2.0
52147,52157,52152,6.5
52157,52167,52162,1.4
52167,52177,52172,2.2
52177,52187,52182,2.7
52187,52197,52192,3.5
52197,52207,52202,9.0
52207,52217,52212,12.6
52217,52227,52222,32.3
52227,52237,52232,13.1
52237,52247,52242,8.6
52247,52257,52252,7.1
52257,52267,52262,1.2
52267,52277,52272,2.2
52277,52287,52282,4.6
52287,52297,52292,1.6
52297,52307,52302,1.3
52307,52317,52312,3.0
52317,52327,52322,6.1
52327,52337,52332,3.4
52337,52347,52342,4.9
52347,52357,52352,5.6
52357,52367,52362,2.5
52367,52377,52372,3.3
52377,52387,52382,3.9
52387,52397,52392,2.9
52397,52407,52402,3.8
52407,52417,52412,0.9
52417,52427,52422,3.9
52427,52437,52432,3.6
52437,52447,52442,7.2
52447,52457,52452,3.6
52457,52467,52462,3.4
52467,52477,52472,4.1
52477,52487,52482,12.8
52487,52497,52492,10.2
52497,52507,52502,9.9
52507,52517,52512,10.2
52517,52527,52522,8.8
52527,52537,52532,11.9
52537,52547,52542,7.1
52547,52557,52552,10.1
52557,52567,52562,5.9
52567,52577,52572,6.6
52577,52587,52582,2.2
52587,52597,52592,5.7
52597,52607,52602,3.1
52607,52617,52612,3.0
52617,52627,52622,5.1
52627,52637,52632,2.8
52637,52647,52642,5.4
52647,52657,52652,5.0
52657,52667,52662,9.3
52667,52677,52672,4.8
52677,52687,52682,4.6
52687,52697,52692,6.5
52697,52707,52702,3.6
52707,52717,52712,2.5
52717,52727,52722,2.6
52727,52737,52732,2.3
52737,52747,52742,0.9
52747,52757,52752,3.7
52757,52767,52762,6.9
52767,52777,52772,5.9
52777,52787,52782,3.1
52787,52797,52792,3.5
52797,52807,52802,4.4
52807,52817,52812,2.5
52817,52827,52822,6.4
52827,52837,52832,4.6
52837,52847,52842,3.2
52847,52857,52852,2.4
52857,52867,52862,2.7
52867,52877,52872,4.1
52877,52887,52882,2.8
52887,52897,52892,2.7
52897,52907,52902,4.4
52907,52917,52912,11.3
52917,52927,52922,3.1
52927,52937,52932,2.8
52937,52947,52942,5.3
52947,52957,52952,3.2
52957,52967,52962,1.7
52967,52977,52972,2.1
52977,52987,52982,0.9
52987,52997,52992,2.0
52997,53007,53002,2.1
53007,53017,53012,4.8
53017,53027,53022,1.5
53027,53037,53032,1.0
53037,53047,53042,0.6
53047,53057,53052,0.5
53057,53067,53062,0.4
53067,53077,53072,1.0
53077,53087,53082,0.3
53087,53097,53092,0.5
53097,53107,53102,0.4
53107,53117,53112,0.7
53117,53127,53122,1.1
53127,53137,53132,0.4
53137,53147,53142,2.3
53147,53157,53152,4.3
53157,53167,53162,4.9
53167,53177,53172,3.9
53177,53187,53182,1.4
53187,53197,53192,2.1
53197,53207,53202,2.2
53207,53217,53212,3.8
53217,53227,53222,3.0
53227,53237,53232,3.9
53237,53247,53242,3.9
53247,53257,53252,0.9
53257,53267,53262,1.6
53267,53277,53272,0.4
53277,53287,53282,0.6
53287,53297,53292,4.5
53297,53307,53302,0.5
53307,53317,53312,0.6
53317,53327,53322,1.1
53327,53337,53332,1.4
53337,53347,53342,0.6
53347,53357,53352,0.5
53357,53367,53362,0.4
53367,53377,53372,0.4
53377,53387,53382,0.4
53387,53397,53392,0.0
53397,53407,53402,0.0
53407,53417,53412,1.1
53417,53427,53422,1.8
53427,53437,53432,0.9
53437,53447,53442,0.3
53447,53457,53452,0.3
53457,53467,53462,1.4
53467,53477,53472,0.3
53477,53487,53482,0.0
53487,53497,53492,0.0
53497,53507,53502,0.0
53507,53517,53512,0.0
53517,53527,53522,0.0
53527,53537,53532,0.2
53537,53547,53542,0.0
53547,53557,53552,0.0
53557,53567,53562,0.0
53567,53577,53572,0.1
53577,53587,53582,1.5
53587,53597,53592,1.7
53597,53607,53602,0.9
53607,53617,53612,0.6
53617,53627,53622,2.0
53627,53637,53632,1.8
53637,53647,53642,0.0
53647,53657,53652,2.8
53657,53667,53662,0.1
53667,53677,53672,0.0
53677,53687,53682,4.5
53687,53697,53692,1.2
53697,53707,53702,3.2
53707,53717,53712,0.0
53717,53727,53722,0.1
53727,53737,53732,0.0
53737,53747,53742,0.3
53747,53757,53752,0.1
53757,53767,53762,0.2
53767,53777,53772,0.1
53777,53787,53782,1.2
53787,53797,53792,10.2
53797,53807,53802,7.6
53807,53817,53812,0.0
53817,53827,53822,0.0
53827,53837,53832,0.0
53837,53847,53842,1.0
53847,53857,53852,0.2
53857,53867,53862,1.3
53867,53877,53872,0.7
53877,53887,53882,3.9
53887,53897,53892,2.2
53897,53907,53902,0.2
53907,53917,53912,0.0
53917,53927,53922,6.1
53927,53937,53932,0.0
53937,53947,53942,16.3
53947,53957,53952,0.0
53957,53967,53962,0.0
53967,53977,53972,0.0
53977,53987,53982,0.3
53987,53997,53992,1.2
53997,54007,54002,5.6
54007,54017,54012,0.0
54017,54027,54022,0.0
54027,54037,54032,0.2
54037,54047,54042,5.8
54047,54057,54052,0.0
54057,54067,54062,0.8
54067,54077,54072,9.5
54077,54087,54082,11.3
54087,54097,54092,0.0
54097,54107,54102,0.0
54107,54117,54112,0.0
54117,54127,54122,0.0
54127,54137,54132,0.0
54137,54147,54142,0.3
54147,54157,54152,0.0
54157,54167,54162,0.0
54167,54177,54172,13.7
54177,54187,54182,8.8
54187,54197,54192,0.0
54197,54207,54202,0.0
54207,54217,54212,0.0
54217,54227,54222,0.0
54227,54237,54232,0.0
54237,54247,54242,0.0
54247,54257,54252,0.0
54257,54267,54262,0.0
54267,54277,54272,0.0
54277,54287,54282,0.0
54287,54297,54292,0.0
54297,54307,54302,1.9
54307,54317,54312,0.2
54317,54327,54322,0.0
54327,54337,54332,0.0
54337,54347,54342,0.0
54347,54357,54352,0.0
54357,54367,54362,0.0
54367,54377,54372,2.2
54377,54387,54382,6.8
54387,54397,54392,4.4
54397,54407,54402,0.0
54407,54417,54412,0.0
54417,54427,54422,6.2
54427,54437,54432,0.3
54437,54447,54442,3.8
54447,54457,54452,7.5
54457,54467,54462,1.8
54467,54477,54472,6.1
54477,54487,54482,19.8
54487,54497,54492,8.2
54497,54507,54502,6.0
54507,54517,54512,4.2
54517,54527,54522,3.0
54527,54537,54532,0.0
54537,54547,54542,0.0
54547,54557,54552,0.0
54557,54567,54562,0.0
54567,54577,54572,0.0
54577,54587,54582,0.0
54587,54597,54592,0.0
54597,54607,54602,0.0
54607,54617,54612,0.0
54617,54627,54622,1.5
54627,54637,54632,1.0
54637,54647,54642,6.7
54647,54657,54652,1.3
54657,54667,54662,0.7
54667,54677,54672,2.5
54677,54687,54682,0.7
54687,54697,54692,0.1
54697,54707,54702,0.0
54707,54717,54712,0.0
54717,54727,54722,0.7
54727,54737,54732,0.1
54737,54747,54742,1.0
54747,54757,54752,0.7
54757,54767,54762,0.5
54767,54777,54772,0.2
54777,54787,54782,2.7
54787,54797,54792,1.8
54797,54807,54802,1.8
54807,54817,54812,8.2
54817,54827,54822,1.2
54827,54837,54832,0.5
54837,54847,54842,0.0
54847,54857,54852,0.0
54857,54867,54862,135.2
54867,54877,54872,7.5
54877,54887,54882,1.3
54887,54897,54892,3.8
54897,54907,54902,0.5
54907,54917,54912,2.1
54917,54927,54922,0.4
54927,54937,54932,0.1
54937,54947,54942,0.0
54947,54957,54952,0.0
54957,54967,54962,0.5
54967,54977,54972,0.0
54977,54987,54982,0.0
54987,54997,54992,0.0
54997,55007,55002,0.3
55007,55017,55012,0.0
55017,55027,55022,0.3
55027,55037,55032,3.8
55037,55047,55042,1.2
55047,55057,55052,4.0
55057,55067,55062,3.9
55067,55077,55072,4.1
55077,55087,55082,0.0
55087,55097,55092,1.3
55097,55107,55102,0.5
55107,55117,55112,1.5
55117,55127,55122,0.0
55127,55137,55132,0.0
55137,55147,55142,0.0
55147,55157,55152,0.1
55157,55167,55162,2.3
55167,55177,55172,0.2
55177,55187,55182,0.0
55187,55197,55192,0.0
55197,55207,55202,0.0
55207,55217,55212,0.0
55217,55227,55222,0.0
55227,55237,55232,0.0
55237,55247,55242,0.0
55247,55257,55252,0.0
55257,55267,55262,0.0
55267,55277,55272,0.0
55277,55287,55282,0.7
55287,55297,55292,1.8
55297,55307,55302,0.0
55307,55317,55312,0.0
55317,55327,55322,0.5
55327,55337,55332,0.0
55337,55347,55342,0.0
55347,55357,55352,0.0
55357,55367,55362,0.0
55367,55377,55372,0.0
55377,55387,55382,0.0
55387,55397,55392,0.0
55397,55407,55402,7.7
55407,55417,55412,0.0
55417,55427,55422,0.0
55427,55437,55432,0.0
55437,55447,55442,0.0
55447,55457,55452,0.0
55457,55467,55462,0.0
55467,55477,55472,0.0
55477,55487,55482,0.0
55487,55497,55492,0.0
55497,55507,55502,0.0
55507,55517,55512,0.0
55517,55527,55522,0.0
55527,55537,55532,0.0
55537,55547,55542,0.0
55547,55557,55552,0.0
55557,55567,55562,2.6
55567,55577,55572,0.6
55577,55587,55582,0.0
55587,55597,55592,0.6
55597,55607,55602,0.0
55607,55617,55612,1.5
55617,55627,55622,0.1
55627,55637,55632,0.0
55637,55647,55642,0.0
55647,55657,55652,7.3
55657,55667,55662,0.0
55667,55677,55672,0.0
55677,55687,55682,0.9
55687,55697,55692,0.1
55697,55707,55702,0.0
55707,55717,55712,0.0
55717,55727,55722,0.0
55727,55737,55732,0.1
55737,55747,55742,1.1
55747,55757,55752,0.0
55757,55767,55762,1.3
55767,55777,55772,0.3
55777,55787,55782,0.1
55787,55797,55792,0.1
55797,55807,55802,0.0
55807,55817,55812,0.0
55817,55827,55822,0.0
55827,55837,55832,0.0
55837,55847,55842,0.0
55847,55857,55852,0.0
55857,55867,55862,0.0
55867,55877,55872,0.0
55877,55887,55882,0.0
55887,55897,55892,0.0
55897,55907,55902,0.0
55907,55917,55912,0.0
55917,55927,55922,0.0
55927,55937,55932,0.0
55937,55947,55942,0.0
55947,55957,55952,0.0
55957,55967,55962,0.0
55967,55977,55972,0.0
55977,55987,55982,0.0
55987,55997,55992,0.0
55997,56007,56002,0.0
56007,56017,56012,0.0
56017,56027,56022,0.0
56027,56037,56032,0.0
56037,56047,56042,0.0
56047,56057,56052,0.0
56057,56067,56062,0.0
56067,56077,56072,0.0
56077,56087,56082,0.0
56087,56097,56092,0.0
56097,56107,56102,0.0
56107,56117,56112,0.0
56117,56127,56122,0.0
56127,56137,56132,0.0
56137,56147,56142,0.0
56147,56157,56152,0.0
56157,56167,56162,0.0
56167,56177,56172,0.0
56177,56187,56182,0.0
56187,56197,56192,0.3
56197,56207,56202,0.0
56207,56217,56212,0.0
56217,56227,56222,1.0
56227,56237,56232,0.4
56237,56247,56242,0.3
56247,56257,56252,0.0
56257,56267,56262,0.0
56267,56277,56272,0.0
56277,56287,56282,0.0
56287,56297,56292,0.0
56297,56307,56302,0.1
56307,56317,56312,2.6
56317,56327,56322,0.3
56327,56337,56332,0.0
56337,56347,56342,0.0
56347,56357,56352,0.0
56357,56367,56362,0.4
56367,56377,56372,0.2
56377,56387,56382,0.0
56387,56397,56392,0.5
56397,56407,56402,0.0
56407,56417,56412,0.7
56417,56427,56422,2.8
56427,56437,56432,0.0
56437,56447,56442,0.0
56447,56457,56452,0.0
56457,56467,56462,0.0
56467,56477,56472,0.0
56477,56487,56482,0.5
56487,56497,56492,0.3
56497,56507,56502,0.7
56507,56517,56512,0.0
56517,56527,56522,0.3
56527,56537,56532,0.4
56537,56547,56542,0.6
56547,56557,56552,0.1
56557,56567,56562,0.3
56567,56577,56572,0.1
56577,56587,56582,0.4
56587,56597,56592,0.8
56597,56607,56602,0.4
56607,56617,56612,1.5
56617,56627,56622,0.5
56627,56637,56632,3.4
56637,56647,56642,2.5
56647,56657,56652,0.6
56657,56667,56662,1.4
56667,56677,56672,1.2
56677,56687,56682,0.0
56687,56697,56692,0.1
56697,56707,56702,0.0
56707,56717,56712,0.2
56717,56727,56722,0.3
56727,56737,56732,0.0
56737,56747,56742,0.3
56747,56757,56752,0.0
56757,56767,56762,0.6
56767,56777,56772,0.3
56777,56787,56782,0.5
56787,56797,56792,0.0
56797,56807,56802,0.3
56807,56817,56812,0.5
56817,56827,56822,1.6
56827,56837,56832,0.4
56837,56847,56842,0.6
56847,56857,56852,0.4
56857,56867,56862,0.0
56867,56877,56872,1.3
56877,56887,56882,0.2
56887,56897,56892,0.7
56897,56907,56902,0.3
56907,56917,56912,0.6
56917,56927,56922,0.3
56927,56937,56932,0.0
56937,56947,56942,0.4
56947,56957,56952,1.4
56957,56967,56962,0.1
56967,56977,56972,1.5
56977,56987,56982,0.4
56987,56997,56992,0.9
56997,57007,57002,0.8
57007,57017,57012,0.3
57017,57027,57022,0.3
57027,57037,57032,0.4
57037,57047,57042,0.3
57047,57057,57052,0.2
57057,57067,57062,0.2
57067,57077,57072,0.0
57077,57087,57082,0.1
57087,57097,57092,0.1
57097,57107,57102,0.0
57107,57117,57112,0.0
57117,57127,57122,0.0
57127,57137,57132,0.2
57137,57147,57142,0.0
57147,57157,57152,0.1
57157,57167,57162,0.0
57167,57177,57172,0.1
57177,57187,57182,0.1
57187,57197,57192,0.2
57197,57207,57202,0.2
57207,57217,57212,0.5
57217,57227,57222,1.0
57227,57237,57232,0.1
57237,57247,57242,0.0
57247,57257,57252,0.0
57257,57267,57262,0.0
57267,57277,57272,0.0
57277,57287,57282,0.0
57287,57297,57292,0.0
57297,57307,57302,0.0
57307,57317,57312,0.0
57317,57327,57322,0.0
57327,57337,57332,0.1
