NASA Data Processing/NAAMES(2015)/SP2/NAAMES-LARGE-SP2_C130_20151112_R0.ict
36, 1001
Bruce Anderson
NASA Langley Research Center
Single Particle Soot Photometer, DMT
NAAMES-1
1, 1
2015, 11, 12, 2016,12, 01
0
UTC_start, seconds_past_midnight,     start_time_in_UTC
3
1, 1, 1
-9999, -9999, -9999
UTC_end, seconds_past_midnight, end_time_in_UTC
UTC_mid, seconds_past_midnight, mid_time_in_UTC
BC_mass, ng/m3, mass_concentration_of_black_carbon_aerosol
1
N/A
18
PI_CONTACT_INFO: 21 Langley Blvd, Hampton, VA 23681
PLATFORM: NASA WFF C130
LOCATION: North Atlantic Ocean
ASSOCIATED_DATA: N/A
INSTRUMENT_INFO: Calibrated using fullerene soot aerosol and polynomial mass/response fit. 
DATA_INFO: Data corrected to STP (760 torr and 273K). Measurements apply to black carbon particles with diameter between 105 and 600nm. Mass outside this range is accounted for using a log-normal fit to flight-averaged data.
UNCERTAINTY: 10%
ULOD_FLAG: -7777
ULOD_VALUE: N/A
LLOD_FLAG: -8888
LLOD_VALUE: N/A
DM_CONTACT_INFO: Luke D. Ziemba, luke.ziemba@nasa.gov, (757)864-6246
PROJECT_INFO: NAAMES Fall Deployment, November 2015
STIPULATIONS_ON_USE: Users are strongly encouraged to contact PI.
OTHER_COMMENTS: Data affected by cloud penetration artifacts have not been removed.  Please see the LARGE cloud flag to remove these data.
REVISION: R0
none
UTC_start, UTC_end, UTC_mid, BC_mass
[from data line 1387]
52587,52597,52592,4.2
52597,52607,52602,5.1
52607,52617,52612,2.5
52617,52627,52622,4.2
52627,52637,52632,11.8
52637,52647,52642,15.7
52647,52657,52652,64.7
52657,52667,52662,45.4
52667,52677,52672,21.2
52677,52687,52682,24.5
52687,52697,52692,15.8
52697,52707,52702,7.6
52707,52717,52712,11.7
52717,52727,52722,21.7
52727,52737,52732,7.8
52737,52747,52742,12.4
52747,52757,52752,7.2
52757,52767,52762,9.4
52767,52777,52772,24.2
52777,52787,52782,25.8
52787,52797,52792,15.4
52797,52807,52802,8.9
52807,52817,52812,13.5
52817,52827,52822,6.5
52827,52837,52832,6.2
52837,52847,52842,-9999.0
52847,52857,52852,-9999.0
52857,52867,52862,-9999.0
52867,52877,52872,-9999.0
52877,52887,52882,-9999.0
52887,52897,52892,-9999.0
52897,52907,52902,-9999.0
52907,52917,52912,-9999.0
52917,52927,52922,-9999.0
52927,52937,52932,-9999.0
52937,52947,52942,-9999.0
52947,52957,52952,-9999.0
52957,52967,52962,-9999.0
52967,52977,52972,-9999.0
52977,52987,52982,-9999.0
52987,52997,52992,-9999.0
52997,53007,53002,-9999.0
53007,53017,53012,-9999.0
53017,53027,53022,-9999.0
53027,53037,53032,-9999.0
53037,53047,53042,-9999.0
53047,53057,53052,-9999.0
53057,53067,53062,-9999.0
53067,53077,53072,-9999.0
53077,53087,53082,-9999.0
53087,53097,53092,-9999.0
53097,53107,53102,-9999.0
53107,53117,53112,-9999.0
53117,53127,53122,-9999.0
53127,53137,53132,-9999.0
53137,53147,53142,-9999.0
53147,53157,53152,-9999.0
53157,53167,53162,-9999.0
53167,53177,53172,-9999.0
53177,53187,53182,-9999.0
53187,53197,53192,-9999.0
53197,53207,53202,-9999.0
53207,53217,53212,-9999.0
53217,53227,53222,-9999.0
53227,53237,53232,-9999.0
53237,53247,53242,-9999.0
53247,53257,53252,-9999.0
53257,53267,53262,-9999.0
53267,53277,53272,-9999.0
53277,53287,53282,-9999.0
53287,53297,53292,-9999.0
53297,53307,53302,-9999.0
53307,53317,53312,-9999.0
53317,53327,53322,-9999.0
53327,53337,53332,-9999.0
53337,53347,53342,-9999.0
53347,53357,53352,-9999.0
53357,53367,53362,-9999.0
53367,53377,53372,-9999.0
53377,53387,53382,-9999.0
53387,53397,53392,-9999.0
53397,53407,53402,-9999.0
53407,53417,53412,-9999.0
53417,53427,53422,-9999.0
53427,53437,53432,-9999.0
53437,53447,53442,-9999.0
53447,53457,53452,-9999.0
53457,53467,53462,-9999.0
53467,53477,53472,-9999.0
53477,53487,53482,-9999.0
53487,53497,53492,-9999.0
53497,53507,53502,-9999.0
53507,53517,53512,-9999.0
53517,53527,53522,-9999.0
53527,53537,53532,-9999.0
53537,53547,53542,-9999.0
53547,53557,53552,-9999.0
53557,53567,53562,-9999.0
53567,53577,53572,-9999.0
53577,53587,53582,-9999.0
53587,53597,53592,-9999.0
53597,53607,53602,-9999.0
53607,53617,53612,-9999.0
53617,53627,53622,-9999.0
53627,53637,53632,-9999.0
53637,53647,53642,-9999.0
53647,53657,53652,-9999.0
53657,53667,53662,-9999.0
53667,53677,53672,-9999.0
53677,53687,53682,-9999.0
53687,53697,53692,-9999.0
53697,53707,53702,-9999.0
53707,53717,53712,-9999.0
53717,53727,53722,-9999.0
53727,53737,53732,-9999.0
53737,53747,53742,-9999.0
53747,53757,53752,-9999.0
53757,53767,53762,-9999.0
53767,53777,53772,-9999.0
53777,53787,53782,-9999.0
53787,53797,53792,-9999.0
53797,53807,53802,-9999.0
53807,53817,53812,-9999.0
53817,53827,53822,-9999.0
53827,53837,53832,-9999.0
53837,53847,53842,-9999.0
53847,53857,53852,-9999.0
53857,53867,53862,-9999.0
53867,53877,53872,-9999.0
53877,53887,53882,-9999.0
53887,53897,53892,-9999.0
53897,53907,53902,-9999.0
53907,53917,53912,-9999.0
53917,53927,53922,-9999.0
53927,53937,53932,-9999.0
53937,53947,53942,-9999.0
53947,53957,53952,-9999.0
53957,53967,53962,-9999.0
53967,53977,53972,-9999.0
53977,53987,53982,-9999.0
53987,53997,53992,-9999.0
53997,54007,54002,-9999.0
54007,54017,54012,-9999.0
54017,54027,54022,-9999.0
54027,54037,54032,-9999.0
54037,54047,54042,-9999.0
54047,54057,54052,-9999.0
54057,54067,54062,-9999.0
54067,54077,54072,-9999.0
54077,54087,54082,-9999.0
54087,54097,54092,-9999.0
54097,54107,54102,-9999.0
54107,54117,54112,-9999.0
54117,54127,54122,-9999.0
54127,54137,54132,-9999.0
54137,54147,54142,-9999.0
54147,54157,54152,-9999.0
54157,54167,54162,-9999.0
54167,54177,54172,-9999.0
54177,54187,54182,-9999.0
54187,54197,54192,-9999.0
54197,54207,54202,-9999.0
54207,54217,54212,-9999.0
54217,54227,54222,-9999.0
54227,54237,54232,-9999.0
54237,54247,54242,-9999.0
54247,54257,54252,-9999.0
54257,54267,54262,-9999.0
54267,54277,54272,-9999.0
54277,54287,54282,-9999.0
54287,54297,54292,-9999.0
54297,54307,54302,-9999.0
54307,54317,54312,-9999.0
54317,54327,54322,-9999.0
54327,54337,54332,-9999.0
54337,54347,54342,-9999.0
54347,54357,54352,-9999.0
54357,54367,54362,-9999.0
54367,54377,54372,-9999.0
54377,54387,54382,-9999.0
54387,54397,54392,-9999.0
54397,54407,54402,-9999.0
54407,54417,54412,-9999.0
54417,54427,54422,-9999.0
54427,54437,54432,-9999.0
54437,54447,54442,-9999.0
54447,54457,54452,-9999.0
54457,54467,54462,-9999.0
54467,54477,54472,-9999.0
54477,54487,54482,-9999.0
54487,54497,54492,-9999.0
54497,54507,54502,-9999.0
54507,54517,54512,-9999.0
54517,54527,54522,-9999.0
54527,54537,54532,-9999.0
54537,54547,54542,-9999.0
54547,54557,54552,-9999.0
54557,54567,54562,-9999.0
54567,54577,54572,-9999.0
54577,54587,54582,-9999.0
54587,54597,54592,-9999.0
54597,54607,54602,-9999.0
54607,54617,54612,-9999.0
54617,54627,54622,-9999.0
54627,54637,54632,-9999.0
54637,54647,54642,-9999.0
54647,54657,54652,-9999.0
54657,54667,54662,-9999.0
54667,54677,54672,-9999.0
54677,54687,54682,-9999.0
54687,54697,54692,-9999.0
54697,54707,54702,-9999.0
54707,54717,54712,-9999.0
54717,54727,54722,-9999.0
54727,54737,54732,-9999.0
54737,54747,54742,-9999.0
54747,54757,54752,-9999.0
54757,54767,54762,-9999.0
54767,54777,54772,-9999.0
54777,54787,54782,-9999.0
54787,54797,54792,-9999.0
54797,54807,54802,-9999.0
54807,54817,54812,-9999.0
54817,54827,54822,-9999.0
54827,54837,54832,-9999.0
54837,54847,54842,-9999.0
54847,54857,54852,-9999.0
54857,54867,54862,-9999.0
54867,54877,54872,-9999.0
54877,54887,54882,-9999.0
54887,54897,54892,-9999.0
54897,54907,54902,-9999.0
54907,54917,54912,-9999.0
54917,54927,54922,-9999.0
54927,54937,54932,-9999.0
54937,54947,54942,-9999.0
54947,54957,54952,-9999.0
54957,54967,54962,-9999.0
54967,54977,54972,-9999.0
54977,54987,54982,-9999.0
54987,54997,54992,-9999.0
54997,55007,55002,-9999.0
55007,55017,55012,-9999.0
55017,55027,55022,-9999.0
55027,55037,55032,-9999.0
55037,55047,55042,-9999.0
55047,55057,55052,-9999.0
55057,55067,55062,-9999.0
55067,55077,55072,-9999.0
55077,55087,55082,-9999.0
55087,55097,55092,-9999.0
55097,55107,55102,-9999.0
55107,55117,55112,-9999.0
55117,55127,55122,-9999.0
55127,55137,55132,-9999.0
55137,55147,55142,-9999.0
55147,55157,55152,-9999.0
55157,55167,55162,-9999.0
55167,55177,55172,-9999.0
55177,55187,55182,-9999.0
55187,55197,55192,-9999.0
55197,55207,55202,-9999.0
55207,55217,55212,-9999.0
55217,55227,55222,-9999.0
55227,55237,55232,-9999.0
55237,55247,55242,-9999.0
55247,55257,55252,-9999.0
55257,55267,55262,-9999.0
55267,55277,55272,-9999.0
55277,55287,55282,-9999.0
55287,55297,55292,-9999.0
55297,55307,55302,-9999.0
55307,55317,55312,-9999.0
55317,55327,55322,-9999.0
55327,55337,55332,-9999.0
55337,55347,55342,-9999.0
55347,55357,55352,-9999.0
55357,55367,55362,-9999.0
55367,55377,55372,-9999.0
55377,55387,55382,-9999.0
55387,55397,55392,-9999.0
55397,55407,55402,-9999.0
55407,55417,55412,-9999.0
55417,55427,55422,-9999.0
55427,55437,55432,-9999.0
55437,55447,55442,-9999.0
55447,55457,55452,-9999.0
55457,55467,55462,-9999.0
55467,55477,55472,-9999.0
55477,55487,55482,-9999.0
55487,55497,55492,-9999.0
55497,55507,55502,-9999.0
55507,55517,55512,-9999.0
55517,55527,55522,-9999.0
55527,55537,55532,-9999.0
55537,55547,55542,-9999.0
55547,55557,55552,-9999.0
55557,55567,55562,-9999.0
55567,55577,55572,-9999.0
55577,55587,55582,-9999.0
55587,55597,55592,-9999.0
55597,55607,55602,-9999.0
55607,55617,55612,-9999.0
55617,55627,55622,-9999.0
55627,55637,55632,-9999.0
55637,55647,55642,-9999.0
55647,55657,55652,-9999.0
55657,55667,55662,-9999.0
55667,55677,55672,-9999.0
55677,55687,55682,-9999.0
55687,55697,55692,-9999.0
55697,55707,55702,-9999.0
55707,55717,55712,-9999.0
55717,55727,55722,-9999.0
55727,55737,55732,-9999.0
55737,55747,55742,-9999.0
55747,55757,55752,-9999.0
55757,55767,55762,-9999.0
55767,55777,55772,-9999.0
55777,55787,55782,-9999.0
55787,55797,55792,-9999.0
55797,55807,55802,-9999.0
55807,55817,55812,-9999.0
55817,55827,55822,-9999.0
55827,55837,55832,-9999.0
55837,55847,55842,-9999.0
55847,55857,55852,-9999.0
55857,55867,55862,-9999.0
55867,55877,55872,-9999.0
55877,55887,55882,-9999.0
55887,55897,55892,-9999.0
55897,55907,55902,-9999.0
55907,55917,55912,-9999.0
55917,55927,55922,-9999.0
55927,55937,55932,-9999.0
55937,55947,55942,-9999.0
55947,55957,55952,-9999.0
55957,55967,55962,-9999.0
55967,55977,55972,-9999.0
55977,55987,55982,-9999.0
55987,55997,55992,-9999.0
55997,56007,56002,-9999.0
56007,56017,56012,-9999.0
56017,56027,56022,-9999.0
56027,56037,56032,-9999.0
56037,56047,56042,-9999.0
56047,56057,56052,-9999.0
56057,56067,56062,-9999.0
56067,56077,56072,-9999.0
56077,56087,56082,-9999.0
56087,56097,56092,-9999.0
56097,56107,56102,-9999.0
56107,56117,56112,-9999.0
56117,56127,56122,-9999.0
56127,56137,56132,-9999.0
56137,56147,56142,-9999.0
56147,56157,56152,-9999.0
56157,56167,56162,-9999.0
56167,56177,56172,-9999.0
56177,56187,56182,-9999.0
56187,56197,56192,-9999.0
56197,56207,56202,-9999.0
56207,56217,56212,-9999.0
56217,56227,56222,-9999.0
56227,56237,56232,-9999.0
56237,56247,56242,-9999.0
56247,56257,56252,-9999.0
56257,56267,56262,-9999.0
56267,56277,56272,-9999.0
56277,56287,56282,-9999.0
56287,56297,56292,-9999.0
56297,56307,56302,-9999.0
56307,56317,56312,-9999.0
56317,56327,56322,-9999.0
56327,56337,56332,-9999.0
56337,56347,56342,-9999.0
56347,56357,56352,-9999.0
56357,56367,56362,-9999.0
56367,56377,56372,-9999.0
56377,56387,56382,-9999.0
56387,56397,56392,-9999.0
56397,56407,56402,-9999.0
56407,56417,56412,-9999.0
56417,56427,56422,-9999.0
56427,56437,56432,-9999.0
56437,56447,56442,-9999.0
56447,56457,56452,-9999.0
56457,56467,56462,-9999.0
56467,56477,56472,-9999.0
56477,56487,56482,-9999.0
56487,56497,56492,-9999.0
56497,56507,56502,-9999.0
56507,56517,56512,-9999.0
56517,56527,56522,-9999.0
56527,56537,56532,-9999.0
56537,56547,56542,-9999.0
56547,56557,56552,-9999.0
56557,56567,56562,-9999.0
56567,56577,56572,-9999.0
56577,56587,56582,-9999.0
56587,56597,56592,-9999.0
56597,56607,56602,-9999.0
56607,56617,56612,-9999.0
56617,56627,56622,-9999.0
56627,56637,56632,-9999.0
56637,56647,56642,-9999.0
56647,56657,56652,-9999.0
56657,56667,56662,-9999.0
56667,56677,56672,-9999.0
56677,56687,56682,-9999.0
56687,56697,56692,-9999.0
56697,56707,56702,-9999.0
56707,56717,56712,-9999.0
56717,56727,56722,-9999.0
56727,56737,56732,-9999.0
56737,56747,56742,-9999.0
56747,56757,56752,-9999.0
56757,56767,56762,-9999.0
56767,56777,56772,-9999.0
56777,56787,56782,-9999.0
56787,56797,56792,-9999.0
56797,56807,56802,-9999.0
56807,56817,56812,-9999.0
56817,56827,56822,-9999.0
56827,56837,56832,-9999.0
56837,56847,56842,-9999.0
56847,56857,56852,-9999.0
56857,56867,56862,-9999.0
56867,56877,56872,-9999.0
56877,56887,56882,-9999.0
56887,56897,56892,-9999.0
56897,56907,56902,-9999.0
56907,56917,56912,-9999.0
56917,56927,56922,-9999.0
56927,56937,56932,-9999.0
56937,56947,56942,-9999.0
56947,56957,56952,-9999.0
56957,56967,56962,-9999.0
56967,56977,56972,-9999.0
56977,56987,56982,-9999.0
56987,56997,56992,-9999.0
56997,57007,57002,-9999.0
57007,57017,57012,-9999.0
57017,57027,57022,-9999.0
57027,57037,57032,-9999.0
57037,57047,57042,-9999.0
57047,57057,57052,-9999.0
57057,57067,57062,-9999.0
57067,57077,57072,-9999.0
57077,57087,57082,-9999.0
57087,57097,57092,-9999.0
57097,57107,57102,-9999.0
57107,57117,57112,-9999.0
57117,57127,57122,-9999.0
57127,57137,57132,-9999.0
57137,57147,57142,-9999.0
57147,57157,57152,-9999.0
57157,57167,57162,-9999.0
57167,57177,57172,-9999.0
57177,57187,57182,-9999.0
57187,57197,57192,-9999.0
57197,57207,57202,-9999.0
57207,57217,57212,-9999.0
57217,57227,57222,-9999.0
57227,57237,57232,-9999.0
57237,57247,57242,-9999.0
57247,57257,57252,-9999.0
57257,57267,57262,-9999.0
57267,57277,57272,-9999.0
57277,57287,57282,-9999.0
57287,57297,57292,-9999.0
57297,57307,57302,-9999.0
57307,57317,57312,-9999.0
57317,57327,57322,-9999.0
57327,57337,57332,-9999.0
57337,57347,57342,-9999.0
57347,57357,57352,-9999.0
57357,57367,57362,-9999.0
57367,57377,57372,-9999.0
57377,57387,57382,-9999.0
57387,57397,57392,-9999.0
57397,57407,57402,-9999.0
57407,57417,57412,-9999.0
57417,57427,57422,-9999.0
57427,57437,57432,-9999.0
57437,57447,57442,-9999.0
57447,57457,57452,-9999.0
57457,57467,57462,-9999.0
57467,57477,57472,-9999.0
57477,57487,57482,-9999.0
57487,57497,57492,-9999.0
57497,57507,57502,-9999.0
57507,57517,57512,-9999.0
57517,57527,57522,-9999.0
57527,57537,57532,-9999.0
57537,57547,57542,-9999.0
57547,57557,57552,-9999.0
57557,57567,57562,-9999.0
57567,57577,57572,-9999.0
57577,57587,57582,-9999.0
57587,57597,57592,-9999.0
57597,57607,57602,-9999.0
57607,57617,57612,-9999.0
57617,57627,57622,-9999.0
57627,57637,57632,-9999.0
57637,57647,57642,-9999.0
57647,57657,57652,-9999.0
57657,57667,57662,-9999.0
57667,57677,57672,-9999.0
57677,57687,57682,-9999.0
57687,57697,57692,-9999.0
57697,57707,57702,-9999.0
57707,57717,57712,-9999.0
57717,57727,57722,-9999.0
57727,57737,57732,-9999.0
57737,57747,57742,-9999.0
57747,57757,57752,-9999.0
57757,57767,57762,-9999.0
57767,57777,57772,-9999.0
57777,57787,57782,-9999.0
57787,57797,57792,-9999.0
57797,57807,57802,-9999.0
57807,57817,57812,-9999.0
57817,57827,57822,-9999.0
57827,57837,57832,-9999.0
57837,57847,57842,-9999.0
57847,57857,57852,-9999.0
57857,57867,57862,-9999.0
57867,57877,57872,-9999.0
57877,57887,57882,-9999.0
57887,57897,57892,-9999.0
57897,57907,57902,-9999.0
57907,57917,57912,-9999.0
57917,57927,57922,-9999.0
57927,57937,57932,-9999.0
57937,57947,57942,-9999.0
57947,57957,57952,-9999.0
57957,57967,57962,-9999.0
57967,57977,57972,-9999.0
57977,57987,57982,-9999.0
57987,57997,57992,-9999.0
57997,58007,58002,-9999.0
58007,58017,58012,-9999.0
58017,58027,58022,-9999.0
58027,58037,58032,-9999.0
58037,58047,58042,-9999.0
58047,58057,58052,-9999.0
58057,58067,58062,-9999.0
58067,58077,58072,-9999.0
58077,58087,58082,-9999.0
58087,58097,58092,-9999.0
58097,58107,58102,-9999.0
58107,58117,58112,-9999.0
58117,58127,58122,-9999.0
58127,58137,58132,-9999.0
58137,58147,58142,-9999.0
58147,58157,58152,-9999.0
58157,58167,58162,-9999.0
58167,58177,58172,-9999.0
58177,58187,58182,-9999.0
58187,58197,58192,-9999.0
58197,58207,58202,-9999.0
58207,58217,58212,-9999.0
58217,58227,58222,-9999.0
58227,58237,58232,-9999.0
58237,58247,58242,-9999.0
58247,58257,58252,-9999.0
58257,58267,58262,-9999.0
58267,58277,58272,-9999.0
58277,58287,58282,-9999.0
58287,58297,58292,-9999.0
58297,58307,58302,-9999.0
58307,58317,58312,-9999.0
58317,58327,58322,-9999.0
58327,58337,58332,-9999.0
58337,58347,58342,-9999.0
58347,58357,58352,-9999.0
58357,58367,58362,-9999.0
58367,58377,58372,-9999.0
58377,58387,58382,-9999.0
58387,58397,58392,-9999.0
58397,58407,58402,-9999.0
58407,58417,58412,-9999.0
58417,58427,58422,-9999.0
58427,58437,58432,-9999.0
58437,58447,58442,-9999.0
58447,58457,58452,-9999.0
58457,58467,58462,-9999.0
58467,58477,58472,-9999.0
58477,58487,58482,-9999.0
58487,58497,58492,-9999.0
58497,58507,58502,-9999.0
58507,58517,58512,-9999.0
58517,58527,58522,-9999.0
58527,58537,58532,-9999.0
58537,58547,58542,-9999.0
58547,58557,58552,-9999.0
58557,58567,58562,-9999.0
58567,58577,58572,-9999.0
58577,58587,58582,-9999.0
58587,58597,58592,-9999.0
58597,58607,58602,-9999.0
58607,58617,58612,-9999.0
58617,58627,58622,-9999.0
58627,58637,58632,-9999.0
58637,58647,58642,-9999.0
58647,58657,58652,-9999.0
58657,58667,58662,-9999.0
58667,58677,58672,-9999.0
58677,58687,58682,-9999.0
58687,58697,58692,-9999.0
58697,58707,58702,-9999.0
58707,58717,58712,-9999.0
58717,58727,58722,-9999.0
58727,58737,58732,-9999.0
58737,58747,58742,-9999.0
58747,58757,58752,-9999.0
