NASA Data Processing/NAAMES(2015)/SP2/NAAMES-LARGE-SP2_C130_20151117_R0.ict
36, 1001
Bruce Anderson
NASA Langley Research Center
Single Particle Soot Photometer, DMT
NAAMES-1
1, 1
2015, 11, 17, 2016, 12, 01
0
UTC_start, seconds_past_midnight,   start_time_in_UTC
3
1, 1, 1
-9999, -9999, -9999
UTC_end, seconds_past_midnight, end_time_in_UTC
UTC_mid, seconds_past_midnight, mid_time_in_UTC
BC_mass, ng/m3, mass_concentration_of_black_carbon_aerosol
1
N/A
18
PI_CONTACT_INFO: 21 Langley Blvd, Hampton, VA 23681
PLATFORM: NASA WFF C130
LOCATION: North Atlantic Ocean
ASSOCIATED_DATA: N/A
INSTRUMENT_INFO: Calibrated using fullerene soot aerosol and polynomial mass/response fit. 
DATA_INFO: Data corrected to STP (760 torr and 273K). Measurements apply to black carbon particles with diameter between 105 and 600nm. Mass outside this range is accounted for using a log-normal fit to flight-averaged data.
UNCERTAINTY: 10%
ULOD_FLAG: -7777
ULOD_VALUE: N/A
LLOD_FLAG: -8888
LLOD_VALUE: N/A
DM_CONTACT_INFO: Luke D. Ziemba, luke.ziemba@nasa.gov, (757)864-6246
PROJECT_INFO: NAAMES Fall Deployment, November 2015
STIPULATIONS_ON_USE: Users are strongly encouraged to contact PI.
OTHER_COMMENTS: Data affected by cloud penetration artifacts have not been removed.  Please see the LARGE cloud flag to remove these data.
REVISION: R0
none
UTC_start, UTC_end, UTC_mid, BC_mass
[from data line 2142]
57347,57357,57352,0.0
57357,57367,57362,0.0
57367,57377,57372,0.0
57377,57387,57382,0.0
57387,57397,57392,0.0
57397,57407,57402,0.0
57407,57417,57412,0.0
57417,57427,57422,0.0
57427,57437,57432,0.4
57437,57447,57442,0.9
57447,57457,57452,0.2
57457,57467,57462,1.0
57467,57477,57472,0.1
57477,57487,57482,0.0
57487,57497,57492,1.5
57497,57507,57502,2.4
57507,57517,57512,0.2
57517,57527,57522,1.4
57527,57537,57532,2.5
57537,57547,57542,1.7
57547,57557,57552,3.7
57557,57567,57562,0.4
57567,57577,57572,0.0
57577,57587,57582,0.0
57587,57597,57592,0.0
57597,57607,57602,0.0
57607,57617,57612,0.0
57617,57627,57622,0.0
57627,57637,57632,0.0
57637,57647,57642,0.0
57647,57657,57652,0.0
57657,57667,57662,0.1
57667,57677,57672,0.0
57677,57687,57682,2.0
57687,57697,57692,5.9
57697,57707,57702,0.2
57707,57717,57712,0.0
57717,57727,57722,0.0
57727,57737,57732,0.0
57737,57747,57742,0.1
57747,57757,57752,0.0
57757,57767,57762,0.1
57767,57777,57772,0.0
57777,57787,57782,0.1
57787,57797,57792,0.1
57797,57807,57802,0.7
57807,57817,57812,0.0
57817,57827,57822,0.0
57827,57837,57832,0.0
57837,57847,57842,0.1
57847,57857,57852,0.0
57857,57867,57862,0.0
57867,57877,57872,0.0
57877,57887,57882,0.0
57887,57897,57892,0.0
57897,57907,57902,0.0
57907,57917,57912,0.1
57917,57927,57922,0.0
57927,57937,57932,0.1
57937,57947,57942,6.1
57947,57957,57952,1.1
57957,57967,57962,0.2
57967,57977,57972,9.6
57977,57987,57982,1.3
57987,57997,57992,0.0
57997,58007,58002,0.0
58007,58017,58012,0.0
58017,58027,58022,0.0
58027,58037,58032,0.0
58037,58047,58042,0.0
58047,58057,58052,0.0
58057,58067,58062,0.0
58067,58077,58072,0.0
58077,58087,58082,0.2
58087,58097,58092,0.3
58097,58107,58102,0.0
58107,58117,58112,0.0
58117,58127,58122,0.0
58127,58137,58132,0.0
58137,58147,58142,0.8
58147,58157,58152,0.0
58157,58167,58162,0.2
58167,58177,58172,0.4
58177,58187,58182,0.0
58187,58197,58192,0.0
58197,58207,58202,0.0
58207,58217,58212,0.0
58217,58227,58222,0.2
58227,58237,58232,0.3
58237,58247,58242,0.1
58247,58257,58252,0.3
58257,58267,58262,0.5
58267,58277,58272,0.1
58277,58287,58282,0.8
58287,58297,58292,0.7
58297,58307,58302,0.5
58307,58317,58312,0.5
58317,58327,58322,0.2
58327,58337,58332,0.1
58337,58347,58342,2.4
58347,58357,58352,6.2
58357,58367,58362,6.7
58367,58377,58372,1.8
58377,58387,58382,4.2
58387,58397,58392,2.6
58397,58407,58402,1.7
58407,58417,58412,2.0
58417,58427,58422,0.7
58427,58437,58432,1.2
58437,58447,58442,3.5
58447,58457,58452,3.3
58457,58467,58462,5.9
58467,58477,58472,4.1
58477,58487,58482,0.7
58487,58497,58492,1.2
58497,58507,58502,2.8
58507,58517,58512,3.0
58517,58527,58522,5.3
58527,58537,58532,3.3
58537,58547,58542,4.1
58547,58557,58552,20.3
58557,58567,58562,11.4
58567,58577,58572,5.2
58577,58587,58582,11.0
58587,58597,58592,7.3
58597,58607,58602,7.1
58607,58617,58612,9.5
58617,58627,58622,5.3
58627,58637,58632,5.7
58637,58647,58642,16.2
58647,58657,58652,4.3
58657,58667,58662,2.9
58667,58677,58672,1.1
58677,58687,58682,2.6
58687,58697,58692,3.6
58697,58707,58702,3.1
58707,58717,58712,1.9
58717,58727,58722,3.4
58727,58737,58732,2.8
58737,58747,58742,5.1
58747,58757,58752,4.2
58757,58767,58762,0.8
58767,58777,58772,2.3
58777,58787,58782,6.8
58787,58797,58792,1.8
58797,58807,58802,2.5
58807,58817,58812,1.0
58817,58827,58822,3.7
58827,58837,58832,3.4
58837,58847,58842,0.8
58847,58857,58852,1.8
58857,58867,58862,1.0
58867,58877,58872,0.9
58877,58887,58882,2.6
58887,58897,58892,1.0
58897,58907,58902,0.8
58907,58917,58912,1.0
58917,58927,58922,0.4
58927,58937,58932,3.1
58937,58947,58942,1.4
58947,58957,58952,1.3
58957,58967,58962,3.6
58967,58977,58972,2.8
58977,58987,58982,1.0
58987,58997,58992,1.5
58997,59007,59002,3.3
59007,59017,59012,1.3
59017,59027,59022,2.4
59027,59037,59032,12.1
59037,59047,59042,1.9
59047,59057,59052,4.7
59057,59067,59062,3.6
59067,59077,59072,4.4
59077,59087,59082,5.9
59087,59097,59092,5.1
59097,59107,59102,7.2
59107,59117,59112,3.7
59117,59127,59122,3.3
59127,59137,59132,6.3
59137,59147,59142,6.8
59147,59157,59152,9.3
59157,59167,59162,9.1
59167,59177,59172,22.1
59177,59187,59182,9.6
59187,59197,59192,11.5
59197,59207,59202,8.8
59207,59217,59212,4.6
59217,59227,59222,5.8
59227,59237,59232,4.0
59237,59247,59242,5.6
59247,59257,59252,5.4
59257,59267,59262,4.1
59267,59277,59272,4.4
59277,59287,59282,2.8
59287,59297,59292,1.7
59297,59307,59302,3.7
59307,59317,59312,2.3
59317,59327,59322,4.3
59327,59337,59332,3.2
59337,59347,59342,1.2
59347,59357,59352,3.0
59357,59367,59362,0.8
59367,59377,59372,14.1
59377,59387,59382,1.4
59387,59397,59392,3.5
59397,59407,59402,1.5
59407,59417,59412,1.0
59417,59427,59422,5.0
59427,59437,59432,3.5
59437,59447,59442,2.3
59447,59457,59452,1.9
59457,59467,59462,6.3
59467,59477,59472,3.5
59477,59487,59482,3.6
59487,59497,59492,2.0
59497,59507,59502,4.1
59507,59517,59512,3.1
59517,59527,59522,4.3
59527,59537,59532,1.6
59537,59547,59542,2.1
59547,59557,59552,6.8
59557,59567,59562,3.7
59567,59577,59572,4.4
59577,59587,59582,7.2
59587,59597,59592,3.7
59597,59607,59602,8.2
59607,59617,59612,3.7
59617,59627,59622,1.9
59627,59637,59632,2.6
59637,59647,59642,5.1
59647,59657,59652,6.1
59657,59667,59662,7.1
59667,59677,59672,3.6
59677,59687,59682,1.5
59687,59697,59692,4.3
59697,59707,59702,3.0
59707,59717,59712,3.6
59717,59727,59722,4.9
59727,59737,59732,3.2
59737,59747,59742,3.2
59747,59757,59752,2.7
59757,59767,59762,4.2
59767,59777,59772,2.0
59777,59787,59782,3.6
59787,59797,59792,4.4
59797,59807,59802,2.0
59807,59817,59812,4.9
59817,59827,59822,3.8
59827,59837,59832,6.3
59837,59847,59842,4.0
59847,59857,59852,2.5
59857,59867,59862,4.9
59867,59877,59872,6.4
59877,59887,59882,6.5
59887,59897,59892,9.2
59897,59907,59902,9.0
59907,59917,59912,5.9
59917,59927,59922,6.5
59927,59937,59932,4.9
59937,59947,59942,9.4
59947,59957,59952,4.1
59957,59967,59962,4.9
59967,59977,59972,2.6
59977,59987,59982,4.1
59987,59997,59992,4.7
59997,60007,60002,2.8
60007,60017,60012,2.6
60017,60027,60022,1.5
60027,60037,60032,2.9
60037,60047,60042,5.1
60047,60057,60052,4.7
60057,60067,60062,2.2
60067,60077,60072,4.5
60077,60087,60082,1.8
60087,60097,60092,3.3
60097,60107,60102,3.7
60107,60117,60112,2.9
60117,60127,60122,3.2
60127,60137,60132,3.8
60137,60147,60142,3.6
60147,60157,60152,4.0
60157,60167,60162,4.9
60167,60177,60172,1.5
60177,60187,60182,4.1
60187,60197,60192,2.4
60197,60207,60202,3.3
60207,60217,60212,1.6
60217,60227,60222,6.7
60227,60237,60232,4.1
60237,60247,60242,4.2
60247,60257,60252,7.4
60257,60267,60262,2.7
60267,60277,60272,5.7
60277,60287,60282,3.0
60287,60297,60292,4.5
60297,60307,60302,6.1
60307,60317,60312,6.5
60317,60327,60322,5.2
60327,60337,60332,6.3
60337,60347,60342,7.1
60347,60357,60352,4.7
60357,60367,60362,2.8
60367,60377,60372,4.9
60377,60387,60382,8.9
60387,60397,60392,3.9
60397,60407,60402,7.5
60407,60417,60412,5.4
60417,60427,60422,4.7
60427,60437,60432,2.9
60437,60447,60442,5.2
60447,60457,60452,4.2
60457,60467,60462,7.0
60467,60477,60472,6.0
60477,60487,60482,1.4
60487,60497,60492,1.3
60497,60507,60502,0.4
60507,60517,60512,2.7
60517,60527,60522,2.1
60527,60537,60532,1.7
60537,60547,60542,3.8
60547,60557,60552,5.1
60557,60567,60562,2.7
60567,60577,60572,4.2
60577,60587,60582,4.3
60587,60597,60592,6.6
60597,60607,60602,4.3
60607,60617,60612,4.5
60617,60627,60622,4.5
60627,60637,60632,17.0
60637,60647,60642,4.4
60647,60657,60652,8.4
60657,60667,60662,2.5
60667,60677,60672,5.3
60677,60687,60682,4.6
60687,60697,60692,5.2
60697,60707,60702,5.8
60707,60717,60712,4.8
60717,60727,60722,3.7
60727,60737,60732,2.8
60737,60747,60742,5.3
60747,60757,60752,2.9
60757,60767,60762,2.1
60767,60777,60772,3.4
60777,60787,60782,1.2
60787,60797,60792,4.7
60797,60807,60802,3.4
60807,60817,60812,5.8
60817,60827,60822,5.9
60827,60837,60832,3.4
60837,60847,60842,4.4
60847,60857,60852,2.9
60857,60867,60862,4.5
60867,60877,60872,5.8
60877,60887,60882,3.9
60887,60897,60892,4.8
60897,60907,60902,3.4
60907,60917,60912,2.8
60917,60927,60922,3.5
60927,60937,60932,5.7
60937,60947,60942,3.9
60947,60957,60952,2.6
60957,60967,60962,3.9
60967,60977,60972,5.7
60977,60987,60982,3.6
60987,60997,60992,1.2
60997,61007,61002,3.5
61007,61017,61012,1.5
61017,61027,61022,1.6
61027,61037,61032,3.2
61037,61047,61042,3.6
61047,61057,61052,2.7
61057,61067,61062,3.6
61067,61077,61072,2.1
61077,61087,61082,5.6
61087,61097,61092,2.4
61097,61107,61102,5.3
61107,61117,61112,4.0
61117,61127,61122,8.2
61127,61137,61132,6.4
61137,61147,61142,6.3
61147,61157,61152,7.3
61157,61167,61162,5.0
61167,61177,61172,5.4
61177,61187,61182,5.1
61187,61197,61192,6.0
61197,61207,61202,4.7
61207,61217,61212,4.6
61217,61227,61222,2.4
61227,61237,61232,5.8
61237,61247,61242,9.0
61247,61257,61252,7.9
61257,61267,61262,8.0
61267,61277,61272,2.6
61277,61287,61282,4.7
61287,61297,61292,8.1
61297,61307,61302,7.8
61307,61317,61312,2.2
61317,61327,61322,6.4
61327,61337,61332,2.4
61337,61347,61342,5.2
61347,61357,61352,5.3
61357,61367,61362,5.1
61367,61377,61372,6.0
61377,61387,61382,5.7
61387,61397,61392,7.3
61397,61407,61402,5.8
61407,61417,61412,11.3
61417,61427,61422,2.6
61427,61437,61432,7.5
61437,61447,61442,2.5
61447,61457,61452,7.0
61457,61467,61462,6.8
61467,61477,61472,4.9
61477,61487,61482,9.4
61487,61497,61492,5.7
61497,61507,61502,4.7
61507,61517,61512,11.1
61517,61527,61522,6.1
61527,61537,61532,3.7
61537,61547,61542,6.6
61547,61557,61552,5.0
61557,61567,61562,4.5
61567,61577,61572,5.6
61577,61587,61582,9.8
61587,61597,61592,3.9
61597,61607,61602,3.7
61607,61617,61612,4.0
61617,61627,61622,3.3
61627,61637,61632,3.7
61637,61647,61642,7.6
61647,61657,61652,3.7
61657,61667,61662,5.3
61667,61677,61672,5.1
61677,61687,61682,8.0
61687,61697,61692,4.1
61697,61707,61702,2.1
61707,61717,61712,6.6
61717,61727,61722,3.3
61727,61737,61732,1.7
61737,61747,61742,5.2
61747,61757,61752,2.9
61757,61767,61762,4.6
61767,61777,61772,3.8
61777,61787,61782,5.8
61787,61797,61792,10.1
61797,61807,61802,3.1
61807,61817,61812,6.5
61817,61827,61822,5.4
61827,61837,61832,4.1
61837,61847,61842,4.8
61847,61857,61852,3.1
61857,61867,61862,5.3
61867,61877,61872,4.3
61877,61887,61882,2.4
61887,61897,61892,6.8
61897,61907,61902,3.1
61907,61917,61912,6.3
61917,61927,61922,2.3
61927,61937,61932,3.6
61937,61947,61942,3.8
61947,61957,61952,3.8
61957,61967,61962,2.6
61967,61977,61972,3.1
61977,61987,61982,1.8
61987,61997,61992,2.2
61997,62007,62002,3.4
62007,62017,62012,4.7
62017,62027,62022,10.1
62027,62037,62032,36.2
62037,62047,62042,30.1
62047,62057,62052,30.2
62057,62067,62062,20.4
62067,62077,62072,5.9
62077,62087,62082,11.6
62087,62097,62092,10.1
62097,62107,62102,5.2
62107,62117,62112,5.5
62117,62127,62122,14.7
62127,62137,62132,9.3
62137,62147,62142,5.3
62147,62157,62152,1.8
62157,62167,62162,3.5
62167,62177,62172,7.1
62177,62187,62182,4.2
62187,62197,62192,1.6
62197,62207,62202,3.3
62207,62217,62212,3.4
62217,62227,62222,2.1
62227,62237,62232,6.0
62237,62247,62242,1.7
62247,62257,62252,3.5
62257,62267,62262,2.4
62267,62277,62272,2.5
62277,62287,62282,5.4
62287,62297,62292,3.4
62297,62307,62302,5.1
62307,62317,62312,4.4
62317,62327,62322,3.4
62327,62337,62332,5.7
62337,62347,62342,3.9
62347,62357,62352,5.2
62357,62367,62362,3.0
62367,62377,62372,5.2
62377,62387,62382,3.3
62387,62397,62392,2.7
62397,62407,62402,1.9
62407,62417,62412,2.4
62417,62427,62422,3.4
62427,62437,62432,1.3
62437,62447,62442,4.8
62447,62457,62452,7.2
62457,62467,62462,5.3
62467,62477,62472,4.8
62477,62487,62482,5.8
62487,62497,62492,9.7
62497,62507,62502,5.6
62507,62517,62512,10.7
62517,62527,62522,6.6
62527,62537,62532,6.8
62537,62547,62542,10.1
62547,62557,62552,14.3
62557,62567,62562,9.8
62567,62577,62572,8.4
62577,62587,62582,10.3
62587,62597,62592,8.1
62597,62607,62602,11.5
62607,62617,62612,12.2
62617,62627,62622,12.3
62627,62637,62632,8.2
62637,62647,62642,9.6
62647,62657,62652,14.3
62657,62667,62662,12.2
62667,62677,62672,9.7
62677,62687,62682,6.0
62687,62697,62692,9.8
62697,62707,62702,6.7
62707,62717,62712,5.7
62717,62727,62722,9.9
62727,62737,62732,8.6
62737,62747,62742,3.4
62747,62757,62752,5.3
62757,62767,62762,4.4
62767,62777,62772,2.9
62777,62787,62782,5.0
62787,62797,62792,6.3
62797,62807,62802,7.3
62807,62817,62812,12.1
62817,62827,62822,8.4
62827,62837,62832,7.4
62837,62847,62842,6.2
62847,62857,62852,4.1
62857,62867,62862,15.5
62867,62877,62872,7.9
62877,62887,62882,6.7
62887,62897,62892,8.5
62897,62907,62902,7.1
62907,62917,62912,7.7
62917,62927,62922,6.1
62927,62937,62932,5.3
62937,62947,62942,4.3
62947,62957,62952,1.8
62957,62967,62962,4.8
62967,62977,62972,7.4
62977,62987,62982,8.8
62987,62997,62992,4.1
62997,63007,63002,4.9
63007,63017,63012,6.2
63017,63027,63022,7.4
63027,63037,63032,1.3
63037,63047,63042,3.1
63047,63057,63052,0.8
63057,63067,63062,2.7
63067,63077,63072,5.0
63077,63087,63082,3.0
63087,63097,63092,1.7
63097,63107,63102,4.5
63107,63117,63112,1.3
63117,63127,63122,3.2
63127,63137,63132,7.5
63137,63147,63142,12.1
63147,63157,63152,14.2
63157,63167,63162,15.0
63167,63177,63172,27.2
63177,63187,63182,19.2
63187,63197,63192,17.4
63197,63207,63202,15.1
63207,63217,63212,10.0
63217,63227,63222,13.0
63227,63237,63232,15.9
63237,63247,63242,17.2
63247,63257,63252,16.5
63257,63267,63262,13.1
63267,63277,63272,16.2
63277,63287,63282,13.2
63287,63297,63292,10.6
63297,63307,63302,12.4
63307,63317,63312,5.1
63317,63327,63322,17.0
63327,63337,63332,3.5
63337,63347,63342,8.2
63347,63357,63352,3.5
63357,63367,63362,8.8
63367,63377,63372,8.7
63377,63387,63382,4.7
63387,63397,63392,12.3
63397,63407,63402,13.5
63407,63417,63412,11.4
63417,63427,63422,11.4
63427,63437,63432,12.3
63437,63447,63442,14.2
63447,63457,63452,16.1
63457,63467,63462,12.8
63467,63477,63472,18.7
63477,63487,63482,15.8
63487,63497,63492,14.6
63497,63507,63502,8.0
63507,63517,63512,7.3
63517,63527,63522,5.5
63527,63537,63532,5.6
63537,63547,63542,3.3
63547,63557,63552,4.4
63557,63567,63562,3.2
63567,63577,63572,4.8
63577,63587,63582,6.6
63587,63597,63592,3.9
63597,63607,63602,8.6
63607,63617,63612,3.1
63617,63627,63622,3.6
63627,63637,63632,5.5
63637,63647,63642,4.8
63647,63657,63652,3.9
63657,63667,63662,3.6
63667,63677,63672,3.8
63677,63687,63682,2.8
63687,63697,63692,5.2
63697,63707,63702,5.3
63707,63717,63712,6.1
63717,63727,63722,3.0
63727,63737,63732,4.2
63737,63747,63742,2.9
63747,63757,63752,7.2
63757,63767,63762,14.2
63767,63777,63772,5.8
63777,63787,63782,3.9
63787,63797,63792,4.0
63797,63807,63802,5.8
63807,63817,63812,6.7
63817,63827,63822,4.3
63827,63837,63832,4.7
63837,63847,63842,5.9
63847,63857,63852,7.4
63857,63867,63862,7.0
63867,63877,63872,5.7
63877,63887,63882,10.0
63887,63897,63892,4.7
63897,63907,63902,8.2
63907,63917,63912,8.5
63917,63927,63922,5.6
63927,63937,63932,6.0
63937,63947,63942,6.7
63947,63957,63952,12.5
63957,63967,63962,10.5
63967,63977,63972,3.9
63977,63987,63982,6.3
63987,63997,63992,2.0
63997,64007,64002,5.0
64007,64017,64012,4.0
64017,64027,64022,7.1
64027,64037,64032,7.0
64037,64047,64042,4.0
64047,64057,64052,3.1
64057,64067,64062,5.6
64067,64077,64072,8.1
64077,64087,64082,5.2
64087,64097,64092,3.3
64097,64107,64102,5.2
64107,64117,64112,4.2
64117,64127,64122,4.9
64127,64137,64132,7.0
64137,64147,64142,1.0
64147,64157,64152,1.2
64157,64167,64162,1.1
64167,64177,64172,2.2
64177,64187,64182,2.7
64187,64197,64192,2.4
64197,64207,64202,3.5
64207,64217,64212,1.8
64217,64227,64222,2.8
64227,64237,64232,2.9
64237,64247,64242,3.2
64247,64257,64252,8.0
64257,64267,64262,2.6
64267,64277,64272,5.9
64277,64287,64282,1.6
64287,64297,64292,4.9
64297,64307,64302,2.2
64307,64317,64312,2.4
64317,64327,64322,0.0
64327,64337,64332,0.8
64337,64347,64342,0.0
64347,64357,64352,0.0
64357,64367,64362,0.9
64367,64377,64372,1.3
64377,64387,64382,2.1
64387,64397,64392,3.7
64397,64407,64402,1.2
64407,64417,64412,2.0
64417,64427,64422,2.4
64427,64437,64432,2.3
64437,64447,64442,0.5
64447,64457,64452,3.6
64457,64467,64462,13.6
64467,64477,64472,14.4
64477,64487,64482,14.2
64487,64497,64492,10.9
64497,64507,64502,11.2
64507,64517,64512,12.9
64517,64527,64522,10.1
64527,64537,64532,16.3
64537,64547,64542,13.2
64547,64557,64552,15.4
64557,64567,64562,15.2
