NASA Data Processing/NAAMES(2015)/SP2/NAAMES-LARGE-SP2_C130_20151112_R0.ict
36, 1001
Bruce Anderson
NASA Langley Research Center
Single Particle Soot Photometer, DMT
NAAMES-1
1, 1
2015, 11, 12, 2016,12, 01
0
UTC_start, seconds_past_midnight,     start_time_in_UTC
3
1, 1, 1
-9999, -9999, -9999
UTC_end, seconds_past_midnight, end_time_in_UTC
UTC_mid, seconds_past_midnight, mid_time_in_UTC
BC_mass, ng/m3, mass_concentration_of_black_carbon_aerosol
1
N/A
18
PI_CONTACT_INFO: 21 Langley Blvd, Hampton, VA 23681
PLATFORM: NASA WFF C130
LOCATION: North Atlantic Ocean
ASSOCIATED_DATA: N/A
INSTRUMENT_INFO: Calibrated using fullerene soot aerosol and polynomial mass/response fit. 
DATA_INFO: Data corrected to STP (760 torr and 273K). Measurements apply to black carbon particles with diameter between 105 and 600nm. Mass outside this range is accounted for using a log-normal fit to flight-averaged data.
UNCERTAINTY: 10%
ULOD_FLAG: -7777
ULOD_VALUE: N/A
LLOD_FLAG: -8888
LLOD_VALUE: N/A
DM_CONTACT_INFO: Luke D. Ziemba, luke.ziemba@nasa.gov, (757)864-6246
PROJECT_INFO: NAAMES Fall Deployment, November 2015
STIPULATIONS_ON_USE: Users are strongly encouraged to contact PI.
OTHER_COMMENTS: Data affected by cloud penetration artifacts have not been removed.  Please see the LARGE cloud flag to remove these data.
REVISION: R0
none
UTC_start, UTC_end, UTC_mid, BC_mass
[from data line 2675]
65467,65477,65472,7.8
65477,65487,65482,7.0
65487,65497,65492,13.9
65497,65507,65502,14.5
65507,65517,65512,9.1
65517,65527,65522,14.6
65527,65537,65532,8.6
65537,65547,65542,6.6
65547,65557,65552,12.0
65557,65567,65562,7.9
65567,65577,65572,13.0
65577,65587,65582,6.2
65587,65597,65592,11.1
65597,65607,65602,13.5
65607,65617,65612,10.0
65617,65627,65622,14.6
65627,65637,65632,13.9
65637,65647,65642,18.9
65647,65657,65652,23.0
65657,65667,65662,37.6
65667,65677,65672,13.4
65677,65687,65682,27.5
65687,65697,65692,22.1
65697,65707,65702,25.8
65707,65717,65712,10.6
65717,65727,65722,10.0
65727,65737,65732,8.8
65737,65747,65742,16.2
65747,65757,65752,7.7
65757,65767,65762,14.3
65767,65777,65772,17.9
65777,65787,65782,30.6
65787,65797,65792,15.0
65797,65807,65802,19.6
65807,65817,65812,21.1
65817,65827,65822,8.9
65827,65837,65832,18.4
65837,65847,65842,10.8
65847,65857,65852,15.4
65857,65867,65862,12.5
65867,65877,65872,23.2
65877,65887,65882,16.7
65887,65897,65892,19.7
65897,65907,65902,20.6
65907,65917,65912,27.6
65917,65927,65922,13.5
65927,65937,65932,11.6
65937,65947,65942,17.0
65947,65957,65952,20.5
65957,65967,65962,20.5
65967,65977,65972,21.3
65977,65987,65982,12.9
65987,65997,65992,14.0
65997,66007,66002,18.4
66007,66017,66012,10.6
66017,66027,66022,11.0
66027,66037,66032,10.0
66037,66047,66042,16.6
66047,66057,66052,13.2
66057,66067,66062,16.2
66067,66077,66072,23.6
66077,66087,66082,29.0
66087,66097,66092,13.7
66097,66107,66102,15.5
66107,66117,66112,17.3
66117,66127,66122,9.5
66127,66137,66132,15.4
66137,66147,66142,14.6
66147,66157,66152,24.1
66157,66167,66162,17.6
66167,66177,66172,19.5
66177,66187,66182,29.7
66187,66197,66192,25.5
66197,66207,66202,30.3
66207,66217,66212,12.7
66217,66227,66222,19.3
66227,66237,66232,14.3
66237,66247,66242,21.0
66247,66257,66252,14.4
66257,66267,66262,11.0
66267,66277,66272,15.0
66277,66287,66282,9.3
66287,66297,66292,6.2
66297,66307,66302,20.0
66307,66317,66312,16.5
66317,66327,66322,27.5
66327,66337,66332,8.6
66337,66347,66342,5.5
66347,66357,66352,7.2
66357,66367,66362,18.3
66367,66377,66372,12.2
66377,66387,66382,10.4
66387,66397,66392,15.0
66397,66407,66402,15.7
66407,66417,66412,27.4
66417,66427,66422,11.5
66427,66437,66432,16.6
66437,66447,66442,15.7
66447,66457,66452,19.5
66457,66467,66462,12.6
66467,66477,66472,11.3
66477,66487,66482,9.9
66487,66497,66492,6.7
66497,66507,66502,6.7
66507,66517,66512,0.0
66517,66527,66522,1.5
66527,66537,66532,3.1
66537,66547,66542,1.7
66547,66557,66552,8.1
66557,66567,66562,13.0
66567,66577,66572,10.7
66577,66587,66582,6.7
66587,66597,66592,8.1
66597,66607,66602,4.6
66607,66617,66612,4.3
66617,66627,66622,1.8
66627,66637,66632,1.2
66637,66647,66642,2.4
66647,66657,66652,6.8
66657,66667,66662,14.2
66667,66677,66672,12.8
66677,66687,66682,9.5
66687,66697,66692,8.0
66697,66707,66702,7.5
66707,66717,66712,15.1
66717,66727,66722,16.1
66727,66737,66732,18.7
66737,66747,66742,16.6
66747,66757,66752,14.7
66757,66767,66762,17.5
66767,66777,66772,13.4
66777,66787,66782,10.3
66787,66797,66792,12.2
66797,66807,66802,16.3
66807,66817,66812,13.0
66817,66827,66822,15.9
66827,66837,66832,7.6
66837,66847,66842,7.5
66847,66857,66852,6.3
66857,66867,66862,5.4
66867,66877,66872,10.5
66877,66887,66882,6.4
66887,66897,66892,8.2
66897,66907,66902,20.4
66907,66917,66912,3.5
66917,66927,66922,6.7
66927,66937,66932,3.3
66937,66947,66942,3.5
66947,66957,66952,4.8
66957,66967,66962,13.2
66967,66977,66972,9.8
66977,66987,66982,11.0
66987,66997,66992,3.1
66997,67007,67002,3.2
67007,67017,67012,5.2
67017,67027,67022,3.3
67027,67037,67032,6.7
67037,67047,67042,5.8
67047,67057,67052,6.2
67057,67067,67062,6.5
67067,67077,67072,-9999.0
67077,67087,67082,-9999.0
67087,67097,67092,-9999.0
67097,67107,67102,-9999.0
67107,67117,67112,-9999.0
67117,67127,67122,-9999.0
67127,67137,67132,-9999.0
67137,67147,67142,-9999.0
67147,67157,67152,-9999.0
67157,67167,67162,-9999.0
67167,67177,67172,-9999.0
67177,67187,67182,-9999.0
67187,67197,67192,-9999.0
67197,67207,67202,-9999.0
67207,67217,67212,-9999.0
67217,67227,67222,-9999.0
67227,67237,67232,-9999.0
67237,67247,67242,-9999.0
67247,67257,67252,-9999.0
67257,67267,67262,-9999.0
67267,67277,67272,-9999.0
67277,67287,67282,-9999.0
67287,67297,67292,13.3
67297,67307,67302,10.0
67307,67317,67312,8.8
67317,67327,67322,6.8
67327,67337,67332,8.1
67337,67347,67342,11.2
67347,67357,67352,9.0
67357,67367,67362,10.2
67367,67377,67372,10.4
67377,67387,67382,10.6
67387,67397,67392,13.9
67397,67407,67402,24.5
67407,67417,67412,10.3
67417,67427,67422,8.5
67427,67437,67432,4.9
67437,67447,67442,11.2
67447,67457,67452,10.3
67457,67467,67462,8.8
67467,67477,67472,13.1
67477,67487,67482,7.6
67487,67497,67492,7.1
67497,67507,67502,5.4
67507,67517,67512,3.5
67517,67527,67522,10.8
67527,67537,67532,21.1
67537,67547,67542,13.3
67547,67557,67552,7.7
67557,67567,67562,15.9
67567,67577,67572,16.0
67577,67587,67582,30.4
67587,67597,67592,-9999.0
67597,67607,67602,-9999.0
67607,67617,67612,-9999.0
67617,67627,67622,-9999.0
67627,67637,67632,-9999.0
67637,67647,67642,-9999.0
67647,67657,67652,-9999.0
67657,67667,67662,-9999.0
67667,67677,67672,-9999.0
67677,67687,67682,-9999.0
67687,67697,67692,-9999.0
67697,67707,67702,-9999.0
67707,67717,67712,-9999.0
67717,67727,67722,-9999.0
67727,67737,67732,18.2
67737,67747,67742,17.2
67747,67757,67752,13.7
67757,67767,67762,15.5
67767,67777,67772,14.5
67777,67787,67782,8.6
67787,67797,67792,13.0
67797,67807,67802,7.8
67807,67817,67812,19.5
67817,67827,67822,15.6
67827,67837,67832,11.9
67837,67847,67842,18.5
67847,67857,67852,13.2
67857,67867,67862,10.0
67867,67877,67872,16.5
67877,67887,67882,29.9
67887,67897,67892,17.9
67897,67907,67902,12.9
67907,67917,67912,7.7
67917,67927,67922,9.8
67927,67937,67932,24.2
67937,67947,67942,24.8
67947,67957,67952,37.9
67957,67967,67962,26.7
67967,67977,67972,8.3
67977,67987,67982,16.1
67987,67997,67992,8.7
67997,68007,68002,8.8
68007,68017,68012,8.7
68017,68027,68022,3.8
68027,68037,68032,4.3
68037,68047,68042,12.9
68047,68057,68052,11.0
68057,68067,68062,25.3
68067,68077,68072,14.9
68077,68087,68082,12.9
68087,68097,68092,20.5
68097,68107,68102,20.2
68107,68117,68112,18.3
68117,68127,68122,29.8
68127,68137,68132,13.5
68137,68147,68142,23.6
68147,68157,68152,19.1
68157,68167,68162,19.4
68167,68177,68172,11.1
68177,68187,68182,13.1
68187,68197,68192,13.2
68197,68207,68202,17.1
68207,68217,68212,15.4
68217,68227,68222,18.7
68227,68237,68232,21.6
68237,68247,68242,25.3
68247,68257,68252,16.2
68257,68267,68262,19.1
68267,68277,68272,50.7
68277,68287,68282,37.9
68287,68297,68292,16.7
68297,68307,68302,19.6
68307,68317,68312,28.0
68317,68327,68322,25.7
68327,68337,68332,21.2
68337,68347,68342,15.8
68347,68357,68352,9.9
68357,68367,68362,14.7
68367,68377,68372,25.5
68377,68387,68382,22.0
68387,68397,68392,14.5
68397,68407,68402,12.3
68407,68417,68412,23.8
68417,68427,68422,16.7
68427,68437,68432,26.0
68437,68447,68442,19.8
68447,68457,68452,26.3
68457,68467,68462,27.1
68467,68477,68472,17.6
68477,68487,68482,37.0
68487,68497,68492,19.4
68497,68507,68502,34.6
68507,68517,68512,27.1
68517,68527,68522,28.0
68527,68537,68532,36.5
68537,68547,68542,18.4
68547,68557,68552,51.0
68557,68567,68562,30.3
68567,68577,68572,33.6
68577,68587,68582,27.6
68587,68597,68592,22.4
68597,68607,68602,36.8
68607,68617,68612,19.6
68617,68627,68622,22.4
68627,68637,68632,24.0
68637,68647,68642,24.3
68647,68657,68652,18.1
68657,68667,68662,11.6
68667,68677,68672,16.9
68677,68687,68682,18.8
68687,68697,68692,20.0
68697,68707,68702,22.5
68707,68717,68712,15.9
68717,68727,68722,12.1
68727,68737,68732,39.0
68737,68747,68742,38.7
68747,68757,68752,17.1
68757,68767,68762,11.6
68767,68777,68772,18.6
68777,68787,68782,18.7
68787,68797,68792,18.5
68797,68807,68802,14.7
68807,68817,68812,23.3
68817,68827,68822,17.5
68827,68837,68832,9.2
68837,68847,68842,8.2
68847,68857,68852,3.7
68857,68867,68862,9.9
68867,68877,68872,4.7
68877,68887,68882,7.3
68887,68897,68892,6.0
68897,68907,68902,7.9
68907,68917,68912,6.8
68917,68927,68922,7.3
68927,68937,68932,7.5
68937,68947,68942,3.2
68947,68957,68952,6.4
68957,68967,68962,4.9
68967,68977,68972,13.7
68977,68987,68982,5.0
68987,68997,68992,6.5
68997,69007,69002,4.3
69007,69017,69012,9.6
69017,69027,69022,5.1
69027,69037,69032,8.1
69037,69047,69042,7.0
69047,69057,69052,9.4
69057,69067,69062,5.5
69067,69077,69072,4.4
69077,69087,69082,7.1
69087,69097,69092,13.0
69097,69107,69102,5.5
69107,69117,69112,4.1
69117,69127,69122,6.0
69127,69137,69132,9.0
69137,69147,69142,14.1
69147,69157,69152,12.7
69157,69167,69162,7.5
69167,69177,69172,4.3
69177,69187,69182,5.5
69187,69197,69192,6.1
69197,69207,69202,10.2
69207,69217,69212,2.3
69217,69227,69222,13.2
69227,69237,69232,7.4
69237,69247,69242,9.5
69247,69257,69252,9.4
69257,69267,69262,7.6
69267,69277,69272,9.6
69277,69287,69282,8.9
69287,69297,69292,7.9
69297,69307,69302,18.7
69307,69317,69312,17.6
69317,69327,69322,11.2
69327,69337,69332,7.2
69337,69347,69342,11.3
69347,69357,69352,5.9
69357,69367,69362,11.7
69367,69377,69372,19.9
69377,69387,69382,5.7
69387,69397,69392,4.7
69397,69407,69402,8.7
69407,69417,69412,3.8
69417,69427,69422,12.2
69427,69437,69432,8.7
69437,69447,69442,13.5
69447,69457,69452,7.7
69457,69467,69462,12.5
69467,69477,69472,12.9
69477,69487,69482,6.3
69487,69497,69492,5.4
69497,69507,69502,13.3
69507,69517,69512,4.5
69517,69527,69522,4.9
69527,69537,69532,6.2
69537,69547,69542,8.9
69547,69557,69552,4.4
69557,69567,69562,11.5
69567,69577,69572,16.4
69577,69587,69582,8.1
69587,69597,69592,12.0
69597,69607,69602,11.8
69607,69617,69612,9.2
69617,69627,69622,7.5
69627,69637,69632,10.7
69637,69647,69642,7.9
69647,69657,69652,9.5
69657,69667,69662,8.7
69667,69677,69672,10.7
69677,69687,69682,13.6
69687,69697,69692,9.2
69697,69707,69702,8.0
69707,69717,69712,6.5
69717,69727,69722,16.2
69727,69737,69732,9.5
69737,69747,69742,9.9
69747,69757,69752,9.3
69757,69767,69762,9.3
69767,69777,69772,10.3
69777,69787,69782,10.5
69787,69797,69792,9.6
69797,69807,69802,14.2
69807,69817,69812,11.7
69817,69827,69822,14.6
69827,69837,69832,21.0
69837,69847,69842,10.0
69847,69857,69852,12.6
69857,69867,69862,10.2
69867,69877,69872,12.3
69877,69887,69882,12.7
69887,69897,69892,8.8
69897,69907,69902,12.3
69907,69917,69912,8.5
69917,69927,69922,13.3
69927,69937,69932,12.1
69937,69947,69942,9.4
69947,69957,69952,6.9
69957,69967,69962,6.9
69967,69977,69972,6.1
69977,69987,69982,10.4
69987,69997,69992,11.4
69997,70007,70002,10.7
70007,70017,70012,7.3
70017,70027,70022,10.9
70027,70037,70032,8.8
70037,70047,70042,9.9
70047,70057,70052,11.4
70057,70067,70062,14.5
70067,70077,70072,9.7
70077,70087,70082,8.3
70087,70097,70092,6.4
70097,70107,70102,7.0
70107,70117,70112,13.8
70117,70127,70122,6.7
70127,70137,70132,7.9
70137,70147,70142,11.9
70147,70157,70152,10.9
70157,70167,70162,13.0
70167,70177,70172,21.4
70177,70187,70182,14.2
70187,70197,70192,12.9
70197,70207,70202,10.9
70207,70217,70212,13.6
70217,70227,70222,15.6
70227,70237,70232,12.0
70237,70247,70242,10.8
70247,70257,70252,12.9
70257,70267,70262,12.5
70267,70277,70272,7.8
70277,70287,70282,32.9
70287,70297,70292,9.8
70297,70307,70302,14.9
70307,70317,70312,20.7
70317,70327,70322,10.0
70327,70337,70332,7.5
70337,70347,70342,4.6
70347,70357,70352,11.7
70357,70367,70362,16.7
70367,70377,70372,10.4
70377,70387,70382,14.7
70387,70397,70392,9.4
70397,70407,70402,8.0
70407,70417,70412,15.5
70417,70427,70422,6.9
70427,70437,70432,9.7
70437,70447,70442,6.9
70447,70457,70452,8.5
70457,70467,70462,7.9
70467,70477,70472,14.6
70477,70487,70482,23.8
70487,70497,70492,13.7
70497,70507,70502,5.2
70507,70517,70512,5.7
70517,70527,70522,5.9
70527,70537,70532,11.7
70537,70547,70542,14.9
70547,70557,70552,9.7
70557,70567,70562,10.3
70567,70577,70572,11.6
70577,70587,70582,11.5
70587,70597,70592,12.4
70597,70607,70602,21.2
70607,70617,70612,14.4
70617,70627,70622,8.9
70627,70637,70632,7.9
70637,70647,70642,7.3
70647,70657,70652,11.8
70657,70667,70662,13.7
70667,70677,70672,8.0
70677,70687,70682,11.1
70687,70697,70692,17.4
70697,70707,70702,13.6
70707,70717,70712,6.6
70717,70727,70722,7.3
70727,70737,70732,-9999.0
70737,70747,70742,-9999.0
70747,70757,70752,-9999.0
70757,70767,70762,-9999.0
70767,70777,70772,-9999.0
70777,70787,70782,-9999.0
70787,70797,70792,-9999.0
70797,70807,70802,-9999.0
70807,70817,70812,-9999.0
70817,70827,70822,-9999.0
70827,70837,70832,-9999.0
70837,70847,70842,-9999.0
70847,70857,70852,-9999.0
70857,70867,70862,-9999.0
70867,70877,70872,-9999.0
70877,70887,70882,-9999.0
70887,70897,70892,-9999.0
70897,70907,70902,-9999.0
70907,70917,70912,-9999.0
70917,70927,70922,-9999.0
70927,70937,70932,-9999.0
70937,70947,70942,-9999.0
70947,70957,70952,-9999.0
70957,70967,70962,-9999.0
70967,70977,70972,-9999.0
70977,70987,70982,-9999.0
70987,70997,70992,-9999.0
70997,71007,71002,-9999.0
71007,71017,71012,-9999.0
71017,71027,71022,-9999.0
71027,71037,71032,-9999.0
71037,71047,71042,-9999.0
71047,71057,71052,-9999.0
71057,71067,71062,-9999.0
71067,71077,71072,-9999.0
71077,71087,71082,-9999.0
71087,71097,71092,-9999.0
71097,71107,71102,-9999.0
71107,71117,71112,-9999.0
71117,71127,71122,-9999.0
71127,71137,71132,-9999.0
71137,71147,71142,-9999.0
71147,71157,71152,-9999.0
71157,71167,71162,-9999.0
71167,71177,71172,-9999.0
71177,71187,71182,-9999.0
71187,71197,71192,-9999.0
71197,71207,71202,-9999.0
71207,71217,71212,-9999.0
71217,71227,71222,-9999.0
71227,71237,71232,-9999.0
71237,71247,71242,-9999.0
71247,71257,71252,-9999.0
71257,71267,71262,-9999.0
71267,71277,71272,-9999.0
71277,71287,71282,-9999.0
71287,71297,71292,-9999.0
71297,71307,71302,-9999.0
71307,71317,71312,-9999.0
71317,71327,71322,-9999.0
71327,71337,71332,-9999.0
71337,71347,71342,-9999.0
71347,71357,71352,8.4
71357,71367,71362,8.0
71367,71377,71372,9.5
71377,71387,71382,10.5
71387,71397,71392,15.9
71397,71407,71402,6.3
71407,71417,71412,11.7
71417,71427,71422,10.1
71427,71437,71432,10.7
71437,71447,71442,8.3
71447,71457,71452,9.1
71457,71467,71462,5.5
71467,71477,71472,18.0
71477,71487,71482,11.7
71487,71497,71492,5.6
71497,71507,71502,9.9
71507,71517,71512,6.7
71517,71527,71522,7.9
71527,71537,71532,8.3
71537,71547,71542,10.0
71547,71557,71552,12.4
71557,71567,71562,15.2
71567,71577,71572,6.7
71577,71587,71582,10.7
71587,71597,71592,11.0
71597,71607,71602,10.7
71607,71617,71612,9.1
71617,71627,71622,8.4
71627,71637,71632,7.4
71637,71647,71642,32.9
71647,71657,71652,9.2
71657,71667,71662,14.8
71667,71677,71672,13.5
71677,71687,71682,11.3
71687,71697,71692,16.2
71697,71707,71702,6.0
71707,71717,71712,8.0
71717,71727,71722,9.9
71727,71737,71732,12.8
71737,71747,71742,8.9
71747,71757,71752,8.6
71757,71767,71762,9.7
71767,71777,71772,8.2
71777,71787,71782,7.6
71787,71797,71792,24.3
71797,71807,71802,5.4
71807,71817,71812,12.3
71817,71827,71822,10.8
71827,71837,71832,11.6
71837,71847,71842,11.5
71847,71857,71852,10.0
71857,71867,71862,6.7
71867,71877,71872,5.8
71877,71887,71882,10.5
71887,71897,71892,9.5
71897,71907,71902,6.4
71907,71917,71912,14.8
71917,71927,71922,9.7
71927,71937,71932,11.0
71937,71947,71942,8.4
71947,71957,71952,10.8
71957,71967,71962,12.0
71967,71977,71972,18.5
71977,71987,71982,7.4
71987,71997,71992,13.5
71997,72007,72002,10.7
72007,72017,72012,11.4
72017,72027,72022,9.6
72027,72037,72032,16.4
72037,72047,72042,8.3
72047,72057,72052,5.4
72057,72067,72062,12.8
72067,72077,72072,10.4
72077,72087,72082,9.2
72087,72097,72092,7.9
72097,72107,72102,16.1
72107,72117,72112,17.1
72117,72127,72122,14.1
72127,72137,72132,28.7
72137,72147,72142,9.6
72147,72157,72152,12.0
72157,72167,72162,12.1
72167,72177,72172,19.2
72177,72187,72182,8.2
72187,72197,72192,9.0
72197,72207,72202,9.5
72207,72217,72212,5.5
72217,72227,72222,10.7
72227,72237,72232,14.4
72237,72247,72242,12.5
72247,72257,72252,10.5
72257,72267,72262,11.5
72267,72277,72272,9.1
72277,72287,72282,6.4
72287,72297,72292,11.1
72297,72307,72302,10.4
72307,72317,72312,11.5
72317,72327,72322,5.2
72327,72337,72332,12.7
72337,72347,72342,4.2
72347,72357,72352,12.2
72357,72367,72362,7.6
72367,72377,72372,30.0
72377,72387,72382,8.9
