NASA Data Processing/NAAMES(2015)/SP2/NAAMES-LARGE-SP2_C130_20151123_R0.ict
36, 1001
Bruce Anderson
NASA Langley Research Center
Single Particle Soot Photometer, DMT
NAAMES-1
1, 1
2015, 11, 23, 2016, 11, 30
0
UTC_start, seconds_past_midnight, start_time_in_UTC
3
1, 1, 1
-9999, -9999, -9999
UTC_end, seconds_past_midnight, end_time_in_UTC
UTC_mid, seconds_past_midnight, mid_time_in_UTC
BC_mass, ng/m3, mass_concentration_of_black_carbon_aerosol
1
N/A
18
PI_CONTACT_INFO: 21 Langley Blvd, Hampton, VA 23681
PLATFORM: NASA WFF C130
LOCATION: North Atlantic Ocean
ASSOCIATED_DATA: N/A
INSTRUMENT_INFO: Calibrated using fullerene soot aerosol and polynomial mass/response fit. 
DATA_INFO: Data corrected to STP (760 torr and 273K). Measurements apply to black carbon particles with diameter between 105 and 600nm. Mass outside this range is accounted for using a log-normal fit to flight-averaged data.
UNCERTAINTY: 10%
ULOD_FLAG: -7777
ULOD_VALUE: N/A
LLOD_FLAG: -8888
LLOD_VALUE: N/A
DM_CONTACT_INFO: Luke D. Ziemba, luke.ziemba@nasa.gov, (757)864-6246
PROJECT_INFO: NAAMES Fall Deployment, November 2015
STIPULATIONS_ON_USE: Users are strongly encouraged to contact PI.
OTHER_COMMENTS: Data affected by cloud penetration artifacts have not been removed.  Please see the LARGE cloud flag to remove these data.
REVISION: R0
none
UTC_start, UTC_end, UTC_mid, BC_mass
[from data line 723]
43497,43507,43502,3.8
43507,43517,43512,2.0
43517,43527,43522,1.4
43527,43537,43532,2.7
43537,43547,43542,1.9
43547,43557,43552,5.8
43557,43567,43562,3.5
43567,43577,43572,2.5
43577,43587,43582,2.1
43587,43597,43592,4.3
43597,43607,43602,1.7
43607,43617,43612,1.3
43617,43627,43622,1.8
43627,43637,43632,3.1
43637,43647,43642,2.7
43647,43657,43652,3.6
43657,43667,43662,3.3
43667,43677,43672,1.7
43677,43687,43682,6.2
43687,43697,43692,2.5
43697,43707,43702,2.0
43707,43717,43712,2.7
43717,43727,43722,2.7
43727,43737,43732,4.5
43737,43747,43742,3.8
43747,43757,43752,3.4
43757,43767,43762,3.7
43767,43777,43772,1.8
43777,43787,43782,3.0
43787,43797,43792,4.3
43797,43807,43802,3.2
43807,43817,43812,2.4
43817,43827,43822,5.8
43827,43837,43832,4.3
43837,43847,43842,3.2
43847,43857,43852,4.4
43857,43867,43862,6.1
43867,43877,43872,5.9
43877,43887,43882,6.7
43887,43897,43892,3.6
43897,43907,43902,4.5
43907,43917,43912,1.7
43917,43927,43922,6.7
43927,43937,43932,4.6
43937,43947,43942,7.8
43947,43957,43952,4.1
43957,43967,43962,4.5
43967,43977,43972,5.9
43977,43987,43982,8.9
43987,43997,43992,6.9
43997,44007,44002,5.9
44007,44017,44012,5.0
44017,44027,44022,6.6
44027,44037,44032,8.1
44037,44047,44042,10.7
44047,44057,44052,7.3
44057,44067,44062,12.4
44067,44077,44072,9.0
44077,44087,44082,8.4
44087,44097,44092,8.2
44097,44107,44102,9.3
44107,44117,44112,7.7
44117,44127,44122,4.8
44127,44137,44132,8.1
44137,44147,44142,7.4
44147,44157,44152,7.0
44157,44167,44162,7.8
44167,44177,44172,6.3
44177,44187,44182,3.5
44187,44197,44192,8.1
44197,44207,44202,4.8
44207,44217,44212,4.9
44217,44227,44222,5.3
44227,44237,44232,2.8
44237,44247,44242,5.9
44247,44257,44252,5.7
44257,44267,44262,3.2
44267,44277,44272,4.1
44277,44287,44282,8.3
44287,44297,44292,2.2
44297,44307,44302,4.3
44307,44317,44312,5.0
44317,44327,44322,4.5
44327,44337,44332,2.0
44337,44347,44342,5.3
44347,44357,44352,5.1
44357,44367,44362,2.6
44367,44377,44372,3.5
44377,44387,44382,2.8
44387,44397,44392,4.1
44397,44407,44402,5.9
44407,44417,44412,1.0
44417,44427,44422,2.0
44427,44437,44432,1.9
44437,44447,44442,2.5
44447,44457,44452,4.3
44457,44467,44462,2.1
44467,44477,44472,2.0
44477,44487,44482,3.5
44487,44497,44492,0.9
44497,44507,44502,4.4
44507,44517,44512,1.6
44517,44527,44522,2.0
44527,44537,44532,6.4
44537,44547,44542,2.8
44547,44557,44552,6.7
44557,44567,44562,1.5
44567,44577,44572,1.2
44577,44587,44582,2.3
44587,44597,44592,4.4
44597,44607,44602,7.3
44607,44617,44612,2.9
44617,44627,44622,2.8
44627,44637,44632,4.9
44637,44647,44642,3.2
44647,44657,44652,1.4
44657,44667,44662,3.1
44667,44677,44672,2.9
44677,44687,44682,3.3
44687,44697,44692,1.8
44697,44707,44702,3.1
44707,44717,44712,1.9
44717,44727,44722,3.6
44727,44737,44732,2.6
44737,44747,44742,2.3
44747,44757,44752,2.5
44757,44767,44762,1.4
44767,44777,44772,2.1
44777,44787,44782,3.8
44787,44797,44792,2.1
44797,44807,44802,3.7
44807,44817,44812,3.1
44817,44827,44822,2.1
44827,44837,44832,2.5
44837,44847,44842,4.1
44847,44857,44852,3.3
44857,44867,44862,4.4
44867,44877,44872,1.9
44877,44887,44882,1.7
44887,44897,44892,2.8
44897,44907,44902,3.2
44907,44917,44912,5.8
44917,44927,44922,5.8
44927,44937,44932,6.3
44937,44947,44942,1.8
44947,44957,44952,3.3
44957,44967,44962,5.7
44967,44977,44972,2.5
44977,44987,44982,2.9
44987,44997,44992,2.5
44997,45007,45002,1.2
45007,45017,45012,1.9
45017,45027,45022,4.4
45027,45037,45032,0.1
45037,45047,45042,0.1
45047,45057,45052,0.3
45057,45067,45062,1.2
45067,45077,45072,0.2
45077,45087,45082,0.1
45087,45097,45092,0.5
45097,45107,45102,0.7
45107,45117,45112,0.0
45117,45127,45122,0.0
45127,45137,45132,0.1
45137,45147,45142,0.4
45147,45157,45152,0.7
45157,45167,45162,1.3
45167,45177,45172,0.0
45177,45187,45182,0.3
45187,45197,45192,0.1
45197,45207,45202,0.0
45207,45217,45212,0.0
45217,45227,45222,0.2
45227,45237,45232,0.3
45237,45247,45242,0.0
45247,45257,45252,0.0
45257,45267,45262,0.3
45267,45277,45272,0.1
45277,45287,45282,0.1
45287,45297,45292,0.0
45297,45307,45302,0.0
45307,45317,45312,0.5
45317,45327,45322,0.0
45327,45337,45332,0.7
45337,45347,45342,0.1
45347,45357,45352,0.1
45357,45367,45362,0.3
45367,45377,45372,1.4
45377,45387,45382,0.7
45387,45397,45392,-9999.0
45397,45407,45402,-9999.0
45407,45417,45412,-9999.0
45417,45427,45422,-9999.0
45427,45437,45432,-9999.0
45437,45447,45442,-9999.0
45447,45457,45452,-9999.0
45457,45467,45462,-9999.0
45467,45477,45472,-9999.0
45477,45487,45482,-9999.0
45487,45497,45492,-9999.0
45497,45507,45502,-9999.0
45507,45517,45512,-9999.0
45517,45527,45522,-9999.0
45527,45537,45532,-9999.0
45537,45547,45542,-9999.0
45547,45557,45552,-9999.0
45557,45567,45562,-9999.0
45567,45577,45572,-9999.0
45577,45587,45582,-9999.0
45587,45597,45592,-9999.0
45597,45607,45602,-9999.0
45607,45617,45612,-9999.0
45617,45627,45622,-9999.0
45627,45637,45632,-9999.0
45637,45647,45642,-9999.0
45647,45657,45652,-9999.0
45657,45667,45662,-9999.0
45667,45677,45672,-9999.0
45677,45687,45682,-9999.0
45687,45697,45692,-9999.0
45697,45707,45702,-9999.0
45707,45717,45712,-9999.0
45717,45727,45722,-9999.0
45727,45737,45732,-9999.0
45737,45747,45742,-9999.0
45747,45757,45752,-9999.0
45757,45767,45762,14.0
45767,45777,45772,0.0
45777,45787,45782,0.0
45787,45797,45792,36.0
45797,45807,45802,3.5
45807,45817,45812,3.1
45817,45827,45822,0.7
45827,45837,45832,0.0
45837,45847,45842,0.0
45847,45857,45852,2.8
45857,45867,45862,0.0
45867,45877,45872,0.0
45877,45887,45882,-9999.0
45887,45897,45892,-9999.0
45897,45907,45902,-9999.0
45907,45917,45912,-9999.0
45917,45927,45922,-9999.0
45927,45937,45932,-9999.0
45937,45947,45942,-9999.0
45947,45957,45952,-9999.0
45957,45967,45962,-9999.0
45967,45977,45972,-9999.0
45977,45987,45982,-9999.0
45987,45997,45992,-9999.0
45997,46007,46002,-9999.0
46007,46017,46012,-9999.0
46017,46027,46022,-9999.0
46027,46037,46032,-9999.0
46037,46047,46042,-9999.0
46047,46057,46052,-9999.0
46057,46067,46062,-9999.0
46067,46077,46072,-9999.0
46077,46087,46082,-9999.0
46087,46097,46092,-9999.0
46097,46107,46102,-9999.0
46107,46117,46112,-9999.0
46117,46127,46122,-9999.0
46127,46137,46132,-9999.0
46137,46147,46142,-9999.0
46147,46157,46152,-9999.0
46157,46167,46162,-9999.0
46167,46177,46172,-9999.0
46177,46187,46182,-9999.0
46187,46197,46192,-9999.0
46197,46207,46202,-9999.0
46207,46217,46212,-9999.0
46217,46227,46222,-9999.0
46227,46237,46232,-9999.0
46237,46247,46242,-9999.0
46247,46257,46252,-9999.0
46257,46267,46262,-9999.0
46267,46277,46272,-9999.0
46277,46287,46282,-9999.0
46287,46297,46292,-9999.0
46297,46307,46302,-9999.0
46307,46317,46312,-9999.0
46317,46327,46322,-9999.0
46327,46337,46332,-9999.0
46337,46347,46342,-9999.0
46347,46357,46352,-9999.0
46357,46367,46362,-9999.0
46367,46377,46372,-9999.0
46377,46387,46382,-9999.0
46387,46397,46392,0.7
46397,46407,46402,2.0
46407,46417,46412,2.8
46417,46427,46422,8.6
46427,46437,46432,16.8
46437,46447,46442,6.8
46447,46457,46452,8.6
46457,46467,46462,10.3
46467,46477,46472,10.2
46477,46487,46482,4.7
46487,46497,46492,2.3
46497,46507,46502,6.1
46507,46517,46512,2.0
46517,46527,46522,4.4
46527,46537,46532,2.8
46537,46547,46542,3.9
46547,46557,46552,0.6
46557,46567,46562,0.8
46567,46577,46572,0.1
46577,46587,46582,1.9
46587,46597,46592,2.9
46597,46607,46602,0.4
46607,46617,46612,3.6
46617,46627,46622,5.7
46627,46637,46632,1.9
46637,46647,46642,2.6
46647,46657,46652,2.4
46657,46667,46662,3.1
46667,46677,46672,0.0
46677,46687,46682,2.0
46687,46697,46692,2.1
46697,46707,46702,0.0
46707,46717,46712,1.4
46717,46727,46722,1.0
46727,46737,46732,0.0
46737,46747,46742,0.0
46747,46757,46752,0.3
46757,46767,46762,0.3
46767,46777,46772,0.0
46777,46787,46782,1.3
46787,46797,46792,0.0
46797,46807,46802,0.0
46807,46817,46812,0.5
46817,46827,46822,2.7
46827,46837,46832,0.0
46837,46847,46842,1.3
46847,46857,46852,2.1
46857,46867,46862,0.1
46867,46877,46872,0.0
46877,46887,46882,0.1
46887,46897,46892,0.0
46897,46907,46902,0.0
46907,46917,46912,0.0
46917,46927,46922,0.0
46927,46937,46932,0.0
46937,46947,46942,0.1
46947,46957,46952,1.2
46957,46967,46962,0.0
46967,46977,46972,0.5
46977,46987,46982,0.0
46987,46997,46992,4.4
46997,47007,47002,0.0
47007,47017,47012,0.1
47017,47027,47022,0.2
47027,47037,47032,0.4
47037,47047,47042,0.6
47047,47057,47052,0.0
47057,47067,47062,0.0
47067,47077,47072,0.0
47077,47087,47082,0.0
47087,47097,47092,0.0
47097,47107,47102,0.0
47107,47117,47112,0.0
47117,47127,47122,0.0
47127,47137,47132,0.0
47137,47147,47142,0.0
47147,47157,47152,0.0
47157,47167,47162,0.0
47167,47177,47172,0.0
47177,47187,47182,0.0
47187,47197,47192,0.0
47197,47207,47202,0.0
47207,47217,47212,0.0
47217,47227,47222,0.0
47227,47237,47232,0.5
47237,47247,47242,0.0
47247,47257,47252,0.9
47257,47267,47262,0.4
47267,47277,47272,0.0
47277,47287,47282,0.1
47287,47297,47292,0.0
47297,47307,47302,0.0
47307,47317,47312,0.0
47317,47327,47322,0.0
47327,47337,47332,0.0
47337,47347,47342,0.0
47347,47357,47352,0.0
47357,47367,47362,0.0
47367,47377,47372,0.0
47377,47387,47382,0.0
47387,47397,47392,0.1
47397,47407,47402,0.2
47407,47417,47412,0.0
47417,47427,47422,0.1
47427,47437,47432,0.3
47437,47447,47442,0.0
47447,47457,47452,0.0
47457,47467,47462,0.0
47467,47477,47472,0.0
47477,47487,47482,0.1
47487,47497,47492,0.0
47497,47507,47502,0.1
47507,47517,47512,0.0
47517,47527,47522,0.0
47527,47537,47532,0.0
47537,47547,47542,0.0
47547,47557,47552,0.0
47557,47567,47562,0.0
47567,47577,47572,0.0
47577,47587,47582,0.2
47587,47597,47592,0.1
47597,47607,47602,0.0
47607,47617,47612,0.0
47617,47627,47622,1.5
47627,47637,47632,0.0
47637,47647,47642,0.2
47647,47657,47652,0.0
47657,47667,47662,0.0
47667,47677,47672,0.0
47677,47687,47682,0.0
47687,47697,47692,0.0
47697,47707,47702,0.0
47707,47717,47712,0.0
47717,47727,47722,0.0
47727,47737,47732,0.0
47737,47747,47742,0.0
47747,47757,47752,0.0
47757,47767,47762,0.2
47767,47777,47772,0.0
47777,47787,47782,0.0
47787,47797,47792,0.0
47797,47807,47802,0.0
47807,47817,47812,0.0
47817,47827,47822,0.0
47827,47837,47832,0.0
47837,47847,47842,0.0
47847,47857,47852,0.0
47857,47867,47862,0.0
47867,47877,47872,0.4
47877,47887,47882,0.0
47887,47897,47892,0.1
47897,47907,47902,0.4
47907,47917,47912,0.0
47917,47927,47922,0.6
47927,47937,47932,1.2
47937,47947,47942,1.1
47947,47957,47952,0.6
47957,47967,47962,1.4
47967,47977,47972,0.7
47977,47987,47982,1.6
47987,47997,47992,0.3
47997,48007,48002,1.4
48007,48017,48012,0.0
48017,48027,48022,0.0
48027,48037,48032,0.0
48037,48047,48042,0.0
48047,48057,48052,0.5
48057,48067,48062,1.5
48067,48077,48072,0.3
48077,48087,48082,0.3
48087,48097,48092,1.5
48097,48107,48102,0.0
48107,48117,48112,0.0
48117,48127,48122,0.0
48127,48137,48132,0.2
48137,48147,48142,-9999.0
48147,48157,48152,-9999.0
48157,48167,48162,-9999.0
48167,48177,48172,-9999.0
48177,48187,48182,-9999.0
48187,48197,48192,-9999.0
48197,48207,48202,-9999.0
48207,48217,48212,-9999.0
48217,48227,48222,-9999.0
48227,48237,48232,-9999.0
48237,48247,48242,-9999.0
48247,48257,48252,-9999.0
48257,48267,48262,-9999.0
48267,48277,48272,-9999.0
48277,48287,48282,-9999.0
48287,48297,48292,-9999.0
48297,48307,48302,-9999.0
48307,48317,48312,-9999.0
48317,48327,48322,-9999.0
48327,48337,48332,-9999.0
48337,48347,48342,-9999.0
48347,48357,48352,-9999.0
48357,48367,48362,-9999.0
48367,48377,48372,-9999.0
48377,48387,48382,-9999.0
48387,48397,48392,-9999.0
48397,48407,48402,-9999.0
48407,48417,48412,-9999.0
48417,48427,48422,-9999.0
48427,48437,48432,-9999.0
48437,48447,48442,-9999.0
48447,48457,48452,-9999.0
48457,48467,48462,-9999.0
48467,48477,48472,-9999.0
48477,48487,48482,-9999.0
48487,48497,48492,-9999.0
48497,48507,48502,-9999.0
48507,48517,48512,-9999.0
48517,48527,48522,-9999.0
48527,48537,48532,-9999.0
48537,48547,48542,-9999.0
48547,48557,48552,-9999.0
48557,48567,48562,-9999.0
48567,48577,48572,-9999.0
48577,48587,48582,-9999.0
48587,48597,48592,-9999.0
48597,48607,48602,-9999.0
48607,48617,48612,-9999.0
48617,48627,48622,-9999.0
48627,48637,48632,-9999.0
48637,48647,48642,-9999.0
48647,48657,48652,-9999.0
48657,48667,48662,-9999.0
48667,48677,48672,-9999.0
48677,48687,48682,-9999.0
48687,48697,48692,-9999.0
48697,48707,48702,-9999.0
48707,48717,48712,-9999.0
48717,48727,48722,-9999.0
48727,48737,48732,-9999.0
48737,48747,48742,-9999.0
48747,48757,48752,-9999.0
48757,48767,48762,-9999.0
48767,48777,48772,-9999.0
48777,48787,48782,-9999.0
48787,48797,48792,-9999.0
48797,48807,48802,-9999.0
48807,48817,48812,-9999.0
48817,48827,48822,-9999.0
48827,48837,48832,-9999.0
48837,48847,48842,-9999.0
48847,48857,48852,-9999.0
48857,48867,48862,-9999.0
48867,48877,48872,-9999.0
48877,48887,48882,-9999.0
48887,48897,48892,-9999.0
48897,48907,48902,-9999.0
48907,48917,48912,-9999.0
48917,48927,48922,-9999.0
48927,48937,48932,-9999.0
48937,48947,48942,-9999.0
48947,48957,48952,-9999.0
48957,48967,48962,-9999.0
48967,48977,48972,-9999.0
48977,48987,48982,-9999.0
48987,48997,48992,-9999.0
48997,49007,49002,-9999.0
49007,49017,49012,-9999.0
49017,49027,49022,-9999.0
49027,49037,49032,-9999.0
49037,49047,49042,-9999.0
49047,49057,49052,-9999.0
49057,49067,49062,-9999.0
49067,49077,49072,-9999.0
49077,49087,49082,-9999.0
49087,49097,49092,-9999.0
49097,49107,49102,-9999.0
49107,49117,49112,-9999.0
49117,49127,49122,-9999.0
49127,49137,49132,-9999.0
49137,49147,49142,-9999.0
49147,49157,49152,-9999.0
49157,49167,49162,-9999.0
49167,49177,49172,-9999.0
49177,49187,49182,-9999.0
49187,49197,49192,-9999.0
49197,49207,49202,-9999.0
49207,49217,49212,-9999.0
49217,49227,49222,-9999.0
49227,49237,49232,-9999.0
49237,49247,49242,-9999.0
49247,49257,49252,-9999.0
49257,49267,49262,-9999.0
49267,49277,49272,-9999.0
49277,49287,49282,-9999.0
49287,49297,49292,-9999.0
49297,49307,49302,-9999.0
49307,49317,49312,-9999.0
49317,49327,49322,-9999.0
49327,49337,49332,-9999.0
49337,49347,49342,-9999.0
49347,49357,49352,-9999.0
49357,49367,49362,-9999.0
49367,49377,49372,-9999.0
49377,49387,49382,-9999.0
49387,49397,49392,-9999.0
49397,49407,49402,-9999.0
49407,49417,49412,-9999.0
49417,49427,49422,-9999.0
49427,49437,49432,-9999.0
49437,49447,49442,-9999.0
49447,49457,49452,-9999.0
49457,49467,49462,-9999.0
49467,49477,49472,-9999.0
49477,49487,49482,-9999.0
49487,49497,49492,-9999.0
49497,49507,49502,-9999.0
49507,49517,49512,-9999.0
49517,49527,49522,-9999.0
49527,49537,49532,-9999.0
49537,49547,49542,-9999.0
49547,49557,49552,-9999.0
49557,49567,49562,-9999.0
49567,49577,49572,-9999.0
49577,49587,49582,-9999.0
49587,49597,49592,-9999.0
49597,49607,49602,-9999.0
49607,49617,49612,-9999.0
49617,49627,49622,-9999.0
49627,49637,49632,-9999.0
49637,49647,49642,-9999.0
49647,49657,49652,-9999.0
49657,49667,49662,-9999.0
49667,49677,49672,-9999.0
49677,49687,49682,-9999.0
49687,49697,49692,-9999.0
49697,49707,49702,-9999.0
49707,49717,49712,-9999.0
49717,49727,49722,-9999.0
49727,49737,49732,-9999.0
49737,49747,49742,-9999.0
49747,49757,49752,-9999.0
49757,49767,49762,-9999.0
49767,49777,49772,-9999.0
49777,49787,49782,-9999.0
49787,49797,49792,-9999.0
49797,49807,49802,-9999.0
49807,49817,49812,-9999.0
49817,49827,49822,-9999.0
49827,49837,49832,-9999.0
49837,49847,49842,-9999.0
49847,49857,49852,-9999.0
49857,49867,49862,-9999.0
49867,49877,49872,-9999.0
49877,49887,49882,-9999.0
49887,49897,49892,0.6
49897,49907,49902,1.4
49907,49917,49912,1.1
49917,49927,49922,0.7
49927,49937,49932,0.4
49937,49947,49942,2.1
49947,49957,49952,1.6
49957,49967,49962,0.5
49967,49977,49972,0.8
49977,49987,49982,0.1
49987,49997,49992,0.4
49997,50007,50002,0.4
50007,50017,50012,1.4
50017,50027,50022,2.2
50027,50037,50032,1.3
50037,50047,50042,0.7
50047,50057,50052,1.0
50057,50067,50062,2.2
50067,50077,50072,1.1
50077,50087,50082,2.8
50087,50097,50092,1.6
50097,50107,50102,1.3
50107,50117,50112,3.4
50117,50127,50122,0.5
50127,50137,50132,2.6
50137,50147,50142,0.7
50147,50157,50152,3.6
50157,50167,50162,2.6
50167,50177,50172,0.9
50177,50187,50182,1.0
50187,50197,50192,0.7
50197,50207,50202,1.3
50207,50217,50212,0.6
50217,50227,50222,1.6
50227,50237,50232,0.4
50237,50247,50242,0.4
50247,50257,50252,2.8
50257,50267,50262,9.1
50267,50277,50272,5.2
