NASA Data Processing/NAAMES(2015)/SP2/NAAMES-LARGE-SP2_C130_20151112_R0.ict
36, 1001
Bruce Anderson
NASA Langley Research Center
Single Particle Soot Photometer, DMT
NAAMES-1
1, 1
2015, 11, 12, 2016,12, 01
0
UTC_start, seconds_past_midnight,     start_time_in_UTC
3
1, 1, 1
-9999, -9999, -9999
UTC_end, seconds_past_midnight, end_time_in_UTC
UTC_mid, seconds_past_midnight, mid_time_in_UTC
BC_mass, ng/m3, mass_concentration_of_black_carbon_aerosol
1
N/A
18
PI_CONTACT_INFO: 21 Langley Blvd, Hampton, VA 23681
PLATFORM: NASA WFF C130
LOCATION: North Atlantic Ocean
ASSOCIATED_DATA: N/A
INSTRUMENT_INFO: Calibrated using fullerene soot aerosol and polynomial mass/response fit. 
DATA_INFO: Data corrected to STP (760 torr and 273K). Measurements apply to black carbon particles with diameter between 105 and 600nm. Mass outside this range is accounted for using a log-normal fit to flight-averaged data.
UNCERTAINTY: 10%
ULOD_FLAG: -7777
ULOD_VALUE: N/A
LLOD_FLAG: -8888
LLOD_VALUE: N/A
DM_CONTACT_INFO: Luke D. Ziemba, luke.ziemba@nasa.gov, (757)864-6246
PROJECT_INFO: NAAMES Fall Deployment, November 2015
STIPULATIONS_ON_USE: Users are strongly encouraged to contact PI.
OTHER_COMMENTS: Data affected by cloud penetration artifacts have not been removed.  Please see the LARGE cloud flag to remove these data.
REVISION: R0
none
UTC_start, UTC_end, UTC_mid, BC_mass
38717,38727,38722,-9999.0
38727,38737,38732,-9999.0
38737,38747,38742,-9999.0
38747,38757,38752,-9999.0
38757,38767,38762,-9999.0
38767,38777,38772,-9999.0
38777,38787,38782,-9999.0
38787,38797,38792,-9999.0
38797,38807,38802,-9999.0
38807,38817,38812,-9999.0
38817,38827,38822,-9999.0
38827,38837,38832,-9999.0
38837,38847,38842,-9999.0
38847,38857,38852,-9999.0
38857,38867,38862,-9999.0
38867,38877,38872,-9999.0
38877,38887,38882,-9999.0
38887,38897,38892,-9999.0
38897,38907,38902,-9999.0
38907,38917,38912,-9999.0
38917,38927,38922,-9999.0
38927,38937,38932,-9999.0
38937,38947,38942,-9999.0
38947,38957,38952,-9999.0
38957,38967,38962,-9999.0
38967,38977,38972,-9999.0
38977,38987,38982,-9999.0
38987,38997,38992,-9999.0
38997,39007,39002,-9999.0
39007,39017,39012,-9999.0
39017,39027,39022,-9999.0
39027,39037,39032,-9999.0
39037,39047,39042,-9999.0
39047,39057,39052,-9999.0
39057,39067,39062,-9999.0
39067,39077,39072,-9999.0
39077,39087,39082,-9999.0
39087,39097,39092,-9999.0
39097,39107,39102,-9999.0
39107,39117,39112,-9999.0
39117,39127,39122,-9999.0
39127,39137,39132,-9999.0
39137,39147,39142,-9999.0
39147,39157,39152,-9999.0
39157,39167,39162,-9999.0
39167,39177,39172,-9999.0
39177,39187,39182,-9999.0
39187,39197,39192,-9999.0
39197,39207,39202,-9999.0
39207,39217,39212,-9999.0
39217,39227,39222,-9999.0
39227,39237,39232,-9999.0
39237,39247,39242,-9999.0
39247,39257,39252,-9999.0
39257,39267,39262,-9999.0
39267,39277,39272,-9999.0
39277,39287,39282,-9999.0
39287,39297,39292,-9999.0
39297,39307,39302,-9999.0
39307,39317,39312,-9999.0
39317,39327,39322,-9999.0
39327,39337,39332,-9999.0
39337,39347,39342,-9999.0
39347,39357,39352,-9999.0
39357,39367,39362,-9999.0
39367,39377,39372,-9999.0
39377,39387,39382,-9999.0
39387,39397,39392,-9999.0
39397,39407,39402,-9999.0
39407,39417,39412,-9999.0
39417,39427,39422,-9999.0
39427,39437,39432,-9999.0
39437,39447,39442,-9999.0
39447,39457,39452,-9999.0
39457,39467,39462,-9999.0
39467,39477,39472,-9999.0
39477,39487,39482,-9999.0
39487,39497,39492,-9999.0
39497,39507,39502,-9999.0
39507,39517,39512,-9999.0
39517,39527,39522,-9999.0
39527,39537,39532,-9999.0
39537,39547,39542,-9999.0
39547,39557,39552,-9999.0
39557,39567,39562,-9999.0
39567,39577,39572,-9999.0
39577,39587,39582,-9999.0
39587,39597,39592,-9999.0
39597,39607,39602,-9999.0
39607,39617,39612,-9999.0
39617,39627,39622,-9999.0
39627,39637,39632,-9999.0
39637,39647,39642,-9999.0
39647,39657,39652,-9999.0
39657,39667,39662,-9999.0
39667,39677,39672,-9999.0
39677,39687,39682,-9999.0
39687,39697,39692,-9999.0
39697,39707,39702,-9999.0
39707,39717,39712,-9999.0
39717,39727,39722,-9999.0
39727,39737,39732,-9999.0
39737,39747,39742,-9999.0
39747,39757,39752,-9999.0
39757,39767,39762,-9999.0
39767,39777,39772,-9999.0
39777,39787,39782,-9999.0
39787,39797,39792,-9999.0
39797,39807,39802,-9999.0
39807,39817,39812,-9999.0
39817,39827,39822,-9999.0
39827,39837,39832,-9999.0
39837,39847,39842,-9999.0
39847,39857,39852,-9999.0
39857,39867,39862,-9999.0
39867,39877,39872,-9999.0
39877,39887,39882,-9999.0
39887,39897,39892,-9999.0
39897,39907,39902,-9999.0
39907,39917,39912,21.6
39917,39927,39922,36.8
39927,39937,39932,57.2
39937,39947,39942,26.2
39947,39957,39952,20.1
39957,39967,39962,41.9
39967,39977,39972,20.7
39977,39987,39982,143.1
39987,39997,39992,155.8
39997,40007,40002,172.1
40007,40017,40012,65.1
40017,40027,40022,25.3
40027,40037,40032,31.5
40037,40047,40042,43.7
40047,40057,40052,20.4
40057,40067,40062,34.0
40067,40077,40072,20.9
40077,40087,40082,28.5
40087,40097,40092,22.2
40097,40107,40102,22.7
40107,40117,40112,14.9
40117,40127,40122,18.4
40127,40137,40132,20.4
40137,40147,40142,22.9
40147,40157,40152,21.7
40157,40167,40162,18.8
40167,40177,40172,16.9
40177,40187,40182,15.3
40187,40197,40192,16.9
40197,40207,40202,19.8
40207,40217,40212,21.2
40217,40227,40222,35.0
40227,40237,40232,23.3
40237,40247,40242,35.5
40247,40257,40252,30.5
40257,40267,40262,36.3
40267,40277,40272,25.9
40277,40287,40282,19.3
40287,40297,40292,20.3
40297,40307,40302,25.1
40307,40317,40312,25.4
40317,40327,40322,39.9
40327,40337,40332,27.0
40337,40347,40342,23.0
40347,40357,40352,25.8
40357,40367,40362,23.2
40367,40377,40372,29.9
40377,40387,40382,24.0
40387,40397,40392,24.7
40397,40407,40402,24.4
40407,40417,40412,29.0
40417,40427,40422,24.2
40427,40437,40432,34.7
40437,40447,40442,27.1
40447,40457,40452,21.5
40457,40467,40462,22.4
40467,40477,40472,19.0
40477,40487,40482,31.4
40487,40497,40492,27.1
40497,40507,40502,27.5
40507,40517,40512,21.8
40517,40527,40522,25.2
40527,40537,40532,26.6
40537,40547,40542,25.5
40547,40557,40552,18.9
40557,40567,40562,19.6
40567,40577,40572,25.2
40577,40587,40582,22.7
40587,40597,40592,24.9
40597,40607,40602,17.7
40607,40617,40612,20.5
40617,40627,40622,25.0
40627,40637,40632,19.7
40637,40647,40642,20.3
40647,40657,40652,17.8
40657,40667,40662,16.0
40667,40677,40672,16.5
40677,40687,40682,13.0
40687,40697,40692,21.2
40697,40707,40702,32.3
40707,40717,40712,23.2
40717,40727,40722,23.2
40727,40737,40732,23.8
40737,40747,40742,19.3
40747,40757,40752,15.9
40757,40767,40762,21.0
40767,40777,40772,19.9
40777,40787,40782,22.2
40787,40797,40792,17.6
40797,40807,40802,22.7
40807,40817,40812,15.4
40817,40827,40822,18.9
40827,40837,40832,18.2
40837,40847,40842,17.1
40847,40857,40852,17.4
40857,40867,40862,24.6
40867,40877,40872,36.6
40877,40887,40882,36.4
40887,40897,40892,36.5
40897,40907,40902,21.2
40907,40917,40912,20.3
40917,40927,40922,19.2
40927,40937,40932,39.2
40937,40947,40942,23.3
40947,40957,40952,47.8
40957,40967,40962,49.4
40967,40977,40972,26.9
40977,40987,40982,27.5
40987,40997,40992,17.7
40997,41007,41002,29.8
41007,41017,41012,14.4
41017,41027,41022,24.7
41027,41037,41032,38.9
41037,41047,41042,26.0
41047,41057,41052,47.4
41057,41067,41062,14.8
41067,41077,41072,38.5
41077,41087,41082,20.7
41087,41097,41092,20.2
41097,41107,41102,17.7
41107,41117,41112,18.5
41117,41127,41122,28.5
41127,41137,41132,13.7
41137,41147,41142,28.5
41147,41157,41152,22.9
41157,41167,41162,13.1
41167,41177,41172,20.7
41177,41187,41182,33.6
41187,41197,41192,12.4
41197,41207,41202,39.4
41207,41217,41212,15.2
41217,41227,41222,17.4
41227,41237,41232,24.9
41237,41247,41242,22.5
41247,41257,41252,6.3
41257,41267,41262,6.1
41267,41277,41272,11.9
41277,41287,41282,8.8
41287,41297,41292,14.5
41297,41307,41302,26.2
41307,41317,41312,15.1
41317,41327,41322,24.0
41327,41337,41332,12.3
41337,41347,41342,12.2
41347,41357,41352,15.4
41357,41367,41362,12.2
41367,41377,41372,11.4
41377,41387,41382,15.2
41387,41397,41392,17.9
41397,41407,41402,10.7
41407,41417,41412,12.1
41417,41427,41422,12.3
41427,41437,41432,17.8
41437,41447,41442,13.4
41447,41457,41452,10.4
41457,41467,41462,11.1
41467,41477,41472,15.2
41477,41487,41482,19.6
41487,41497,41492,10.6
41497,41507,41502,18.9
41507,41517,41512,14.0
41517,41527,41522,13.9
41527,41537,41532,8.2
41537,41547,41542,8.4
41547,41557,41552,9.7
41557,41567,41562,9.1
41567,41577,41572,16.8
41577,41587,41582,18.2
41587,41597,41592,13.9
41597,41607,41602,17.2
41607,41617,41612,8.6
41617,41627,41622,13.1
41627,41637,41632,20.1
41637,41647,41642,19.3
41647,41657,41652,27.3
41657,41667,41662,7.1
41667,41677,41672,7.3
41677,41687,41682,25.7
41687,41697,41692,11.8
41697,41707,41702,13.3
41707,41717,41712,6.3
41717,41727,41722,15.4
41727,41737,41732,25.9
41737,41747,41742,11.7
41747,41757,41752,11.0
41757,41767,41762,11.5
41767,41777,41772,15.9
41777,41787,41782,28.3
41787,41797,41792,9.7
41797,41807,41802,12.3
41807,41817,41812,20.4
41817,41827,41822,10.4
41827,41837,41832,11.9
41837,41847,41842,13.4
41847,41857,41852,27.0
41857,41867,41862,27.4
41867,41877,41872,15.8
41877,41887,41882,13.6
41887,41897,41892,22.3
41897,41907,41902,26.0
41907,41917,41912,19.5
41917,41927,41922,15.0
41927,41937,41932,33.8
41937,41947,41942,15.3
41947,41957,41952,14.1
41957,41967,41962,12.2
41967,41977,41972,11.0
41977,41987,41982,15.6
41987,41997,41992,17.3
41997,42007,42002,8.8
42007,42017,42012,11.1
42017,42027,42022,15.2
42027,42037,42032,8.1
42037,42047,42042,7.4
42047,42057,42052,12.5
42057,42067,42062,13.3
42067,42077,42072,8.4
42077,42087,42082,9.3
42087,42097,42092,11.9
42097,42107,42102,15.3
42107,42117,42112,21.6
42117,42127,42122,15.7
42127,42137,42132,8.6
42137,42147,42142,-9999.0
42147,42157,42152,-9999.0
42157,42167,42162,-9999.0
42167,42177,42172,-9999.0
42177,42187,42182,-9999.0
42187,42197,42192,-9999.0
42197,42207,42202,-9999.0
42207,42217,42212,-9999.0
42217,42227,42222,-9999.0
42227,42237,42232,-9999.0
42237,42247,42242,-9999.0
42247,42257,42252,-9999.0
42257,42267,42262,-9999.0
42267,42277,42272,-9999.0
42277,42287,42282,-9999.0
42287,42297,42292,-9999.0
42297,42307,42302,-9999.0
42307,42317,42312,-9999.0
42317,42327,42322,-9999.0
42327,42337,42332,-9999.0
42337,42347,42342,-9999.0
42347,42357,42352,-9999.0
42357,42367,42362,-9999.0
42367,42377,42372,-9999.0
42377,42387,42382,-9999.0
42387,42397,42392,-9999.0
42397,42407,42402,-9999.0
42407,42417,42412,-9999.0
42417,42427,42422,-9999.0
42427,42437,42432,-9999.0
42437,42447,42442,-9999.0
42447,42457,42452,-9999.0
42457,42467,42462,-9999.0
42467,42477,42472,-9999.0
42477,42487,42482,-9999.0
42487,42497,42492,-9999.0
42497,42507,42502,-9999.0
42507,42517,42512,-9999.0
42517,42527,42522,-9999.0
42527,42537,42532,-9999.0
42537,42547,42542,-9999.0
42547,42557,42552,-9999.0
42557,42567,42562,-9999.0
42567,42577,42572,-9999.0
42577,42587,42582,-9999.0
42587,42597,42592,-9999.0
42597,42607,42602,-9999.0
42607,42617,42612,-9999.0
42617,42627,42622,-9999.0
42627,42637,42632,-9999.0
42637,42647,42642,-9999.0
42647,42657,42652,-9999.0
42657,42667,42662,-9999.0
42667,42677,42672,-9999.0
42677,42687,42682,-9999.0
42687,42697,42692,-9999.0
42697,42707,42702,-9999.0
42707,42717,42712,-9999.0
42717,42727,42722,-9999.0
42727,42737,42732,-9999.0
42737,42747,42742,-9999.0
42747,42757,42752,-9999.0
42757,42767,42762,-9999.0
42767,42777,42772,-9999.0
42777,42787,42782,-9999.0
42787,42797,42792,-9999.0
42797,42807,42802,-9999.0
42807,42817,42812,-9999.0
42817,42827,42822,-9999.0
42827,42837,42832,-9999.0
42837,42847,42842,-9999.0
42847,42857,42852,-9999.0
42857,42867,42862,-9999.0
42867,42877,42872,-9999.0
42877,42887,42882,-9999.0
42887,42897,42892,-9999.0
42897,42907,42902,-9999.0
42907,42917,42912,-9999.0
42917,42927,42922,-9999.0
42927,42937,42932,-9999.0
42937,42947,42942,-9999.0
42947,42957,42952,-9999.0
42957,42967,42962,-9999.0
42967,42977,42972,-9999.0
42977,42987,42982,-9999.0
42987,42997,42992,-9999.0
42997,43007,43002,-9999.0
43007,43017,43012,-9999.0
43017,43027,43022,-9999.0
43027,43037,43032,-9999.0
43037,43047,43042,-9999.0
43047,43057,43052,-9999.0
43057,43067,43062,-9999.0
43067,43077,43072,-9999.0
43077,43087,43082,-9999.0
43087,43097,43092,34.0
43097,43107,43102,14.2
43107,43117,43112,12.5
43117,43127,43122,17.3
43127,43137,43132,16.1
43137,43147,43142,19.0
43147,43157,43152,8.2
43157,43167,43162,13.4
43167,43177,43172,9.3
43177,43187,43182,9.2
43187,43197,43192,16.1
43197,43207,43202,9.8
43207,43217,43212,24.6
43217,43227,43222,12.7
43227,43237,43232,27.0
43237,43247,43242,12.5
43247,43257,43252,11.3
43257,43267,43262,9.6
43267,43277,43272,7.8
43277,43287,43282,14.7
43287,43297,43292,6.9
43297,43307,43302,5.1
43307,43317,43312,10.2
43317,43327,43322,14.7
43327,43337,43332,6.7
43337,43347,43342,6.3
43347,43357,43352,13.1
43357,43367,43362,7.5
43367,43377,43372,9.1
43377,43387,43382,12.0
43387,43397,43392,7.2
43397,43407,43402,26.4
43407,43417,43412,7.9
43417,43427,43422,6.2
43427,43437,43432,8.3
43437,43447,43442,8.1
43447,43457,43452,6.5
43457,43467,43462,4.5
43467,43477,43472,4.6
43477,43487,43482,3.5
43487,43497,43492,3.0
43497,43507,43502,9.5
43507,43517,43512,5.2
43517,43527,43522,5.6
43527,43537,43532,10.2
43537,43547,43542,10.8
43547,43557,43552,7.9
43557,43567,43562,8.5
43567,43577,43572,14.6
43577,43587,43582,16.0
43587,43597,43592,4.2
43597,43607,43602,10.7
43607,43617,43612,12.9
43617,43627,43622,13.5
43627,43637,43632,6.2
43637,43647,43642,8.8
43647,43657,43652,3.2
43657,43667,43662,8.5
43667,43677,43672,3.6
43677,43687,43682,9.3
43687,43697,43692,6.1
43697,43707,43702,4.3
43707,43717,43712,3.6
43717,43727,43722,6.9
43727,43737,43732,13.5
43737,43747,43742,10.2
43747,43757,43752,10.1
43757,43767,43762,8.2
43767,43777,43772,10.0
43777,43787,43782,6.7
43787,43797,43792,15.7
43797,43807,43802,11.4
43807,43817,43812,8.8
43817,43827,43822,7.1
43827,43837,43832,6.0
43837,43847,43842,7.0
43847,43857,43852,12.2
43857,43867,43862,11.0
43867,43877,43872,8.2
43877,43887,43882,5.9
43887,43897,43892,12.3
43897,43907,43902,9.9
43907,43917,43912,11.5
43917,43927,43922,24.9
43927,43937,43932,12.3
43937,43947,43942,18.2
43947,43957,43952,7.8
43957,43967,43962,8.6
43967,43977,43972,10.8
43977,43987,43982,9.9
43987,43997,43992,10.5
43997,44007,44002,13.8
44007,44017,44012,6.1
44017,44027,44022,17.6
44027,44037,44032,14.0
44037,44047,44042,7.9
44047,44057,44052,23.8
44057,44067,44062,13.6
44067,44077,44072,9.6
44077,44087,44082,7.9
44087,44097,44092,14.1
44097,44107,44102,10.0
44107,44117,44112,7.3
44117,44127,44122,11.5
44127,44137,44132,26.3
44137,44147,44142,15.0
44147,44157,44152,20.9
44157,44167,44162,13.4
44167,44177,44172,48.0
44177,44187,44182,25.3
44187,44197,44192,31.7
44197,44207,44202,27.8
44207,44217,44212,15.8
44217,44227,44222,19.3
44227,44237,44232,41.3
44237,44247,44242,17.5
44247,44257,44252,23.6
44257,44267,44262,36.3
44267,44277,44272,21.9
44277,44287,44282,18.7
44287,44297,44292,16.3
44297,44307,44302,18.7
44307,44317,44312,19.5
44317,44327,44322,10.0
44327,44337,44332,15.6
44337,44347,44342,30.4
44347,44357,44352,16.9
44357,44367,44362,14.2
44367,44377,44372,13.1
44377,44387,44382,12.8
44387,44397,44392,25.2
44397,44407,44402,20.8
44407,44417,44412,11.3
44417,44427,44422,15.8
44427,44437,44432,26.1
44437,44447,44442,16.3
44447,44457,44452,15.2
44457,44467,44462,22.6
44467,44477,44472,36.3
44477,44487,44482,25.0
44487,44497,44492,19.4
44497,44507,44502,17.1
44507,44517,44512,20.4
44517,44527,44522,10.1
44527,44537,44532,39.9
44537,44547,44542,22.5
44547,44557,44552,11.8
44557,44567,44562,16.9
44567,44577,44572,23.9
44577,44587,44582,15.6
44587,44597,44592,26.7
44597,44607,44602,58.8
44607,44617,44612,41.8
44617,44627,44622,11.4
44627,44637,44632,13.7
44637,44647,44642,35.6
44647,44657,44652,19.7
44657,44667,44662,24.2
44667,44677,44672,12.9
44677,44687,44682,13.7
44687,44697,44692,30.1
44697,44707,44702,19.1
44707,44717,44712,20.1
44717,44727,44722,18.1
44727,44737,44732,17.4
44737,44747,44742,9.5
44747,44757,44752,16.8
44757,44767,44762,27.9
44767,44777,44772,24.5
44777,44787,44782,10.5
44787,44797,44792,28.2
44797,44807,44802,33.6
44807,44817,44812,26.3
44817,44827,44822,20.3
44827,44837,44832,12.8
44837,44847,44842,16.6
44847,44857,44852,14.7
44857,44867,44862,14.2
44867,44877,44872,17.5
44877,44887,44882,21.2
44887,44897,44892,10.2
44897,44907,44902,31.0
44907,44917,44912,19.0
44917,44927,44922,23.1
44927,44937,44932,16.8
44937,44947,44942,11.0
44947,44957,44952,26.2
44957,44967,44962,14.2
44967,44977,44972,17.9
44977,44987,44982,13.1
44987,44997,44992,14.3
44997,45007,45002,28.8
45007,45017,45012,9.6
45017,45027,45022,14.9
45027,45037,45032,12.2
45037,45047,45042,15.7
45047,45057,45052,9.8
45057,45067,45062,29.6
45067,45077,45072,13.6
45077,45087,45082,12.8
45087,45097,45092,8.3
45097,45107,45102,18.7
45107,45117,45112,18.8
45117,45127,45122,8.2
45127,45137,45132,10.3
45137,45147,45142,12.8
45147,45157,45152,12.4
45157,45167,45162,12.6
45167,45177,45172,13.3
45177,45187,45182,13.9
45187,45197,45192,4.9
45197,45207,45202,5.3
45207,45217,45212,6.9
45217,45227,45222,8.2
45227,45237,45232,6.4
45237,45247,45242,11.5
45247,45257,45252,9.5
45257,45267,45262,6.7
45267,45277,45272,6.1
45277,45287,45282,12.6
45287,45297,45292,4.2
45297,45307,45302,7.1
45307,45317,45312,9.6
45317,45327,45322,8.7
45327,45337,45332,9.6
45337,45347,45342,3.0
45347,45357,45352,14.8
45357,45367,45362,22.8
45367,45377,45372,4.9
45377,45387,45382,4.5
45387,45397,45392,10.0
45397,45407,45402,10.2
45407,45417,45412,14.3
45417,45427,45422,9.8
