NASA Data Processing/NAAMES(2015)/SP2/NAAMES-LARGE-SP2_C130_20151118_R0.ict
36, 1001
Bruce Anderson
NASA Langley Research Center
Single Particle Soot Photometer, DMT
NAAMES-1
1, 1
2015, 11, 18, 2016, 12, 01
0
UTC_start, seconds_past_midnight,  start_time_in_UTC
3
1, 1, 1
-9999, -9999, -9999
UTC_end, seconds_past_midnight, end_time_in_UTC
UTC_mid, seconds_past_midnight, mid_time_in_UTC
BC_mass, ng/m3, mass_concentration_of_black_carbon_aerosol
1
N/A
18
PI_CONTACT_INFO: 21 Langley Blvd, Hampton, VA 23681
PLATFORM: NASA WFF C130
LOCATION: North Atlantic Ocean
ASSOCIATED_DATA: N/A
INSTRUMENT_INFO: Calibrated using fullerene soot aerosol and polynomial mass/response fit. 
DATA_INFO: Data corrected to STP (760 torr and 273K). Measurements apply to black carbon particles with diameter between 105 and 600nm. Mass outside this range is accounted for using a log-normal fit to flight-averaged data.
UNCERTAINTY: 10%
ULOD_FLAG: -7777
ULOD_VALUE: N/A
LLOD_FLAG: -8888
LLOD_VALUE: N/A
DM_CONTACT_INFO: Luke D. Ziemba, luke.ziemba@nasa.gov, (757)864-6246
PROJECT_INFO: NAAMES Fall Deployment, November 2015
STIPULATIONS_ON_USE: Users are strongly encouraged to contact PI.
OTHER_COMMENTS: Data affected by cloud penetration artifacts have not been removed.  Please see the LARGE cloud flag to remove these data.
REVISION: R0
none
UTC_start, UTC_end, UTC_mid, BC_mass
42187,42197,42192,-9999.0
42197,42207,42202,-9999.0
42207,42217,42212,-9999.0
42217,42227,42222,-9999.0
42227,42237,42232,-9999.0
42237,42247,42242,-9999.0
42247,42257,42252,-9999.0
42257,42267,42262,-9999.0
42267,42277,42272,-9999.0
42277,42287,42282,-9999.0
42287,42297,42292,-9999.0
42297,42307,42302,-9999.0
42307,42317,42312,-9999.0
42317,42327,42322,-9999.0
42327,42337,42332,-9999.0
42337,42347,42342,-9999.0
42347,42357,42352,-9999.0
42357,42367,42362,-9999.0
42367,42377,42372,-9999.0
42377,42387,42382,-9999.0
42387,42397,42392,-9999.0
42397,42407,42402,-9999.0
42407,42417,42412,-9999.0
42417,42427,42422,-9999.0
42427,42437,42432,-9999.0
42437,42447,42442,-9999.0
42447,42457,42452,-9999.0
42457,42467,42462,-9999.0
42467,42477,42472,-9999.0
42477,42487,42482,-9999.0
42487,42497,42492,-9999.0
42497,42507,42502,-9999.0
42507,42517,42512,-9999.0
42517,42527,42522,-9999.0
42527,42537,42532,-9999.0
42537,42547,42542,-9999.0
42547,42557,42552,-9999.0
42557,42567,42562,-9999.0
42567,42577,42572,-9999.0
42577,42587,42582,-9999.0
42587,42597,42592,-9999.0
42597,42607,42602,-9999.0
42607,42617,42612,-9999.0
42617,42627,42622,-9999.0
42627,42637,42632,-9999.0
42637,42647,42642,-9999.0
42647,42657,42652,-9999.0
42657,42667,42662,-9999.0
42667,42677,42672,-9999.0
42677,42687,42682,-9999.0
42687,42697,42692,-9999.0
42697,42707,42702,-9999.0
42707,42717,42712,-9999.0
42717,42727,42722,-9999.0
42727,42737,42732,-9999.0
42737,42747,42742,-9999.0
42747,42757,42752,-9999.0
42757,42767,42762,-9999.0
42767,42777,42772,-9999.0
42777,42787,42782,-9999.0
42787,42797,42792,-9999.0
42797,42807,42802,-9999.0
42807,42817,42812,-9999.0
42817,42827,42822,-9999.0
42827,42837,42832,-9999.0
42837,42847,42842,-9999.0
42847,42857,42852,-9999.0
42857,42867,42862,-9999.0
42867,42877,42872,-9999.0
42877,42887,42882,-9999.0
42887,42897,42892,-9999.0
42897,42907,42902,-9999.0
42907,42917,42912,-9999.0
42917,42927,42922,-9999.0
42927,42937,42932,-9999.0
42937,42947,42942,-9999.0
42947,42957,42952,-9999.0
42957,42967,42962,-9999.0
42967,42977,42972,-9999.0
42977,42987,42982,-9999.0
42987,42997,42992,-9999.0
42997,43007,43002,-9999.0
43007,43017,43012,-9999.0
43017,43027,43022,-9999.0
43027,43037,43032,-9999.0
43037,43047,43042,-9999.0
43047,43057,43052,-9999.0
43057,43067,43062,-9999.0
43067,43077,43072,-9999.0
43077,43087,43082,-9999.0
43087,43097,43092,-9999.0
43097,43107,43102,-9999.0
43107,43117,43112,-9999.0
43117,43127,43122,-9999.0
43127,43137,43132,-9999.0
43137,43147,43142,-9999.0
43147,43157,43152,-9999.0
43157,43167,43162,-9999.0
43167,43177,43172,-9999.0
43177,43187,43182,-9999.0
43187,43197,43192,-9999.0
43197,43207,43202,-9999.0
43207,43217,43212,-9999.0
43217,43227,43222,-9999.0
43227,43237,43232,-9999.0
43237,43247,43242,-9999.0
43247,43257,43252,-9999.0
43257,43267,43262,-9999.0
43267,43277,43272,-9999.0
43277,43287,43282,-9999.0
43287,43297,43292,-9999.0
43297,43307,43302,-9999.0
43307,43317,43312,-9999.0
43317,43327,43322,-9999.0
43327,43337,43332,-9999.0
43337,43347,43342,-9999.0
43347,43357,43352,-9999.0
43357,43367,43362,-9999.0
43367,43377,43372,-9999.0
43377,43387,43382,-9999.0
43387,43397,43392,-9999.0
43397,43407,43402,-9999.0
43407,43417,43412,-9999.0
43417,43427,43422,-9999.0
43427,43437,43432,-9999.0
43437,43447,43442,-9999.0
43447,43457,43452,-9999.0
43457,43467,43462,-9999.0
43467,43477,43472,-9999.0
43477,43487,43482,-9999.0
43487,43497,43492,-9999.0
43497,43507,43502,-9999.0
43507,43517,43512,-9999.0
43517,43527,43522,-9999.0
43527,43537,43532,-9999.0
43537,43547,43542,-9999.0
43547,43557,43552,-9999.0
43557,43567,43562,-9999.0
43567,43577,43572,-9999.0
43577,43587,43582,-9999.0
43587,43597,43592,-9999.0
43597,43607,43602,-9999.0
43607,43617,43612,-9999.0
43617,43627,43622,-9999.0
43627,43637,43632,-9999.0
43637,43647,43642,-9999.0
43647,43657,43652,-9999.0
43657,43667,43662,-9999.0
43667,43677,43672,-9999.0
43677,43687,43682,-9999.0
43687,43697,43692,-9999.0
43697,43707,43702,-9999.0
43707,43717,43712,-9999.0
43717,43727,43722,-9999.0
43727,43737,43732,-9999.0
43737,43747,43742,-9999.0
43747,43757,43752,-9999.0
43757,43767,43762,-9999.0
43767,43777,43772,-9999.0
43777,43787,43782,-9999.0
43787,43797,43792,-9999.0
43797,43807,43802,-9999.0
43807,43817,43812,-9999.0
43817,43827,43822,-9999.0
43827,43837,43832,-9999.0
43837,43847,43842,-9999.0
43847,43857,43852,-9999.0
43857,43867,43862,-9999.0
43867,43877,43872,-9999.0
43877,43887,43882,-9999.0
43887,43897,43892,-9999.0
43897,43907,43902,-9999.0
43907,43917,43912,-9999.0
43917,43927,43922,-9999.0
43927,43937,43932,-9999.0
43937,43947,43942,-9999.0
43947,43957,43952,-9999.0
43957,43967,43962,-9999.0
43967,43977,43972,-9999.0
43977,43987,43982,-9999.0
43987,43997,43992,-9999.0
43997,44007,44002,-9999.0
44007,44017,44012,-9999.0
44017,44027,44022,-9999.0
44027,44037,44032,-9999.0
44037,44047,44042,-9999.0
44047,44057,44052,-9999.0
44057,44067,44062,-9999.0
44067,44077,44072,-9999.0
44077,44087,44082,-9999.0
44087,44097,44092,-9999.0
44097,44107,44102,-9999.0
44107,44117,44112,-9999.0
44117,44127,44122,-9999.0
44127,44137,44132,-9999.0
44137,44147,44142,-9999.0
44147,44157,44152,-9999.0
44157,44167,44162,-9999.0
44167,44177,44172,-9999.0
44177,44187,44182,-9999.0
44187,44197,44192,-9999.0
44197,44207,44202,-9999.0
44207,44217,44212,-9999.0
44217,44227,44222,-9999.0
44227,44237,44232,-9999.0
44237,44247,44242,-9999.0
44247,44257,44252,-9999.0
44257,44267,44262,-9999.0
44267,44277,44272,-9999.0
44277,44287,44282,-9999.0
44287,44297,44292,-9999.0
44297,44307,44302,-9999.0
44307,44317,44312,-9999.0
44317,44327,44322,-9999.0
44327,44337,44332,-9999.0
44337,44347,44342,-9999.0
44347,44357,44352,-9999.0
44357,44367,44362,-9999.0
44367,44377,44372,-9999.0
44377,44387,44382,-9999.0
44387,44397,44392,-9999.0
44397,44407,44402,-9999.0
44407,44417,44412,-9999.0
44417,44427,44422,-9999.0
44427,44437,44432,-9999.0
44437,44447,44442,-9999.0
44447,44457,44452,-9999.0
44457,44467,44462,-9999.0
44467,44477,44472,-9999.0
44477,44487,44482,-9999.0
44487,44497,44492,-9999.0
44497,44507,44502,-9999.0
44507,44517,44512,-9999.0
44517,44527,44522,-9999.0
44527,44537,44532,-9999.0
44537,44547,44542,-9999.0
44547,44557,44552,-9999.0
44557,44567,44562,-9999.0
44567,44577,44572,-9999.0
44577,44587,44582,-9999.0
44587,44597,44592,-9999.0
44597,44607,44602,-9999.0
44607,44617,44612,-9999.0
44617,44627,44622,-9999.0
44627,44637,44632,-9999.0
44637,44647,44642,-9999.0
44647,44657,44652,-9999.0
44657,44667,44662,-9999.0
44667,44677,44672,-9999.0
44677,44687,44682,-9999.0
44687,44697,44692,-9999.0
44697,44707,44702,-9999.0
44707,44717,44712,-9999.0
44717,44727,44722,-9999.0
44727,44737,44732,-9999.0
44737,44747,44742,-9999.0
44747,44757,44752,-9999.0
44757,44767,44762,-9999.0
44767,44777,44772,-9999.0
44777,44787,44782,-9999.0
44787,44797,44792,-9999.0
44797,44807,44802,-9999.0
44807,44817,44812,-9999.0
44817,44827,44822,-9999.0
44827,44837,44832,-9999.0
44837,44847,44842,-9999.0
44847,44857,44852,-9999.0
44857,44867,44862,-9999.0
44867,44877,44872,-9999.0
44877,44887,44882,-9999.0
44887,44897,44892,-9999.0
44897,44907,44902,-9999.0
44907,44917,44912,-9999.0
44917,44927,44922,-9999.0
44927,44937,44932,-9999.0
44937,44947,44942,-9999.0
44947,44957,44952,-9999.0
44957,44967,44962,-9999.0
44967,44977,44972,-9999.0
44977,44987,44982,-9999.0
44987,44997,44992,-9999.0
44997,45007,45002,-9999.0
45007,45017,45012,-9999.0
45017,45027,45022,-9999.0
45027,45037,45032,-9999.0
45037,45047,45042,-9999.0
45047,45057,45052,-9999.0
45057,45067,45062,-9999.0
45067,45077,45072,-9999.0
45077,45087,45082,-9999.0
45087,45097,45092,-9999.0
45097,45107,45102,-9999.0
45107,45117,45112,-9999.0
45117,45127,45122,-9999.0
45127,45137,45132,-9999.0
45137,45147,45142,-9999.0
45147,45157,45152,-9999.0
45157,45167,45162,-9999.0
45167,45177,45172,-9999.0
45177,45187,45182,-9999.0
45187,45197,45192,-9999.0
45197,45207,45202,-9999.0
45207,45217,45212,-9999.0
45217,45227,45222,-9999.0
45227,45237,45232,-9999.0
45237,45247,45242,-9999.0
45247,45257,45252,-9999.0
45257,45267,45262,-9999.0
45267,45277,45272,-9999.0
45277,45287,45282,-9999.0
45287,45297,45292,-9999.0
45297,45307,45302,-9999.0
45307,45317,45312,-9999.0
45317,45327,45322,-9999.0
45327,45337,45332,-9999.0
45337,45347,45342,-9999.0
45347,45357,45352,-9999.0
45357,45367,45362,-9999.0
45367,45377,45372,-9999.0
45377,45387,45382,-9999.0
45387,45397,45392,-9999.0
45397,45407,45402,-9999.0
45407,45417,45412,-9999.0
45417,45427,45422,-9999.0
45427,45437,45432,-9999.0
45437,45447,45442,-9999.0
45447,45457,45452,-9999.0
45457,45467,45462,-9999.0
45467,45477,45472,-9999.0
45477,45487,45482,-9999.0
45487,45497,45492,-9999.0
45497,45507,45502,-9999.0
45507,45517,45512,-9999.0
45517,45527,45522,-9999.0
45527,45537,45532,-9999.0
45537,45547,45542,-9999.0
45547,45557,45552,-9999.0
45557,45567,45562,-9999.0
45567,45577,45572,-9999.0
45577,45587,45582,-9999.0
45587,45597,45592,-9999.0
45597,45607,45602,-9999.0
45607,45617,45612,-9999.0
45617,45627,45622,-9999.0
45627,45637,45632,-9999.0
45637,45647,45642,-9999.0
45647,45657,45652,-9999.0
45657,45667,45662,-9999.0
45667,45677,45672,-9999.0
45677,45687,45682,-9999.0
45687,45697,45692,-9999.0
45697,45707,45702,-9999.0
45707,45717,45712,-9999.0
45717,45727,45722,-9999.0
45727,45737,45732,-9999.0
45737,45747,45742,-9999.0
45747,45757,45752,-9999.0
45757,45767,45762,-9999.0
45767,45777,45772,-9999.0
45777,45787,45782,-9999.0
45787,45797,45792,-9999.0
45797,45807,45802,-9999.0
45807,45817,45812,-9999.0
45817,45827,45822,-9999.0
45827,45837,45832,-9999.0
45837,45847,45842,-9999.0
45847,45857,45852,-9999.0
45857,45867,45862,-9999.0
45867,45877,45872,-9999.0
45877,45887,45882,-9999.0
45887,45897,45892,-9999.0
45897,45907,45902,-9999.0
45907,45917,45912,-9999.0
45917,45927,45922,-9999.0
45927,45937,45932,-9999.0
45937,45947,45942,-9999.0
45947,45957,45952,-9999.0
45957,45967,45962,-9999.0
45967,45977,45972,-9999.0
45977,45987,45982,-9999.0
45987,45997,45992,-9999.0
45997,46007,46002,-9999.0
46007,46017,46012,-9999.0
46017,46027,46022,-9999.0
46027,46037,46032,-9999.0
46037,46047,46042,-9999.0
46047,46057,46052,-9999.0
46057,46067,46062,-9999.0
46067,46077,46072,-9999.0
46077,46087,46082,-9999.0
46087,46097,46092,-9999.0
46097,46107,46102,-9999.0
46107,46117,46112,-9999.0
46117,46127,46122,-9999.0
46127,46137,46132,-9999.0
46137,46147,46142,-9999.0
46147,46157,46152,-9999.0
46157,46167,46162,-9999.0
46167,46177,46172,-9999.0
46177,46187,46182,-9999.0
46187,46197,46192,-9999.0
46197,46207,46202,-9999.0
46207,46217,46212,-9999.0
46217,46227,46222,-9999.0
46227,46237,46232,-9999.0
46237,46247,46242,-9999.0
46247,46257,46252,-9999.0
46257,46267,46262,-9999.0
46267,46277,46272,-9999.0
46277,46287,46282,-9999.0
46287,46297,46292,-9999.0
46297,46307,46302,-9999.0
46307,46317,46312,-9999.0
46317,46327,46322,-9999.0
46327,46337,46332,-9999.0
46337,46347,46342,-9999.0
46347,46357,46352,-9999.0
46357,46367,46362,-9999.0
46367,46377,46372,-9999.0
46377,46387,46382,-9999.0
46387,46397,46392,-9999.0
46397,46407,46402,-9999.0
46407,46417,46412,-9999.0
46417,46427,46422,-9999.0
46427,46437,46432,-9999.0
46437,46447,46442,-9999.0
46447,46457,46452,-9999.0
46457,46467,46462,-9999.0
46467,46477,46472,-9999.0
46477,46487,46482,-9999.0
46487,46497,46492,-9999.0
46497,46507,46502,-9999.0
46507,46517,46512,-9999.0
46517,46527,46522,-9999.0
46527,46537,46532,-9999.0
46537,46547,46542,-9999.0
46547,46557,46552,-9999.0
46557,46567,46562,-9999.0
46567,46577,46572,-9999.0
46577,46587,46582,-9999.0
46587,46597,46592,-9999.0
46597,46607,46602,-9999.0
46607,46617,46612,-9999.0
46617,46627,46622,-9999.0
46627,46637,46632,-9999.0
46637,46647,46642,-9999.0
46647,46657,46652,-9999.0
46657,46667,46662,-9999.0
46667,46677,46672,-9999.0
46677,46687,46682,-9999.0
46687,46697,46692,-9999.0
46697,46707,46702,-9999.0
46707,46717,46712,-9999.0
46717,46727,46722,-9999.0
46727,46737,46732,-9999.0
46737,46747,46742,-9999.0
46747,46757,46752,-9999.0
46757,46767,46762,-9999.0
46767,46777,46772,-9999.0
46777,46787,46782,-9999.0
46787,46797,46792,-9999.0
46797,46807,46802,-9999.0
46807,46817,46812,-9999.0
46817,46827,46822,-9999.0
46827,46837,46832,-9999.0
46837,46847,46842,-9999.0
46847,46857,46852,-9999.0
46857,46867,46862,-9999.0
46867,46877,46872,-9999.0
46877,46887,46882,-9999.0
46887,46897,46892,-9999.0
46897,46907,46902,-9999.0
46907,46917,46912,-9999.0
46917,46927,46922,-9999.0
46927,46937,46932,-9999.0
46937,46947,46942,-9999.0
46947,46957,46952,-9999.0
46957,46967,46962,-9999.0
46967,46977,46972,12.5
46977,46987,46982,2.0
46987,46997,46992,7.8
46997,47007,47002,4.4
47007,47017,47012,6.1
47017,47027,47022,11.2
47027,47037,47032,4.8
47037,47047,47042,4.4
47047,47057,47052,6.0
47057,47067,47062,6.3
47067,47077,47072,4.9
47077,47087,47082,5.5
47087,47097,47092,6.1
47097,47107,47102,7.4
47107,47117,47112,3.5
47117,47127,47122,2.2
47127,47137,47132,3.5
47137,47147,47142,4.1
47147,47157,47152,8.1
47157,47167,47162,3.3
47167,47177,47172,3.6
47177,47187,47182,3.6
47187,47197,47192,6.0
47197,47207,47202,3.1
47207,47217,47212,4.1
47217,47227,47222,3.5
47227,47237,47232,5.9
47237,47247,47242,4.0
47247,47257,47252,4.6
47257,47267,47262,2.1
47267,47277,47272,2.4
47277,47287,47282,5.0
47287,47297,47292,9.8
47297,47307,47302,3.0
47307,47317,47312,4.5
47317,47327,47322,5.0
47327,47337,47332,4.5
47337,47347,47342,6.7
47347,47357,47352,3.3
47357,47367,47362,5.6
47367,47377,47372,3.9
47377,47387,47382,9.7
47387,47397,47392,3.5
47397,47407,47402,3.3
47407,47417,47412,4.1
47417,47427,47422,3.5
47427,47437,47432,4.7
47437,47447,47442,2.5
47447,47457,47452,5.7
47457,47467,47462,4.8
47467,47477,47472,3.6
47477,47487,47482,3.2
47487,47497,47492,4.3
47497,47507,47502,4.5
47507,47517,47512,6.5
47517,47527,47522,4.5
47527,47537,47532,6.4
47537,47547,47542,5.3
47547,47557,47552,5.7
47557,47567,47562,8.4
47567,47577,47572,1.0
47577,47587,47582,2.2
47587,47597,47592,2.4
47597,47607,47602,1.1
47607,47617,47612,3.9
47617,47627,47622,2.1
47627,47637,47632,1.1
47637,47647,47642,1.3
47647,47657,47652,2.7
47657,47667,47662,0.4
47667,47677,47672,1.7
47677,47687,47682,0.8
47687,47697,47692,1.2
47697,47707,47702,2.4
47707,47717,47712,1.2
47717,47727,47722,0.1
47727,47737,47732,1.5
47737,47747,47742,0.2
47747,47757,47752,1.0
47757,47767,47762,1.8
47767,47777,47772,1.0
47777,47787,47782,0.8
47787,47797,47792,0.9
47797,47807,47802,0.9
47807,47817,47812,0.7
47817,47827,47822,1.3
47827,47837,47832,1.2
47837,47847,47842,3.0
47847,47857,47852,0.9
47857,47867,47862,0.9
47867,47877,47872,0.9
47877,47887,47882,1.4
47887,47897,47892,1.8
47897,47907,47902,2.6
47907,47917,47912,1.4
47917,47927,47922,0.3
47927,47937,47932,2.4
47937,47947,47942,3.6
47947,47957,47952,3.1
47957,47967,47962,2.2
47967,47977,47972,8.3
47977,47987,47982,3.2
47987,47997,47992,2.8
47997,48007,48002,0.8
48007,48017,48012,1.6
48017,48027,48022,0.5
48027,48037,48032,1.3
48037,48047,48042,1.6
48047,48057,48052,0.6
48057,48067,48062,1.6
48067,48077,48072,0.7
48077,48087,48082,2.2
48087,48097,48092,3.1
48097,48107,48102,2.0
48107,48117,48112,3.2
48117,48127,48122,1.1
48127,48137,48132,0.8
48137,48147,48142,0.4
48147,48157,48152,5.9
48157,48167,48162,1.7
48167,48177,48172,4.8
48177,48187,48182,2.0
48187,48197,48192,1.3
48197,48207,48202,3.5
48207,48217,48212,0.1
48217,48227,48222,1.3
48227,48237,48232,4.1
48237,48247,48242,1.4
48247,48257,48252,1.6
48257,48267,48262,2.0
48267,48277,48272,1.1
48277,48287,48282,1.4
48287,48297,48292,6.2
48297,48307,48302,3.0
48307,48317,48312,2.6
48317,48327,48322,2.1
48327,48337,48332,4.0
48337,48347,48342,3.2
48347,48357,48352,1.4
48357,48367,48362,0.7
48367,48377,48372,0.8
48377,48387,48382,0.0
48387,48397,48392,1.3
48397,48407,48402,1.9
48407,48417,48412,1.4
48417,48427,48422,1.2
48427,48437,48432,1.2
48437,48447,48442,1.5
48447,48457,48452,0.3
48457,48467,48462,0.7
48467,48477,48472,2.2
48477,48487,48482,0.6
48487,48497,48492,2.6
48497,48507,48502,0.2
48507,48517,48512,1.2
48517,48527,48522,1.3
48527,48537,48532,1.1
48537,48547,48542,0.3
48547,48557,48552,1.1
48557,48567,48562,0.7
48567,48577,48572,0.3
48577,48587,48582,1.9
