NASA Data Processing/NAAMES(2015)/SP2/NAAMES-LARGE-SP2_C130_20151114_R0.ict
36, 1001
Bruce Anderson
NASA Langley Research Center
Single Particle Soot Photometer, DMT
NAAMES-1
1, 1
2015, 11, 14, 2016, 12, 01
0
UTC_start, seconds_past_midnight,    start_time_in_UTC
3
1, 1, 1
-9999, -9999, -9999
UTC_end, seconds_past_midnight, end_time_in_UTC
UTC_mid, seconds_past_midnight, mid_time_in_UTC
BC_mass, ng/m3, mass_concentration_of_black_carbon_aerosol
1
N/A
18
PI_CONTACT_INFO: 21 Langley Blvd, Hampton, VA 23681
PLATFORM: NASA WFF C130
LOCATION: North Atlantic Ocean
ASSOCIATED_DATA: N/A
INSTRUMENT_INFO: Calibrated using fullerene soot aerosol and polynomial mass/response fit. 
DATA_INFO: Data corrected to STP (760 torr and 273K). Measurements apply to black carbon particles with diameter between 105 and 600nm. Mass outside this range is accounted for using a log-normal fit to flight-averaged data.
UNCERTAINTY: 10%
ULOD_FLAG: -7777
ULOD_VALUE: N/A
LLOD_FLAG: -8888
LLOD_VALUE: N/A
DM_CONTACT_INFO: Luke D. Ziemba, luke.ziemba@nasa.gov, (757)864-6246
PROJECT_INFO: NAAMES Fall Deployment, November 2015
STIPULATIONS_ON_USE: Users are strongly encouraged to contact PI.
OTHER_COMMENTS: Data affected by cloud penetration artifacts have not been removed.  Please see the LARGE cloud flag to remove these data.
REVISION: R0
none
UTC_start, UTC_end, UTC_mid, BC_mass
[from data line 1423]
52087,52097,52092,5.9
52097,52107,52102,5.3
52107,52117,52112,8.5
52117,52127,52122,8.1
52127,52137,52132,4.8
52137,52147,52142,4.6
52147,52157,52152,15.2
52157,52167,52162,5.3
52167,52177,52172,10.5
52177,52187,52182,17.6
52187,52197,52192,6.0
52197,52207,52202,9.8
52207,52217,52212,12.1
52217,52227,52222,8.4
52227,52237,52232,10.8
52237,52247,52242,15.2
52247,52257,52252,12.3
52257,52267,52262,18.1
52267,52277,52272,13.5
52277,52287,52282,18.9
52287,52297,52292,12.8
52297,52307,52302,19.1
52307,52317,52312,11.9
52317,52327,52322,11.1
52327,52337,52332,14.5
52337,52347,52342,14.8
52347,52357,52352,13.8
52357,52367,52362,9.6
52367,52377,52372,7.3
52377,52387,52382,9.9
52387,52397,52392,9.6
52397,52407,52402,15.6
52407,52417,52412,17.6
52417,52427,52422,16.2
52427,52437,52432,7.6
52437,52447,52442,20.8
52447,52457,52452,16.7
52457,52467,52462,21.3
52467,52477,52472,13.3
52477,52487,52482,18.3
52487,52497,52492,12.0
52497,52507,52502,9.5
52507,52517,52512,9.2
52517,52527,52522,6.5
52527,52537,52532,16.8
52537,52547,52542,7.8
52547,52557,52552,9.9
52557,52567,52562,12.2
52567,52577,52572,11.0
52577,52587,52582,14.2
52587,52597,52592,8.6
52597,52607,52602,10.8
52607,52617,52612,10.6
52617,52627,52622,8.3
52627,52637,52632,5.8
52637,52647,52642,8.9
52647,52657,52652,9.4
52657,52667,52662,6.0
52667,52677,52672,8.9
52677,52687,52682,8.0
52687,52697,52692,7.9
52697,52707,52702,9.0
52707,52717,52712,5.9
52717,52727,52722,14.2
52727,52737,52732,6.8
52737,52747,52742,6.5
52747,52757,52752,11.4
52757,52767,52762,6.7
52767,52777,52772,10.2
52777,52787,52782,3.6
52787,52797,52792,18.0
52797,52807,52802,12.8
52807,52817,52812,8.7
52817,52827,52822,8.5
52827,52837,52832,11.2
52837,52847,52842,5.7
52847,52857,52852,7.9
52857,52867,52862,10.0
52867,52877,52872,9.3
52877,52887,52882,15.5
52887,52897,52892,18.2
52897,52907,52902,10.2
52907,52917,52912,13.3
52917,52927,52922,12.3
52927,52937,52932,12.1
52937,52947,52942,10.6
52947,52957,52952,16.5
52957,52967,52962,11.2
52967,52977,52972,5.7
52977,52987,52982,4.8
52987,52997,52992,14.5
52997,53007,53002,7.0
53007,53017,53012,14.1
53017,53027,53022,7.5
53027,53037,53032,8.1
53037,53047,53042,19.9
53047,53057,53052,15.4
53057,53067,53062,29.5
53067,53077,53072,22.4
53077,53087,53082,21.1
53087,53097,53092,10.8
53097,53107,53102,5.0
53107,53117,53112,6.2
53117,53127,53122,4.2
53127,53137,53132,3.7
53137,53147,53142,8.4
53147,53157,53152,12.0
53157,53167,53162,12.3
53167,53177,53172,7.5
53177,53187,53182,15.0
53187,53197,53192,7.6
53197,53207,53202,12.2
53207,53217,53212,3.1
53217,53227,53222,6.3
53227,53237,53232,12.2
53237,53247,53242,9.1
53247,53257,53252,9.4
53257,53267,53262,9.4
53267,53277,53272,6.2
53277,53287,53282,7.9
53287,53297,53292,6.8
53297,53307,53302,4.8
53307,53317,53312,5.7
53317,53327,53322,8.3
53327,53337,53332,6.8
53337,53347,53342,7.5
53347,53357,53352,5.9
53357,53367,53362,7.8
53367,53377,53372,7.1
53377,53387,53382,6.6
53387,53397,53392,3.7
53397,53407,53402,13.2
53407,53417,53412,5.3
53417,53427,53422,9.6
53427,53437,53432,6.0
53437,53447,53442,6.8
53447,53457,53452,7.1
53457,53467,53462,4.4
53467,53477,53472,7.8
53477,53487,53482,10.0
53487,53497,53492,6.0
53497,53507,53502,6.2
53507,53517,53512,4.1
53517,53527,53522,5.9
53527,53537,53532,5.6
53537,53547,53542,4.4
53547,53557,53552,7.3
53557,53567,53562,8.6
53567,53577,53572,3.4
53577,53587,53582,6.5
53587,53597,53592,3.1
53597,53607,53602,9.8
53607,53617,53612,5.7
53617,53627,53622,6.7
53627,53637,53632,4.5
53637,53647,53642,4.1
53647,53657,53652,8.8
53657,53667,53662,7.5
53667,53677,53672,6.3
53677,53687,53682,10.7
53687,53697,53692,6.9
53697,53707,53702,6.7
53707,53717,53712,11.0
53717,53727,53722,6.8
53727,53737,53732,4.4
53737,53747,53742,5.6
53747,53757,53752,3.4
53757,53767,53762,4.8
53767,53777,53772,2.2
53777,53787,53782,6.0
53787,53797,53792,4.1
53797,53807,53802,4.7
53807,53817,53812,6.1
53817,53827,53822,4.0
53827,53837,53832,3.7
53837,53847,53842,8.2
53847,53857,53852,7.1
53857,53867,53862,4.4
53867,53877,53872,10.4
53877,53887,53882,12.0
53887,53897,53892,6.4
53897,53907,53902,13.9
53907,53917,53912,14.5
53917,53927,53922,9.6
53927,53937,53932,4.7
53937,53947,53942,6.4
53947,53957,53952,9.0
53957,53967,53962,7.2
53967,53977,53972,8.6
53977,53987,53982,10.4
53987,53997,53992,11.0
53997,54007,54002,7.9
54007,54017,54012,5.5
54017,54027,54022,5.2
54027,54037,54032,9.6
54037,54047,54042,8.8
54047,54057,54052,6.3
54057,54067,54062,3.6
54067,54077,54072,6.4
54077,54087,54082,6.2
54087,54097,54092,7.3
54097,54107,54102,10.7
54107,54117,54112,11.5
54117,54127,54122,15.8
54127,54137,54132,12.1
54137,54147,54142,6.8
54147,54157,54152,9.7
54157,54167,54162,20.7
54167,54177,54172,16.8
54177,54187,54182,12.3
54187,54197,54192,13.0
54197,54207,54202,8.9
54207,54217,54212,4.9
54217,54227,54222,8.7
54227,54237,54232,11.1
54237,54247,54242,8.9
54247,54257,54252,9.5
54257,54267,54262,6.0
54267,54277,54272,12.5
54277,54287,54282,8.8
54287,54297,54292,7.7
54297,54307,54302,9.1
54307,54317,54312,8.6
54317,54327,54322,17.1
54327,54337,54332,8.3
54337,54347,54342,7.3
54347,54357,54352,8.6
54357,54367,54362,14.3
54367,54377,54372,6.7
54377,54387,54382,7.5
54387,54397,54392,3.6
54397,54407,54402,10.7
54407,54417,54412,7.9
54417,54427,54422,6.5
54427,54437,54432,10.7
54437,54447,54442,8.9
54447,54457,54452,6.4
54457,54467,54462,9.6
54467,54477,54472,11.0
54477,54487,54482,2.6
54487,54497,54492,5.8
54497,54507,54502,7.2
54507,54517,54512,9.0
54517,54527,54522,22.3
54527,54537,54532,10.3
54537,54547,54542,3.7
54547,54557,54552,6.1
54557,54567,54562,10.2
54567,54577,54572,2.4
54577,54587,54582,5.4
54587,54597,54592,2.7
54597,54607,54602,8.9
54607,54617,54612,6.8
54617,54627,54622,2.7
54627,54637,54632,4.1
54637,54647,54642,8.7
54647,54657,54652,8.3
54657,54667,54662,3.7
54667,54677,54672,1.6
54677,54687,54682,3.5
54687,54697,54692,3.3
54697,54707,54702,2.4
54707,54717,54712,2.5
54717,54727,54722,3.4
54727,54737,54732,5.2
54737,54747,54742,3.0
54747,54757,54752,6.3
54757,54767,54762,7.4
54767,54777,54772,7.1
54777,54787,54782,8.5
54787,54797,54792,3.9
54797,54807,54802,7.5
54807,54817,54812,7.9
54817,54827,54822,4.3
54827,54837,54832,4.5
54837,54847,54842,1.9
54847,54857,54852,2.1
54857,54867,54862,2.8
54867,54877,54872,2.8
54877,54887,54882,2.3
54887,54897,54892,3.0
54897,54907,54902,2.3
54907,54917,54912,1.6
54917,54927,54922,1.1
54927,54937,54932,2.1
54937,54947,54942,0.0
54947,54957,54952,1.3
54957,54967,54962,3.4
54967,54977,54972,1.2
54977,54987,54982,0.1
54987,54997,54992,0.3
54997,55007,55002,0.8
55007,55017,55012,1.1
55017,55027,55022,0.5
55027,55037,55032,0.1
55037,55047,55042,0.6
55047,55057,55052,0.4
55057,55067,55062,1.9
55067,55077,55072,0.0
55077,55087,55082,0.3
55087,55097,55092,1.5
55097,55107,55102,5.4
55107,55117,55112,0.6
55117,55127,55122,0.9
55127,55137,55132,0.5
55137,55147,55142,0.0
55147,55157,55152,0.0
55157,55167,55162,0.1
55167,55177,55172,0.5
55177,55187,55182,0.5
55187,55197,55192,1.4
55197,55207,55202,3.5
55207,55217,55212,0.4
55217,55227,55222,0.4
55227,55237,55232,4.8
55237,55247,55242,1.2
55247,55257,55252,0.1
55257,55267,55262,0.9
55267,55277,55272,0.0
55277,55287,55282,0.1
55287,55297,55292,0.9
55297,55307,55302,0.0
55307,55317,55312,4.0
55317,55327,55322,0.1
55327,55337,55332,1.6
55337,55347,55342,0.0
55347,55357,55352,0.5
55357,55367,55362,147.7
55367,55377,55372,9.9
55377,55387,55382,0.5
55387,55397,55392,1.5
55397,55407,55402,1.1
55407,55417,55412,6.6
55417,55427,55422,0.0
55427,55437,55432,0.6
55437,55447,55442,0.0
55447,55457,55452,0.5
55457,55467,55462,0.3
55467,55477,55472,0.6
55477,55487,55482,0.2
55487,55497,55492,1.3
55497,55507,55502,0.5
55507,55517,55512,3.1
55517,55527,55522,1.1
55527,55537,55532,0.8
55537,55547,55542,0.5
55547,55557,55552,0.2
55557,55567,55562,0.5
55567,55577,55572,0.2
55577,55587,55582,0.0
55587,55597,55592,0.4
55597,55607,55602,0.3
55607,55617,55612,0.3
55617,55627,55622,0.0
55627,55637,55632,7.5
55637,55647,55642,6.3
55647,55657,55652,0.6
55657,55667,55662,2.8
55667,55677,55672,0.7
55677,55687,55682,0.0
55687,55697,55692,3.2
55697,55707,55702,0.1
55707,55717,55712,0.3
55717,55727,55722,0.4
55727,55737,55732,0.4
55737,55747,55742,0.6
55747,55757,55752,1.1
55757,55767,55762,1.3
55767,55777,55772,0.6
55777,55787,55782,0.2
55787,55797,55792,0.4
55797,55807,55802,1.7
55807,55817,55812,0.4
55817,55827,55822,0.6
55827,55837,55832,0.7
55837,55847,55842,1.6
55847,55857,55852,0.4
55857,55867,55862,3.2
55867,55877,55872,1.8
55877,55887,55882,0.6
55887,55897,55892,0.3
55897,55907,55902,0.5
55907,55917,55912,0.0
55917,55927,55922,0.0
55927,55937,55932,0.1
55937,55947,55942,1.5
55947,55957,55952,1.3
55957,55967,55962,2.3
55967,55977,55972,1.4
55977,55987,55982,1.6
55987,55997,55992,1.2
55997,56007,56002,0.7
56007,56017,56012,0.1
56017,56027,56022,0.7
56027,56037,56032,0.8
56037,56047,56042,0.8
56047,56057,56052,0.6
56057,56067,56062,0.4
56067,56077,56072,0.1
56077,56087,56082,0.6
56087,56097,56092,0.6
56097,56107,56102,0.9
56107,56117,56112,2.6
56117,56127,56122,0.2
56127,56137,56132,0.2
56137,56147,56142,0.3
56147,56157,56152,0.1
56157,56167,56162,0.6
56167,56177,56172,0.1
56177,56187,56182,0.3
56187,56197,56192,0.5
56197,56207,56202,0.2
56207,56217,56212,0.0
56217,56227,56222,0.4
56227,56237,56232,1.5
56237,56247,56242,0.3
56247,56257,56252,0.2
56257,56267,56262,2.3
56267,56277,56272,0.3
56277,56287,56282,0.2
56287,56297,56292,9.2
56297,56307,56302,0.8
56307,56317,56312,1.9
56317,56327,56322,1.5
56327,56337,56332,0.1
56337,56347,56342,0.4
56347,56357,56352,0.1
56357,56367,56362,6.9
56367,56377,56372,0.0
56377,56387,56382,0.2
56387,56397,56392,8.9
56397,56407,56402,0.0
56407,56417,56412,0.0
56417,56427,56422,0.6
56427,56437,56432,1.7
56437,56447,56442,1.2
56447,56457,56452,0.0
56457,56467,56462,0.1
56467,56477,56472,0.0
56477,56487,56482,0.7
56487,56497,56492,1.2
56497,56507,56502,1.9
56507,56517,56512,0.5
56517,56527,56522,0.9
56527,56537,56532,1.0
56537,56547,56542,1.3
56547,56557,56552,0.9
56557,56567,56562,7.4
56567,56577,56572,1.8
56577,56587,56582,1.2
56587,56597,56592,6.5
56597,56607,56602,0.1
56607,56617,56612,0.9
56617,56627,56622,0.7
56627,56637,56632,0.6
56637,56647,56642,1.3
56647,56657,56652,0.0
56657,56667,56662,1.2
56667,56677,56672,4.1
56677,56687,56682,0.0
56687,56697,56692,0.8
56697,56707,56702,0.0
56707,56717,56712,0.0
56717,56727,56722,0.0
56727,56737,56732,0.0
56737,56747,56742,0.0
56747,56757,56752,0.1
56757,56767,56762,0.0
56767,56777,56772,0.0
56777,56787,56782,0.0
56787,56797,56792,0.2
56797,56807,56802,0.0
56807,56817,56812,1.0
56817,56827,56822,1.8
56827,56837,56832,0.6
56837,56847,56842,0.2
56847,56857,56852,1.5
56857,56867,56862,3.6
56867,56877,56872,0.7
56877,56887,56882,1.5
56887,56897,56892,1.1
56897,56907,56902,0.2
56907,56917,56912,0.2
56917,56927,56922,1.2
56927,56937,56932,0.1
56937,56947,56942,0.0
56947,56957,56952,0.5
56957,56967,56962,1.9
56967,56977,56972,0.1
56977,56987,56982,0.1
56987,56997,56992,0.6
56997,57007,57002,1.8
57007,57017,57012,2.0
57017,57027,57022,0.1
57027,57037,57032,0.0
57037,57047,57042,0.0
57047,57057,57052,0.4
57057,57067,57062,1.5
57067,57077,57072,11.2
57077,57087,57082,0.8
57087,57097,57092,8.4
57097,57107,57102,0.0
57107,57117,57112,0.3
57117,57127,57122,0.1
57127,57137,57132,0.0
57137,57147,57142,0.1
57147,57157,57152,0.6
57157,57167,57162,1.4
57167,57177,57172,1.1
57177,57187,57182,0.2
57187,57197,57192,3.4
57197,57207,57202,0.5
57207,57217,57212,1.6
57217,57227,57222,45.3
57227,57237,57232,1.2
57237,57247,57242,0.0
57247,57257,57252,0.0
57257,57267,57262,0.0
57267,57277,57272,4.1
57277,57287,57282,1.4
57287,57297,57292,1.5
57297,57307,57302,1.9
57307,57317,57312,0.9
57317,57327,57322,0.1
57327,57337,57332,1.8
57337,57347,57342,0.1
57347,57357,57352,0.6
57357,57367,57362,0.0
57367,57377,57372,0.0
57377,57387,57382,1.2
57387,57397,57392,0.8
57397,57407,57402,0.5
57407,57417,57412,0.2
57417,57427,57422,1.2
57427,57437,57432,0.7
57437,57447,57442,7.0
57447,57457,57452,0.0
57457,57467,57462,2.3
57467,57477,57472,0.0
57477,57487,57482,0.3
57487,57497,57492,0.2
57497,57507,57502,0.7
57507,57517,57512,0.2
57517,57527,57522,0.0
57527,57537,57532,0.0
57537,57547,57542,0.4
57547,57557,57552,0.0
57557,57567,57562,0.3
57567,57577,57572,0.2
57577,57587,57582,0.3
57587,57597,57592,0.1
57597,57607,57602,1.3
57607,57617,57612,1.6
57617,57627,57622,0.4
57627,57637,57632,0.3
57637,57647,57642,0.8
57647,57657,57652,0.0
57657,57667,57662,0.0
57667,57677,57672,0.8
57677,57687,57682,0.0
57687,57697,57692,0.0
57697,57707,57702,0.1
57707,57717,57712,0.3
57717,57727,57722,13.2
57727,57737,57732,0.1
57737,57747,57742,0.0
57747,57757,57752,0.5
57757,57767,57762,0.1
57767,57777,57772,0.1
57777,57787,57782,0.2
57787,57797,57792,2.8
57797,57807,57802,0.1
57807,57817,57812,0.2
57817,57827,57822,1.0
57827,57837,57832,5.4
57837,57847,57842,0.0
57847,57857,57852,0.0
57857,57867,57862,0.0
57867,57877,57872,0.1
57877,57887,57882,0.1
57887,57897,57892,0.1
57897,57907,57902,0.0
57907,57917,57912,0.1
57917,57927,57922,0.5
57927,57937,57932,0.0
57937,57947,57942,0.2
57947,57957,57952,0.0
57957,57967,57962,0.4
57967,57977,57972,0.0
57977,57987,57982,0.3
57987,57997,57992,0.0
57997,58007,58002,0.0
58007,58017,58012,0.0
58017,58027,58022,0.9
58027,58037,58032,0.1
58037,58047,58042,0.3
58047,58057,58052,1.3
58057,58067,58062,0.6
58067,58077,58072,0.4
58077,58087,58082,0.0
58087,58097,58092,0.1
58097,58107,58102,0.5
58107,58117,58112,2.6
58117,58127,58122,0.5
58127,58137,58132,0.3
58137,58147,58142,0.4
58147,58157,58152,0.0
58157,58167,58162,0.3
58167,58177,58172,0.1
58177,58187,58182,0.0
58187,58197,58192,1.0
58197,58207,58202,1.1
58207,58217,58212,0.0
58217,58227,58222,0.1
58227,58237,58232,0.0
58237,58247,58242,2.9
58247,58257,58252,0.4
58257,58267,58262,0.9
58267,58277,58272,0.8
58277,58287,58282,0.1
58287,58297,58292,0.3
58297,58307,58302,0.3
58307,58317,58312,0.0
58317,58327,58322,0.9
58327,58337,58332,1.1
58337,58347,58342,0.0
58347,58357,58352,0.2
58357,58367,58362,0.1
58367,58377,58372,0.2
58377,58387,58382,0.5
58387,58397,58392,0.4
58397,58407,58402,1.9
58407,58417,58412,0.0
58417,58427,58422,0.1
58427,58437,58432,0.4
58437,58447,58442,0.0
58447,58457,58452,0.0
58457,58467,58462,1.0
58467,58477,58472,0.0
58477,58487,58482,0.0
58487,58497,58492,1.2
58497,58507,58502,0.8
58507,58517,58512,0.9
58517,58527,58522,0.7
58527,58537,58532,0.5
58537,58547,58542,1.2
58547,58557,58552,1.5
58557,58567,58562,0.5
58567,58577,58572,2.3
58577,58587,58582,3.9
58587,58597,58592,0.4
58597,58607,58602,0.0
58607,58617,58612,0.0
58617,58627,58622,0.0
58627,58637,58632,0.0
58637,58647,58642,0.6
58647,58657,58652,0.1
58657,58667,58662,0.0
58667,58677,58672,0.0
58677,58687,58682,0.5
58687,58697,58692,0.6
58697,58707,58702,0.0
58707,58717,58712,0.1
58717,58727,58722,0.0
58727,58737,58732,0.8
58737,58747,58742,0.0
58747,58757,58752,0.0
58757,58767,58762,0.0
58767,58777,58772,0.2
58777,58787,58782,0.1
58787,58797,58792,0.3
58797,58807,58802,0.1
58807,58817,58812,0.6
58817,58827,58822,0.9
58827,58837,58832,0.0
58837,58847,58842,0.0
58847,58857,58852,0.0
58857,58867,58862,1.8
58867,58877,58872,0.3
58877,58887,58882,0.3
58887,58897,58892,0.6
58897,58907,58902,0.0
58907,58917,58912,0.3
58917,58927,58922,0.1
58927,58937,58932,0.2
58937,58947,58942,0.3
58947,58957,58952,2.1
58957,58967,58962,0.1
58967,58977,58972,1.1
58977,58987,58982,7.1
58987,58997,58992,0.2
58997,59007,59002,0.1
59007,59017,59012,0.0
59017,59027,59022,1.0
59027,59037,59032,0.3
59037,59047,59042,0.1
59047,59057,59052,0.1
59057,59067,59062,6.0
59067,59077,59072,0.3
59077,59087,59082,1.2
59087,59097,59092,0.0
59097,59107,59102,0.8
59107,59117,59112,0.5
59117,59127,59122,0.0
59127,59137,59132,0.2
59137,59147,59142,1.1
59147,59157,59152,0.4
59157,59167,59162,0.0
59167,59177,59172,0.0
59177,59187,59182,0.0
59187,59197,59192,0.0
59197,59207,59202,0.0
59207,59217,59212,0.0
59217,59227,59222,0.0
59227,59237,59232,0.5
59237,59247,59242,0.3
59247,59257,59252,0.6
59257,59267,59262,0.1
59267,59277,59272,1.2
59277,59287,59282,0.0
59287,59297,59292,0.6
59297,59307,59302,0.0
