NASA Data Processing/NAAMES(2015)/SP2/NAAMES-LARGE-SP2_C130_20151117_R0.ict
36, 1001
Bruce Anderson
NASA Langley Research Center
Single Particle Soot Photometer, DMT
NAAMES-1
1, 1
2015, 11, 17, 2016, 12, 01
0
UTC_start, seconds_past_midnight,   start_time_in_UTC
3
1, 1, 1
-9999, -9999, -9999
UTC_end, seconds_past_midnight, end_time_in_UTC
UTC_mid, seconds_past_midnight, mid_time_in_UTC
BC_mass, ng/m3, mass_concentration_of_black_carbon_aerosol
1
N/A
18
PI_CONTACT_INFO: 21 Langley Blvd, Hampton, VA 23681
PLATFORM: NASA WFF C130
LOCATION: North Atlantic Ocean
ASSOCIATED_DATA: N/A
INSTRUMENT_INFO: Calibrated using fullerene soot aerosol and polynomial mass/response fit. 
DATA_INFO: Data corrected to STP (760 torr and 273K). Measurements apply to black carbon particles with diameter between 105 and 600nm. Mass outside this range is accounted for using a log-normal fit to flight-averaged data.
UNCERTAINTY: 10%
ULOD_FLAG: -7777
ULOD_VALUE: N/A
LLOD_FLAG: -8888
LLOD_VALUE: N/A
DM_CONTACT_INFO: Luke D. Ziemba, luke.ziemba@nasa.gov, (757)864-6246
PROJECT_INFO: NAAMES Fall Deployment, November 2015
STIPULATIONS_ON_USE: Users are strongly encouraged to contact PI.
OTHER_COMMENTS: Data affected by cloud penetration artifacts have not been removed.  Please see the LARGE cloud flag to remove these data.
REVISION: R0
none
UTC_start, UTC_end, UTC_mid, BC_mass
[from data line 2865]
64577,64587,64582,9.7
64587,64597,64592,10.4
64597,64607,64602,7.0
64607,64617,64612,17.2
64617,64627,64622,16.5
64627,64637,64632,5.0
64637,64647,64642,4.1
64647,64657,64652,2.6
64657,64667,64662,5.6
64667,64677,64672,14.0
64677,64687,64682,5.8
64687,64697,64692,4.1
64697,64707,64702,12.0
64707,64717,64712,4.5
64717,64727,64722,3.4
64727,64737,64732,4.0
64737,64747,64742,4.2
64747,64757,64752,9.4
64757,64767,64762,7.7
64767,64777,64772,8.3
64777,64787,64782,4.2
64787,64797,64792,5.7
64797,64807,64802,4.2
64807,64817,64812,4.3
64817,64827,64822,9.3
64827,64837,64832,9.7
64837,64847,64842,12.7
64847,64857,64852,6.2
64857,64867,64862,4.5
64867,64877,64872,5.6
64877,64887,64882,8.7
64887,64897,64892,12.2
64897,64907,64902,4.8
64907,64917,64912,2.9
64917,64927,64922,3.5
64927,64937,64932,4.4
64937,64947,64942,2.7
64947,64957,64952,7.1
64957,64967,64962,4.3
64967,64977,64972,3.5
64977,64987,64982,12.3
64987,64997,64992,1.5
64997,65007,65002,6.7
65007,65017,65012,-9999.0
65017,65027,65022,-9999.0
65027,65037,65032,-9999.0
65037,65047,65042,-9999.0
65047,65057,65052,-9999.0
65057,65067,65062,-9999.0
65067,65077,65072,-9999.0
65077,65087,65082,-9999.0
65087,65097,65092,-9999.0
65097,65107,65102,-9999.0
65107,65117,65112,-9999.0
65117,65127,65122,-9999.0
65127,65137,65132,-9999.0
65137,65147,65142,-9999.0
65147,65157,65152,-9999.0
65157,65167,65162,-9999.0
65167,65177,65172,-9999.0
65177,65187,65182,-9999.0
65187,65197,65192,-9999.0
65197,65207,65202,-9999.0
65207,65217,65212,-9999.0
65217,65227,65222,-9999.0
65227,65237,65232,-9999.0
65237,65247,65242,-9999.0
65247,65257,65252,0.7
65257,65267,65262,3.5
65267,65277,65272,2.1
65277,65287,65282,1.7
65287,65297,65292,6.6
65297,65307,65302,3.9
65307,65317,65312,11.4
65317,65327,65322,3.1
65327,65337,65332,1.2
65337,65347,65342,2.7
65347,65357,65352,2.7
65357,65367,65362,6.5
65367,65377,65372,8.4
65377,65387,65382,5.6
65387,65397,65392,3.8
65397,65407,65402,6.1
65407,65417,65412,11.5
65417,65427,65422,5.8
65427,65437,65432,2.7
65437,65447,65442,4.4
65447,65457,65452,12.0
65457,65467,65462,6.1
65467,65477,65472,6.9
65477,65487,65482,6.8
65487,65497,65492,5.2
65497,65507,65502,7.5
65507,65517,65512,2.7
65517,65527,65522,2.8
65527,65537,65532,3.4
65537,65547,65542,3.4
65547,65557,65552,3.7
65557,65567,65562,5.7
65567,65577,65572,4.8
65577,65587,65582,3.4
65587,65597,65592,4.4
65597,65607,65602,2.5
65607,65617,65612,1.7
65617,65627,65622,2.4
65627,65637,65632,3.0
65637,65647,65642,2.1
65647,65657,65652,3.0
65657,65667,65662,2.5
65667,65677,65672,2.5
65677,65687,65682,4.5
65687,65697,65692,3.0
65697,65707,65702,4.5
65707,65717,65712,2.3
65717,65727,65722,3.9
65727,65737,65732,6.1
65737,65747,65742,4.1
65747,65757,65752,3.1
65757,65767,65762,7.9
65767,65777,65772,7.1
65777,65787,65782,5.6
65787,65797,65792,4.2
65797,65807,65802,8.9
65807,65817,65812,6.4
65817,65827,65822,6.2
65827,65837,65832,4.5
65837,65847,65842,7.5
65847,65857,65852,5.7
65857,65867,65862,3.6
65867,65877,65872,10.8
65877,65887,65882,3.8
65887,65897,65892,5.9
65897,65907,65902,5.5
65907,65917,65912,2.9
65917,65927,65922,4.1
65927,65937,65932,3.7
65937,65947,65942,6.1
65947,65957,65952,3.3
65957,65967,65962,4.0
65967,65977,65972,5.0
65977,65987,65982,3.5
65987,65997,65992,5.1
65997,66007,66002,6.7
66007,66017,66012,4.8
66017,66027,66022,1.9
66027,66037,66032,4.3
66037,66047,66042,7.5
66047,66057,66052,6.5
66057,66067,66062,4.3
66067,66077,66072,3.6
66077,66087,66082,8.7
66087,66097,66092,3.8
66097,66107,66102,4.7
66107,66117,66112,3.9
66117,66127,66122,4.6
66127,66137,66132,4.0
66137,66147,66142,3.3
66147,66157,66152,6.5
66157,66167,66162,4.6
66167,66177,66172,4.7
66177,66187,66182,2.6
66187,66197,66192,5.0
66197,66207,66202,3.7
66207,66217,66212,1.3
66217,66227,66222,7.8
66227,66237,66232,6.4
66237,66247,66242,3.1
66247,66257,66252,5.4
66257,66267,66262,2.5
66267,66277,66272,5.3
66277,66287,66282,11.3
66287,66297,66292,4.3
66297,66307,66302,5.2
66307,66317,66312,7.2
66317,66327,66322,8.0
66327,66337,66332,5.7
66337,66347,66342,31.2
66347,66357,66352,8.6
66357,66367,66362,6.8
66367,66377,66372,5.4
66377,66387,66382,6.3
66387,66397,66392,5.2
66397,66407,66402,7.0
66407,66417,66412,6.7
66417,66427,66422,3.2
66427,66437,66432,5.1
66437,66447,66442,4.0
66447,66457,66452,2.9
66457,66467,66462,1.7
66467,66477,66472,2.1
66477,66487,66482,10.7
66487,66497,66492,2.7
66497,66507,66502,7.2
66507,66517,66512,2.8
66517,66527,66522,2.0
66527,66537,66532,4.1
66537,66547,66542,3.3
66547,66557,66552,3.8
66557,66567,66562,5.5
66567,66577,66572,4.3
66577,66587,66582,1.5
66587,66597,66592,7.5
66597,66607,66602,8.5
66607,66617,66612,3.4
66617,66627,66622,7.3
66627,66637,66632,7.4
66637,66647,66642,8.3
66647,66657,66652,11.8
66657,66667,66662,8.6
66667,66677,66672,7.8
66677,66687,66682,10.5
66687,66697,66692,15.2
66697,66707,66702,9.2
66707,66717,66712,5.2
66717,66727,66722,15.4
66727,66737,66732,3.1
66737,66747,66742,3.1
66747,66757,66752,5.8
66757,66767,66762,2.8
66767,66777,66772,4.1
66777,66787,66782,2.5
66787,66797,66792,0.7
66797,66807,66802,4.5
66807,66817,66812,5.5
66817,66827,66822,3.6
66827,66837,66832,4.8
66837,66847,66842,5.8
66847,66857,66852,7.1
66857,66867,66862,3.3
66867,66877,66872,2.5
66877,66887,66882,4.6
66887,66897,66892,10.1
66897,66907,66902,0.6
66907,66917,66912,0.7
66917,66927,66922,0.0
66927,66937,66932,0.4
66937,66947,66942,0.0
66947,66957,66952,0.5
66957,66967,66962,0.2
66967,66977,66972,0.0
66977,66987,66982,0.0
66987,66997,66992,1.8
66997,67007,67002,3.9
67007,67017,67012,2.9
67017,67027,67022,0.4
67027,67037,67032,0.0
67037,67047,67042,0.0
67047,67057,67052,10.2
67057,67067,67062,4.1
67067,67077,67072,0.4
67077,67087,67082,0.3
67087,67097,67092,0.6
67097,67107,67102,0.0
67107,67117,67112,0.0
67117,67127,67122,0.4
67127,67137,67132,0.0
67137,67147,67142,12.5
67147,67157,67152,5.4
67157,67167,67162,1.0
67167,67177,67172,0.1
67177,67187,67182,1.0
67187,67197,67192,0.0
67197,67207,67202,0.5
67207,67217,67212,12.7
67217,67227,67222,0.5
67227,67237,67232,0.3
67237,67247,67242,0.3
67247,67257,67252,1.0
67257,67267,67262,1.0
67267,67277,67272,0.5
67277,67287,67282,1.9
67287,67297,67292,1.2
67297,67307,67302,0.6
67307,67317,67312,0.0
67317,67327,67322,0.5
67327,67337,67332,0.7
67337,67347,67342,6.9
67347,67357,67352,-9999.0
67357,67367,67362,-9999.0
67367,67377,67372,-9999.0
67377,67387,67382,-9999.0
67387,67397,67392,-9999.0
67397,67407,67402,-9999.0
67407,67417,67412,-9999.0
67417,67427,67422,-9999.0
67427,67437,67432,-9999.0
67437,67447,67442,-9999.0
67447,67457,67452,-9999.0
67457,67467,67462,-9999.0
67467,67477,67472,-9999.0
67477,67487,67482,-9999.0
67487,67497,67492,-9999.0
67497,67507,67502,-9999.0
67507,67517,67512,-9999.0
67517,67527,67522,-9999.0
67527,67537,67532,-9999.0
67537,67547,67542,-9999.0
67547,67557,67552,-9999.0
67557,67567,67562,-9999.0
67567,67577,67572,-9999.0
67577,67587,67582,-9999.0
67587,67597,67592,-9999.0
67597,67607,67602,-9999.0
67607,67617,67612,-9999.0
67617,67627,67622,-9999.0
67627,67637,67632,-9999.0
67637,67647,67642,-9999.0
67647,67657,67652,-9999.0
67657,67667,67662,-9999.0
67667,67677,67672,-9999.0
67677,67687,67682,-9999.0
67687,67697,67692,-9999.0
67697,67707,67702,-9999.0
67707,67717,67712,-9999.0
67717,67727,67722,-9999.0
67727,67737,67732,-9999.0
67737,67747,67742,-9999.0
67747,67757,67752,-9999.0
67757,67767,67762,-9999.0
67767,67777,67772,-9999.0
67777,67787,67782,-9999.0
67787,67797,67792,-9999.0
67797,67807,67802,-9999.0
67807,67817,67812,-9999.0
67817,67827,67822,-9999.0
67827,67837,67832,-9999.0
67837,67847,67842,-9999.0
67847,67857,67852,-9999.0
67857,67867,67862,-9999.0
67867,67877,67872,-9999.0
67877,67887,67882,-9999.0
67887,67897,67892,-9999.0
67897,67907,67902,-9999.0
67907,67917,67912,-9999.0
67917,67927,67922,-9999.0
67927,67937,67932,-9999.0
67937,67947,67942,-9999.0
67947,67957,67952,-9999.0
67957,67967,67962,-9999.0
67967,67977,67972,-9999.0
67977,67987,67982,-9999.0
67987,67997,67992,-9999.0
67997,68007,68002,-9999.0
68007,68017,68012,-9999.0
68017,68027,68022,-9999.0
68027,68037,68032,-9999.0
68037,68047,68042,-9999.0
68047,68057,68052,-9999.0
68057,68067,68062,-9999.0
68067,68077,68072,-9999.0
68077,68087,68082,-9999.0
68087,68097,68092,-9999.0
68097,68107,68102,-9999.0
68107,68117,68112,-9999.0
68117,68127,68122,-9999.0
68127,68137,68132,-9999.0
68137,68147,68142,-9999.0
68147,68157,68152,-9999.0
68157,68167,68162,-9999.0
68167,68177,68172,-9999.0
68177,68187,68182,-9999.0
68187,68197,68192,-9999.0
68197,68207,68202,-9999.0
68207,68217,68212,-9999.0
68217,68227,68222,-9999.0
68227,68237,68232,-9999.0
68237,68247,68242,-9999.0
68247,68257,68252,-9999.0
68257,68267,68262,-9999.0
68267,68277,68272,-9999.0
68277,68287,68282,-9999.0
68287,68297,68292,-9999.0
68297,68307,68302,-9999.0
68307,68317,68312,-9999.0
68317,68327,68322,-9999.0
68327,68337,68332,-9999.0
68337,68347,68342,-9999.0
68347,68357,68352,-9999.0
68357,68367,68362,-9999.0
68367,68377,68372,-9999.0
68377,68387,68382,-9999.0
68387,68397,68392,-9999.0
68397,68407,68402,-9999.0
68407,68417,68412,-9999.0
68417,68427,68422,-9999.0
68427,68437,68432,-9999.0
68437,68447,68442,-9999.0
68447,68457,68452,-9999.0
68457,68467,68462,-9999.0
68467,68477,68472,-9999.0
68477,68487,68482,-9999.0
68487,68497,68492,-9999.0
68497,68507,68502,-9999.0
68507,68517,68512,-9999.0
68517,68527,68522,-9999.0
68527,68537,68532,-9999.0
68537,68547,68542,-9999.0
68547,68557,68552,-9999.0
68557,68567,68562,-9999.0
68567,68577,68572,-9999.0
68577,68587,68582,-9999.0
68587,68597,68592,-9999.0
68597,68607,68602,-9999.0
68607,68617,68612,-9999.0
68617,68627,68622,-9999.0
68627,68637,68632,-9999.0
68637,68647,68642,-9999.0
68647,68657,68652,-9999.0
68657,68667,68662,-9999.0
68667,68677,68672,-9999.0
68677,68687,68682,-9999.0
68687,68697,68692,-9999.0
68697,68707,68702,-9999.0
68707,68717,68712,-9999.0
68717,68727,68722,-9999.0
68727,68737,68732,-9999.0
68737,68747,68742,-9999.0
68747,68757,68752,-9999.0
68757,68767,68762,-9999.0
68767,68777,68772,-9999.0
68777,68787,68782,-9999.0
68787,68797,68792,-9999.0
68797,68807,68802,-9999.0
68807,68817,68812,-9999.0
68817,68827,68822,-9999.0
68827,68837,68832,-9999.0
68837,68847,68842,-9999.0
68847,68857,68852,-9999.0
68857,68867,68862,-9999.0
68867,68877,68872,-9999.0
