NASA Data Processing/NAAMES(2015)/SP2/NAAMES-LARGE-SP2_C130_20151112_R0.ict
36, 1001
Bruce Anderson
NASA Langley Research Center
Single Particle Soot Photometer, DMT
NAAMES-1
1, 1
2015, 11, 12, 2016,12, 01
0
UTC_start, seconds_past_midnight,     start_time_in_UTC
3
1, 1, 1
-9999, -9999, -9999
UTC_end, seconds_past_midnight, end_time_in_UTC
UTC_mid, seconds_past_midnight, mid_time_in_UTC
BC_mass, ng/m3, mass_concentration_of_black_carbon_aerosol
1
N/A
18
PI_CONTACT_INFO: 21 Langley Blvd, Hampton, VA 23681
PLATFORM: NASA WFF C130
LOCATION: North Atlantic Ocean
ASSOCIATED_DATA: N/A
INSTRUMENT_INFO: Calibrated using fullerene soot aerosol and polynomial mass/response fit. 
DATA_INFO: Data corrected to STP (760 torr and 273K). Measurements apply to black carbon particles with diameter between 105 and 600nm. Mass outside this range is accounted for using a log-normal fit to flight-averaged data.
UNCERTAINTY: 10%
ULOD_FLAG: -7777
ULOD_VALUE: N/A
LLOD_FLAG: -8888
LLOD_VALUE: N/A
DM_CONTACT_INFO: Luke D. Ziemba, luke.ziemba@nasa.gov, (757)864-6246
PROJECT_INFO: NAAMES Fall Deployment, November 2015
STIPULATIONS_ON_USE: Users are strongly encouraged to contact PI.
OTHER_COMMENTS: Data affected by cloud penetration artifacts have not been removed.  Please see the LARGE cloud flag to remove these data.
REVISION: R0
none
UTC_start, UTC_end, UTC_mid, BC_mass
[from data line 2005]
58767,58777,58772,-9999.0
58777,58787,58782,-9999.0
58787,58797,58792,-9999.0
58797,58807,58802,-9999.0
58807,58817,58812,-9999.0
58817,58827,58822,-9999.0
58827,58837,58832,-9999.0
58837,58847,58842,-9999.0
58847,58857,58852,-9999.0
58857,58867,58862,-9999.0
58867,58877,58872,-9999.0
58877,58887,58882,-9999.0
58887,58897,58892,-9999.0
58897,58907,58902,-9999.0
58907,58917,58912,-9999.0
58917,58927,58922,-9999.0
58927,58937,58932,-9999.0
58937,58947,58942,-9999.0
58947,58957,58952,-9999.0
58957,58967,58962,-9999.0
58967,58977,58972,-9999.0
58977,58987,58982,-9999.0
58987,58997,58992,-9999.0
58997,59007,59002,-9999.0
59007,59017,59012,-9999.0
59017,59027,59022,-9999.0
59027,59037,59032,-9999.0
59037,59047,59042,-9999.0
59047,59057,59052,-9999.0
59057,59067,59062,-9999.0
59067,59077,59072,-9999.0
59077,59087,59082,-9999.0
59087,59097,59092,-9999.0
59097,59107,59102,-9999.0
59107,59117,59112,-9999.0
59117,59127,59122,-9999.0
59127,59137,59132,-9999.0
59137,59147,59142,-9999.0
59147,59157,59152,-9999.0
59157,59167,59162,-9999.0
59167,59177,59172,-9999.0
59177,59187,59182,-9999.0
59187,59197,59192,-9999.0
59197,59207,59202,-9999.0
59207,59217,59212,-9999.0
59217,59227,59222,-9999.0
59227,59237,59232,-9999.0
59237,59247,59242,-9999.0
59247,59257,59252,-9999.0
59257,59267,59262,-9999.0
59267,59277,59272,-9999.0
59277,59287,59282,-9999.0
59287,59297,59292,-9999.0
59297,59307,59302,-9999.0
59307,59317,59312,-9999.0
59317,59327,59322,-9999.0
59327,59337,59332,-9999.0
59337,59347,59342,-9999.0
59347,59357,59352,-9999.0
59357,59367,59362,-9999.0
59367,59377,59372,-9999.0
59377,59387,59382,-9999.0
59387,59397,59392,-9999.0
59397,59407,59402,-9999.0
59407,59417,59412,-9999.0
59417,59427,59422,-9999.0
59427,59437,59432,-9999.0
59437,59447,59442,-9999.0
59447,59457,59452,-9999.0
59457,59467,59462,-9999.0
59467,59477,59472,-9999.0
59477,59487,59482,-9999.0
59487,59497,59492,-9999.0
59497,59507,59502,-9999.0
59507,59517,59512,-9999.0
59517,59527,59522,-9999.0
59527,59537,59532,-9999.0
59537,59547,59542,-9999.0
59547,59557,59552,-9999.0
59557,59567,59562,-9999.0
59567,59577,59572,-9999.0
59577,59587,59582,-9999.0
59587,59597,59592,-9999.0
59597,59607,59602,-9999.0
59607,59617,59612,-9999.0
59617,59627,59622,-9999.0
59627,59637,59632,-9999.0
59637,59647,59642,-9999.0
59647,59657,59652,-9999.0
59657,59667,59662,-9999.0
59667,59677,59672,-9999.0
59677,59687,59682,-9999.0
59687,59697,59692,-9999.0
59697,59707,59702,-9999.0
59707,59717,59712,-9999.0
59717,59727,59722,-9999.0
59727,59737,59732,-9999.0
59737,59747,59742,-9999.0
59747,59757,59752,-9999.0
59757,59767,59762,-9999.0
59767,59777,59772,-9999.0
59777,59787,59782,-9999.0
59787,59797,59792,-9999.0
59797,59807,59802,-9999.0
59807,59817,59812,-9999.0
59817,59827,59822,-9999.0
59827,59837,59832,-9999.0
59837,59847,59842,-9999.0
59847,59857,59852,-9999.0
59857,59867,59862,-9999.0
59867,59877,59872,-9999.0
59877,59887,59882,-9999.0
59887,59897,59892,-9999.0
59897,59907,59902,-9999.0
59907,59917,59912,-9999.0
59917,59927,59922,-9999.0
59927,59937,59932,-9999.0
59937,59947,59942,-9999.0
59947,59957,59952,-9999.0
59957,59967,59962,-9999.0
59967,59977,59972,-9999.0
59977,59987,59982,-9999.0
59987,59997,59992,-9999.0
59997,60007,60002,-9999.0
60007,60017,60012,-9999.0
60017,60027,60022,-9999.0
60027,60037,60032,-9999.0
60037,60047,60042,-9999.0
60047,60057,60052,-9999.0
60057,60067,60062,-9999.0
60067,60077,60072,-9999.0
60077,60087,60082,-9999.0
60087,60097,60092,-9999.0
60097,60107,60102,-9999.0
60107,60117,60112,-9999.0
60117,60127,60122,-9999.0
60127,60137,60132,-9999.0
60137,60147,60142,-9999.0
60147,60157,60152,-9999.0
60157,60167,60162,-9999.0
60167,60177,60172,-9999.0
60177,60187,60182,-9999.0
60187,60197,60192,-9999.0
60197,60207,60202,-9999.0
60207,60217,60212,-9999.0
60217,60227,60222,-9999.0
60227,60237,60232,-9999.0
60237,60247,60242,-9999.0
60247,60257,60252,-9999.0
60257,60267,60262,-9999.0
60267,60277,60272,-9999.0
60277,60287,60282,-9999.0
60287,60297,60292,-9999.0
60297,60307,60302,-9999.0
60307,60317,60312,-9999.0
60317,60327,60322,-9999.0
60327,60337,60332,-9999.0
60337,60347,60342,-9999.0
60347,60357,60352,-9999.0
60357,60367,60362,-9999.0
60367,60377,60372,-9999.0
60377,60387,60382,-9999.0
60387,60397,60392,-9999.0
60397,60407,60402,-9999.0
60407,60417,60412,-9999.0
60417,60427,60422,-9999.0
60427,60437,60432,-9999.0
60437,60447,60442,-9999.0
60447,60457,60452,-9999.0
60457,60467,60462,-9999.0
60467,60477,60472,-9999.0
60477,60487,60482,-9999.0
60487,60497,60492,-9999.0
60497,60507,60502,-9999.0
60507,60517,60512,-9999.0
60517,60527,60522,-9999.0
60527,60537,60532,-9999.0
60537,60547,60542,-9999.0
60547,60557,60552,-9999.0
60557,60567,60562,-9999.0
60567,60577,60572,-9999.0
60577,60587,60582,-9999.0
60587,60597,60592,-9999.0
60597,60607,60602,-9999.0
60607,60617,60612,19.0
60617,60627,60622,31.1
60627,60637,60632,29.4
60637,60647,60642,24.6
60647,60657,60652,21.0
60657,60667,60662,20.3
60667,60677,60672,19.4
60677,60687,60682,21.5
60687,60697,60692,27.0
60697,60707,60702,27.6
60707,60717,60712,24.3
60717,60727,60722,16.8
60727,60737,60732,24.1
60737,60747,60742,22.4
60747,60757,60752,22.5
60757,60767,60762,36.6
60767,60777,60772,35.5
60777,60787,60782,21.1
60787,60797,60792,29.3
60797,60807,60802,23.6
60807,60817,60812,30.7
60817,60827,60822,32.2
60827,60837,60832,54.3
60837,60847,60842,32.1
60847,60857,60852,17.9
60857,60867,60862,22.7
60867,60877,60872,18.7
60877,60887,60882,18.4
60887,60897,60892,24.9
60897,60907,60902,21.5
60907,60917,60912,21.4
60917,60927,60922,35.0
60927,60937,60932,15.3
60937,60947,60942,27.5
60947,60957,60952,21.2
60957,60967,60962,24.5
60967,60977,60972,28.5
60977,60987,60982,14.4
60987,60997,60992,25.4
60997,61007,61002,20.5
61007,61017,61012,11.8
61017,61027,61022,10.8
61027,61037,61032,19.2
61037,61047,61042,11.2
61047,61057,61052,8.8
61057,61067,61062,15.9
61067,61077,61072,21.8
61077,61087,61082,24.7
61087,61097,61092,14.1
61097,61107,61102,14.0
61107,61117,61112,10.9
61117,61127,61122,14.3
61127,61137,61132,18.5
61137,61147,61142,20.1
61147,61157,61152,15.4
61157,61167,61162,21.4
61167,61177,61172,22.5
61177,61187,61182,19.4
61187,61197,61192,18.0
61197,61207,61202,16.8
61207,61217,61212,21.4
61217,61227,61222,17.7
61227,61237,61232,18.5
61237,61247,61242,24.9
61247,61257,61252,24.9
61257,61267,61262,12.3
61267,61277,61272,19.4
61277,61287,61282,18.1
61287,61297,61292,36.6
61297,61307,61302,13.6
61307,61317,61312,17.4
61317,61327,61322,20.3
61327,61337,61332,20.5
61337,61347,61342,22.6
61347,61357,61352,26.2
61357,61367,61362,15.0
61367,61377,61372,18.1
61377,61387,61382,23.6
61387,61397,61392,16.6
61397,61407,61402,21.8
61407,61417,61412,32.4
61417,61427,61422,26.0
61427,61437,61432,15.5
61437,61447,61442,23.2
61447,61457,61452,17.4
61457,61467,61462,34.3
61467,61477,61472,18.8
61477,61487,61482,22.9
61487,61497,61492,20.8
61497,61507,61502,18.2
61507,61517,61512,32.0
61517,61527,61522,13.1
61527,61537,61532,14.4
61537,61547,61542,14.0
61547,61557,61552,22.2
61557,61567,61562,15.6
61567,61577,61572,19.3
61577,61587,61582,22.9
61587,61597,61592,20.5
61597,61607,61602,17.4
61607,61617,61612,20.9
61617,61627,61622,47.4
61627,61637,61632,13.4
61637,61647,61642,17.2
61647,61657,61652,17.4
61657,61667,61662,16.9
61667,61677,61672,21.4
61677,61687,61682,15.9
61687,61697,61692,16.5
61697,61707,61702,13.0
61707,61717,61712,14.0
61717,61727,61722,15.5
61727,61737,61732,14.3
61737,61747,61742,19.2
61747,61757,61752,11.2
61757,61767,61762,9.4
61767,61777,61772,14.2
61777,61787,61782,13.0
61787,61797,61792,26.6
61797,61807,61802,11.2
61807,61817,61812,11.1
61817,61827,61822,10.6
61827,61837,61832,16.2
61837,61847,61842,9.9
61847,61857,61852,13.7
61857,61867,61862,18.8
61867,61877,61872,12.1
61877,61887,61882,12.5
61887,61897,61892,14.5
61897,61907,61902,11.9
61907,61917,61912,9.9
61917,61927,61922,9.8
61927,61937,61932,12.8
61937,61947,61942,9.7
61947,61957,61952,15.6
61957,61967,61962,14.2
61967,61977,61972,18.9
61977,61987,61982,-9999.0
61987,61997,61992,-9999.0
61997,62007,62002,-9999.0
62007,62017,62012,-9999.0
62017,62027,62022,-9999.0
62027,62037,62032,-9999.0
62037,62047,62042,-9999.0
62047,62057,62052,-9999.0
62057,62067,62062,-9999.0
62067,62077,62072,-9999.0
62077,62087,62082,-9999.0
62087,62097,62092,-9999.0
62097,62107,62102,-9999.0
62107,62117,62112,-9999.0
62117,62127,62122,-9999.0
62127,62137,62132,-9999.0
62137,62147,62142,-9999.0
62147,62157,62152,-9999.0
62157,62167,62162,-9999.0
62167,62177,62172,-9999.0
62177,62187,62182,-9999.0
62187,62197,62192,-9999.0
62197,62207,62202,-9999.0
62207,62217,62212,-9999.0
62217,62227,62222,-9999.0
62227,62237,62232,-9999.0
62237,62247,62242,-9999.0
62247,62257,62252,-9999.0
62257,62267,62262,-9999.0
62267,62277,62272,-9999.0
62277,62287,62282,-9999.0
62287,62297,62292,-9999.0
62297,62307,62302,-9999.0
62307,62317,62312,-9999.0
62317,62327,62322,-9999.0
62327,62337,62332,-9999.0
62337,62347,62342,-9999.0
62347,62357,62352,-9999.0
62357,62367,62362,28.0
62367,62377,62372,43.5
62377,62387,62382,38.0
62387,62397,62392,42.1
62397,62407,62402,64.9
62407,62417,62412,41.5
62417,62427,62422,59.5
62427,62437,62432,49.7
62437,62447,62442,93.0
62447,62457,62452,48.8
62457,62467,62462,38.8
62467,62477,62472,54.5
62477,62487,62482,57.2
62487,62497,62492,45.9
62497,62507,62502,36.3
62507,62517,62512,32.6
62517,62527,62522,37.2
62527,62537,62532,50.4
62537,62547,62542,32.9
62547,62557,62552,23.1
62557,62567,62562,18.9
62567,62577,62572,44.6
62577,62587,62582,41.7
62587,62597,62592,32.1
62597,62607,62602,49.1
62607,62617,62612,36.8
62617,62627,62622,39.7
62627,62637,62632,55.6
62637,62647,62642,63.6
62647,62657,62652,40.9
62657,62667,62662,35.8
62667,62677,62672,65.8
62677,62687,62682,38.8
62687,62697,62692,46.2
62697,62707,62702,56.2
62707,62717,62712,42.9
62717,62727,62722,38.6
62727,62737,62732,29.4
62737,62747,62742,20.5
62747,62757,62752,50.1
62757,62767,62762,59.6
62767,62777,62772,48.4
62777,62787,62782,45.1
62787,62797,62792,34.6
62797,62807,62802,29.8
62807,62817,62812,19.4
62817,62827,62822,13.6
62827,62837,62832,16.3
62837,62847,62842,22.7
62847,62857,62852,7.5
62857,62867,62862,14.3
62867,62877,62872,17.3
62877,62887,62882,18.2
62887,62897,62892,8.5
62897,62907,62902,22.2
62907,62917,62912,28.3
62917,62927,62922,14.8
62927,62937,62932,15.6
62937,62947,62942,15.1
62947,62957,62952,8.1
62957,62967,62962,13.4
62967,62977,62972,10.0
62977,62987,62982,18.7
62987,62997,62992,14.6
62997,63007,63002,8.4
63007,63017,63012,17.7
63017,63027,63022,14.0
63027,63037,63032,13.6
63037,63047,63042,12.7
63047,63057,63052,16.2
63057,63067,63062,16.9
63067,63077,63072,14.5
63077,63087,63082,16.8
63087,63097,63092,68.4
63097,63107,63102,15.5
63107,63117,63112,15.0
63117,63127,63122,20.4
63127,63137,63132,12.3
63137,63147,63142,12.4
63147,63157,63152,15.2
63157,63167,63162,12.1
63167,63177,63172,24.3
63177,63187,63182,11.3
63187,63197,63192,12.7
63197,63207,63202,19.6
63207,63217,63212,21.2
63217,63227,63222,13.2
63227,63237,63232,18.8
63237,63247,63242,17.0
63247,63257,63252,15.1
63257,63267,63262,9.8
63267,63277,63272,16.3
63277,63287,63282,11.1
63287,63297,63292,11.7
63297,63307,63302,8.2
63307,63317,63312,13.9
63317,63327,63322,10.8
63327,63337,63332,9.0
63337,63347,63342,13.6
63347,63357,63352,16.3
63357,63367,63362,21.0
63367,63377,63372,13.5
63377,63387,63382,28.4
63387,63397,63392,7.9
63397,63407,63402,13.1
63407,63417,63412,13.9
63417,63427,63422,12.0
63427,63437,63432,11.2
63437,63447,63442,11.4
63447,63457,63452,17.6
63457,63467,63462,14.4
63467,63477,63472,17.2
63477,63487,63482,34.0
63487,63497,63492,17.8
63497,63507,63502,23.2
63507,63517,63512,20.3
63517,63527,63522,12.8
63527,63537,63532,13.7
63537,63547,63542,14.7
63547,63557,63552,14.1
63557,63567,63562,23.1
63567,63577,63572,17.9
63577,63587,63582,25.7
63587,63597,63592,38.8
63597,63607,63602,26.9
63607,63617,63612,15.8
63617,63627,63622,12.9
63627,63637,63632,15.3
63637,63647,63642,15.3
63647,63657,63652,18.3
63657,63667,63662,22.0
63667,63677,63672,10.4
63677,63687,63682,23.7
63687,63697,63692,15.8
63697,63707,63702,12.8
63707,63717,63712,13.6
63717,63727,63722,20.1
63727,63737,63732,20.8
63737,63747,63742,30.0
63747,63757,63752,19.0
63757,63767,63762,14.6
63767,63777,63772,19.4
63777,63787,63782,14.9
63787,63797,63792,17.6
63797,63807,63802,11.9
63807,63817,63812,18.2
63817,63827,63822,27.1
63827,63837,63832,15.9
63837,63847,63842,18.5
63847,63857,63852,18.0
63857,63867,63862,19.4
63867,63877,63872,28.0
63877,63887,63882,18.9
63887,63897,63892,14.4
63897,63907,63902,16.0
63907,63917,63912,16.4
63917,63927,63922,12.8
63927,63937,63932,19.1
63937,63947,63942,18.9
63947,63957,63952,50.7
63957,63967,63962,16.2
63967,63977,63972,15.9
63977,63987,63982,20.5
63987,63997,63992,23.3
63997,64007,64002,27.6
64007,64017,64012,13.2
64017,64027,64022,23.9
64027,64037,64032,32.5
64037,64047,64042,23.4
64047,64057,64052,26.9
64057,64067,64062,24.5
64067,64077,64072,23.3
64077,64087,64082,21.5
64087,64097,64092,31.6
64097,64107,64102,46.7
64107,64117,64112,14.7
64117,64127,64122,48.2
64127,64137,64132,27.4
64137,64147,64142,27.4
64147,64157,64152,32.9
64157,64167,64162,26.1
64167,64177,64172,60.8
64177,64187,64182,25.3
64187,64197,64192,24.4
64197,64207,64202,39.3
64207,64217,64212,16.1
64217,64227,64222,23.3
64227,64237,64232,30.3
64237,64247,64242,27.0
64247,64257,64252,35.0
64257,64267,64262,29.9
64267,64277,64272,45.3
64277,64287,64282,41.3
64287,64297,64292,23.3
64297,64307,64302,24.2
64307,64317,64312,72.0
64317,64327,64322,76.0
64327,64337,64332,27.9
64337,64347,64342,33.0
64347,64357,64352,24.6
64357,64367,64362,30.3
64367,64377,64372,62.5
64377,64387,64382,26.5
64387,64397,64392,31.4
64397,64407,64402,39.7
64407,64417,64412,28.2
64417,64427,64422,31.0
64427,64437,64432,27.8
64437,64447,64442,46.7
64447,64457,64452,40.0
64457,64467,64462,30.0
64467,64477,64472,50.6
64477,64487,64482,33.4
64487,64497,64492,26.6
64497,64507,64502,34.3
64507,64517,64512,27.1
64517,64527,64522,32.2
64527,64537,64532,39.6
64537,64547,64542,25.3
64547,64557,64552,28.0
64557,64567,64562,22.1
64567,64577,64572,21.4
64577,64587,64582,21.0
64587,64597,64592,26.3
64597,64607,64602,17.5
64607,64617,64612,38.5
64617,64627,64622,30.5
64627,64637,64632,32.1
64637,64647,64642,33.5
64647,64657,64652,25.7
64657,64667,64662,34.3
64667,64677,64672,29.9
64677,64687,64682,39.3
64687,64697,64692,27.9
64697,64707,64702,32.2
64707,64717,64712,30.3
64717,64727,64722,30.7
64727,64737,64732,26.0
64737,64747,64742,25.4
64747,64757,64752,53.7
64757,64767,64762,17.3
64767,64777,64772,28.2
64777,64787,64782,22.3
64787,64797,64792,31.2
64797,64807,64802,10.9
64807,64817,64812,11.2
64817,64827,64822,7.0
64827,64837,64832,11.1
64837,64847,64842,14.4
64847,64857,64852,5.8
64857,64867,64862,5.6
64867,64877,64872,6.5
64877,64887,64882,4.9
64887,64897,64892,6.5
64897,64907,64902,4.6
64907,64917,64912,11.2
64917,64927,64922,7.0
64927,64937,64932,6.9
64937,64947,64942,5.7
64947,64957,64952,8.0
64957,64967,64962,5.4
64967,64977,64972,6.3
64977,64987,64982,6.0
64987,64997,64992,15.0
64997,65007,65002,17.7
65007,65017,65012,4.2
65017,65027,65022,7.0
65027,65037,65032,5.9
65037,65047,65042,6.1
65047,65057,65052,6.6
65057,65067,65062,4.6
65067,65077,65072,13.5
65077,65087,65082,8.8
65087,65097,65092,5.6
65097,65107,65102,5.9
65107,65117,65112,6.1
65117,65127,65122,8.3
65127,65137,65132,4.5
65137,65147,65142,4.2
65147,65157,65152,5.0
65157,65167,65162,20.2
65167,65177,65172,6.1
65177,65187,65182,7.5
65187,65197,65192,8.1
65197,65207,65202,13.7
65207,65217,65212,7.8
65217,65227,65222,12.9
65227,65237,65232,4.6
65237,65247,65242,4.6
65247,65257,65252,14.0
65257,65267,65262,9.1
65267,65277,65272,11.4
65277,65287,65282,18.2
65287,65297,65292,7.8
65297,65307,65302,8.7
65307,65317,65312,4.6
65317,65327,65322,9.0
65327,65337,65332,5.0
65337,65347,65342,7.9
65347,65357,65352,19.3
65357,65367,65362,12.2
65367,65377,65372,5.3
65377,65387,65382,26.3
65387,65397,65392,11.7
65397,65407,65402,8.6
65407,65417,65412,11.5
65417,65427,65422,6.7
65427,65437,65432,6.2
65437,65447,65442,5.9
65447,65457,65452,6.1
