NASA Data Processing/NAAMES(2015)/SP2/NAAMES-LARGE-SP2_C130_20151123_R0.ict
36, 1001
Bruce Anderson
NASA Langley Research Center
Single Particle Soot Photometer, DMT
NAAMES-1
1, 1
2015, 11, 23, 2016, 11, 30
0
UTC_start, seconds_past_midnight, start_time_in_UTC
3
1, 1, 1
-9999, -9999, -9999
UTC_end, seconds_past_midnight, end_time_in_UTC
UTC_mid, seconds_past_midnight, mid_time_in_UTC
BC_mass, ng/m3, mass_concentration_of_black_carbon_aerosol
1
N/A
18
PI_CONTACT_INFO: 21 Langley Blvd, Hampton, VA 23681
PLATFORM: NASA WFF C130
LOCATION: North Atlantic Ocean
ASSOCIATED_DATA: N/A
INSTRUMENT_INFO: Calibrated using fullerene soot aerosol and polynomial mass/response fit. 
DATA_INFO: Data corrected to STP (760 torr and 273K). Measurements apply to black carbon particles with diameter between 105 and 600nm. Mass outside this range is accounted for using a log-normal fit to flight-averaged data.
UNCERTAINTY: 10%
ULOD_FLAG: -7777
ULOD_VALUE: N/A
LLOD_FLAG: -8888
LLOD_VALUE: N/A
DM_CONTACT_INFO: Luke D. Ziemba, luke.ziemba@nasa.gov, (757)864-6246
PROJECT_INFO: NAAMES Fall Deployment, November 2015
STIPULATIONS_ON_USE: Users are strongly encouraged to contact PI.
OTHER_COMMENTS: Data affected by cloud penetration artifacts have not been removed.  Please see the LARGE cloud flag to remove these data.
REVISION: R0
none
UTC_start, UTC_end, UTC_mid, BC_mass
[from data line 2857]
64837,64847,64842,0.4
64847,64857,64852,1.2
64857,64867,64862,1.7
64867,64877,64872,3.1
64877,64887,64882,1.6
64887,64897,64892,0.2
64897,64907,64902,0.8
64907,64917,64912,1.0
64917,64927,64922,1.8
64927,64937,64932,0.9
64937,64947,64942,1.0
64947,64957,64952,0.5
64957,64967,64962,1.9
64967,64977,64972,3.0
64977,64987,64982,1.0
64987,64997,64992,2.9
64997,65007,65002,1.8
65007,65017,65012,2.7
65017,65027,65022,2.6
65027,65037,65032,4.0
65037,65047,65042,1.7
65047,65057,65052,2.8
65057,65067,65062,1.5
65067,65077,65072,2.5
65077,65087,65082,1.6
65087,65097,65092,2.9
65097,65107,65102,1.3
65107,65117,65112,0.9
65117,65127,65122,1.3
65127,65137,65132,3.0
65137,65147,65142,1.3
65147,65157,65152,1.3
65157,65167,65162,1.7
65167,65177,65172,1.9
65177,65187,65182,1.6
65187,65197,65192,2.6
65197,65207,65202,0.9
65207,65217,65212,1.4
65217,65227,65222,3.1
65227,65237,65232,2.3
65237,65247,65242,7.2
65247,65257,65252,0.6
65257,65267,65262,2.8
65267,65277,65272,1.6
65277,65287,65282,3.0
65287,65297,65292,0.9
65297,65307,65302,1.9
65307,65317,65312,1.5
65317,65327,65322,-9999.0
65327,65337,65332,-9999.0
65337,65347,65342,-9999.0
65347,65357,65352,-9999.0
65357,65367,65362,-9999.0
65367,65377,65372,-9999.0
65377,65387,65382,-9999.0
65387,65397,65392,-9999.0
65397,65407,65402,-9999.0
65407,65417,65412,-9999.0
65417,65427,65422,-9999.0
65427,65437,65432,-9999.0
65437,65447,65442,-9999.0
65447,65457,65452,-9999.0
65457,65467,65462,-9999.0
65467,65477,65472,-9999.0
65477,65487,65482,-9999.0
65487,65497,65492,-9999.0
65497,65507,65502,-9999.0
65507,65517,65512,-9999.0
65517,65527,65522,-9999.0
65527,65537,65532,-9999.0
65537,65547,65542,-9999.0
65547,65557,65552,-9999.0
65557,65567,65562,-9999.0
65567,65577,65572,-9999.0
65577,65587,65582,-9999.0
65587,65597,65592,-9999.0
65597,65607,65602,-9999.0
65607,65617,65612,-9999.0
65617,65627,65622,-9999.0
65627,65637,65632,-9999.0
65637,65647,65642,-9999.0
65647,65657,65652,-9999.0
65657,65667,65662,-9999.0
65667,65677,65672,-9999.0
65677,65687,65682,-9999.0
65687,65697,65692,-9999.0
65697,65707,65702,-9999.0
65707,65717,65712,-9999.0
65717,65727,65722,-9999.0
65727,65737,65732,-9999.0
65737,65747,65742,-9999.0
65747,65757,65752,-9999.0
65757,65767,65762,-9999.0
65767,65777,65772,-9999.0
65777,65787,65782,-9999.0
65787,65797,65792,-9999.0
65797,65807,65802,-9999.0
65807,65817,65812,-9999.0
65817,65827,65822,-9999.0
65827,65837,65832,-9999.0
65837,65847,65842,-9999.0
65847,65857,65852,-9999.0
65857,65867,65862,-9999.0
65867,65877,65872,-9999.0
65877,65887,65882,-9999.0
65887,65897,65892,-9999.0
65897,65907,65902,-9999.0
65907,65917,65912,-9999.0
65917,65927,65922,-9999.0
65927,65937,65932,-9999.0
65937,65947,65942,-9999.0
65947,65957,65952,-9999.0
65957,65967,65962,-9999.0
65967,65977,65972,-9999.0
65977,65987,65982,-9999.0
65987,65997,65992,2.0
65997,66007,66002,1.5
66007,66017,66012,0.6
66017,66027,66022,3.8
66027,66037,66032,1.5
66037,66047,66042,2.3
66047,66057,66052,2.4
66057,66067,66062,1.4
66067,66077,66072,0.8
66077,66087,66082,6.2
66087,66097,66092,1.1
66097,66107,66102,1.2
66107,66117,66112,1.4
66117,66127,66122,2.9
66127,66137,66132,2.2
66137,66147,66142,1.3
66147,66157,66152,1.5
66157,66167,66162,1.6
66167,66177,66172,1.6
66177,66187,66182,0.9
66187,66197,66192,1.5
66197,66207,66202,1.5
66207,66217,66212,0.2
66217,66227,66222,1.3
66227,66237,66232,1.3
66237,66247,66242,1.8
66247,66257,66252,1.3
66257,66267,66262,2.0
66267,66277,66272,2.0
66277,66287,66282,1.9
66287,66297,66292,2.7
66297,66307,66302,0.7
66307,66317,66312,1.9
66317,66327,66322,1.7
66327,66337,66332,0.7
66337,66347,66342,0.8
66347,66357,66352,1.9
66357,66367,66362,1.7
66367,66377,66372,2.0
66377,66387,66382,2.1
66387,66397,66392,2.6
66397,66407,66402,1.4
66407,66417,66412,1.6
66417,66427,66422,3.0
66427,66437,66432,1.2
66437,66447,66442,2.1
66447,66457,66452,2.5
66457,66467,66462,2.4
66467,66477,66472,1.3
66477,66487,66482,1.1
66487,66497,66492,1.0
66497,66507,66502,2.5
66507,66517,66512,1.9
66517,66527,66522,2.3
66527,66537,66532,2.8
66537,66547,66542,1.9
66547,66557,66552,1.0
66557,66567,66562,2.9
66567,66577,66572,0.9
66577,66587,66582,2.6
66587,66597,66592,0.3
66597,66607,66602,1.7
66607,66617,66612,1.2
66617,66627,66622,1.6
66627,66637,66632,1.5
66637,66647,66642,3.3
66647,66657,66652,2.1
66657,66667,66662,1.0
66667,66677,66672,2.1
66677,66687,66682,3.2
66687,66697,66692,1.4
66697,66707,66702,9.0
66707,66717,66712,1.8
66717,66727,66722,2.4
66727,66737,66732,1.4
66737,66747,66742,1.9
66747,66757,66752,1.1
66757,66767,66762,0.6
66767,66777,66772,0.9
66777,66787,66782,1.5
66787,66797,66792,1.6
66797,66807,66802,4.8
66807,66817,66812,1.8
66817,66827,66822,2.3
66827,66837,66832,0.4
66837,66847,66842,3.5
66847,66857,66852,1.1
66857,66867,66862,1.6
66867,66877,66872,2.2
66877,66887,66882,1.0
66887,66897,66892,1.4
66897,66907,66902,2.3
66907,66917,66912,5.3
66917,66927,66922,3.7
66927,66937,66932,0.9
66937,66947,66942,2.0
66947,66957,66952,1.8
66957,66967,66962,1.3
66967,66977,66972,1.3
66977,66987,66982,2.4
66987,66997,66992,2.9
66997,67007,67002,3.0
67007,67017,67012,2.1
67017,67027,67022,4.3
67027,67037,67032,3.4
67037,67047,67042,1.2
67047,67057,67052,4.3
67057,67067,67062,1.9
67067,67077,67072,2.5
67077,67087,67082,6.2
67087,67097,67092,5.0
67097,67107,67102,2.8
67107,67117,67112,2.4
67117,67127,67122,8.0
67127,67137,67132,3.2
67137,67147,67142,2.9
67147,67157,67152,3.3
67157,67167,67162,3.4
67167,67177,67172,2.7
67177,67187,67182,2.5
67187,67197,67192,2.9
67197,67207,67202,3.0
67207,67217,67212,2.8
67217,67227,67222,3.2
67227,67237,67232,5.4
67237,67247,67242,3.4
67247,67257,67252,2.5
67257,67267,67262,5.0
67267,67277,67272,2.5
67277,67287,67282,1.9
67287,67297,67292,0.8
67297,67307,67302,0.8
67307,67317,67312,2.5
67317,67327,67322,1.3
67327,67337,67332,2.3
67337,67347,67342,4.2
67347,67357,67352,4.1
67357,67367,67362,4.5
67367,67377,67372,2.3
67377,67387,67382,2.2
67387,67397,67392,6.4
67397,67407,67402,1.3
67407,67417,67412,3.0
67417,67427,67422,2.4
67427,67437,67432,3.2
67437,67447,67442,2.7
67447,67457,67452,2.5
67457,67467,67462,4.1
67467,67477,67472,0.5
67477,67487,67482,3.0
67487,67497,67492,2.6
67497,67507,67502,1.7
67507,67517,67512,2.8
67517,67527,67522,3.7
67527,67537,67532,1.8
67537,67547,67542,1.6
67547,67557,67552,2.4
67557,67567,67562,2.9
67567,67577,67572,2.4
67577,67587,67582,2.1
67587,67597,67592,2.9
67597,67607,67602,1.9
67607,67617,67612,2.1
67617,67627,67622,1.5
67627,67637,67632,1.7
67637,67647,67642,1.5
67647,67657,67652,2.6
67657,67667,67662,2.1
67667,67677,67672,2.6
67677,67687,67682,2.8
67687,67697,67692,1.5
67697,67707,67702,5.1
67707,67717,67712,3.4
67717,67727,67722,0.7
67727,67737,67732,3.8
67737,67747,67742,5.4
67747,67757,67752,1.0
67757,67767,67762,2.9
67767,67777,67772,3.5
67777,67787,67782,2.0
67787,67797,67792,2.4
67797,67807,67802,1.8
67807,67817,67812,2.1
67817,67827,67822,3.7
67827,67837,67832,1.2
67837,67847,67842,3.1
67847,67857,67852,3.1
67857,67867,67862,2.0
67867,67877,67872,3.7
67877,67887,67882,1.7
67887,67897,67892,6.6
67897,67907,67902,2.5
67907,67917,67912,2.3
67917,67927,67922,1.9
67927,67937,67932,2.6
67937,67947,67942,1.9
67947,67957,67952,1.6
67957,67967,67962,1.2
67967,67977,67972,2.1
67977,67987,67982,2.3
67987,67997,67992,1.5
67997,68007,68002,2.2
68007,68017,68012,1.0
68017,68027,68022,3.1
68027,68037,68032,3.0
68037,68047,68042,0.1
68047,68057,68052,2.3
68057,68067,68062,2.1
68067,68077,68072,1.5
68077,68087,68082,0.7
68087,68097,68092,0.4
68097,68107,68102,1.1
68107,68117,68112,0.6
68117,68127,68122,2.6
68127,68137,68132,2.4
68137,68147,68142,2.6
68147,68157,68152,2.4
68157,68167,68162,2.1
68167,68177,68172,2.8
68177,68187,68182,2.2
68187,68197,68192,2.6
68197,68207,68202,1.1
68207,68217,68212,4.5
68217,68227,68222,8.9
68227,68237,68232,4.0
68237,68247,68242,3.3
68247,68257,68252,5.4
68257,68267,68262,1.6
68267,68277,68272,1.3
68277,68287,68282,1.6
68287,68297,68292,3.0
68297,68307,68302,3.5
68307,68317,68312,9.2
68317,68327,68322,6.2
68327,68337,68332,3.2
68337,68347,68342,4.2
68347,68357,68352,1.8
68357,68367,68362,3.2
68367,68377,68372,4.9
68377,68387,68382,5.3
68387,68397,68392,6.1
68397,68407,68402,5.0
68407,68417,68412,3.8
68417,68427,68422,3.1
68427,68437,68432,4.2
68437,68447,68442,7.2
68447,68457,68452,6.1
68457,68467,68462,9.2
68467,68477,68472,6.6
68477,68487,68482,5.4
68487,68497,68492,8.9
68497,68507,68502,5.8
68507,68517,68512,7.6
68517,68527,68522,7.2
68527,68537,68532,4.5
68537,68547,68542,9.3
68547,68557,68552,6.4
68557,68567,68562,9.6
68567,68577,68572,4.1
68577,68587,68582,1.5
68587,68597,68592,3.6
68597,68607,68602,6.7
68607,68617,68612,6.3
68617,68627,68622,3.8
68627,68637,68632,4.0
68637,68647,68642,7.9
68647,68657,68652,6.8
68657,68667,68662,8.7
68667,68677,68672,5.3
68677,68687,68682,6.3
68687,68697,68692,5.8
68697,68707,68702,10.9
68707,68717,68712,9.1
68717,68727,68722,7.8
68727,68737,68732,7.5
68737,68747,68742,4.7
68747,68757,68752,5.0
68757,68767,68762,6.4
68767,68777,68772,8.4
68777,68787,68782,9.4
68787,68797,68792,8.4
68797,68807,68802,6.7
68807,68817,68812,9.0
68817,68827,68822,8.0
68827,68837,68832,6.4
68837,68847,68842,4.9
68847,68857,68852,11.0
68857,68867,68862,7.7
68867,68877,68872,6.1
68877,68887,68882,9.1
68887,68897,68892,9.8
68897,68907,68902,8.8
68907,68917,68912,10.7
68917,68927,68922,8.0
68927,68937,68932,6.3
68937,68947,68942,9.1
68947,68957,68952,8.8
68957,68967,68962,4.8
68967,68977,68972,7.1
68977,68987,68982,6.6
68987,68997,68992,10.8
68997,69007,69002,0.4
69007,69017,69012,0.9
69017,69027,69022,0.9
69027,69037,69032,5.7
69037,69047,69042,8.7
69047,69057,69052,14.9
69057,69067,69062,21.2
69067,69077,69072,24.1
69077,69087,69082,23.3
69087,69097,69092,41.8
69097,69107,69102,70.2
69107,69117,69112,-9999.0
69117,69127,69122,-9999.0
69127,69137,69132,-9999.0
69137,69147,69142,-9999.0
69147,69157,69152,-9999.0
69157,69167,69162,-9999.0
69167,69177,69172,-9999.0
69177,69187,69182,-9999.0
69187,69197,69192,-9999.0
69197,69207,69202,-9999.0
69207,69217,69212,-9999.0
69217,69227,69222,-9999.0
69227,69237,69232,-9999.0
69237,69247,69242,-9999.0
69247,69257,69252,-9999.0
69257,69267,69262,-9999.0
69267,69277,69272,-9999.0
69277,69287,69282,-9999.0
69287,69297,69292,-9999.0
69297,69307,69302,-9999.0
69307,69317,69312,-9999.0
69317,69327,69322,-9999.0
69327,69337,69332,-9999.0
