NASA Data Processing/NAAMES(2015)/SP2/NAAMES-LARGE-SP2_C130_20151114_R0.ict
36, 1001
Bruce Anderson
NASA Langley Research Center
Single Particle Soot Photometer, DMT
NAAMES-1
1, 1
2015, 11, 14, 2016, 12, 01
0
UTC_start, seconds_past_midnight,    start_time_in_UTC
3
1, 1, 1
-9999, -9999, -9999
UTC_end, seconds_past_midnight, end_time_in_UTC
UTC_mid, seconds_past_midnight, mid_time_in_UTC
BC_mass, ng/m3, mass_concentration_of_black_carbon_aerosol
1
N/A
18
PI_CONTACT_INFO: 21 Langley Blvd, Hampton, VA 23681
PLATFORM: NASA WFF C130
LOCATION: North Atlantic Ocean
ASSOCIATED_DATA: N/A
INSTRUMENT_INFO: Calibrated using fullerene soot aerosol and polynomial mass/response fit. 
DATA_INFO: Data corrected to STP (760 torr and 273K). Measurements apply to black carbon particles with diameter between 105 and 600nm. Mass outside this range is accounted for using a log-normal fit to flight-averaged data.
UNCERTAINTY: 10%
ULOD_FLAG: -7777
ULOD_VALUE: N/A
LLOD_FLAG: -8888
LLOD_VALUE: N/A
DM_CONTACT_INFO: Luke D. Ziemba, luke.ziemba@nasa.gov, (757)864-6246
PROJECT_INFO: NAAMES Fall Deployment, November 2015
STIPULATIONS_ON_USE: Users are strongly encouraged to contact PI.
OTHER_COMMENTS: Data affected by cloud penetration artifacts have not been removed.  Please see the LARGE cloud flag to remove these data.
REVISION: R0
none
UTC_start, UTC_end, UTC_mid, BC_mass
[from data line 2865]
66507,66517,66512,14.1
66517,66527,66522,12.5
66527,66537,66532,19.1
66537,66547,66542,7.5
66547,66557,66552,5.9
66557,66567,66562,7.7
66567,66577,66572,6.2
66577,66587,66582,4.1
66587,66597,66592,2.9
66597,66607,66602,1.3
66607,66617,66612,2.3
66617,66627,66622,4.5
66627,66637,66632,1.8
66637,66647,66642,1.8
66647,66657,66652,2.0
66657,66667,66662,5.0
66667,66677,66672,2.6
66677,66687,66682,5.4
66687,66697,66692,3.3
66697,66707,66702,4.3
66707,66717,66712,11.2
66717,66727,66722,5.8
66727,66737,66732,3.2
66737,66747,66742,4.9
66747,66757,66752,2.1
66757,66767,66762,3.4
66767,66777,66772,1.8
66777,66787,66782,2.7
66787,66797,66792,2.4
66797,66807,66802,1.6
66807,66817,66812,0.5
66817,66827,66822,2.5
66827,66837,66832,3.4
66837,66847,66842,1.7
66847,66857,66852,1.9
66857,66867,66862,0.3
66867,66877,66872,0.9
66877,66887,66882,0.5
66887,66897,66892,1.1
66897,66907,66902,3.9
66907,66917,66912,4.3
66917,66927,66922,2.1
66927,66937,66932,1.0
66937,66947,66942,0.7
66947,66957,66952,0.7
66957,66967,66962,2.1
66967,66977,66972,0.8
66977,66987,66982,8.0
66987,66997,66992,0.4
66997,67007,67002,1.6
67007,67017,67012,1.4
67017,67027,67022,0.3
67027,67037,67032,0.0
67037,67047,67042,0.8
67047,67057,67052,0.6
67057,67067,67062,0.1
67067,67077,67072,0.8
67077,67087,67082,1.7
67087,67097,67092,2.3
67097,67107,67102,1.7
67107,67117,67112,2.3
67117,67127,67122,3.5
67127,67137,67132,2.4
67137,67147,67142,1.8
67147,67157,67152,2.1
67157,67167,67162,0.4
67167,67177,67172,1.3
67177,67187,67182,4.0
67187,67197,67192,2.2
67197,67207,67202,2.4
67207,67217,67212,1.8
67217,67227,67222,3.2
67227,67237,67232,3.5
67237,67247,67242,1.6
67247,67257,67252,1.3
67257,67267,67262,1.8
67267,67277,67272,4.2
67277,67287,67282,4.5
67287,67297,67292,0.7
67297,67307,67302,7.1
67307,67317,67312,2.0
67317,67327,67322,4.3
67327,67337,67332,1.2
67337,67347,67342,0.9
67347,67357,67352,1.0
67357,67367,67362,1.8
67367,67377,67372,0.0
67377,67387,67382,1.1
67387,67397,67392,0.3
67397,67407,67402,2.1
67407,67417,67412,0.7
67417,67427,67422,0.8
67427,67437,67432,0.1
67437,67447,67442,0.0
67447,67457,67452,0.0
67457,67467,67462,1.1
67467,67477,67472,1.0
67477,67487,67482,1.8
67487,67497,67492,3.2
67497,67507,67502,6.1
67507,67517,67512,2.3
67517,67527,67522,4.8
67527,67537,67532,9.5
67537,67547,67542,4.2
67547,67557,67552,16.5
67557,67567,67562,6.3
67567,67577,67572,4.3
67577,67587,67582,6.1
67587,67597,67592,4.3
67597,67607,67602,2.7
67607,67617,67612,3.9
67617,67627,67622,4.7
67627,67637,67632,1.7
67637,67647,67642,2.1
67647,67657,67652,2.3
67657,67667,67662,3.6
67667,67677,67672,4.0
67677,67687,67682,0.8
67687,67697,67692,0.6
67697,67707,67702,1.4
67707,67717,67712,2.2
67717,67727,67722,1.8
67727,67737,67732,0.8
67737,67747,67742,2.7
67747,67757,67752,0.4
67757,67767,67762,1.7
67767,67777,67772,0.7
67777,67787,67782,1.8
67787,67797,67792,5.1
67797,67807,67802,1.0
67807,67817,67812,0.9
67817,67827,67822,0.6
67827,67837,67832,1.1
67837,67847,67842,0.7
67847,67857,67852,0.5
67857,67867,67862,0.4
67867,67877,67872,1.5
67877,67887,67882,0.7
67887,67897,67892,3.6
67897,67907,67902,1.0
67907,67917,67912,0.1
67917,67927,67922,0.9
67927,67937,67932,0.5
67937,67947,67942,0.0
67947,67957,67952,0.4
67957,67967,67962,0.8
67967,67977,67972,0.5
67977,67987,67982,1.0
67987,67997,67992,0.0
67997,68007,68002,0.3
68007,68017,68012,0.9
68017,68027,68022,0.7
68027,68037,68032,2.0
68037,68047,68042,0.8
68047,68057,68052,0.7
68057,68067,68062,0.4
68067,68077,68072,0.4
68077,68087,68082,1.2
68087,68097,68092,1.5
68097,68107,68102,1.8
68107,68117,68112,0.9
68117,68127,68122,2.8
68127,68137,68132,4.5
68137,68147,68142,3.3
68147,68157,68152,3.8
68157,68167,68162,3.3
68167,68177,68172,3.6
68177,68187,68182,5.8
68187,68197,68192,3.3
68197,68207,68202,5.4
68207,68217,68212,6.3
68217,68227,68222,3.2
68227,68237,68232,3.6
68237,68247,68242,5.1
68247,68257,68252,4.6
68257,68267,68262,4.8
68267,68277,68272,3.3
68277,68287,68282,6.0
68287,68297,68292,3.7
68297,68307,68302,4.4
68307,68317,68312,5.3
68317,68327,68322,3.5
68327,68337,68332,4.7
68337,68347,68342,2.8
68347,68357,68352,1.8
68357,68367,68362,3.5
68367,68377,68372,3.0
68377,68387,68382,3.0
68387,68397,68392,2.8
68397,68407,68402,1.8
68407,68417,68412,1.8
68417,68427,68422,1.5
68427,68437,68432,2.5
68437,68447,68442,4.8
68447,68457,68452,3.7
68457,68467,68462,1.1
68467,68477,68472,4.8
68477,68487,68482,1.6
68487,68497,68492,1.2
68497,68507,68502,1.5
68507,68517,68512,0.9
68517,68527,68522,1.2
68527,68537,68532,1.9
68537,68547,68542,2.6
68547,68557,68552,3.7
68557,68567,68562,2.9
68567,68577,68572,2.7
68577,68587,68582,0.8
68587,68597,68592,2.2
68597,68607,68602,0.9
68607,68617,68612,0.7
68617,68627,68622,0.7
68627,68637,68632,1.6
68637,68647,68642,2.6
68647,68657,68652,5.0
68657,68667,68662,1.3
68667,68677,68672,1.2
68677,68687,68682,0.9
68687,68697,68692,1.0
68697,68707,68702,1.4
68707,68717,68712,0.2
68717,68727,68722,1.9
68727,68737,68732,1.0
68737,68747,68742,1.1
68747,68757,68752,0.9
68757,68767,68762,0.7
68767,68777,68772,2.7
68777,68787,68782,0.9
68787,68797,68792,0.9
68797,68807,68802,1.3
68807,68817,68812,4.1
68817,68827,68822,1.8
68827,68837,68832,2.0
68837,68847,68842,2.7
68847,68857,68852,4.6
68857,68867,68862,3.6
68867,68877,68872,4.2
68877,68887,68882,2.0
68887,68897,68892,2.4
68897,68907,68902,0.8
68907,68917,68912,0.6
68917,68927,68922,1.5
68927,68937,68932,2.6
68937,68947,68942,0.3
68947,68957,68952,0.9
68957,68967,68962,1.2
68967,68977,68972,1.6
68977,68987,68982,0.6
68987,68997,68992,0.6
68997,69007,69002,1.1
69007,69017,69012,1.2
69017,69027,69022,2.9
69027,69037,69032,1.6
69037,69047,69042,0.8
69047,69057,69052,2.0
69057,69067,69062,1.4
69067,69077,69072,2.4
69077,69087,69082,2.3
69087,69097,69092,0.4
69097,69107,69102,0.9
69107,69117,69112,1.0
69117,69127,69122,1.1
69127,69137,69132,1.0
69137,69147,69142,0.5
69147,69157,69152,0.3
69157,69167,69162,1.6
69167,69177,69172,1.5
69177,69187,69182,0.6
69187,69197,69192,0.4
69197,69207,69202,0.5
69207,69217,69212,0.0
69217,69227,69222,1.1
69227,69237,69232,0.6
69237,69247,69242,0.5
69247,69257,69252,0.7
69257,69267,69262,0.6
69267,69277,69272,0.0
69277,69287,69282,0.5
69287,69297,69292,1.1
69297,69307,69302,1.9
69307,69317,69312,0.9
69317,69327,69322,1.4
69327,69337,69332,0.4
69337,69347,69342,1.2
69347,69357,69352,1.4
69357,69367,69362,0.5
69367,69377,69372,0.7
69377,69387,69382,1.0
69387,69397,69392,0.5
69397,69407,69402,1.0
69407,69417,69412,1.1
69417,69427,69422,0.7
69427,69437,69432,2.2
69437,69447,69442,0.2
69447,69457,69452,0.1
69457,69467,69462,1.3
69467,69477,69472,3.5
69477,69487,69482,0.6
69487,69497,69492,0.7
69497,69507,69502,0.8
69507,69517,69512,0.3
69517,69527,69522,2.1
69527,69537,69532,1.3
69537,69547,69542,1.2
69547,69557,69552,1.1
69557,69567,69562,0.3
69567,69577,69572,0.2
69577,69587,69582,1.7
69587,69597,69592,2.7
69597,69607,69602,0.5
69607,69617,69612,0.3
69617,69627,69622,4.2
69627,69637,69632,0.0
69637,69647,69642,2.6
69647,69657,69652,1.0
69657,69667,69662,0.5
69667,69677,69672,1.2
69677,69687,69682,0.4
69687,69697,69692,0.7
69697,69707,69702,1.0
69707,69717,69712,0.1
69717,69727,69722,0.4
69727,69737,69732,0.4
69737,69747,69742,0.2
69747,69757,69752,1.4
69757,69767,69762,0.5
69767,69777,69772,0.6
69777,69787,69782,1.0
69787,69797,69792,1.8
69797,69807,69802,0.2
69807,69817,69812,0.8
69817,69827,69822,0.4
69827,69837,69832,0.0
69837,69847,69842,1.1
69847,69857,69852,0.1
69857,69867,69862,2.9
69867,69877,69872,0.3
69877,69887,69882,1.6
69887,69897,69892,0.4
69897,69907,69902,1.3
69907,69917,69912,0.1
69917,69927,69922,1.0
69927,69937,69932,0.7
69937,69947,69942,0.7
69947,69957,69952,3.5
69957,69967,69962,3.4
69967,69977,69972,5.0
69977,69987,69982,2.9
69987,69997,69992,3.3
69997,70007,70002,4.8
70007,70017,70012,3.8
70017,70027,70022,6.0
70027,70037,70032,2.7
70037,70047,70042,3.7
70047,70057,70052,4.6
70057,70067,70062,3.8
70067,70077,70072,3.1
70077,70087,70082,5.4
70087,70097,70092,9.6
70097,70107,70102,7.5
70107,70117,70112,4.2
70117,70127,70122,10.6
70127,70137,70132,5.4
70137,70147,70142,12.5
70147,70157,70152,8.0
70157,70167,70162,10.7
70167,70177,70172,13.3
70177,70187,70182,18.6
70187,70197,70192,11.9
70197,70207,70202,11.6
70207,70217,70212,8.3
70217,70227,70222,8.8
70227,70237,70232,12.3
70237,70247,70242,6.5
70247,70257,70252,2.1
70257,70267,70262,3.2
70267,70277,70272,2.0
70277,70287,70282,3.0
70287,70297,70292,1.3
70297,70307,70302,0.3
70307,70317,70312,0.2
70317,70327,70322,0.0
70327,70337,70332,0.0
70337,70347,70342,0.0
70347,70357,70352,0.0
70357,70367,70362,0.0
70367,70377,70372,0.0
70377,70387,70382,0.0
70387,70397,70392,0.0
70397,70407,70402,0.0
70407,70417,70412,0.0
70417,70427,70422,0.0
70427,70437,70432,0.0
70437,70447,70442,0.0
70447,70457,70452,0.0
70457,70467,70462,0.0
70467,70477,70472,0.0
70477,70487,70482,0.0
70487,70497,70492,0.0
70497,70507,70502,0.0
70507,70517,70512,0.0
70517,70527,70522,0.0
70527,70537,70532,0.0
70537,70547,70542,0.0
70547,70557,70552,0.0
70557,70567,70562,0.0
70567,70577,70572,0.0
70577,70587,70582,0.0
70587,70597,70592,0.0
70597,70607,70602,0.0
70607,70617,70612,0.0
70617,70627,70622,0.0
70627,70637,70632,0.0
70637,70647,70642,0.0
70647,70657,70652,0.0
70657,70667,70662,0.0
70667,70677,70672,0.0
70677,70687,70682,0.0
70687,70697,70692,0.0
70697,70707,70702,0.0
70707,70717,70712,0.0
70717,70727,70722,0.0
70727,70737,70732,0.0
70737,70747,70742,0.0
70747,70757,70752,0.0
70757,70767,70762,0.0
70767,70777,70772,0.0
70777,70787,70782,0.0
70787,70797,70792,0.0
70797,70807,70802,0.0
70807,70817,70812,0.0
70817,70827,70822,0.0
70827,70837,70832,0.0
70837,70847,70842,0.2
70847,70857,70852,0.2
70857,70867,70862,0.0
70867,70877,70872,0.5
70877,70887,70882,0.1
70887,70897,70892,0.0
70897,70907,70902,0.2
70907,70917,70912,0.0
70917,70927,70922,0.1
70927,70937,70932,1.6
70937,70947,70942,0.7
70947,70957,70952,0.5
70957,70967,70962,1.0
70967,70977,70972,1.2
70977,70987,70982,1.9
70987,70997,70992,8.2
70997,71007,71002,3.7
71007,71017,71012,5.1
71017,71027,71022,8.0
71027,71037,71032,6.6
71037,71047,71042,21.4
71047,71057,71052,23.6
71057,71067,71062,26.2
71067,71077,71072,6298.5
71077,71087,71082,0.0
71087,71097,71092,3219.5
71097,71107,71102,142.1
71107,71117,71112,108.5
71117,71127,71122,584.8
71127,71137,71132,48.6
71137,71147,71142,45.8
71147,71157,71152,64.9
