NASA Data Processing/NAAMES(2015)/SP2/NAAMES-LARGE-SP2_C130_20151118_R0.ict
36, 1001
Bruce Anderson
NASA Langley Research Center
Single Particle Soot Photometer, DMT
NAAMES-1
1, 1
2015, 11, 18, 2016, 12, 01
0
UTC_start, seconds_past_midnight,  start_time_in_UTC
3
1, 1, 1
-9999, -9999, -9999
UTC_end, seconds_past_midnight, end_time_in_UTC
UTC_mid, seconds_past_midnight, mid_time_in_UTC
BC_mass, ng/m3, mass_concentration_of_black_carbon_aerosol
1
N/A
18
PI_CONTACT_INFO: 21 Langley Blvd, Hampton, VA 23681
PLATFORM: NASA WFF C130
LOCATION: North Atlantic Ocean
ASSOCIATED_DATA: N/A
INSTRUMENT_INFO: Calibrated using fullerene soot aerosol and polynomial mass/response fit. 
DATA_INFO: Data corrected to STP (760 torr and 273K). Measurements apply to black carbon particles with diameter between 105 and 600nm. Mass outside this range is accounted for using a log-normal fit to flight-averaged data.
UNCERTAINTY: 10%
ULOD_FLAG: -7777
ULOD_VALUE: N/A
LLOD_FLAG: -8888
LLOD_VALUE: N/A
DM_CONTACT_INFO: Luke D. Ziemba, luke.ziemba@nasa.gov, (757)864-6246
PROJECT_INFO: NAAMES Fall Deployment, November 2015
STIPULATIONS_ON_USE: Users are strongly encouraged to contact PI.
OTHER_COMMENTS: Data affected by cloud penetration artifacts have not been removed.  Please see the LARGE cloud flag to remove these data.
REVISION: R0
none
UTC_start, UTC_end, UTC_mid, BC_mass
[from data line 641]
48597,48607,48602,1.4
48607,48617,48612,2.3
48617,48627,48622,1.5
48627,48637,48632,1.9
48637,48647,48642,5.5
48647,48657,48652,1.4
48657,48667,48662,0.4
48667,48677,48672,2.7
48677,48687,48682,1.3
48687,48697,48692,2.3
48697,48707,48702,0.2
48707,48717,48712,2.6
48717,48727,48722,1.8
48727,48737,48732,1.1
48737,48747,48742,1.0
48747,48757,48752,1.2
48757,48767,48762,2.2
48767,48777,48772,1.1
48777,48787,48782,0.2
48787,48797,48792,5.1
48797,48807,48802,3.3
48807,48817,48812,0.0
48817,48827,48822,0.9
48827,48837,48832,1.6
48837,48847,48842,0.8
48847,48857,48852,1.0
48857,48867,48862,1.1
48867,48877,48872,1.4
48877,48887,48882,0.8
48887,48897,48892,11.7
48897,48907,48902,5.5
48907,48917,48912,9.2
48917,48927,48922,5.2
48927,48937,48932,7.4
48937,48947,48942,4.1
48947,48957,48952,5.7
48957,48967,48962,6.9
48967,48977,48972,10.7
48977,48987,48982,4.4
48987,48997,48992,6.1
48997,49007,49002,6.1
49007,49017,49012,3.0
49017,49027,49022,3.3
49027,49037,49032,4.5
49037,49047,49042,5.6
49047,49057,49052,5.9
49057,49067,49062,12.9
49067,49077,49072,7.1
49077,49087,49082,6.9
49087,49097,49092,4.7
49097,49107,49102,7.3
49107,49117,49112,4.0
49117,49127,49122,5.0
49127,49137,49132,5.7
49137,49147,49142,6.1
49147,49157,49152,5.7
49157,49167,49162,3.2
49167,49177,49172,5.7
49177,49187,49182,5.5
49187,49197,49192,7.1
49197,49207,49202,5.1
49207,49217,49212,6.2
49217,49227,49222,4.6
49227,49237,49232,3.6
49237,49247,49242,5.5
49247,49257,49252,14.7
49257,49267,49262,5.9
49267,49277,49272,5.6
49277,49287,49282,6.3
49287,49297,49292,2.0
49297,49307,49302,5.9
49307,49317,49312,4.7
49317,49327,49322,4.3
49327,49337,49332,4.4
49337,49347,49342,5.9
49347,49357,49352,5.5
49357,49367,49362,4.0
49367,49377,49372,4.7
49377,49387,49382,13.4
49387,49397,49392,6.6
49397,49407,49402,12.1
49407,49417,49412,3.2
49417,49427,49422,7.9
49427,49437,49432,7.3
49437,49447,49442,5.5
49447,49457,49452,14.1
49457,49467,49462,5.8
49467,49477,49472,4.4
49477,49487,49482,3.4
49487,49497,49492,6.7
49497,49507,49502,6.6
49507,49517,49512,7.0
49517,49527,49522,6.7
49527,49537,49532,7.2
49537,49547,49542,6.7
49547,49557,49552,4.8
49557,49567,49562,3.7
49567,49577,49572,4.0
49577,49587,49582,8.6
49587,49597,49592,6.8
49597,49607,49602,6.9
49607,49617,49612,4.7
49617,49627,49622,7.3
49627,49637,49632,7.5
49637,49647,49642,4.3
49647,49657,49652,7.6
49657,49667,49662,5.3
49667,49677,49672,5.1
49677,49687,49682,2.3
49687,49697,49692,3.9
49697,49707,49702,4.9
49707,49717,49712,6.2
49717,49727,49722,5.7
49727,49737,49732,9.3
49737,49747,49742,4.1
49747,49757,49752,3.1
49757,49767,49762,2.8
49767,49777,49772,4.0
49777,49787,49782,4.2
49787,49797,49792,5.4
49797,49807,49802,5.3
49807,49817,49812,5.5
49817,49827,49822,7.5
49827,49837,49832,2.9
49837,49847,49842,2.1
49847,49857,49852,2.7
49857,49867,49862,4.3
49867,49877,49872,4.3
49877,49887,49882,6.6
49887,49897,49892,5.1
49897,49907,49902,9.1
49907,49917,49912,7.8
49917,49927,49922,12.0
49927,49937,49932,11.1
49937,49947,49942,14.1
49947,49957,49952,14.4
49957,49967,49962,14.3
49967,49977,49972,9.2
49977,49987,49982,16.5
49987,49997,49992,14.0
49997,50007,50002,8.4
50007,50017,50012,13.8
50017,50027,50022,10.1
50027,50037,50032,6.7
50037,50047,50042,2.5
50047,50057,50052,4.3
50057,50067,50062,2.9
50067,50077,50072,4.0
50077,50087,50082,3.1
50087,50097,50092,8.2
50097,50107,50102,5.5
50107,50117,50112,10.3
50117,50127,50122,5.6
50127,50137,50132,14.8
50137,50147,50142,6.6
50147,50157,50152,6.0
50157,50167,50162,8.7
50167,50177,50172,5.9
50177,50187,50182,7.8
50187,50197,50192,5.0
50197,50207,50202,13.8
50207,50217,50212,6.9
50217,50227,50222,7.3
50227,50237,50232,17.6
50237,50247,50242,9.9
50247,50257,50252,12.7
50257,50267,50262,5.4
50267,50277,50272,7.8
50277,50287,50282,4.7
50287,50297,50292,2.2
50297,50307,50302,6.5
50307,50317,50312,1.8
50317,50327,50322,1.2
50327,50337,50332,5.0
50337,50347,50342,1.2
50347,50357,50352,2.4
50357,50367,50362,3.7
50367,50377,50372,4.8
50377,50387,50382,4.7
50387,50397,50392,1.7
50397,50407,50402,1.5
50407,50417,50412,1.9
50417,50427,50422,2.9
50427,50437,50432,1.1
50437,50447,50442,3.7
50447,50457,50452,3.2
50457,50467,50462,1.9
50467,50477,50472,6.5
50477,50487,50482,3.8
50487,50497,50492,3.3
50497,50507,50502,1.4
50507,50517,50512,0.9
50517,50527,50522,2.3
50527,50537,50532,5.7
50537,50547,50542,3.5
50547,50557,50552,3.1
50557,50567,50562,5.2
50567,50577,50572,4.5
50577,50587,50582,5.3
50587,50597,50592,7.2
50597,50607,50602,3.0
50607,50617,50612,4.8
50617,50627,50622,5.0
50627,50637,50632,3.3
50637,50647,50642,7.6
50647,50657,50652,4.2
50657,50667,50662,3.4
50667,50677,50672,4.7
50677,50687,50682,4.4
50687,50697,50692,7.0
50697,50707,50702,11.1
50707,50717,50712,7.5
50717,50727,50722,7.0
50727,50737,50732,11.2
50737,50747,50742,8.9
50747,50757,50752,10.2
50757,50767,50762,6.2
50767,50777,50772,8.2
50777,50787,50782,19.9
50787,50797,50792,6.1
50797,50807,50802,7.5
50807,50817,50812,9.2
50817,50827,50822,3.5
50827,50837,50832,4.0
50837,50847,50842,6.9
50847,50857,50852,7.4
50857,50867,50862,15.8
50867,50877,50872,7.7
50877,50887,50882,6.8
50887,50897,50892,6.2
50897,50907,50902,11.7
50907,50917,50912,12.3
50917,50927,50922,6.9
50927,50937,50932,4.5
50937,50947,50942,7.3
50947,50957,50952,7.0
50957,50967,50962,7.2
50967,50977,50972,5.8
50977,50987,50982,2.1
50987,50997,50992,4.6
50997,51007,51002,5.8
51007,51017,51012,3.5
51017,51027,51022,5.0
51027,51037,51032,7.0
51037,51047,51042,4.8
51047,51057,51052,9.0
51057,51067,51062,5.4
51067,51077,51072,7.7
51077,51087,51082,5.6
51087,51097,51092,7.1
51097,51107,51102,4.9
51107,51117,51112,7.2
51117,51127,51122,3.8
51127,51137,51132,7.2
51137,51147,51142,11.5
51147,51157,51152,4.9
51157,51167,51162,7.9
51167,51177,51172,6.4
51177,51187,51182,7.7
51187,51197,51192,6.5
51197,51207,51202,6.5
51207,51217,51212,5.2
51217,51227,51222,7.5
51227,51237,51232,6.3
51237,51247,51242,14.1
51247,51257,51252,5.7
51257,51267,51262,9.3
51267,51277,51272,4.5
51277,51287,51282,9.4
51287,51297,51292,10.3
51297,51307,51302,11.7
51307,51317,51312,9.8
51317,51327,51322,10.6
51327,51337,51332,11.9
51337,51347,51342,15.6
51347,51357,51352,9.5
51357,51367,51362,11.2
51367,51377,51372,9.2
51377,51387,51382,5.6
51387,51397,51392,8.2
51397,51407,51402,9.8
51407,51417,51412,7.0
51417,51427,51422,10.8
51427,51437,51432,4.0
51437,51447,51442,6.8
51447,51457,51452,4.7
51457,51467,51462,3.8
51467,51477,51472,6.5
51477,51487,51482,5.8
51487,51497,51492,4.1
51497,51507,51502,3.8
51507,51517,51512,4.0
51517,51527,51522,5.0
51527,51537,51532,7.0
51537,51547,51542,4.6
51547,51557,51552,4.2
51557,51567,51562,3.0
51567,51577,51572,3.3
51577,51587,51582,2.8
51587,51597,51592,7.4
51597,51607,51602,2.1
51607,51617,51612,3.2
51617,51627,51622,2.3
51627,51637,51632,6.3
51637,51647,51642,2.4
51647,51657,51652,4.3
51657,51667,51662,3.0
51667,51677,51672,2.8
51677,51687,51682,4.3
51687,51697,51692,3.8
51697,51707,51702,4.7
51707,51717,51712,2.1
51717,51727,51722,2.6
51727,51737,51732,3.2
51737,51747,51742,2.4
51747,51757,51752,1.5
51757,51767,51762,2.7
51767,51777,51772,3.7
51777,51787,51782,3.6
51787,51797,51792,3.4
51797,51807,51802,1.9
51807,51817,51812,2.2
51817,51827,51822,2.9
51827,51837,51832,3.4
51837,51847,51842,2.7
51847,51857,51852,2.9
51857,51867,51862,8.1
51867,51877,51872,7.8
51877,51887,51882,2.7
51887,51897,51892,4.8
51897,51907,51902,5.4
51907,51917,51912,5.3
51917,51927,51922,4.3
51927,51937,51932,4.8
51937,51947,51942,9.5
51947,51957,51952,5.0
51957,51967,51962,9.7
51967,51977,51972,8.5
51977,51987,51982,4.5
51987,51997,51992,11.1
51997,52007,52002,6.0
52007,52017,52012,4.5
52017,52027,52022,10.3
52027,52037,52032,4.0
52037,52047,52042,4.9
52047,52057,52052,4.5
52057,52067,52062,3.3
52067,52077,52072,5.7
52077,52087,52082,7.5
52087,52097,52092,6.6
52097,52107,52102,4.0
52107,52117,52112,5.1
52117,52127,52122,4.8
52127,52137,52132,7.5
52137,52147,52142,7.8
52147,52157,52152,3.6
52157,52167,52162,8.3
52167,52177,52172,12.7
52177,52187,52182,6.6
52187,52197,52192,3.7
52197,52207,52202,7.7
52207,52217,52212,3.0
52217,52227,52222,6.1
52227,52237,52232,5.0
52237,52247,52242,5.5
52247,52257,52252,2.9
52257,52267,52262,6.4
52267,52277,52272,5.3
52277,52287,52282,3.4
52287,52297,52292,4.6
52297,52307,52302,6.4
52307,52317,52312,4.1
52317,52327,52322,4.7
52327,52337,52332,6.3
52337,52347,52342,3.4
52347,52357,52352,5.4
52357,52367,52362,6.2
52367,52377,52372,2.3
52377,52387,52382,3.2
52387,52397,52392,3.5
52397,52407,52402,4.3
52407,52417,52412,4.4
52417,52427,52422,3.8
52427,52437,52432,2.8
52437,52447,52442,3.7
52447,52457,52452,1.7
52457,52467,52462,9.4
52467,52477,52472,3.7
52477,52487,52482,4.0
52487,52497,52492,4.3
52497,52507,52502,4.4
52507,52517,52512,4.5
52517,52527,52522,5.5
52527,52537,52532,3.9
52537,52547,52542,1.4
52547,52557,52552,1.9
52557,52567,52562,3.2
52567,52577,52572,1.8
52577,52587,52582,6.8
52587,52597,52592,2.8
52597,52607,52602,2.7
52607,52617,52612,2.7
52617,52627,52622,2.5
52627,52637,52632,4.1
52637,52647,52642,3.0
52647,52657,52652,3.9
52657,52667,52662,2.2
52667,52677,52672,3.6
52677,52687,52682,7.3
52687,52697,52692,6.6
52697,52707,52702,2.9
52707,52717,52712,4.4
52717,52727,52722,3.4
52727,52737,52732,4.4
52737,52747,52742,3.6
52747,52757,52752,8.6
52757,52767,52762,4.5
52767,52777,52772,3.8
52777,52787,52782,3.6
52787,52797,52792,2.3
52797,52807,52802,2.5
52807,52817,52812,4.8
52817,52827,52822,1.4
52827,52837,52832,3.0
52837,52847,52842,3.8
52847,52857,52852,4.3
52857,52867,52862,4.4
52867,52877,52872,2.9
52877,52887,52882,2.9
52887,52897,52892,2.6
52897,52907,52902,7.9
52907,52917,52912,6.1
52917,52927,52922,3.0
52927,52937,52932,5.6
52937,52947,52942,4.3
52947,52957,52952,2.0
52957,52967,52962,4.9
52967,52977,52972,4.1
52977,52987,52982,4.0
52987,52997,52992,9.8
52997,53007,53002,6.9
53007,53017,53012,5.5
53017,53027,53022,6.5
53027,53037,53032,4.8
53037,53047,53042,3.1
53047,53057,53052,4.1
53057,53067,53062,3.5
53067,53077,53072,4.3
53077,53087,53082,3.3
53087,53097,53092,5.5
53097,53107,53102,11.3
53107,53117,53112,5.4
53117,53127,53122,13.2
53127,53137,53132,4.5
53137,53147,53142,2.9
53147,53157,53152,6.1
53157,53167,53162,5.2
53167,53177,53172,6.1
53177,53187,53182,9.3
53187,53197,53192,5.0
53197,53207,53202,12.6
53207,53217,53212,3.6
53217,53227,53222,2.4
53227,53237,53232,11.5
53237,53247,53242,4.9
53247,53257,53252,2.2
53257,53267,53262,2.8
53267,53277,53272,2.3
53277,53287,53282,2.2
53287,53297,53292,6.4
53297,53307,53302,5.6
53307,53317,53312,1.4
53317,53327,53322,1.8
53327,53337,53332,0.3
53337,53347,53342,3.0
53347,53357,53352,1.6
53357,53367,53362,3.2
53367,53377,53372,0.5
53377,53387,53382,2.8
53387,53397,53392,2.2
53397,53407,53402,0.5
53407,53417,53412,2.3
53417,53427,53422,1.1
53427,53437,53432,0.5
53437,53447,53442,1.1
53447,53457,53452,2.0
53457,53467,53462,2.3
53467,53477,53472,2.8
53477,53487,53482,2.8
53487,53497,53492,1.5
53497,53507,53502,0.8
53507,53517,53512,1.4
53517,53527,53522,1.9
53527,53537,53532,3.3
53537,53547,53542,0.5
53547,53557,53552,3.3
53557,53567,53562,2.7
53567,53577,53572,1.3
53577,53587,53582,0.9
53587,53597,53592,18.2
53597,53607,53602,1.7
53607,53617,53612,0.6
53617,53627,53622,3.1
53627,53637,53632,0.7
53637,53647,53642,2.6
53647,53657,53652,1.2
53657,53667,53662,2.7
53667,53677,53672,3.4
53677,53687,53682,1.7
53687,53697,53692,1.0
53697,53707,53702,0.2
53707,53717,53712,0.9
53717,53727,53722,3.7
53727,53737,53732,1.4
53737,53747,53742,0.8
53747,53757,53752,1.0
53757,53767,53762,1.0
53767,53777,53772,1.9
53777,53787,53782,0.3
53787,53797,53792,1.4
53797,53807,53802,2.6
53807,53817,53812,5.7
53817,53827,53822,1.4
53827,53837,53832,0.2
53837,53847,53842,0.8
53847,53857,53852,0.1
53857,53867,53862,0.3
53867,53877,53872,0.2
53877,53887,53882,0.4
53887,53897,53892,0.0
53897,53907,53902,0.0
53907,53917,53912,0.0
53917,53927,53922,0.0
53927,53937,53932,0.0
53937,53947,53942,0.0
53947,53957,53952,1.0
53957,53967,53962,0.6
53967,53977,53972,0.0
53977,53987,53982,0.0
53987,53997,53992,0.0
53997,54007,54002,0.0
54007,54017,54012,0.0
54017,54027,54022,0.0
54027,54037,54032,0.0
54037,54047,54042,0.0
54047,54057,54052,0.0
54057,54067,54062,0.0
54067,54077,54072,0.0
54077,54087,54082,0.0
54087,54097,54092,0.0
54097,54107,54102,0.0
54107,54117,54112,0.0
54117,54127,54122,0.0
54127,54137,54132,0.0
54137,54147,54142,0.0
54147,54157,54152,0.0
54157,54167,54162,0.0
54167,54177,54172,0.0
54177,54187,54182,0.0
54187,54197,54192,0.0
54197,54207,54202,0.0
54207,54217,54212,0.0
54217,54227,54222,0.0
54227,54237,54232,0.0
54237,54247,54242,0.0
54247,54257,54252,0.0
54257,54267,54262,0.0
54267,54277,54272,0.0
54277,54287,54282,0.0
54287,54297,54292,0.0
54297,54307,54302,0.0
54307,54317,54312,0.0
54317,54327,54322,0.0
54327,54337,54332,0.0
54337,54347,54342,0.0
54347,54357,54352,0.0
54357,54367,54362,0.0
54367,54377,54372,0.0
54377,54387,54382,0.0
54387,54397,54392,0.0
54397,54407,54402,0.0
54407,54417,54412,0.0
54417,54427,54422,0.0
54427,54437,54432,0.0
54437,54447,54442,0.0
54447,54457,54452,0.0
54457,54467,54462,0.0
54467,54477,54472,0.0
54477,54487,54482,0.0
54487,54497,54492,0.0
54497,54507,54502,0.0
54507,54517,54512,0.0
54517,54527,54522,0.0
54527,54537,54532,0.0
54537,54547,54542,0.0
54547,54557,54552,0.0
54557,54567,54562,0.0
54567,54577,54572,0.0
54577,54587,54582,0.0
54587,54597,54592,0.0
54597,54607,54602,0.0
54607,54617,54612,0.0
54617,54627,54622,0.0
54627,54637,54632,0.0
54637,54647,54642,0.0
54647,54657,54652,0.0
54657,54667,54662,0.0
54667,54677,54672,0.0
54677,54687,54682,0.0
54687,54697,54692,0.0
54697,54707,54702,0.0
54707,54717,54712,0.0
54717,54727,54722,0.0
54727,54737,54732,0.0
54737,54747,54742,0.0
54747,54757,54752,0.0
54757,54767,54762,0.0
54767,54777,54772,0.0
54777,54787,54782,0.0
54787,54797,54792,0.0
54797,54807,54802,0.0
54807,54817,54812,0.0
54817,54827,54822,0.0
54827,54837,54832,0.0
54837,54847,54842,0.0
54847,54857,54852,0.0
54857,54867,54862,0.0
54867,54877,54872,0.0
54877,54887,54882,0.0
54887,54897,54892,20.2
54897,54907,54902,0.2
54907,54917,54912,0.0
54917,54927,54922,0.0
54927,54937,54932,0.0
54937,54947,54942,0.0
54947,54957,54952,0.0
54957,54967,54962,0.0
54967,54977,54972,0.0
54977,54987,54982,0.0
54987,54997,54992,0.0
54997,55007,55002,0.0
55007,55017,55012,0.0
55017,55027,55022,0.0
55027,55037,55032,0.0
55037,55047,55042,0.0
55047,55057,55052,0.0
55057,55067,55062,0.0
55067,55077,55072,0.0
55077,55087,55082,0.0
55087,55097,55092,0.0
55097,55107,55102,0.0
55107,55117,55112,0.0
55117,55127,55122,0.0
55127,55137,55132,0.0
55137,55147,55142,0.0
55147,55157,55152,0.0
55157,55167,55162,0.0
55167,55177,55172,0.0
55177,55187,55182,0.0
55187,55197,55192,10.2
55197,55207,55202,0.0
55207,55217,55212,0.5
55217,55227,55222,0.0
55227,55237,55232,0.0
55237,55247,55242,0.0
55247,55257,55252,0.0
55257,55267,55262,0.0
55267,55277,55272,0.0
55277,55287,55282,0.1
55287,55297,55292,0.0
55297,55307,55302,0.0
55307,55317,55312,0.0
55317,55327,55322,0.0
55327,55337,55332,0.0
55337,55347,55342,0.0
55347,55357,55352,1.6
55357,55367,55362,1.6
55367,55377,55372,5.1
55377,55387,55382,5.0
55387,55397,55392,5.8
55397,55407,55402,0.7
55407,55417,55412,0.1
55417,55427,55422,0.1
55427,55437,55432,0.5
55437,55447,55442,0.0
55447,55457,55452,0.0
55457,55467,55462,0.4
55467,55477,55472,0.0
55477,55487,55482,0.0
55487,55497,55492,0.0
55497,55507,55502,0.0
55507,55517,55512,0.4
55517,55527,55522,2.3
55527,55537,55532,0.0
55537,55547,55542,0.0
55547,55557,55552,0.0
55557,55567,55562,0.7
55567,55577,55572,0.3
55577,55587,55582,0.9
55587,55597,55592,0.0
55597,55607,55602,0.0
55607,55617,55612,0.0
55617,55627,55622,0.0
55627,55637,55632,0.0
55637,55647,55642,0.0
55647,55657,55652,0.0
55657,55667,55662,0.0
55667,55677,55672,0.0
55677,55687,55682,0.0
55687,55697,55692,0.0
55697,55707,55702,0.1
55707,55717,55712,1.8
55717,55727,55722,9.0
55727,55737,55732,1.7
55737,55747,55742,0.0
55747,55757,55752,0.2
55757,55767,55762,0.0
55767,55777,55772,0.0
55777,55787,55782,0.0
55787,55797,55792,0.0
55797,55807,55802,0.0
55807,55817,55812,0.7
55817,55827,55822,0.9
55827,55837,55832,1.6
