NASA Data Processing/NAAMES(2015)/SP2/NAAMES-LARGE-SP2_C130_20151123_R0.ict
36, 1001
Bruce Anderson
NASA Langley Research Center
Single Particle Soot Photometer, DMT
NAAMES-1
1, 1
2015, 11, 23, 2016, 11, 30
0
UTC_start, seconds_past_midnight, start_time_in_UTC
3
1, 1, 1
-9999, -9999, -9999
UTC_end, seconds_past_midnight, end_time_in_UTC
UTC_mid, seconds_past_midnight, mid_time_in_UTC
BC_mass, ng/m3, mass_concentration_of_black_carbon_aerosol
1
N/A
18
PI_CONTACT_INFO: 21 Langley Blvd, Hampton, VA 23681
PLATFORM: NASA WFF C130
LOCATION: North Atlantic Ocean
ASSOCIATED_DATA: N/A
INSTRUMENT_INFO: Calibrated using fullerene soot aerosol and polynomial mass/response fit. 
DATA_INFO: Data corrected to STP (760 torr and 273K). Measurements apply to black carbon particles with diameter between 105 and 600nm. Mass outside this range is accounted for using a log-normal fit to flight-averaged data.
UNCERTAINTY: 10%
ULOD_FLAG: -7777
ULOD_VALUE: N/A
LLOD_FLAG: -8888
LLOD_VALUE: N/A
DM_CONTACT_INFO: Luke D. Ziemba, luke.ziemba@nasa.gov, (757)864-6246
PROJECT_INFO: NAAMES Fall Deployment, November 2015
STIPULATIONS_ON_USE: Users are strongly encouraged to contact PI.
OTHER_COMMENTS: Data affected by cloud penetration artifacts have not been removed.  Please see the LARGE cloud flag to remove these data.
REVISION: R0
none
UTC_start, UTC_end, UTC_mid, BC_mass
[from data line 1402]
50287,50297,50292,3.6
50297,50307,50302,3.2
50307,50317,50312,4.0
50317,50327,50322,5.7
50327,50337,50332,2.6
50337,50347,50342,3.5
50347,50357,50352,3.6
50357,50367,50362,2.8
50367,50377,50372,2.8
50377,50387,50382,6.7
50387,50397,50392,4.0
50397,50407,50402,1.6
50407,50417,50412,9.6
50417,50427,50422,3.4
50427,50437,50432,1.4
50437,50447,50442,3.9
50447,50457,50452,2.7
50457,50467,50462,2.1
50467,50477,50472,4.3
50477,50487,50482,1.8
50487,50497,50492,4.1
50497,50507,50502,6.1
50507,50517,50512,4.0
50517,50527,50522,2.5
50527,50537,50532,3.0
50537,50547,50542,2.2
50547,50557,50552,2.3
50557,50567,50562,2.0
50567,50577,50572,3.3
50577,50587,50582,2.0
50587,50597,50592,2.1
50597,50607,50602,3.1
50607,50617,50612,1.1
50617,50627,50622,2.1
50627,50637,50632,5.3
50637,50647,50642,4.0
50647,50657,50652,2.8
50657,50667,50662,4.2
50667,50677,50672,6.4
50677,50687,50682,10.8
50687,50697,50692,6.4
50697,50707,50702,8.3
50707,50717,50712,8.9
50717,50727,50722,8.9
50727,50737,50732,5.8
50737,50747,50742,6.8
50747,50757,50752,9.1
50757,50767,50762,6.7
50767,50777,50772,6.6
50777,50787,50782,5.8
50787,50797,50792,6.2
50797,50807,50802,6.4
50807,50817,50812,4.6
50817,50827,50822,6.3
50827,50837,50832,6.2
50837,50847,50842,7.2
50847,50857,50852,7.0
50857,50867,50862,5.5
50867,50877,50872,8.8
50877,50887,50882,5.5
50887,50897,50892,8.4
50897,50907,50902,7.5
50907,50917,50912,6.8
50917,50927,50922,4.8
50927,50937,50932,6.0
50937,50947,50942,6.5
50947,50957,50952,3.1
50957,50967,50962,5.9
50967,50977,50972,6.0
50977,50987,50982,2.5
50987,50997,50992,6.3
50997,51007,51002,3.4
51007,51017,51012,4.3
51017,51027,51022,4.4
51027,51037,51032,5.7
51037,51047,51042,4.6
51047,51057,51052,6.6
51057,51067,51062,4.7
51067,51077,51072,4.2
51077,51087,51082,1.8
51087,51097,51092,1.9
51097,51107,51102,1.6
51107,51117,51112,2.6
51117,51127,51122,3.8
51127,51137,51132,3.4
51137,51147,51142,3.0
51147,51157,51152,5.4
51157,51167,51162,1.9
51167,51177,51172,2.1
51177,51187,51182,2.1
51187,51197,51192,2.6
51197,51207,51202,2.0
51207,51217,51212,2.0
51217,51227,51222,2.1
51227,51237,51232,2.5
51237,51247,51242,1.9
51247,51257,51252,1.8
51257,51267,51262,2.3
51267,51277,51272,1.3
51277,51287,51282,1.6
51287,51297,51292,2.0
51297,51307,51302,2.3
51307,51317,51312,3.6
51317,51327,51322,3.7
51327,51337,51332,1.7
51337,51347,51342,2.1
51347,51357,51352,2.4
51357,51367,51362,1.6
51367,51377,51372,1.9
51377,51387,51382,1.1
51387,51397,51392,1.2
51397,51407,51402,5.2
51407,51417,51412,2.6
51417,51427,51422,1.8
51427,51437,51432,3.3
51437,51447,51442,1.6
51447,51457,51452,4.3
51457,51467,51462,1.0
51467,51477,51472,2.5
51477,51487,51482,1.8
51487,51497,51492,1.9
51497,51507,51502,2.1
51507,51517,51512,2.3
51517,51527,51522,0.9
51527,51537,51532,0.9
51537,51547,51542,3.5
51547,51557,51552,1.7
51557,51567,51562,3.9
51567,51577,51572,2.2
51577,51587,51582,0.4
51587,51597,51592,1.2
51597,51607,51602,2.5
51607,51617,51612,2.3
51617,51627,51622,2.8
51627,51637,51632,2.6
51637,51647,51642,2.5
51647,51657,51652,2.4
51657,51667,51662,1.1
51667,51677,51672,1.8
51677,51687,51682,2.4
51687,51697,51692,1.9
51697,51707,51702,1.6
51707,51717,51712,9.4
51717,51727,51722,2.8
51727,51737,51732,2.3
51737,51747,51742,1.3
51747,51757,51752,2.0
51757,51767,51762,1.7
51767,51777,51772,2.2
51777,51787,51782,4.4
51787,51797,51792,0.8
51797,51807,51802,1.1
51807,51817,51812,2.8
51817,51827,51822,1.3
51827,51837,51832,3.2
51837,51847,51842,0.9
51847,51857,51852,2.2
51857,51867,51862,1.4
51867,51877,51872,1.7
51877,51887,51882,2.0
51887,51897,51892,1.9
51897,51907,51902,1.6
51907,51917,51912,3.5
51917,51927,51922,2.1
51927,51937,51932,1.8
51937,51947,51942,1.3
51947,51957,51952,3.2
51957,51967,51962,0.2
51967,51977,51972,1.9
51977,51987,51982,9.4
51987,51997,51992,1.6
51997,52007,52002,1.0
52007,52017,52012,1.2
52017,52027,52022,2.1
52027,52037,52032,1.6
52037,52047,52042,2.0
52047,52057,52052,1.5
52057,52067,52062,2.0
52067,52077,52072,3.9
52077,52087,52082,2.0
52087,52097,52092,1.7
52097,52107,52102,1.4
52107,52117,52112,1.6
52117,52127,52122,4.1
52127,52137,52132,2.8
52137,52147,52142,2.3
52147,52157,52152,1.9
52157,52167,52162,1.6
52167,52177,52172,2.7
52177,52187,52182,2.8
52187,52197,52192,1.5
52197,52207,52202,2.9
52207,52217,52212,1.0
52217,52227,52222,1.5
52227,52237,52232,2.5
52237,52247,52242,1.7
52247,52257,52252,0.4
52257,52267,52262,3.7
52267,52277,52272,1.9
52277,52287,52282,2.3
52287,52297,52292,1.2
52297,52307,52302,2.2
52307,52317,52312,1.7
52317,52327,52322,1.8
52327,52337,52332,0.3
52337,52347,52342,1.3
52347,52357,52352,2.6
52357,52367,52362,3.1
52367,52377,52372,2.7
52377,52387,52382,1.6
52387,52397,52392,2.3
52397,52407,52402,2.5
52407,52417,52412,1.5
52417,52427,52422,1.9
52427,52437,52432,2.1
52437,52447,52442,6.9
52447,52457,52452,2.3
52457,52467,52462,3.3
52467,52477,52472,1.4
52477,52487,52482,1.7
52487,52497,52492,1.5
52497,52507,52502,3.0
52507,52517,52512,2.3
52517,52527,52522,2.9
52527,52537,52532,2.7
52537,52547,52542,1.3
52547,52557,52552,2.0
52557,52567,52562,1.1
52567,52577,52572,1.6
52577,52587,52582,2.5
52587,52597,52592,4.2
52597,52607,52602,6.7
52607,52617,52612,6.2
52617,52627,52622,8.1
52627,52637,52632,5.0
52637,52647,52642,5.3
52647,52657,52652,6.4
52657,52667,52662,5.2
52667,52677,52672,5.4
52677,52687,52682,3.9
52687,52697,52692,5.2
52697,52707,52702,4.4
52707,52717,52712,4.1
52717,52727,52722,6.0
52727,52737,52732,4.4
52737,52747,52742,7.7
52747,52757,52752,3.8
52757,52767,52762,5.7
52767,52777,52772,5.2
52777,52787,52782,4.8
52787,52797,52792,2.9
52797,52807,52802,3.6
52807,52817,52812,2.2
52817,52827,52822,1.2
52827,52837,52832,1.2
52837,52847,52842,1.9
52847,52857,52852,1.0
52857,52867,52862,0.9
52867,52877,52872,1.9
52877,52887,52882,2.6
52887,52897,52892,2.1
52897,52907,52902,3.0
52907,52917,52912,2.9
52917,52927,52922,4.7
52927,52937,52932,3.3
52937,52947,52942,2.2
52947,52957,52952,1.2
52957,52967,52962,3.6
52967,52977,52972,1.7
52977,52987,52982,1.8
52987,52997,52992,2.3
52997,53007,53002,2.3
53007,53017,53012,2.3
53017,53027,53022,5.7
53027,53037,53032,3.0
53037,53047,53042,1.5
53047,53057,53052,5.2
53057,53067,53062,3.1
53067,53077,53072,1.5
53077,53087,53082,1.3
53087,53097,53092,1.4
53097,53107,53102,1.6
53107,53117,53112,1.0
53117,53127,53122,1.1
53127,53137,53132,0.5
53137,53147,53142,0.3
53147,53157,53152,2.7
53157,53167,53162,0.9
53167,53177,53172,1.6
53177,53187,53182,1.6
53187,53197,53192,2.3
53197,53207,53202,2.5
53207,53217,53212,1.6
53217,53227,53222,1.4
53227,53237,53232,0.7
53237,53247,53242,3.1
53247,53257,53252,1.4
53257,53267,53262,1.4
53267,53277,53272,2.9
53277,53287,53282,1.5
53287,53297,53292,0.9
53297,53307,53302,1.9
53307,53317,53312,1.2
53317,53327,53322,1.4
53327,53337,53332,1.1
53337,53347,53342,2.3
53347,53357,53352,2.6
53357,53367,53362,4.5
53367,53377,53372,1.9
53377,53387,53382,1.0
53387,53397,53392,1.2
53397,53407,53402,2.4
53407,53417,53412,2.5
53417,53427,53422,1.8
53427,53437,53432,1.0
53437,53447,53442,1.4
53447,53457,53452,1.6
53457,53467,53462,1.2
53467,53477,53472,2.1
53477,53487,53482,2.5
53487,53497,53492,2.7
53497,53507,53502,2.2
53507,53517,53512,2.4
53517,53527,53522,1.8
53527,53537,53532,1.5
53537,53547,53542,3.0
53547,53557,53552,3.6
53557,53567,53562,2.6
53567,53577,53572,0.8
53577,53587,53582,3.8
53587,53597,53592,4.3
53597,53607,53602,1.5
53607,53617,53612,2.5
53617,53627,53622,2.7
53627,53637,53632,3.1
53637,53647,53642,5.0
53647,53657,53652,3.8
53657,53667,53662,2.7
53667,53677,53672,3.6
53677,53687,53682,4.9
53687,53697,53692,3.0
53697,53707,53702,2.3
53707,53717,53712,3.5
53717,53727,53722,3.3
53727,53737,53732,3.8
53737,53747,53742,2.3
53747,53757,53752,3.5
53757,53767,53762,1.8
53767,53777,53772,2.7
53777,53787,53782,4.7
53787,53797,53792,3.9
53797,53807,53802,1.7
53807,53817,53812,2.3
53817,53827,53822,2.5
53827,53837,53832,3.0
53837,53847,53842,2.9
53847,53857,53852,3.0
53857,53867,53862,3.8
53867,53877,53872,4.5
53877,53887,53882,2.1
53887,53897,53892,4.9
53897,53907,53902,3.3
53907,53917,53912,2.6
53917,53927,53922,2.1
53927,53937,53932,2.2
53937,53947,53942,2.9
53947,53957,53952,3.2
53957,53967,53962,3.3
53967,53977,53972,2.0
53977,53987,53982,8.3
53987,53997,53992,1.8
53997,54007,54002,3.8
54007,54017,54012,3.5
54017,54027,54022,3.7
54027,54037,54032,2.4
54037,54047,54042,4.0
54047,54057,54052,3.0
54057,54067,54062,2.2
54067,54077,54072,2.9
54077,54087,54082,3.8
54087,54097,54092,2.5
54097,54107,54102,3.9
54107,54117,54112,5.0
54117,54127,54122,2.8
54127,54137,54132,6.5
54137,54147,54142,1.4
54147,54157,54152,2.3
54157,54167,54162,2.4
54167,54177,54172,4.3
54177,54187,54182,2.0
54187,54197,54192,3.2
54197,54207,54202,2.8
54207,54217,54212,3.5
54217,54227,54222,2.6
54227,54237,54232,3.7
54237,54247,54242,3.4
54247,54257,54252,3.2
54257,54267,54262,4.2
54267,54277,54272,6.4
54277,54287,54282,1.3
54287,54297,54292,3.2
54297,54307,54302,7.9
54307,54317,54312,1.7
54317,54327,54322,1.5
54327,54337,54332,3.4
54337,54347,54342,3.8
54347,54357,54352,3.3
54357,54367,54362,6.6
54367,54377,54372,7.9
54377,54387,54382,2.1
54387,54397,54392,3.0
54397,54407,54402,1.5
54407,54417,54412,2.1
54417,54427,54422,2.1
54427,54437,54432,2.0
54437,54447,54442,2.3
54447,54457,54452,1.2
54457,54467,54462,2.9
54467,54477,54472,2.9
54477,54487,54482,2.4
54487,54497,54492,1.8
54497,54507,54502,3.4
54507,54517,54512,1.9
54517,54527,54522,3.1
54527,54537,54532,3.6
54537,54547,54542,1.8
54547,54557,54552,2.9
54557,54567,54562,3.2
54567,54577,54572,4.0
54577,54587,54582,1.9
54587,54597,54592,2.1
54597,54607,54602,4.3
54607,54617,54612,3.2
54617,54627,54622,2.8
54627,54637,54632,2.9
54637,54647,54642,2.2
54647,54657,54652,3.2
54657,54667,54662,3.7
54667,54677,54672,3.2
54677,54687,54682,4.3
54687,54697,54692,3.6
54697,54707,54702,3.6
54707,54717,54712,0.9
54717,54727,54722,2.8
54727,54737,54732,2.5
54737,54747,54742,1.3
54747,54757,54752,1.3
54757,54767,54762,3.3
54767,54777,54772,3.4
54777,54787,54782,2.2
54787,54797,54792,1.9
54797,54807,54802,2.5
54807,54817,54812,5.9
54817,54827,54822,2.5
54827,54837,54832,2.9
54837,54847,54842,2.2
54847,54857,54852,3.6
54857,54867,54862,3.3
54867,54877,54872,2.6
54877,54887,54882,1.4
54887,54897,54892,2.0
54897,54907,54902,3.8
54907,54917,54912,2.8
54917,54927,54922,3.0
54927,54937,54932,3.3
54937,54947,54942,2.1
54947,54957,54952,2.1
54957,54967,54962,5.0
54967,54977,54972,3.1
54977,54987,54982,3.6
54987,54997,54992,1.5
54997,55007,55002,1.8
55007,55017,55012,3.4
55017,55027,55022,2.4
55027,55037,55032,1.3
55037,55047,55042,4.8
55047,55057,55052,2.5
55057,55067,55062,2.7
55067,55077,55072,1.1
55077,55087,55082,7.8
55087,55097,55092,2.7
55097,55107,55102,3.8
55107,55117,55112,4.0
55117,55127,55122,3.0
55127,55137,55132,2.7
55137,55147,55142,2.2
55147,55157,55152,4.3
55157,55167,55162,4.5
55167,55177,55172,3.3
55177,55187,55182,4.5
55187,55197,55192,3.6
55197,55207,55202,4.1
55207,55217,55212,2.7
55217,55227,55222,4.2
55227,55237,55232,3.7
55237,55247,55242,3.3
55247,55257,55252,2.2
55257,55267,55262,5.4
55267,55277,55272,2.3
55277,55287,55282,1.8
55287,55297,55292,2.4
55297,55307,55302,3.1
55307,55317,55312,2.5
55317,55327,55322,2.5
55327,55337,55332,6.0
55337,55347,55342,4.7
55347,55357,55352,1.8
55357,55367,55362,2.8
55367,55377,55372,2.8
55377,55387,55382,2.1
55387,55397,55392,2.4
55397,55407,55402,3.0
55407,55417,55412,2.9
55417,55427,55422,4.8
55427,55437,55432,1.8
55437,55447,55442,1.9
55447,55457,55452,2.1
55457,55467,55462,3.0
55467,55477,55472,1.7
55477,55487,55482,1.8
55487,55497,55492,3.2
55497,55507,55502,2.4
55507,55517,55512,2.0
55517,55527,55522,1.0
55527,55537,55532,2.4
55537,55547,55542,4.6
55547,55557,55552,4.2
55557,55567,55562,5.3
55567,55577,55572,3.3
55577,55587,55582,4.7
55587,55597,55592,3.3
55597,55607,55602,2.5
55607,55617,55612,2.8
55617,55627,55622,4.3
55627,55637,55632,3.4
55637,55647,55642,2.4
55647,55657,55652,2.2
55657,55667,55662,1.8
55667,55677,55672,3.9
55677,55687,55682,2.3
55687,55697,55692,1.4
55697,55707,55702,1.9
55707,55717,55712,2.1
55717,55727,55722,1.9
55727,55737,55732,2.9
55737,55747,55742,2.7
55747,55757,55752,2.1
55757,55767,55762,2.4
55767,55777,55772,1.8
55777,55787,55782,1.2
55787,55797,55792,2.9
55797,55807,55802,2.0
55807,55817,55812,3.3
55817,55827,55822,2.7
55827,55837,55832,2.2
55837,55847,55842,3.3
55847,55857,55852,1.6
55857,55867,55862,2.9
55867,55877,55872,2.9
55877,55887,55882,4.3
55887,55897,55892,5.0
55897,55907,55902,2.2
55907,55917,55912,3.0
55917,55927,55922,2.7
55927,55937,55932,2.6
55937,55947,55942,3.9
55947,55957,55952,5.1
55957,55967,55962,3.0
55967,55977,55972,2.0
55977,55987,55982,2.3
55987,55997,55992,1.7
55997,56007,56002,3.6
56007,56017,56012,2.4
56017,56027,56022,1.6
56027,56037,56032,3.9
56037,56047,56042,3.3
56047,56057,56052,1.3
56057,56067,56062,2.7
56067,56077,56072,3.4
56077,56087,56082,2.9
56087,56097,56092,2.2
56097,56107,56102,3.2
56107,56117,56112,2.7
56117,56127,56122,1.9
56127,56137,56132,2.9
56137,56147,56142,2.4
56147,56157,56152,0.7
56157,56167,56162,3.3
56167,56177,56172,2.5
56177,56187,56182,2.0
56187,56197,56192,5.6
56197,56207,56202,2.5
56207,56217,56212,1.2
56217,56227,56222,3.3
56227,56237,56232,1.6
56237,56247,56242,2.7
56247,56257,56252,3.2
56257,56267,56262,1.4
56267,56277,56272,1.6
56277,56287,56282,2.0
56287,56297,56292,3.1
56297,56307,56302,1.9
56307,56317,56312,3.2
56317,56327,56322,3.4
56327,56337,56332,2.3
56337,56347,56342,4.4
56347,56357,56352,5.3
56357,56367,56362,2.1
56367,56377,56372,2.8
56377,56387,56382,1.0
56387,56397,56392,3.3
56397,56407,56402,1.5
56407,56417,56412,1.4
56417,56427,56422,2.7
56427,56437,56432,1.2
56437,56447,56442,1.7
56447,56457,56452,1.4
56457,56467,56462,1.3
56467,56477,56472,2.8
56477,56487,56482,3.8
56487,56497,56492,3.1
56497,56507,56502,1.9
56507,56517,56512,1.5
56517,56527,56522,2.6
56527,56537,56532,1.3
56537,56547,56542,3.1
56547,56557,56552,0.8
56557,56567,56562,0.3
56567,56577,56572,2.6
56577,56587,56582,1.7
56587,56597,56592,0.7
56597,56607,56602,1.1
56607,56617,56612,1.2
56617,56627,56622,1.4
56627,56637,56632,1.4
56637,56647,56642,1.9
56647,56657,56652,0.6
56657,56667,56662,2.1
56667,56677,56672,3.1
56677,56687,56682,1.6
56687,56697,56692,1.6
56697,56707,56702,1.6
56707,56717,56712,2.1
56717,56727,56722,2.7
56727,56737,56732,0.3
56737,56747,56742,2.8
56747,56757,56752,0.5
56757,56767,56762,0.6
56767,56777,56772,0.9
56777,56787,56782,0.7
56787,56797,56792,1.3
56797,56807,56802,1.0
56807,56817,56812,0.8
56817,56827,56822,1.0
56827,56837,56832,2.3
56837,56847,56842,1.7
56847,56857,56852,1.7
56857,56867,56862,1.7
56867,56877,56872,0.8
56877,56887,56882,1.5
56887,56897,56892,0.5
56897,56907,56902,1.5
56907,56917,56912,0.2
56917,56927,56922,1.3
56927,56937,56932,0.5
56937,56947,56942,0.0
56947,56957,56952,1.0
56957,56967,56962,1.2
56967,56977,56972,0.6
56977,56987,56982,1.5
56987,56997,56992,1.4
56997,57007,57002,0.6
57007,57017,57012,1.4
57017,57027,57022,0.5
57027,57037,57032,0.5
57037,57047,57042,0.8
57047,57057,57052,1.2
57057,57067,57062,0.3
57067,57077,57072,0.3
57077,57087,57082,0.2
57087,57097,57092,3.2
57097,57107,57102,0.3
57107,57117,57112,0.5
57117,57127,57122,0.6
57127,57137,57132,0.8
57137,57147,57142,0.1
57147,57157,57152,0.5
57157,57167,57162,1.2
57167,57177,57172,2.1
57177,57187,57182,0.3
57187,57197,57192,0.6
57197,57207,57202,1.3
57207,57217,57212,1.1
57217,57227,57222,0.9
57227,57237,57232,0.1
57237,57247,57242,1.2
57247,57257,57252,0.2
57257,57267,57262,0.0
57267,57277,57272,3.1
57277,57287,57282,0.3
57287,57297,57292,0.7
57297,57307,57302,0.0
57307,57317,57312,0.4
57317,57327,57322,1.0
57327,57337,57332,0.1
57337,57347,57342,0.7
57347,57357,57352,0.0
57357,57367,57362,0.6
57367,57377,57372,0.3
57377,57387,57382,0.3
57387,57397,57392,0.3
57397,57407,57402,1.1
57407,57417,57412,0.5
57417,57427,57422,0.0
57427,57437,57432,1.8
57437,57447,57442,1.1
57447,57457,57452,1.0
57457,57467,57462,0.3
57467,57477,57472,0.2
57477,57487,57482,0.2
57487,57497,57492,0.9
57497,57507,57502,0.9
57507,57517,57512,0.0
57517,57527,57522,0.4
57527,57537,57532,0.6
57537,57547,57542,0.0
57547,57557,57552,0.0
