NASA Data Processing/NAAMES(2015)/SP2/NAAMES-LARGE-SP2_C130_20151114_R0.ict
36, 1001
Bruce Anderson
NASA Langley Research Center
Single Particle Soot Photometer, DMT
NAAMES-1
1, 1
2015, 11, 14, 2016, 12, 01
0
UTC_start, seconds_past_midnight,    start_time_in_UTC
3
1, 1, 1
-9999, -9999, -9999
UTC_end, seconds_past_midnight, end_time_in_UTC
UTC_mid, seconds_past_midnight, mid_time_in_UTC
BC_mass, ng/m3, mass_concentration_of_black_carbon_aerosol
1
N/A
18
PI_CONTACT_INFO: 21 Langley Blvd, Hampton, VA 23681
PLATFORM: NASA WFF C130
LOCATION: North Atlantic Ocean
ASSOCIATED_DATA: N/A
INSTRUMENT_INFO: Calibrated using fullerene soot aerosol and polynomial mass/response fit. 
DATA_INFO: Data corrected to STP (760 torr and 273K). Measurements apply to black carbon particles with diameter between 105 and 600nm. Mass outside this range is accounted for using a log-normal fit to flight-averaged data.
UNCERTAINTY: 10%
ULOD_FLAG: -7777
ULOD_VALUE: N/A
LLOD_FLAG: -8888
LLOD_VALUE: N/A
DM_CONTACT_INFO: Luke D. Ziemba, luke.ziemba@nasa.gov, (757)864-6246
PROJECT_INFO: NAAMES Fall Deployment, November 2015
STIPULATIONS_ON_USE: Users are strongly encouraged to contact PI.
OTHER_COMMENTS: Data affected by cloud penetration artifacts have not been removed.  Please see the LARGE cloud flag to remove these data.
REVISION: R0
none
UTC_start, UTC_end, UTC_mid, BC_mass
[from data line 2146]
59317,59327,59322,0.0
59327,59337,59332,0.3
59337,59347,59342,0.6
59347,59357,59352,0.0
59357,59367,59362,10.7
59367,59377,59372,1.5
59377,59387,59382,0.0
59387,59397,59392,2.3
59397,59407,59402,0.0
59407,59417,59412,1.2
59417,59427,59422,0.0
59427,59437,59432,9.0
59437,59447,59442,2.3
59447,59457,59452,0.0
59457,59467,59462,1.6
59467,59477,59472,0.2
59477,59487,59482,0.1
59487,59497,59492,0.0
59497,59507,59502,0.0
59507,59517,59512,0.2
59517,59527,59522,0.2
59527,59537,59532,0.6
59537,59547,59542,0.0
59547,59557,59552,0.0
59557,59567,59562,1.5
59567,59577,59572,0.0
59577,59587,59582,0.1
59587,59597,59592,0.0
59597,59607,59602,0.5
59607,59617,59612,0.0
59617,59627,59622,5.0
59627,59637,59632,0.5
59637,59647,59642,1.7
59647,59657,59652,0.0
59657,59667,59662,0.3
59667,59677,59672,0.9
59677,59687,59682,0.5
59687,59697,59692,0.4
59697,59707,59702,1.4
59707,59717,59712,0.4
59717,59727,59722,0.6
59727,59737,59732,0.9
59737,59747,59742,1.5
59747,59757,59752,0.0
59757,59767,59762,0.2
59767,59777,59772,0.1
59777,59787,59782,0.0
59787,59797,59792,0.3
59797,59807,59802,0.1
59807,59817,59812,0.2
59817,59827,59822,0.3
59827,59837,59832,1.5
59837,59847,59842,0.7
59847,59857,59852,0.3
59857,59867,59862,1.6
59867,59877,59872,0.4
59877,59887,59882,0.8
59887,59897,59892,7.7
59897,59907,59902,4.6
59907,59917,59912,2.2
59917,59927,59922,4.5
59927,59937,59932,3.1
59937,59947,59942,3.3
59947,59957,59952,2.6
59957,59967,59962,1.6
59967,59977,59972,3.1
59977,59987,59982,2.4
59987,59997,59992,1.1
59997,60007,60002,3.9
60007,60017,60012,7.1
60017,60027,60022,1.8
60027,60037,60032,2.2
60037,60047,60042,3.9
60047,60057,60052,4.6
60057,60067,60062,3.3
60067,60077,60072,0.9
60077,60087,60082,2.5
60087,60097,60092,2.1
60097,60107,60102,5.2
60107,60117,60112,1.8
60117,60127,60122,2.5
60127,60137,60132,6.1
60137,60147,60142,5.0
60147,60157,60152,2.5
60157,60167,60162,2.6
60167,60177,60172,4.1
60177,60187,60182,5.1
60187,60197,60192,6.3
60197,60207,60202,10.5
60207,60217,60212,4.3
60217,60227,60222,2.2
60227,60237,60232,8.6
60237,60247,60242,4.1
60247,60257,60252,11.6
60257,60267,60262,5.3
60267,60277,60272,2.2
60277,60287,60282,4.1
60287,60297,60292,3.3
60297,60307,60302,4.2
60307,60317,60312,3.6
60317,60327,60322,6.0
60327,60337,60332,5.4
60337,60347,60342,3.9
60347,60357,60352,3.6
60357,60367,60362,3.1
60367,60377,60372,4.9
60377,60387,60382,3.7
60387,60397,60392,5.9
60397,60407,60402,5.4
60407,60417,60412,4.3
60417,60427,60422,4.5
60427,60437,60432,3.7
60437,60447,60442,1.9
60447,60457,60452,1.4
60457,60467,60462,5.0
60467,60477,60472,3.0
60477,60487,60482,3.5
60487,60497,60492,2.0
60497,60507,60502,12.9
60507,60517,60512,3.4
60517,60527,60522,2.6
60527,60537,60532,1.2
60537,60547,60542,2.4
60547,60557,60552,3.7
60557,60567,60562,2.3
60567,60577,60572,1.1
60577,60587,60582,1.4
60587,60597,60592,2.7
60597,60607,60602,4.5
60607,60617,60612,5.5
60617,60627,60622,3.3
60627,60637,60632,4.9
60637,60647,60642,1.7
60647,60657,60652,1.3
60657,60667,60662,255.3
60667,60677,60672,18.3
60677,60687,60682,0.8
60687,60697,60692,1.7
60697,60707,60702,4.9
60707,60717,60712,8.9
60717,60727,60722,0.9
60727,60737,60732,0.7
60737,60747,60742,0.8
60747,60757,60752,0.7
60757,60767,60762,2.5
60767,60777,60772,0.8
60777,60787,60782,0.7
60787,60797,60792,0.9
60797,60807,60802,1.0
60807,60817,60812,2.1
60817,60827,60822,0.3
60827,60837,60832,1.2
60837,60847,60842,0.6
60847,60857,60852,0.0
60857,60867,60862,0.3
60867,60877,60872,0.0
60877,60887,60882,0.0
60887,60897,60892,1.4
60897,60907,60902,0.7
60907,60917,60912,0.5
60917,60927,60922,0.8
60927,60937,60932,0.6
60937,60947,60942,2.2
60947,60957,60952,1.5
60957,60967,60962,0.5
60967,60977,60972,0.0
60977,60987,60982,1.6
60987,60997,60992,1.0
60997,61007,61002,2.2
61007,61017,61012,2.9
61017,61027,61022,1.3
61027,61037,61032,0.1
61037,61047,61042,0.7
61047,61057,61052,2.1
61057,61067,61062,1.6
61067,61077,61072,0.9
61077,61087,61082,1.4
61087,61097,61092,1.6
61097,61107,61102,2.8
61107,61117,61112,1.6
61117,61127,61122,4.0
61127,61137,61132,3.1
61137,61147,61142,3.2
61147,61157,61152,4.5
61157,61167,61162,3.2
61167,61177,61172,4.9
61177,61187,61182,3.7
61187,61197,61192,16.6
61197,61207,61202,4.0
61207,61217,61212,4.0
61217,61227,61222,5.7
61227,61237,61232,5.7
61237,61247,61242,9.1
61247,61257,61252,10.6
61257,61267,61262,22.3
61267,61277,61272,27.5
61277,61287,61282,31.0
61287,61297,61292,28.8
61297,61307,61302,19.9
61307,61317,61312,7.2
61317,61327,61322,5.7
61327,61337,61332,3.6
61337,61347,61342,6.1
61347,61357,61352,13.7
61357,61367,61362,20.6
61367,61377,61372,20.6
61377,61387,61382,19.7
61387,61397,61392,26.7
61397,61407,61402,17.9
61407,61417,61412,35.3
61417,61427,61422,18.6
61427,61437,61432,20.2
61437,61447,61442,15.1
61447,61457,61452,33.5
61457,61467,61462,11.1
61467,61477,61472,17.3
61477,61487,61482,6.7
61487,61497,61492,5.5
61497,61507,61502,3.4
61507,61517,61512,20.9
61517,61527,61522,4.2
61527,61537,61532,2.6
61537,61547,61542,2.1
61547,61557,61552,6.7
61557,61567,61562,4.5
61567,61577,61572,6.8
61577,61587,61582,6.7
61587,61597,61592,4.8
61597,61607,61602,9.7
61607,61617,61612,8.6
61617,61627,61622,7.2
61627,61637,61632,5.6
61637,61647,61642,7.4
61647,61657,61652,12.6
61657,61667,61662,8.8
61667,61677,61672,8.8
61677,61687,61682,9.8
61687,61697,61692,9.2
61697,61707,61702,13.8
61707,61717,61712,14.1
61717,61727,61722,18.4
61727,61737,61732,18.3
61737,61747,61742,17.8
61747,61757,61752,19.4
61757,61767,61762,20.3
61767,61777,61772,16.4
61777,61787,61782,13.1
61787,61797,61792,10.2
61797,61807,61802,15.1
61807,61817,61812,20.0
61817,61827,61822,31.5
61827,61837,61832,15.4
61837,61847,61842,21.0
61847,61857,61852,12.4
61857,61867,61862,12.7
61867,61877,61872,12.6
61877,61887,61882,10.4
61887,61897,61892,5.9
61897,61907,61902,14.0
61907,61917,61912,3.7
61917,61927,61922,6.2
61927,61937,61932,11.9
61937,61947,61942,24.6
61947,61957,61952,19.4
61957,61967,61962,20.5
61967,61977,61972,22.8
61977,61987,61982,21.9
61987,61997,61992,24.8
61997,62007,62002,18.3
62007,62017,62012,17.8
62017,62027,62022,26.8
62027,62037,62032,13.4
62037,62047,62042,14.8
62047,62057,62052,27.2
62057,62067,62062,16.3
62067,62077,62072,29.3
62077,62087,62082,31.9
62087,62097,62092,18.2
62097,62107,62102,24.2
62107,62117,62112,24.4
62117,62127,62122,33.7
62127,62137,62132,15.7
62137,62147,62142,12.5
62147,62157,62152,19.9
62157,62167,62162,13.7
62167,62177,62172,12.1
62177,62187,62182,18.4
62187,62197,62192,11.9
62197,62207,62202,23.4
62207,62217,62212,12.2
62217,62227,62222,11.3
62227,62237,62232,12.9
62237,62247,62242,17.3
62247,62257,62252,14.1
62257,62267,62262,14.1
62267,62277,62272,13.6
62277,62287,62282,17.7
62287,62297,62292,22.4
62297,62307,62302,19.2
62307,62317,62312,21.5
62317,62327,62322,20.7
62327,62337,62332,35.1
62337,62347,62342,15.1
62347,62357,62352,9.8
62357,62367,62362,12.9
62367,62377,62372,8.8
62377,62387,62382,9.0
62387,62397,62392,12.4
62397,62407,62402,21.2
62407,62417,62412,26.8
62417,62427,62422,45.5
62427,62437,62432,23.3
62437,62447,62442,27.0
62447,62457,62452,25.4
62457,62467,62462,21.7
62467,62477,62472,25.0
62477,62487,62482,24.8
62487,62497,62492,16.9
62497,62507,62502,21.3
62507,62517,62512,18.8
62517,62527,62522,26.0
62527,62537,62532,23.6
62537,62547,62542,18.9
62547,62557,62552,14.5
62557,62567,62562,19.3
62567,62577,62572,27.2
62577,62587,62582,23.6
62587,62597,62592,20.4
62597,62607,62602,33.6
62607,62617,62612,18.8
62617,62627,62622,18.8
62627,62637,62632,30.8
62637,62647,62642,15.3
62647,62657,62652,10.9
62657,62667,62662,9.7
62667,62677,62672,11.8
62677,62687,62682,10.2
62687,62697,62692,7.9
62697,62707,62702,8.0
62707,62717,62712,16.1
62717,62727,62722,6.8
62727,62737,62732,2.1
62737,62747,62742,10.9
62747,62757,62752,6.5
62757,62767,62762,12.9
62767,62777,62772,15.6
62777,62787,62782,19.0
62787,62797,62792,17.9
62797,62807,62802,13.5
62807,62817,62812,25.5
62817,62827,62822,15.9
62827,62837,62832,19.7
62837,62847,62842,16.0
62847,62857,62852,14.2
62857,62867,62862,13.2
62867,62877,62872,6.9
62877,62887,62882,8.9
62887,62897,62892,10.1
62897,62907,62902,9.9
62907,62917,62912,14.9
62917,62927,62922,8.4
62927,62937,62932,7.5
62937,62947,62942,7.3
62947,62957,62952,9.7
62957,62967,62962,3.6
62967,62977,62972,7.9
62977,62987,62982,4.7
62987,62997,62992,5.9
62997,63007,63002,5.7
63007,63017,63012,4.7
63017,63027,63022,5.7
63027,63037,63032,4.4
63037,63047,63042,11.8
63047,63057,63052,4.8
63057,63067,63062,3.6
63067,63077,63072,4.2
63077,63087,63082,5.4
63087,63097,63092,4.1
63097,63107,63102,5.8
63107,63117,63112,6.8
63117,63127,63122,3.0
63127,63137,63132,9.6
63137,63147,63142,3.5
63147,63157,63152,2.8
63157,63167,63162,3.8
63167,63177,63172,6.9
63177,63187,63182,9.2
63187,63197,63192,11.5
63197,63207,63202,7.2
63207,63217,63212,7.2
63217,63227,63222,4.3
63227,63237,63232,3.2
63237,63247,63242,2.2
63247,63257,63252,4.2
63257,63267,63262,6.3
63267,63277,63272,3.9
63277,63287,63282,4.2
63287,63297,63292,3.3
63297,63307,63302,3.4
63307,63317,63312,2.4
63317,63327,63322,4.5
63327,63337,63332,3.6
63337,63347,63342,3.6
63347,63357,63352,2.3
63357,63367,63362,12.1
63367,63377,63372,8.7
63377,63387,63382,7.1
63387,63397,63392,3.0
63397,63407,63402,2.4
63407,63417,63412,12.3
63417,63427,63422,19.6
63427,63437,63432,0.7
63437,63447,63442,5.5
63447,63457,63452,3.9
63457,63467,63462,3.0
63467,63477,63472,1.9
63477,63487,63482,1.9
63487,63497,63492,3.8
63497,63507,63502,3.0
63507,63517,63512,3.3
63517,63527,63522,4.6
63527,63537,63532,6.8
63537,63547,63542,2.7
63547,63557,63552,2.0
63557,63567,63562,4.4
63567,63577,63572,1.6
63577,63587,63582,3.9
63587,63597,63592,7.0
63597,63607,63602,3.2
63607,63617,63612,8.6
63617,63627,63622,2.9
63627,63637,63632,1.5
63637,63647,63642,3.8
63647,63657,63652,3.4
63657,63667,63662,1.1
63667,63677,63672,2.5
63677,63687,63682,3.5
63687,63697,63692,3.2
63697,63707,63702,3.4
63707,63717,63712,3.1
63717,63727,63722,2.2
63727,63737,63732,7.4
63737,63747,63742,1.6
63747,63757,63752,3.2
63757,63767,63762,3.8
63767,63777,63772,2.0
63777,63787,63782,6.2
63787,63797,63792,5.5
63797,63807,63802,3.1
63807,63817,63812,12.7
63817,63827,63822,2.0
63827,63837,63832,5.8
63837,63847,63842,4.0
63847,63857,63852,2.1
63857,63867,63862,4.5
63867,63877,63872,2.1
63877,63887,63882,8.4
63887,63897,63892,2.9
63897,63907,63902,3.9
63907,63917,63912,5.8
63917,63927,63922,7.1
63927,63937,63932,14.8
63937,63947,63942,9.5
63947,63957,63952,5.1
63957,63967,63962,9.0
63967,63977,63972,7.1
63977,63987,63982,5.0
63987,63997,63992,3.6
63997,64007,64002,3.5
64007,64017,64012,3.1
64017,64027,64022,2.7
64027,64037,64032,2.1
64037,64047,64042,1.8
64047,64057,64052,2.6
64057,64067,64062,3.8
64067,64077,64072,6.8
64077,64087,64082,10.7
64087,64097,64092,5.2
64097,64107,64102,13.6
64107,64117,64112,7.4
64117,64127,64122,6.5
64127,64137,64132,7.5
64137,64147,64142,4.5
64147,64157,64152,3.2
64157,64167,64162,9.6
64167,64177,64172,4.8
64177,64187,64182,4.8
64187,64197,64192,6.2
64197,64207,64202,4.8
64207,64217,64212,6.0
64217,64227,64222,6.3
64227,64237,64232,19.1
64237,64247,64242,6.1
64247,64257,64252,5.4
64257,64267,64262,8.2
64267,64277,64272,6.9
64277,64287,64282,6.5
64287,64297,64292,9.0
64297,64307,64302,6.1
64307,64317,64312,7.6
64317,64327,64322,4.2
64327,64337,64332,7.2
64337,64347,64342,9.0
64347,64357,64352,7.9
64357,64367,64362,3.3
64367,64377,64372,6.6
64377,64387,64382,5.7
64387,64397,64392,3.3
64397,64407,64402,4.3
64407,64417,64412,10.9
64417,64427,64422,6.7
64427,64437,64432,9.2
64437,64447,64442,4.6
64447,64457,64452,4.3
64457,64467,64462,7.6
64467,64477,64472,5.6
64477,64487,64482,5.9
64487,64497,64492,6.3
64497,64507,64502,5.0
64507,64517,64512,3.6
64517,64527,64522,5.2
64527,64537,64532,7.4
64537,64547,64542,5.1
64547,64557,64552,8.9
64557,64567,64562,5.4
64567,64577,64572,4.2
64577,64587,64582,4.1
64587,64597,64592,8.8
64597,64607,64602,5.9
64607,64617,64612,6.9
64617,64627,64622,7.9
64627,64637,64632,10.5
64637,64647,64642,5.3
64647,64657,64652,5.0
64657,64667,64662,5.9
64667,64677,64672,1.9
64677,64687,64682,3.0
64687,64697,64692,1.1
64697,64707,64702,3.2
64707,64717,64712,2.5
64717,64727,64722,2.1
64727,64737,64732,1.7
64737,64747,64742,3.5
64747,64757,64752,6.8
64757,64767,64762,22.8
64767,64777,64772,2.1
64777,64787,64782,3.1
64787,64797,64792,20.7
64797,64807,64802,1.9
64807,64817,64812,2.0
64817,64827,64822,1.4
64827,64837,64832,2.6
64837,64847,64842,3.9
64847,64857,64852,6.1
64857,64867,64862,2.1
64867,64877,64872,5.5
64877,64887,64882,2.9
64887,64897,64892,3.3
64897,64907,64902,4.7
64907,64917,64912,6.1
64917,64927,64922,2.6
64927,64937,64932,7.4
64937,64947,64942,8.8
64947,64957,64952,15.4
64957,64967,64962,12.0
64967,64977,64972,5.2
64977,64987,64982,7.3
64987,64997,64992,22.5
64997,65007,65002,11.1
65007,65017,65012,14.2
65017,65027,65022,12.5
65027,65037,65032,4.3
65037,65047,65042,5.3
65047,65057,65052,4.8
65057,65067,65062,3.9
65067,65077,65072,5.0
65077,65087,65082,2.8
65087,65097,65092,9.1
65097,65107,65102,8.2
65107,65117,65112,4.7
65117,65127,65122,5.5
65127,65137,65132,3.4
65137,65147,65142,4.6
65147,65157,65152,4.9
65157,65167,65162,3.0
65167,65177,65172,5.9
65177,65187,65182,6.1
65187,65197,65192,9.1
65197,65207,65202,5.1
65207,65217,65212,6.4
65217,65227,65222,6.3
65227,65237,65232,4.5
65237,65247,65242,3.6
65247,65257,65252,3.1
65257,65267,65262,10.6
65267,65277,65272,6.5
65277,65287,65282,6.3
65287,65297,65292,3.3
65297,65307,65302,4.7
65307,65317,65312,2.3
65317,65327,65322,7.8
65327,65337,65332,5.9
65337,65347,65342,3.5
65347,65357,65352,3.2
65357,65367,65362,10.4
65367,65377,65372,3.1
65377,65387,65382,6.3
65387,65397,65392,7.8
65397,65407,65402,3.5
65407,65417,65412,4.7
65417,65427,65422,4.7
65427,65437,65432,6.9
65437,65447,65442,2.7
65447,65457,65452,3.8
65457,65467,65462,5.3
65467,65477,65472,23.3
65477,65487,65482,18.8
65487,65497,65492,13.6
65497,65507,65502,3.7
65507,65517,65512,2.2
65517,65527,65522,11.2
65527,65537,65532,10.7
65537,65547,65542,9.0
65547,65557,65552,3.1
65557,65567,65562,15.0
65567,65577,65572,8.0
65577,65587,65582,6.0
65587,65597,65592,6.5
65597,65607,65602,6.9
65607,65617,65612,5.0
65617,65627,65622,9.6
65627,65637,65632,8.6
65637,65647,65642,5.9
65647,65657,65652,3.5
65657,65667,65662,6.7
65667,65677,65672,4.5
65677,65687,65682,2.7
65687,65697,65692,2.2
65697,65707,65702,7.7
65707,65717,65712,3.1
65717,65727,65722,5.4
65727,65737,65732,2.7
65737,65747,65742,4.4
65747,65757,65752,4.2
65757,65767,65762,2.9
65767,65777,65772,4.2
65777,65787,65782,3.5
65787,65797,65792,3.0
65797,65807,65802,3.6
65807,65817,65812,3.4
65817,65827,65822,5.6
65827,65837,65832,12.6
65837,65847,65842,2.6
65847,65857,65852,11.4
65857,65867,65862,6.2
65867,65877,65872,8.3
65877,65887,65882,6.9
65887,65897,65892,5.2
65897,65907,65902,8.0
65907,65917,65912,5.9
65917,65927,65922,10.2
65927,65937,65932,9.3
65937,65947,65942,4.6
65947,65957,65952,4.8
65957,65967,65962,11.2
65967,65977,65972,8.8
65977,65987,65982,4.8
65987,65997,65992,9.9
65997,66007,66002,5.3
66007,66017,66012,6.2
66017,66027,66022,10.7
66027,66037,66032,6.6
66037,66047,66042,10.9
66047,66057,66052,7.3
66057,66067,66062,5.1
66067,66077,66072,5.5
66077,66087,66082,12.2
66087,66097,66092,4.6
66097,66107,66102,11.0
66107,66117,66112,12.3
66117,66127,66122,8.5
66127,66137,66132,4.2
66137,66147,66142,4.4
66147,66157,66152,6.3
66157,66167,66162,7.3
66167,66177,66172,4.9
66177,66187,66182,6.6
66187,66197,66192,6.1
66197,66207,66202,4.6
66207,66217,66212,6.8
66217,66227,66222,7.1
66227,66237,66232,13.2
66237,66247,66242,5.8
66247,66257,66252,15.8
66257,66267,66262,8.3
66267,66277,66272,3.7
66277,66287,66282,6.5
66287,66297,66292,4.0
66297,66307,66302,6.9
66307,66317,66312,6.2
66317,66327,66322,16.9
66327,66337,66332,9.7
66337,66347,66342,6.1
66347,66357,66352,6.8
66357,66367,66362,6.7
66367,66377,66372,7.6
66377,66387,66382,7.1
66387,66397,66392,8.2
66397,66407,66402,7.1
66407,66417,66412,9.8
66417,66427,66422,8.0
66427,66437,66432,17.1
66437,66447,66442,14.1
66447,66457,66452,10.4
66457,66467,66462,11.3
66467,66477,66472,16.5
66477,66487,66482,13.5
66487,66497,66492,8.5
