NASA Data Processing/NAAMES(2015)/SP2/NAAMES-LARGE-SP2_C130_20151118_R0.ict
36, 1001
Bruce Anderson
NASA Langley Research Center
Single Particle Soot Photometer, DMT
NAAMES-1
1, 1
2015, 11, 18, 2016, 12, 01
0
UTC_start, seconds_past_midnight,  start_time_in_UTC
3
1, 1, 1
-9999, -9999, -9999
UTC_end, seconds_past_midnight, end_time_in_UTC
UTC_mid, seconds_past_midnight, mid_time_in_UTC
BC_mass, ng/m3, mass_concentration_of_black_carbon_aerosol
1
N/A
18
PI_CONTACT_INFO: 21 Langley Blvd, Hampton, VA 23681
PLATFORM: NASA WFF C130
LOCATION: North Atlantic Ocean
ASSOCIATED_DATA: N/A
INSTRUMENT_INFO: Calibrated using fullerene soot aerosol and polynomial mass/response fit. 
DATA_INFO: Data corrected to STP (760 torr and 273K). Measurements apply to black carbon particles with diameter between 105 and 600nm. Mass outside this range is accounted for using a log-normal fit to flight-averaged data.
UNCERTAINTY: 10%
ULOD_FLAG: -7777
ULOD_VALUE: N/A
LLOD_FLAG: -8888
LLOD_VALUE: N/A
DM_CONTACT_INFO: Luke D. Ziemba, luke.ziemba@nasa.gov, (757)864-6246
PROJECT_INFO: NAAMES Fall Deployment, November 2015
STIPULATIONS_ON_USE: Users are strongly encouraged to contact PI.
OTHER_COMMENTS: Data affected by cloud penetration artifacts have not been removed.  Please see the LARGE cloud flag to remove these data.
REVISION: R0
none
UTC_start, UTC_end, UTC_mid, BC_mass
[from data line 2092]
63107,63117,63112,1.7
63117,63127,63122,2.4
63127,63137,63132,2.7
63137,63147,63142,5.5
63147,63157,63152,1.7
63157,63167,63162,2.7
63167,63177,63172,2.3
63177,63187,63182,1.3
63187,63197,63192,3.0
63197,63207,63202,2.1
63207,63217,63212,1.9
63217,63227,63222,2.1
63227,63237,63232,1.4
63237,63247,63242,2.9
63247,63257,63252,1.6
63257,63267,63262,0.6
63267,63277,63272,2.0
63277,63287,63282,2.7
63287,63297,63292,0.4
63297,63307,63302,1.9
63307,63317,63312,0.3
63317,63327,63322,0.9
63327,63337,63332,1.2
63337,63347,63342,1.7
63347,63357,63352,0.5
63357,63367,63362,2.8
63367,63377,63372,2.5
63377,63387,63382,1.3
63387,63397,63392,1.0
63397,63407,63402,1.2
63407,63417,63412,2.4
63417,63427,63422,2.0
63427,63437,63432,1.4
63437,63447,63442,2.3
63447,63457,63452,1.7
63457,63467,63462,0.7
63467,63477,63472,1.5
63477,63487,63482,0.7
63487,63497,63492,2.1
63497,63507,63502,0.7
63507,63517,63512,0.2
63517,63527,63522,2.3
63527,63537,63532,0.6
63537,63547,63542,0.5
63547,63557,63552,0.9
63557,63567,63562,0.6
63567,63577,63572,0.1
63577,63587,63582,1.0
63587,63597,63592,1.4
63597,63607,63602,0.5
63607,63617,63612,0.7
63617,63627,63622,0.9
63627,63637,63632,2.3
63637,63647,63642,1.4
63647,63657,63652,0.6
63657,63667,63662,0.4
63667,63677,63672,0.5
63677,63687,63682,0.1
63687,63697,63692,1.0
63697,63707,63702,0.5
63707,63717,63712,0.0
63717,63727,63722,0.6
63727,63737,63732,0.3
63737,63747,63742,0.5
63747,63757,63752,0.1
63757,63767,63762,0.1
63767,63777,63772,0.7
63777,63787,63782,1.8
63787,63797,63792,1.6
63797,63807,63802,0.1
63807,63817,63812,0.7
63817,63827,63822,0.0
63827,63837,63832,0.9
63837,63847,63842,1.0
63847,63857,63852,0.7
63857,63867,63862,0.4
63867,63877,63872,3.2
63877,63887,63882,1.0
63887,63897,63892,0.0
63897,63907,63902,1.0
63907,63917,63912,0.0
63917,63927,63922,1.1
63927,63937,63932,0.7
63937,63947,63942,0.2
63947,63957,63952,2.8
63957,63967,63962,0.4
63967,63977,63972,1.9
63977,63987,63982,1.2
63987,63997,63992,0.2
63997,64007,64002,0.3
64007,64017,64012,0.0
64017,64027,64022,0.6
64027,64037,64032,3.1
64037,64047,64042,3.0
64047,64057,64052,2.3
64057,64067,64062,2.3
64067,64077,64072,2.0
64077,64087,64082,2.9
64087,64097,64092,3.6
64097,64107,64102,13.6
64107,64117,64112,15.5
64117,64127,64122,5.1
64127,64137,64132,0.2
64137,64147,64142,2.6
64147,64157,64152,0.4
64157,64167,64162,0.4
64167,64177,64172,0.4
64177,64187,64182,0.2
64187,64197,64192,0.9
64197,64207,64202,0.1
64207,64217,64212,0.1
64217,64227,64222,0.9
64227,64237,64232,0.6
64237,64247,64242,2.9
64247,64257,64252,4.0
64257,64267,64262,2.1
64267,64277,64272,1.8
64277,64287,64282,0.2
64287,64297,64292,0.7
64297,64307,64302,1.5
64307,64317,64312,0.0
64317,64327,64322,0.4
64327,64337,64332,0.4
64337,64347,64342,0.5
64347,64357,64352,0.6
64357,64367,64362,1.6
64367,64377,64372,1.3
64377,64387,64382,1.6
64387,64397,64392,0.7
64397,64407,64402,1.7
64407,64417,64412,2.4
64417,64427,64422,5.0
64427,64437,64432,4.1
64437,64447,64442,3.1
64447,64457,64452,0.1
64457,64467,64462,1.1
64467,64477,64472,1.2
64477,64487,64482,0.5
64487,64497,64492,0.1
64497,64507,64502,0.5
64507,64517,64512,0.7
64517,64527,64522,1.4
64527,64537,64532,2.2
64537,64547,64542,2.0
64547,64557,64552,1.2
64557,64567,64562,1.0
64567,64577,64572,1.8
64577,64587,64582,1.4
64587,64597,64592,1.3
64597,64607,64602,1.6
64607,64617,64612,2.1
64617,64627,64622,1.0
64627,64637,64632,1.7
64637,64647,64642,2.3
64647,64657,64652,1.2
64657,64667,64662,4.7
64667,64677,64672,1.2
64677,64687,64682,1.8
64687,64697,64692,2.6
64697,64707,64702,5.0
64707,64717,64712,1.1
64717,64727,64722,1.2
64727,64737,64732,2.3
64737,64747,64742,1.6
64747,64757,64752,1.2
64757,64767,64762,7.1
64767,64777,64772,2.2
64777,64787,64782,0.6
64787,64797,64792,0.8
64797,64807,64802,1.2
64807,64817,64812,3.8
64817,64827,64822,0.6
64827,64837,64832,0.9
64837,64847,64842,1.6
64847,64857,64852,0.7
64857,64867,64862,1.8
64867,64877,64872,1.1
64877,64887,64882,1.4
64887,64897,64892,0.2
64897,64907,64902,1.6
64907,64917,64912,0.4
64917,64927,64922,0.0
64927,64937,64932,0.8
64937,64947,64942,1.3
64947,64957,64952,2.7
64957,64967,64962,3.0
64967,64977,64972,1.8
64977,64987,64982,3.5
64987,64997,64992,3.5
64997,65007,65002,4.7
65007,65017,65012,6.3
65017,65027,65022,1.2
65027,65037,65032,2.4
65037,65047,65042,9.2
65047,65057,65052,3.9
65057,65067,65062,2.9
65067,65077,65072,4.1
65077,65087,65082,3.2
65087,65097,65092,3.7
65097,65107,65102,3.5
65107,65117,65112,4.5
65117,65127,65122,3.6
65127,65137,65132,5.4
65137,65147,65142,4.0
65147,65157,65152,3.9
65157,65167,65162,6.8
65167,65177,65172,3.2
65177,65187,65182,1.7
65187,65197,65192,2.8
65197,65207,65202,6.3
65207,65217,65212,4.4
65217,65227,65222,3.4
65227,65237,65232,5.2
65237,65247,65242,2.1
65247,65257,65252,3.4
65257,65267,65262,2.9
65267,65277,65272,4.9
65277,65287,65282,2.9
65287,65297,65292,5.6
65297,65307,65302,2.2
65307,65317,65312,1.8
65317,65327,65322,4.4
65327,65337,65332,1.4
65337,65347,65342,1.4
65347,65357,65352,2.9
65357,65367,65362,4.9
65367,65377,65372,1.9
65377,65387,65382,1.3
65387,65397,65392,3.2
65397,65407,65402,1.9
65407,65417,65412,2.7
65417,65427,65422,6.5
65427,65437,65432,2.8
65437,65447,65442,1.3
65447,65457,65452,4.3
65457,65467,65462,3.4
65467,65477,65472,2.6
65477,65487,65482,5.4
65487,65497,65492,1.3
65497,65507,65502,2.6
65507,65517,65512,3.3
65517,65527,65522,2.6
65527,65537,65532,4.7
65537,65547,65542,2.9
65547,65557,65552,4.3
65557,65567,65562,3.7
65567,65577,65572,2.8
65577,65587,65582,3.1
65587,65597,65592,3.7
65597,65607,65602,3.3
65607,65617,65612,2.8
65617,65627,65622,3.4
65627,65637,65632,5.2
65637,65647,65642,2.3
65647,65657,65652,2.5
65657,65667,65662,3.4
65667,65677,65672,2.5
65677,65687,65682,4.1
65687,65697,65692,3.1
65697,65707,65702,3.4
65707,65717,65712,5.3
65717,65727,65722,1.6
65727,65737,65732,3.7
65737,65747,65742,3.0
65747,65757,65752,3.5
65757,65767,65762,5.0
65767,65777,65772,3.4
65777,65787,65782,4.5
65787,65797,65792,2.7
65797,65807,65802,2.3
65807,65817,65812,4.0
65817,65827,65822,3.3
65827,65837,65832,4.2
65837,65847,65842,7.4
65847,65857,65852,2.6
65857,65867,65862,4.2
65867,65877,65872,3.8
65877,65887,65882,2.5
65887,65897,65892,2.9
65897,65907,65902,13.8
65907,65917,65912,4.7
65917,65927,65922,5.1
65927,65937,65932,4.8
65937,65947,65942,7.1
65947,65957,65952,5.9
65957,65967,65962,8.7
65967,65977,65972,7.5
65977,65987,65982,8.0
65987,65997,65992,4.1
65997,66007,66002,7.4
66007,66017,66012,12.8
66017,66027,66022,9.9
66027,66037,66032,5.8
66037,66047,66042,8.5
66047,66057,66052,19.0
66057,66067,66062,8.8
66067,66077,66072,7.5
66077,66087,66082,3.1
66087,66097,66092,9.0
66097,66107,66102,4.6
66107,66117,66112,5.6
66117,66127,66122,8.6
66127,66137,66132,5.5
66137,66147,66142,10.3
66147,66157,66152,6.3
66157,66167,66162,9.3
66167,66177,66172,8.1
66177,66187,66182,9.8
66187,66197,66192,6.4
66197,66207,66202,13.6
66207,66217,66212,5.8
66217,66227,66222,6.0
66227,66237,66232,9.3
66237,66247,66242,8.3
66247,66257,66252,7.9
66257,66267,66262,7.8
66267,66277,66272,6.3
66277,66287,66282,11.3
66287,66297,66292,8.9
66297,66307,66302,10.4
66307,66317,66312,10.7
66317,66327,66322,8.7
66327,66337,66332,10.5
66337,66347,66342,8.1
66347,66357,66352,5.6
66357,66367,66362,5.2
66367,66377,66372,7.7
66377,66387,66382,13.3
66387,66397,66392,4.7
66397,66407,66402,3.8
66407,66417,66412,3.2
66417,66427,66422,9.0
66427,66437,66432,5.3
66437,66447,66442,13.6
66447,66457,66452,6.4
66457,66467,66462,7.4
66467,66477,66472,4.6
66477,66487,66482,8.1
66487,66497,66492,7.1
66497,66507,66502,9.0
66507,66517,66512,6.9
66517,66527,66522,10.5
66527,66537,66532,8.5
66537,66547,66542,8.9
66547,66557,66552,6.3
66557,66567,66562,5.2
66567,66577,66572,8.6
66577,66587,66582,7.1
66587,66597,66592,4.4
66597,66607,66602,5.3
66607,66617,66612,5.7
66617,66627,66622,6.7
66627,66637,66632,3.3
66637,66647,66642,4.6
66647,66657,66652,4.1
66657,66667,66662,3.2
66667,66677,66672,6.2
66677,66687,66682,5.2
66687,66697,66692,3.2
66697,66707,66702,1.9
66707,66717,66712,6.2
66717,66727,66722,2.7
66727,66737,66732,2.4
66737,66747,66742,3.0
66747,66757,66752,4.7
66757,66767,66762,3.7
66767,66777,66772,1.7
66777,66787,66782,1.6
66787,66797,66792,1.6
66797,66807,66802,4.1
66807,66817,66812,0.6
66817,66827,66822,3.2
66827,66837,66832,1.9
66837,66847,66842,1.8
66847,66857,66852,3.4
66857,66867,66862,3.1
66867,66877,66872,2.1
66877,66887,66882,3.4
66887,66897,66892,1.2
66897,66907,66902,2.9
66907,66917,66912,0.5
66917,66927,66922,0.6
66927,66937,66932,1.5
66937,66947,66942,1.4
66947,66957,66952,1.8
66957,66967,66962,1.6
66967,66977,66972,0.9
66977,66987,66982,3.9
66987,66997,66992,1.0
66997,67007,67002,1.1
67007,67017,67012,0.9
67017,67027,67022,0.2
67027,67037,67032,0.4
67037,67047,67042,1.1
67047,67057,67052,1.1
67057,67067,67062,1.7
67067,67077,67072,1.3
67077,67087,67082,0.9
67087,67097,67092,0.2
67097,67107,67102,1.8
67107,67117,67112,1.7
67117,67127,67122,1.7
67127,67137,67132,1.1
67137,67147,67142,0.3
67147,67157,67152,1.3
67157,67167,67162,0.0
67167,67177,67172,4.0
67177,67187,67182,0.5
67187,67197,67192,13.5
67197,67207,67202,0.7
67207,67217,67212,15.6
67217,67227,67222,18.8
67227,67237,67232,13.5
67237,67247,67242,12.0
67247,67257,67252,1.3
67257,67267,67262,9.7
67267,67277,67272,0.3
67277,67287,67282,1.0
67287,67297,67292,0.6
67297,67307,67302,1.1
67307,67317,67312,12.1
67317,67327,67322,8.7
67327,67337,67332,2.5
67337,67347,67342,2.0
67347,67357,67352,1.4
67357,67367,67362,0.6
67367,67377,67372,0.4
67377,67387,67382,0.3
67387,67397,67392,4.6
67397,67407,67402,9.5
67407,67417,67412,0.3
67417,67427,67422,0.3
67427,67437,67432,0.7
67437,67447,67442,2.5
67447,67457,67452,1.5
67457,67467,67462,1.1
67467,67477,67472,0.8
67477,67487,67482,0.9
67487,67497,67492,0.9
67497,67507,67502,0.6
67507,67517,67512,2.5
67517,67527,67522,0.7
67527,67537,67532,2.1
67537,67547,67542,1.1
67547,67557,67552,0.0
67557,67567,67562,3.4
67567,67577,67572,3.3
67577,67587,67582,0.8
67587,67597,67592,0.5
67597,67607,67602,1.3
67607,67617,67612,1.6
67617,67627,67622,1.0
67627,67637,67632,2.0
67637,67647,67642,1.3
67647,67657,67652,5.6
67657,67667,67662,1.1
67667,67677,67672,2.3
67677,67687,67682,2.2
67687,67697,67692,4.4
67697,67707,67702,6.2
67707,67717,67712,4.7
67717,67727,67722,2.0
67727,67737,67732,6.3
67737,67747,67742,4.2
67747,67757,67752,3.6
67757,67767,67762,3.2
67767,67777,67772,7.1
67777,67787,67782,4.4
67787,67797,67792,5.1
67797,67807,67802,2.8
67807,67817,67812,1.1
67817,67827,67822,3.9
67827,67837,67832,3.6
67837,67847,67842,2.9
67847,67857,67852,2.5
67857,67867,67862,1.2
67867,67877,67872,1.1
67877,67887,67882,4.4
67887,67897,67892,1.0
67897,67907,67902,2.0
67907,67917,67912,1.0
67917,67927,67922,3.9
67927,67937,67932,2.2
67937,67947,67942,0.5
67947,67957,67952,1.8
67957,67967,67962,2.6
67967,67977,67972,2.8
67977,67987,67982,1.5
67987,67997,67992,2.0
67997,68007,68002,0.9
68007,68017,68012,3.6
68017,68027,68022,4.1
68027,68037,68032,2.6
68037,68047,68042,4.0
68047,68057,68052,2.1
68057,68067,68062,3.1
68067,68077,68072,3.1
68077,68087,68082,3.5
68087,68097,68092,1.7
68097,68107,68102,1.8
68107,68117,68112,4.3
68117,68127,68122,2.2
68127,68137,68132,5.1
68137,68147,68142,3.0
68147,68157,68152,2.8
68157,68167,68162,3.3
68167,68177,68172,3.5
68177,68187,68182,3.5
68187,68197,68192,2.5
68197,68207,68202,4.3
68207,68217,68212,8.3
68217,68227,68222,3.9
68227,68237,68232,6.8
68237,68247,68242,3.7
68247,68257,68252,6.2
68257,68267,68262,4.5
68267,68277,68272,2.6
68277,68287,68282,4.6
68287,68297,68292,4.3
68297,68307,68302,7.1
68307,68317,68312,4.5
68317,68327,68322,5.2
68327,68337,68332,4.0
68337,68347,68342,6.3
68347,68357,68352,6.0
68357,68367,68362,8.7
68367,68377,68372,4.5
68377,68387,68382,6.6
68387,68397,68392,4.3
68397,68407,68402,3.6
68407,68417,68412,6.6
68417,68427,68422,5.6
68427,68437,68432,3.5
68437,68447,68442,3.7
68447,68457,68452,7.6
68457,68467,68462,4.7
68467,68477,68472,5.9
68477,68487,68482,8.6
68487,68497,68492,6.9
68497,68507,68502,2.3
68507,68517,68512,3.0
68517,68527,68522,6.6
68527,68537,68532,2.9
68537,68547,68542,4.1
68547,68557,68552,6.8
68557,68567,68562,6.3
68567,68577,68572,6.5
68577,68587,68582,5.0
68587,68597,68592,8.8
68597,68607,68602,7.6
68607,68617,68612,7.3
68617,68627,68622,4.7
68627,68637,68632,5.9
68637,68647,68642,6.9
68647,68657,68652,5.3
68657,68667,68662,3.2
68667,68677,68672,9.6
68677,68687,68682,5.7
68687,68697,68692,6.9
68697,68707,68702,6.6
68707,68717,68712,9.0
68717,68727,68722,4.7
68727,68737,68732,5.3
68737,68747,68742,5.2
68747,68757,68752,5.3
68757,68767,68762,6.4
68767,68777,68772,9.2
68777,68787,68782,3.5
68787,68797,68792,2.8
68797,68807,68802,6.9
68807,68817,68812,4.4
68817,68827,68822,5.5
68827,68837,68832,7.8
68837,68847,68842,6.9
68847,68857,68852,5.9
68857,68867,68862,12.8
68867,68877,68872,7.6
68877,68887,68882,7.9
68887,68897,68892,10.7
68897,68907,68902,9.0
68907,68917,68912,6.3
68917,68927,68922,7.3
68927,68937,68932,4.5
68937,68947,68942,6.7
68947,68957,68952,3.4
68957,68967,68962,4.0
68967,68977,68972,5.0
68977,68987,68982,5.7
68987,68997,68992,6.8
68997,69007,69002,5.7
69007,69017,69012,4.2
69017,69027,69022,5.3
69027,69037,69032,7.8
69037,69047,69042,6.8
69047,69057,69052,4.1
69057,69067,69062,1.8
69067,69077,69072,3.8
69077,69087,69082,2.0
69087,69097,69092,6.7
69097,69107,69102,6.3
69107,69117,69112,9.7
69117,69127,69122,5.6
69127,69137,69132,4.9
69137,69147,69142,6.2
69147,69157,69152,3.1
69157,69167,69162,5.8
69167,69177,69172,3.1
69177,69187,69182,8.4
69187,69197,69192,3.6
69197,69207,69202,4.3
69207,69217,69212,10.9
69217,69227,69222,9.9
69227,69237,69232,9.7
69237,69247,69242,7.4
69247,69257,69252,6.3
69257,69267,69262,4.2
69267,69277,69272,3.6
69277,69287,69282,2.1
69287,69297,69292,4.3
69297,69307,69302,4.4
69307,69317,69312,6.1
69317,69327,69322,3.3
69327,69337,69332,2.9
69337,69347,69342,2.7
69347,69357,69352,2.8
69357,69367,69362,2.9
69367,69377,69372,6.1
69377,69387,69382,4.1
69387,69397,69392,5.9
69397,69407,69402,4.1
69407,69417,69412,7.4
69417,69427,69422,6.4
69427,69437,69432,4.3
69437,69447,69442,11.0
69447,69457,69452,5.4
69457,69467,69462,3.3
69467,69477,69472,4.8
69477,69487,69482,3.0
69487,69497,69492,5.9
69497,69507,69502,1.3
69507,69517,69512,1.7
69517,69527,69522,3.1
69527,69537,69532,2.4
69537,69547,69542,3.5
69547,69557,69552,1.9
69557,69567,69562,9.3
69567,69577,69572,5.4
69577,69587,69582,2.8
69587,69597,69592,3.3
69597,69607,69602,4.6
69607,69617,69612,3.3
69617,69627,69622,3.2
69627,69637,69632,3.0
69637,69647,69642,5.6
69647,69657,69652,2.5
69657,69667,69662,1.6
69667,69677,69672,2.5
69677,69687,69682,2.9
69687,69697,69692,2.1
69697,69707,69702,6.5
69707,69717,69712,2.6
69717,69727,69722,6.6
69727,69737,69732,8.0
69737,69747,69742,1.7
69747,69757,69752,3.6
69757,69767,69762,3.1
69767,69777,69772,2.9
69777,69787,69782,3.5
69787,69797,69792,4.3
69797,69807,69802,2.7
69807,69817,69812,4.5
69817,69827,69822,4.2
69827,69837,69832,11.2
69837,69847,69842,3.9
69847,69857,69852,5.5
69857,69867,69862,2.5
69867,69877,69872,4.3
69877,69887,69882,5.5
69887,69897,69892,2.1
69897,69907,69902,5.4
69907,69917,69912,5.0
69917,69927,69922,3.0
69927,69937,69932,15.5
69937,69947,69942,4.9
69947,69957,69952,4.5
69957,69967,69962,2.3
69967,69977,69972,14.0
69977,69987,69982,2.7
69987,69997,69992,3.2
69997,70007,70002,2.7
70007,70017,70012,5.4
70017,70027,70022,3.7
70027,70037,70032,2.5
70037,70047,70042,1.8
70047,70057,70052,3.8
70057,70067,70062,7.3
70067,70077,70072,5.9
70077,70087,70082,5.4
70087,70097,70092,3.6
70097,70107,70102,5.9
70107,70117,70112,5.4
70117,70127,70122,4.7
70127,70137,70132,5.4
70137,70147,70142,6.4
70147,70157,70152,4.1
70157,70167,70162,6.4
70167,70177,70172,5.3
70177,70187,70182,5.7
70187,70197,70192,4.4
70197,70207,70202,3.7
70207,70217,70212,4.8
70217,70227,70222,7.8
70227,70237,70232,9.7
70237,70247,70242,8.2
70247,70257,70252,7.3
70257,70267,70262,9.6
70267,70277,70272,23.5
70277,70287,70282,9.0
70287,70297,70292,9.3
70297,70307,70302,15.4
70307,70317,70312,12.9
70317,70327,70322,11.2
70327,70337,70332,12.1
70337,70347,70342,14.5
