NASA Data Processing/NAAMES(2015)/SP2/NAAMES-LARGE-SP2_C130_20151118_R0.ict
36, 1001
Bruce Anderson
NASA Langley Research Center
Single Particle Soot Photometer, DMT
NAAMES-1
1, 1
2015, 11, 18, 2016, 12, 01
0
UTC_start, seconds_past_midnight,  start_time_in_UTC
3
1, 1, 1
-9999, -9999, -9999
UTC_end, seconds_past_midnight, end_time_in_UTC
UTC_mid, seconds_past_midnight, mid_time_in_UTC
BC_mass, ng/m3, mass_concentration_of_black_carbon_aerosol
1
N/A
18
PI_CONTACT_INFO: 21 Langley Blvd, Hampton, VA 23681
PLATFORM: NASA WFF C130
LOCATION: North Atlantic Ocean
ASSOCIATED_DATA: N/A
INSTRUMENT_INFO: Calibrated using fullerene soot aerosol and polynomial mass/response fit. 
DATA_INFO: Data corrected to STP (760 torr and 273K). Measurements apply to black carbon particles with diameter between 105 and 600nm. Mass outside this range is accounted for using a log-normal fit to flight-averaged data.
UNCERTAINTY: 10%
ULOD_FLAG: -7777
ULOD_VALUE: N/A
LLOD_FLAG: -8888
LLOD_VALUE: N/A
DM_CONTACT_INFO: Luke D. Ziemba, luke.ziemba@nasa.gov, (757)864-6246
PROJECT_INFO: NAAMES Fall Deployment, November 2015
STIPULATIONS_ON_USE: Users are strongly encouraged to contact PI.
OTHER_COMMENTS: Data affected by cloud penetration artifacts have not been removed.  Please see the LARGE cloud flag to remove these data.
REVISION: R0
none
UTC_start, UTC_end, UTC_mid, BC_mass
[from data line 1366]
55847,55857,55852,0.9
55857,55867,55862,0.3
55867,55877,55872,0.0
55877,55887,55882,7.8
55887,55897,55892,20.5
55897,55907,55902,3.0
55907,55917,55912,5.3
55917,55927,55922,6.4
55927,55937,55932,3.3
55937,55947,55942,0.6
55947,55957,55952,2.8
55957,55967,55962,2.6
55967,55977,55972,4.8
55977,55987,55982,2.3
55987,55997,55992,0.4
55997,56007,56002,1.5
56007,56017,56012,1.1
56017,56027,56022,0.0
56027,56037,56032,0.0
56037,56047,56042,0.0
56047,56057,56052,0.0
56057,56067,56062,0.0
56067,56077,56072,0.0
56077,56087,56082,0.1
56087,56097,56092,1.9
56097,56107,56102,0.1
56107,56117,56112,0.2
56117,56127,56122,0.4
56127,56137,56132,0.1
56137,56147,56142,0.0
56147,56157,56152,0.1
56157,56167,56162,0.1
56167,56177,56172,3.5
56177,56187,56182,0.0
56187,56197,56192,0.3
56197,56207,56202,0.6
56207,56217,56212,0.0
56217,56227,56222,0.7
56227,56237,56232,0.0
56237,56247,56242,0.1
56247,56257,56252,0.4
56257,56267,56262,0.4
56267,56277,56272,0.0
56277,56287,56282,0.3
56287,56297,56292,0.0
56297,56307,56302,24.0
56307,56317,56312,0.7
56317,56327,56322,0.0
56327,56337,56332,0.0
56337,56347,56342,0.3
56347,56357,56352,3.6
56357,56367,56362,0.0
56367,56377,56372,0.3
56377,56387,56382,0.3
56387,56397,56392,0.1
56397,56407,56402,0.1
56407,56417,56412,0.0
56417,56427,56422,0.0
56427,56437,56432,0.0
56437,56447,56442,0.3
56447,56457,56452,0.3
56457,56467,56462,0.5
56467,56477,56472,19.8
56477,56487,56482,0.4
56487,56497,56492,0.8
56497,56507,56502,1.0
56507,56517,56512,0.2
56517,56527,56522,124.6
56527,56537,56532,64.8
56537,56547,56542,19.3
56547,56557,56552,4.7
56557,56567,56562,2.6
56567,56577,56572,0.1
56577,56587,56582,0.1
56587,56597,56592,0.2
56597,56607,56602,0.0
56607,56617,56612,0.5
56617,56627,56622,0.2
56627,56637,56632,0.5
56637,56647,56642,2.1
56647,56657,56652,0.1
56657,56667,56662,0.0
56667,56677,56672,0.0
56677,56687,56682,0.2
56687,56697,56692,0.0
56697,56707,56702,2.0
56707,56717,56712,0.0
56717,56727,56722,0.2
56727,56737,56732,32.8
56737,56747,56742,0.9
56747,56757,56752,0.2
56757,56767,56762,0.0
56767,56777,56772,0.4
56777,56787,56782,0.9
56787,56797,56792,0.0
56797,56807,56802,3.0
56807,56817,56812,2.3
56817,56827,56822,4.7
56827,56837,56832,1.0
56837,56847,56842,12.1
56847,56857,56852,4.7
56857,56867,56862,1.0
56867,56877,56872,0.1
56877,56887,56882,1.3
56887,56897,56892,0.3
56897,56907,56902,58.3
56907,56917,56912,3.5
56917,56927,56922,0.7
56927,56937,56932,0.1
56937,56947,56942,0.3
56947,56957,56952,0.0
56957,56967,56962,0.0
56967,56977,56972,0.0
56977,56987,56982,0.0
56987,56997,56992,0.0
56997,57007,57002,0.0
57007,57017,57012,0.0
57017,57027,57022,0.1
57027,57037,57032,3.9
57037,57047,57042,3.3
57047,57057,57052,0.0
57057,57067,57062,0.0
57067,57077,57072,0.0
57077,57087,57082,0.0
57087,57097,57092,0.9
57097,57107,57102,0.0
57107,57117,57112,0.0
57117,57127,57122,0.0
57127,57137,57132,0.0
57137,57147,57142,0.1
57147,57157,57152,0.9
57157,57167,57162,0.0
57167,57177,57172,0.0
57177,57187,57182,0.0
57187,57197,57192,0.1
57197,57207,57202,0.0
57207,57217,57212,0.2
57217,57227,57222,3.1
57227,57237,57232,0.3
57237,57247,57242,0.2
57247,57257,57252,0.1
57257,57267,57262,0.0
57267,57277,57272,0.0
57277,57287,57282,0.0
57287,57297,57292,0.0
57297,57307,57302,0.1
57307,57317,57312,0.7
57317,57327,57322,0.0
57327,57337,57332,0.9
57337,57347,57342,0.0
57347,57357,57352,1.2
57357,57367,57362,0.0
57367,57377,57372,3.6
57377,57387,57382,0.0
57387,57397,57392,0.5
57397,57407,57402,0.0
57407,57417,57412,0.2
57417,57427,57422,0.5
57427,57437,57432,0.0
57437,57447,57442,0.4
57447,57457,57452,0.0
57457,57467,57462,0.4
57467,57477,57472,0.4
57477,57487,57482,0.1
57487,57497,57492,0.1
57497,57507,57502,0.2
57507,57517,57512,0.9
57517,57527,57522,0.0
57527,57537,57532,0.3
57537,57547,57542,0.0
57547,57557,57552,0.3
57557,57567,57562,0.1
57567,57577,57572,0.2
57577,57587,57582,0.0
57587,57597,57592,0.0
57597,57607,57602,1.8
57607,57617,57612,11.4
57617,57627,57622,0.5
57627,57637,57632,0.3
57637,57647,57642,0.1
57647,57657,57652,2.4
57657,57667,57662,0.1
57667,57677,57672,0.0
57677,57687,57682,0.0
57687,57697,57692,0.0
57697,57707,57702,0.8
57707,57717,57712,0.2
57717,57727,57722,0.0
57727,57737,57732,0.0
57737,57747,57742,0.0
57747,57757,57752,0.0
57757,57767,57762,0.0
57767,57777,57772,0.2
57777,57787,57782,0.1
57787,57797,57792,0.1
57797,57807,57802,0.1
57807,57817,57812,0.0
57817,57827,57822,0.0
57827,57837,57832,0.0
57837,57847,57842,0.1
57847,57857,57852,0.1
57857,57867,57862,1.2
57867,57877,57872,0.0
57877,57887,57882,0.4
57887,57897,57892,0.0
57897,57907,57902,0.0
57907,57917,57912,0.8
57917,57927,57922,1.4
57927,57937,57932,0.2
57937,57947,57942,0.1
57947,57957,57952,2.0
57957,57967,57962,0.1
57967,57977,57972,0.7
57977,57987,57982,0.1
57987,57997,57992,0.0
57997,58007,58002,0.8
58007,58017,58012,0.0
58017,58027,58022,0.1
58027,58037,58032,0.0
58037,58047,58042,0.1
58047,58057,58052,0.5
58057,58067,58062,0.0
58067,58077,58072,0.0
58077,58087,58082,0.0
58087,58097,58092,0.1
58097,58107,58102,0.2
58107,58117,58112,4.7
58117,58127,58122,0.0
58127,58137,58132,0.0
58137,58147,58142,0.2
58147,58157,58152,0.3
58157,58167,58162,0.1
58167,58177,58172,0.0
58177,58187,58182,5.7
58187,58197,58192,4.7
58197,58207,58202,1.0
58207,58217,58212,0.0
58217,58227,58222,0.0
58227,58237,58232,0.0
58237,58247,58242,0.0
58247,58257,58252,0.0
58257,58267,58262,0.0
58267,58277,58272,0.0
58277,58287,58282,0.0
58287,58297,58292,0.0
58297,58307,58302,0.0
58307,58317,58312,0.0
58317,58327,58322,0.0
58327,58337,58332,0.0
58337,58347,58342,0.0
58347,58357,58352,0.0
58357,58367,58362,0.0
58367,58377,58372,0.0
58377,58387,58382,0.0
58387,58397,58392,0.0
58397,58407,58402,0.0
58407,58417,58412,0.0
58417,58427,58422,0.0
58427,58437,58432,0.0
58437,58447,58442,0.0
58447,58457,58452,0.0
58457,58467,58462,0.0
58467,58477,58472,0.0
58477,58487,58482,0.0
58487,58497,58492,0.0
58497,58507,58502,0.1
58507,58517,58512,1.0
58517,58527,58522,0.0
58527,58537,58532,0.0
58537,58547,58542,0.0
58547,58557,58552,0.0
58557,58567,58562,0.0
58567,58577,58572,0.0
58577,58587,58582,0.0
58587,58597,58592,0.0
58597,58607,58602,0.0
58607,58617,58612,0.0
58617,58627,58622,0.0
58627,58637,58632,0.0
58637,58647,58642,0.0
58647,58657,58652,0.0
58657,58667,58662,0.5
58667,58677,58672,5.8
58677,58687,58682,6.6
58687,58697,58692,0.0
58697,58707,58702,0.0
58707,58717,58712,0.0
58717,58727,58722,0.0
58727,58737,58732,0.0
58737,58747,58742,1.1
58747,58757,58752,0.3
58757,58767,58762,0.6
58767,58777,58772,0.3
58777,58787,58782,0.3
58787,58797,58792,0.1
58797,58807,58802,0.3
58807,58817,58812,0.6
58817,58827,58822,0.2
58827,58837,58832,1.1
58837,58847,58842,0.9
58847,58857,58852,0.5
58857,58867,58862,0.2
58867,58877,58872,0.0
58877,58887,58882,3.7
58887,58897,58892,0.0
58897,58907,58902,0.7
58907,58917,58912,0.5
58917,58927,58922,0.5
58927,58937,58932,0.2
58937,58947,58942,0.8
58947,58957,58952,0.1
58957,58967,58962,0.0
58967,58977,58972,0.0
58977,58987,58982,0.8
58987,58997,58992,0.0
58997,59007,59002,0.0
59007,59017,59012,0.2
59017,59027,59022,1.8
59027,59037,59032,0.0
59037,59047,59042,0.4
59047,59057,59052,0.6
59057,59067,59062,0.0
59067,59077,59072,0.0
59077,59087,59082,0.0
59087,59097,59092,0.0
59097,59107,59102,0.0
59107,59117,59112,0.0
59117,59127,59122,0.0
59127,59137,59132,0.0
59137,59147,59142,0.0
59147,59157,59152,0.0
59157,59167,59162,0.0
59167,59177,59172,0.0
59177,59187,59182,0.0
59187,59197,59192,0.0
59197,59207,59202,0.0
59207,59217,59212,0.0
59217,59227,59222,0.0
59227,59237,59232,0.0
59237,59247,59242,0.0
59247,59257,59252,0.0
59257,59267,59262,0.0
59267,59277,59272,0.0
59277,59287,59282,0.0
59287,59297,59292,0.0
59297,59307,59302,0.0
59307,59317,59312,0.0
59317,59327,59322,0.0
59327,59337,59332,0.0
59337,59347,59342,0.0
59347,59357,59352,0.0
59357,59367,59362,0.0
59367,59377,59372,0.0
59377,59387,59382,0.0
59387,59397,59392,0.0
59397,59407,59402,0.0
59407,59417,59412,0.0
59417,59427,59422,0.0
59427,59437,59432,0.0
59437,59447,59442,0.1
59447,59457,59452,0.5
59457,59467,59462,0.1
59467,59477,59472,0.0
59477,59487,59482,0.0
59487,59497,59492,0.0
59497,59507,59502,0.0
59507,59517,59512,0.0
59517,59527,59522,0.0
59527,59537,59532,0.1
59537,59547,59542,0.0
59547,59557,59552,0.0
59557,59567,59562,0.0
59567,59577,59572,0.0
59577,59587,59582,0.1
59587,59597,59592,0.0
59597,59607,59602,0.0
59607,59617,59612,0.0
59617,59627,59622,0.0
59627,59637,59632,0.0
59637,59647,59642,0.0
59647,59657,59652,0.0
59657,59667,59662,0.0
59667,59677,59672,0.4
59677,59687,59682,0.5
59687,59697,59692,0.0
59697,59707,59702,0.0
59707,59717,59712,0.0
59717,59727,59722,0.1
59727,59737,59732,0.0
59737,59747,59742,0.1
59747,59757,59752,0.5
59757,59767,59762,0.4
59767,59777,59772,0.9
59777,59787,59782,1.3
59787,59797,59792,5.4
59797,59807,59802,5.6
59807,59817,59812,4.2
59817,59827,59822,0.4
59827,59837,59832,2.7
59837,59847,59842,1.7
59847,59857,59852,8.5
59857,59867,59862,12.5
59867,59877,59872,10.4
59877,59887,59882,27.7
59887,59897,59892,23.5
59897,59907,59902,3.8
59907,59917,59912,2.2
59917,59927,59922,0.4
59927,59937,59932,0.6
59937,59947,59942,0.0
59947,59957,59952,0.1
59957,59967,59962,0.0
59967,59977,59972,0.0
59977,59987,59982,0.3
59987,59997,59992,0.0
59997,60007,60002,0.0
60007,60017,60012,0.0
60017,60027,60022,0.0
60027,60037,60032,0.0
60037,60047,60042,0.0
60047,60057,60052,0.0
60057,60067,60062,0.0
60067,60077,60072,0.0
60077,60087,60082,0.0
60087,60097,60092,0.0
60097,60107,60102,0.0
60107,60117,60112,0.0
60117,60127,60122,0.0
60127,60137,60132,0.0
60137,60147,60142,0.0
60147,60157,60152,0.0
60157,60167,60162,0.0
60167,60177,60172,0.0
60177,60187,60182,0.0
60187,60197,60192,0.0
60197,60207,60202,0.0
60207,60217,60212,0.0
60217,60227,60222,0.0
60227,60237,60232,0.0
60237,60247,60242,0.0
60247,60257,60252,0.0
60257,60267,60262,0.0
60267,60277,60272,0.0
60277,60287,60282,0.0
60287,60297,60292,0.0
60297,60307,60302,0.0
60307,60317,60312,0.0
60317,60327,60322,0.0
60327,60337,60332,0.0
60337,60347,60342,0.6
60347,60357,60352,0.1
60357,60367,60362,0.0
60367,60377,60372,0.1
60377,60387,60382,0.0
60387,60397,60392,0.1
60397,60407,60402,1.0
60407,60417,60412,0.0
60417,60427,60422,0.0
60427,60437,60432,0.1
60437,60447,60442,0.0
60447,60457,60452,0.0
60457,60467,60462,0.0
60467,60477,60472,0.1
60477,60487,60482,0.0
60487,60497,60492,0.0
60497,60507,60502,0.0
60507,60517,60512,0.0
60517,60527,60522,0.9
60527,60537,60532,0.7
60537,60547,60542,0.2
60547,60557,60552,1.8
60557,60567,60562,0.6
60567,60577,60572,0.8
60577,60587,60582,8.4
60587,60597,60592,27.6
60597,60607,60602,24.4
60607,60617,60612,1.7
60617,60627,60622,0.0
60627,60637,60632,0.0
60637,60647,60642,0.0
60647,60657,60652,0.0
60657,60667,60662,0.0
60667,60677,60672,0.0
60677,60687,60682,0.0
60687,60697,60692,0.5
60697,60707,60702,1.3
60707,60717,60712,0.0
60717,60727,60722,0.7
60727,60737,60732,0.2
60737,60747,60742,0.6
60747,60757,60752,0.5
60757,60767,60762,0.0
60767,60777,60772,0.0
60777,60787,60782,0.0
60787,60797,60792,0.0
60797,60807,60802,0.1
60807,60817,60812,0.2
60817,60827,60822,0.9
60827,60837,60832,2.2
60837,60847,60842,0.2
60847,60857,60852,0.2
60857,60867,60862,0.2
60867,60877,60872,0.2
60877,60887,60882,0.2
60887,60897,60892,0.0
60897,60907,60902,0.0
60907,60917,60912,0.0
60917,60927,60922,0.0
60927,60937,60932,0.0
60937,60947,60942,0.0
60947,60957,60952,0.0
60957,60967,60962,0.0
60967,60977,60972,0.0
60977,60987,60982,0.0
60987,60997,60992,0.0
60997,61007,61002,0.0
61007,61017,61012,0.0
61017,61027,61022,0.0
61027,61037,61032,0.0
61037,61047,61042,0.0
61047,61057,61052,0.0
61057,61067,61062,0.0
61067,61077,61072,0.0
61077,61087,61082,0.0
61087,61097,61092,0.0
61097,61107,61102,0.0
61107,61117,61112,0.0
61117,61127,61122,0.0
61127,61137,61132,0.0
61137,61147,61142,0.0
61147,61157,61152,0.0
61157,61167,61162,0.0
61167,61177,61172,0.0
61177,61187,61182,111.6
61187,61197,61192,4.7
61197,61207,61202,0.0
61207,61217,61212,0.4
61217,61227,61222,0.6
61227,61237,61232,0.9
61237,61247,61242,0.3
61247,61257,61252,0.3
61257,61267,61262,8.1
61267,61277,61272,1.1
61277,61287,61282,3.6
61287,61297,61292,4.8
61297,61307,61302,2.7
61307,61317,61312,3.0
61317,61327,61322,0.3
61327,61337,61332,0.3
61337,61347,61342,1.0
61347,61357,61352,0.3
61357,61367,61362,1.0
61367,61377,61372,0.0
61377,61387,61382,0.0
61387,61397,61392,0.0
61397,61407,61402,0.0
61407,61417,61412,0.0
61417,61427,61422,0.2
61427,61437,61432,0.0
61437,61447,61442,0.3
61447,61457,61452,0.5
61457,61467,61462,0.0
61467,61477,61472,0.2
61477,61487,61482,0.2
61487,61497,61492,0.2
61497,61507,61502,0.5
61507,61517,61512,1.9
61517,61527,61522,1.6
61527,61537,61532,0.9
61537,61547,61542,0.4
61547,61557,61552,0.1
61557,61567,61562,0.3
61567,61577,61572,0.4
61577,61587,61582,0.4
61587,61597,61592,1.0
61597,61607,61602,1.6
61607,61617,61612,4.5
61617,61627,61622,1.6
61627,61637,61632,1.1
61637,61647,61642,0.3
61647,61657,61652,0.2
61657,61667,61662,0.2
61667,61677,61672,0.2
61677,61687,61682,0.0
61687,61697,61692,0.1
61697,61707,61702,0.1
61707,61717,61712,0.3
61717,61727,61722,0.1
61727,61737,61732,0.0
61737,61747,61742,0.0
61747,61757,61752,0.0
61757,61767,61762,0.0
61767,61777,61772,7.2
61777,61787,61782,16.8
61787,61797,61792,0.0
61797,61807,61802,0.3
61807,61817,61812,0.0
61817,61827,61822,7.3
61827,61837,61832,4.8
61837,61847,61842,2.6
61847,61857,61852,13.9
61857,61867,61862,0.0
61867,61877,61872,0.0
61877,61887,61882,0.0
61887,61897,61892,0.0
61897,61907,61902,0.0
61907,61917,61912,0.2
61917,61927,61922,0.4
61927,61937,61932,0.0
61937,61947,61942,0.0
61947,61957,61952,0.0
61957,61967,61962,0.0
61967,61977,61972,0.1
61977,61987,61982,1.9
61987,61997,61992,0.0
61997,62007,62002,0.1
62007,62017,62012,0.0
62017,62027,62022,1.0
62027,62037,62032,0.1
62037,62047,62042,0.0
62047,62057,62052,0.1
62057,62067,62062,0.1
62067,62077,62072,0.1
62077,62087,62082,0.7
62087,62097,62092,4.0
62097,62107,62102,2.4
62107,62117,62112,2.6
62117,62127,62122,0.7
62127,62137,62132,0.6
62137,62147,62142,0.5
62147,62157,62152,11.2
62157,62167,62162,2.9
62167,62177,62172,0.3
62177,62187,62182,0.0
62187,62197,62192,0.5
62197,62207,62202,15.3
62207,62217,62212,57.9
62217,62227,62222,141.3
62227,62237,62232,22.7
62237,62247,62242,0.9
62247,62257,62252,0.1
62257,62267,62262,0.7
62267,62277,62272,1.3
62277,62287,62282,12.0
62287,62297,62292,38.8
62297,62307,62302,46.2
62307,62317,62312,26.2
62317,62327,62322,10.3
62327,62337,62332,10.4
62337,62347,62342,16.0
62347,62357,62352,6.6
62357,62367,62362,9.0
62367,62377,62372,3.2
62377,62387,62382,1.3
62387,62397,62392,6.5
62397,62407,62402,2.5
62407,62417,62412,0.9
62417,62427,62422,0.0
62427,62437,62432,0.0
62437,62447,62442,0.0
62447,62457,62452,0.0
62457,62467,62462,0.0
62467,62477,62472,0.5
62477,62487,62482,0.2
62487,62497,62492,0.9
62497,62507,62502,0.2
62507,62517,62512,0.2
62517,62527,62522,0.0
62527,62537,62532,0.0
62537,62547,62542,0.0
62547,62557,62552,0.0
62557,62567,62562,4.4
62567,62577,62572,4.7
62577,62587,62582,8.9
62587,62597,62592,2.4
62597,62607,62602,0.5
62607,62617,62612,0.2
62617,62627,62622,1.4
62627,62637,62632,0.1
62637,62647,62642,0.1
62647,62657,62652,0.9
62657,62667,62662,0.6
62667,62677,62672,0.2
62677,62687,62682,0.5
62687,62697,62692,0.9
62697,62707,62702,1.4
62707,62717,62712,0.7
62717,62727,62722,0.9
62727,62737,62732,0.3
62737,62747,62742,1.8
62747,62757,62752,3.6
62757,62767,62762,0.0
62767,62777,62772,0.0
62777,62787,62782,0.0
62787,62797,62792,0.9
62797,62807,62802,0.0
62807,62817,62812,0.0
62817,62827,62822,1.1
62827,62837,62832,0.4
62837,62847,62842,0.0
62847,62857,62852,0.0
62857,62867,62862,0.2
62867,62877,62872,0.0
62877,62887,62882,0.3
62887,62897,62892,0.0
62897,62907,62902,0.0
62907,62917,62912,0.0
62917,62927,62922,0.4
62927,62937,62932,3.0
62937,62947,62942,2.3
62947,62957,62952,0.4
62957,62967,62962,1.4
62967,62977,62972,2.5
62977,62987,62982,3.2
62987,62997,62992,2.2
62997,63007,63002,1.0
63007,63017,63012,5.6
63017,63027,63022,1.2
63027,63037,63032,4.3
63037,63047,63042,1.1
63047,63057,63052,2.7
63057,63067,63062,4.3
63067,63077,63072,1.0
63077,63087,63082,1.2
63087,63097,63092,3.0
