NASA Data Processing/NAAMES(2015)/SP2/NAAMES-LARGE-SP2_C130_20151114_R0.ict
36, 1001
Bruce Anderson
NASA Langley Research Center
Single Particle Soot Photometer, DMT
NAAMES-1
1, 1
2015, 11, 14, 2016, 12, 01
0
UTC_start, seconds_past_midnight,    start_time_in_UTC
3
1, 1, 1
-9999, -9999, -9999
UTC_end, seconds_past_midnight, end_time_in_UTC
UTC_mid, seconds_past_midnight, mid_time_in_UTC
BC_mass, ng/m3, mass_concentration_of_black_carbon_aerosol
1
N/A
18
PI_CONTACT_INFO: 21 Langley Blvd, Hampton, VA 23681
PLATFORM: NASA WFF C130
LOCATION: North Atlantic Ocean
ASSOCIATED_DATA: N/A
INSTRUMENT_INFO: Calibrated using fullerene soot aerosol and polynomial mass/response fit. 
DATA_INFO: Data corrected to STP (760 torr and 273K). Measurements apply to black carbon particles with diameter between 105 and 600nm. Mass outside this range is accounted for using a log-normal fit to flight-averaged data.
UNCERTAINTY: 10%
ULOD_FLAG: -7777
ULOD_VALUE: N/A
LLOD_FLAG: -8888
LLOD_VALUE: N/A
DM_CONTACT_INFO: Luke D. Ziemba, luke.ziemba@nasa.gov, (757)864-6246
PROJECT_INFO: NAAMES Fall Deployment, November 2015
STIPULATIONS_ON_USE: Users are strongly encouraged to contact PI.
OTHER_COMMENTS: Data affected by cloud penetration artifacts have not been removed.  Please see the LARGE cloud flag to remove these data.
REVISION: R0
none
UTC_start, UTC_end, UTC_mid, BC_mass
[from data line 702]
44877,44887,44882,5.9
44887,44897,44892,4.6
44897,44907,44902,7.6
44907,44917,44912,8.8
44917,44927,44922,4.1
44927,44937,44932,4.2
44937,44947,44942,6.7
44947,44957,44952,4.9
44957,44967,44962,2.8
44967,44977,44972,7.4
44977,44987,44982,4.3
44987,44997,44992,5.3
44997,45007,45002,4.9
45007,45017,45012,5.9
45017,45027,45022,5.1
45027,45037,45032,4.0
45037,45047,45042,5.8
45047,45057,45052,4.5
45057,45067,45062,4.3
45067,45077,45072,11.5
45077,45087,45082,8.4
45087,45097,45092,3.8
45097,45107,45102,8.2
45107,45117,45112,6.2
45117,45127,45122,4.4
45127,45137,45132,5.1
45137,45147,45142,7.7
45147,45157,45152,12.0
45157,45167,45162,10.3
45167,45177,45172,13.0
45177,45187,45182,5.2
45187,45197,45192,9.0
45197,45207,45202,6.6
45207,45217,45212,14.4
45217,45227,45222,11.3
45227,45237,45232,11.3
45237,45247,45242,6.8
45247,45257,45252,5.3
45257,45267,45262,4.1
45267,45277,45272,5.2
45277,45287,45282,3.3
45287,45297,45292,5.7
45297,45307,45302,5.1
45307,45317,45312,3.3
45317,45327,45322,3.4
45327,45337,45332,2.0
45337,45347,45342,6.5
45347,45357,45352,14.5
45357,45367,45362,7.2
45367,45377,45372,5.5
45377,45387,45382,4.6
45387,45397,45392,4.4
45397,45407,45402,5.3
45407,45417,45412,5.1
45417,45427,45422,2.8
45427,45437,45432,0.9
45437,45447,45442,2.0
45447,45457,45452,1.8
45457,45467,45462,2.1
45467,45477,45472,6.0
45477,45487,45482,1.3
45487,45497,45492,8.9
45497,45507,45502,2.9
45507,45517,45512,5.1
45517,45527,45522,1.9
45527,45537,45532,3.0
45537,45547,45542,2.8
45547,45557,45552,2.4
45557,45567,45562,7.1
45567,45577,45572,3.9
45577,45587,45582,1.7
45587,45597,45592,2.3
45597,45607,45602,4.7
45607,45617,45612,2.8
45617,45627,45622,2.9
45627,45637,45632,3.7
45637,45647,45642,3.3
45647,45657,45652,2.2
45657,45667,45662,3.9
45667,45677,45672,2.4
45677,45687,45682,3.2
45687,45697,45692,2.0
45697,45707,45702,2.5
45707,45717,45712,4.2
45717,45727,45722,8.0
45727,45737,45732,3.2
45737,45747,45742,2.5
45747,45757,45752,3.5
45757,45767,45762,2.3
45767,45777,45772,1.8
45777,45787,45782,1.9
45787,45797,45792,4.3
45797,45807,45802,1.9
45807,45817,45812,3.1
45817,45827,45822,2.4
45827,45837,45832,1.9
45837,45847,45842,1.6
45847,45857,45852,3.5
45857,45867,45862,3.0
45867,45877,45872,1.5
45877,45887,45882,2.4
45887,45897,45892,2.1
45897,45907,45902,2.9
45907,45917,45912,2.3
45917,45927,45922,2.2
45927,45937,45932,2.5
45937,45947,45942,2.9
45947,45957,45952,2.7
45957,45967,45962,1.4
45967,45977,45972,1.8
45977,45987,45982,1.5
45987,45997,45992,1.3
45997,46007,46002,5.1
46007,46017,46012,2.4
46017,46027,46022,8.6
46027,46037,46032,7.1
46037,46047,46042,6.3
46047,46057,46052,2.5
46057,46067,46062,5.3
46067,46077,46072,4.8
46077,46087,46082,4.4
46087,46097,46092,5.0
46097,46107,46102,4.0
46107,46117,46112,3.0
46117,46127,46122,8.8
46127,46137,46132,10.6
46137,46147,46142,5.5
46147,46157,46152,9.2
46157,46167,46162,6.8
46167,46177,46172,6.2
46177,46187,46182,13.4
46187,46197,46192,8.3
46197,46207,46202,5.5
46207,46217,46212,8.8
46217,46227,46222,9.4
46227,46237,46232,8.0
46237,46247,46242,12.0
46247,46257,46252,11.1
46257,46267,46262,5.0
46267,46277,46272,9.5
46277,46287,46282,9.2
46287,46297,46292,6.0
46297,46307,46302,8.2
46307,46317,46312,11.1
46317,46327,46322,11.9
46327,46337,46332,13.1
46337,46347,46342,10.2
46347,46357,46352,11.8
46357,46367,46362,12.9
46367,46377,46372,7.5
46377,46387,46382,7.2
46387,46397,46392,6.5
46397,46407,46402,13.1
46407,46417,46412,12.8
46417,46427,46422,7.4
46427,46437,46432,8.7
46437,46447,46442,12.3
46447,46457,46452,7.3
46457,46467,46462,12.1
46467,46477,46472,17.0
46477,46487,46482,19.5
46487,46497,46492,18.4
46497,46507,46502,8.3
46507,46517,46512,7.5
46517,46527,46522,11.2
46527,46537,46532,12.7
46537,46547,46542,10.3
46547,46557,46552,22.8
46557,46567,46562,18.2
46567,46577,46572,13.3
46577,46587,46582,18.6
46587,46597,46592,14.4
46597,46607,46602,18.4
46607,46617,46612,14.3
46617,46627,46622,15.0
46627,46637,46632,20.5
46637,46647,46642,24.1
46647,46657,46652,8.0
46657,46667,46662,13.5
46667,46677,46672,9.9
46677,46687,46682,11.8
46687,46697,46692,17.9
46697,46707,46702,13.3
46707,46717,46712,10.0
46717,46727,46722,17.1
46727,46737,46732,9.7
46737,46747,46742,12.7
46747,46757,46752,11.9
46757,46767,46762,15.7
46767,46777,46772,22.1
46777,46787,46782,9.8
46787,46797,46792,9.0
46797,46807,46802,9.1
46807,46817,46812,24.5
46817,46827,46822,46.8
46827,46837,46832,15.6
46837,46847,46842,16.7
46847,46857,46852,18.6
46857,46867,46862,12.7
46867,46877,46872,15.1
46877,46887,46882,14.5
46887,46897,46892,10.9
46897,46907,46902,11.5
46907,46917,46912,12.7
46917,46927,46922,12.3
46927,46937,46932,16.2
46937,46947,46942,12.6
46947,46957,46952,16.0
46957,46967,46962,15.3
46967,46977,46972,22.8
46977,46987,46982,20.3
46987,46997,46992,20.7
46997,47007,47002,14.5
47007,47017,47012,23.5
47017,47027,47022,14.4
47027,47037,47032,23.5
47037,47047,47042,8.8
47047,47057,47052,14.1
47057,47067,47062,9.6
47067,47077,47072,25.0
47077,47087,47082,12.6
47087,47097,47092,12.3
47097,47107,47102,9.0
47107,47117,47112,12.4
47117,47127,47122,11.6
47127,47137,47132,20.8
47137,47147,47142,15.8
47147,47157,47152,10.3
47157,47167,47162,8.2
47167,47177,47172,6.3
47177,47187,47182,4.1
47187,47197,47192,7.7
47197,47207,47202,6.1
47207,47217,47212,8.1
47217,47227,47222,11.3
47227,47237,47232,9.4
47237,47247,47242,6.7
47247,47257,47252,15.7
47257,47267,47262,8.8
47267,47277,47272,10.4
47277,47287,47282,23.1
47287,47297,47292,14.8
47297,47307,47302,10.3
47307,47317,47312,19.7
47317,47327,47322,12.2
47327,47337,47332,9.6
47337,47347,47342,8.7
47347,47357,47352,9.3
47357,47367,47362,12.6
47367,47377,47372,6.8
47377,47387,47382,14.2
47387,47397,47392,7.6
47397,47407,47402,7.6
47407,47417,47412,3.8
47417,47427,47422,7.1
47427,47437,47432,4.3
47437,47447,47442,3.3
47447,47457,47452,2.6
47457,47467,47462,5.2
47467,47477,47472,5.2
47477,47487,47482,4.9
47487,47497,47492,8.0
47497,47507,47502,7.1
47507,47517,47512,3.6
47517,47527,47522,21.7
47527,47537,47532,7.2
47537,47547,47542,5.0
47547,47557,47552,7.9
47557,47567,47562,7.3
47567,47577,47572,7.2
47577,47587,47582,8.1
47587,47597,47592,6.0
47597,47607,47602,3.7
47607,47617,47612,4.3
47617,47627,47622,5.0
47627,47637,47632,7.0
47637,47647,47642,6.9
47647,47657,47652,9.4
47657,47667,47662,9.8
47667,47677,47672,7.5
47677,47687,47682,9.6
47687,47697,47692,13.3
47697,47707,47702,8.5
47707,47717,47712,3.9
47717,47727,47722,5.3
47727,47737,47732,9.8
47737,47747,47742,9.0
47747,47757,47752,8.3
47757,47767,47762,6.7
47767,47777,47772,9.8
47777,47787,47782,7.7
47787,47797,47792,11.4
47797,47807,47802,11.4
47807,47817,47812,10.0
47817,47827,47822,13.6
47827,47837,47832,7.8
47837,47847,47842,9.1
47847,47857,47852,12.9
47857,47867,47862,13.3
47867,47877,47872,12.1
47877,47887,47882,11.4
47887,47897,47892,13.1
47897,47907,47902,8.6
47907,47917,47912,11.8
47917,47927,47922,74.7
47927,47937,47932,9.4
47937,47947,47942,10.6
47947,47957,47952,12.0
47957,47967,47962,6.4
47967,47977,47972,8.2
47977,47987,47982,10.5
47987,47997,47992,17.7
47997,48007,48002,10.5
48007,48017,48012,12.8
48017,48027,48022,11.4
48027,48037,48032,11.5
48037,48047,48042,7.8
48047,48057,48052,9.7
48057,48067,48062,12.5
48067,48077,48072,10.1
48077,48087,48082,6.9
48087,48097,48092,6.3
48097,48107,48102,4.1
48107,48117,48112,14.5
48117,48127,48122,3.2
48127,48137,48132,7.4
48137,48147,48142,11.9
48147,48157,48152,9.1
48157,48167,48162,9.6
48167,48177,48172,3.6
48177,48187,48182,9.4
48187,48197,48192,8.8
48197,48207,48202,9.7
48207,48217,48212,2.6
48217,48227,48222,8.5
48227,48237,48232,4.2
48237,48247,48242,9.1
48247,48257,48252,5.5
48257,48267,48262,5.9
48267,48277,48272,6.0
48277,48287,48282,8.4
48287,48297,48292,7.9
48297,48307,48302,6.1
48307,48317,48312,17.1
48317,48327,48322,5.5
48327,48337,48332,7.0
48337,48347,48342,7.1
48347,48357,48352,7.8
48357,48367,48362,5.7
48367,48377,48372,7.9
48377,48387,48382,4.1
48387,48397,48392,3.5
48397,48407,48402,22.8
48407,48417,48412,5.4
48417,48427,48422,6.5
48427,48437,48432,5.1
48437,48447,48442,5.4
48447,48457,48452,4.0
48457,48467,48462,4.1
48467,48477,48472,17.0
48477,48487,48482,9.2
48487,48497,48492,4.4
48497,48507,48502,9.0
48507,48517,48512,5.8
48517,48527,48522,6.1
48527,48537,48532,4.4
48537,48547,48542,4.7
48547,48557,48552,3.2
48557,48567,48562,8.8
48567,48577,48572,13.9
48577,48587,48582,9.7
48587,48597,48592,10.2
48597,48607,48602,11.5
48607,48617,48612,4.3
48617,48627,48622,3.5
48627,48637,48632,3.3
48637,48647,48642,4.1
48647,48657,48652,5.2
48657,48667,48662,5.8
48667,48677,48672,2.8
48677,48687,48682,4.4
48687,48697,48692,2.7
48697,48707,48702,3.8
48707,48717,48712,1.7
48717,48727,48722,3.7
48727,48737,48732,2.8
48737,48747,48742,5.4
48747,48757,48752,9.1
48757,48767,48762,6.3
48767,48777,48772,2.3
48777,48787,48782,4.7
48787,48797,48792,4.3
48797,48807,48802,7.4
48807,48817,48812,3.0
48817,48827,48822,7.6
48827,48837,48832,5.3
48837,48847,48842,7.4
48847,48857,48852,1.1
48857,48867,48862,5.1
48867,48877,48872,2.3
48877,48887,48882,1.8
48887,48897,48892,0.7
48897,48907,48902,1.2
48907,48917,48912,4.7
48917,48927,48922,3.9
48927,48937,48932,3.8
48937,48947,48942,2.9
48947,48957,48952,3.0
48957,48967,48962,0.9
48967,48977,48972,1.1
48977,48987,48982,0.5
48987,48997,48992,0.6
48997,49007,49002,0.0
49007,49017,49012,0.7
49017,49027,49022,1.5
49027,49037,49032,1.7
49037,49047,49042,2.1
49047,49057,49052,27.4
49057,49067,49062,152.3
49067,49077,49072,119.0
49077,49087,49082,44.9
49087,49097,49092,3.8
49097,49107,49102,0.2
49107,49117,49112,0.5
49117,49127,49122,0.4
49127,49137,49132,5.3
49137,49147,49142,2.6
49147,49157,49152,1.5
49157,49167,49162,10.4
49167,49177,49172,1.1
49177,49187,49182,4.0
49187,49197,49192,9.7
49197,49207,49202,0.3
49207,49217,49212,0.3
49217,49227,49222,0.7
49227,49237,49232,0.9
49237,49247,49242,0.5
49247,49257,49252,0.5
49257,49267,49262,2.0
49267,49277,49272,0.9
49277,49287,49282,1.1
49287,49297,49292,0.0
49297,49307,49302,0.2
49307,49317,49312,0.6
49317,49327,49322,1.0
49327,49337,49332,2.0
49337,49347,49342,0.0
49347,49357,49352,2.3
49357,49367,49362,0.7
49367,49377,49372,2.2
49377,49387,49382,1.9
49387,49397,49392,1.1
49397,49407,49402,1.5
49407,49417,49412,5.6
49417,49427,49422,1.6
49427,49437,49432,0.4
49437,49447,49442,1.3
49447,49457,49452,1.7
49457,49467,49462,5.0
49467,49477,49472,0.8
49477,49487,49482,1.0
49487,49497,49492,1.3
49497,49507,49502,0.3
49507,49517,49512,0.6
49517,49527,49522,0.1
49527,49537,49532,1.2
49537,49547,49542,0.7
49547,49557,49552,2.9
49557,49567,49562,0.2
49567,49577,49572,3.1
49577,49587,49582,0.2
49587,49597,49592,1.0
49597,49607,49602,0.1
49607,49617,49612,0.6
49617,49627,49622,0.6
49627,49637,49632,1.1
49637,49647,49642,4.6
49647,49657,49652,4.1
49657,49667,49662,0.3
49667,49677,49672,0.1
49677,49687,49682,0.1
49687,49697,49692,0.1
49697,49707,49702,0.2
49707,49717,49712,0.2
49717,49727,49722,1.0
49727,49737,49732,7.4
49737,49747,49742,1.1
49747,49757,49752,0.2
49757,49767,49762,2.3
49767,49777,49772,0.0
49777,49787,49782,0.1
49787,49797,49792,0.0
49797,49807,49802,0.0
49807,49817,49812,0.7
49817,49827,49822,0.0
49827,49837,49832,0.1
49837,49847,49842,2.0
49847,49857,49852,0.3
49857,49867,49862,0.0
49867,49877,49872,0.0
49877,49887,49882,0.0
49887,49897,49892,0.2
49897,49907,49902,1.0
49907,49917,49912,0.2
49917,49927,49922,0.0
49927,49937,49932,9.0
49937,49947,49942,0.6
49947,49957,49952,0.9
49957,49967,49962,0.7
49967,49977,49972,0.2
49977,49987,49982,1.3
49987,49997,49992,1.8
49997,50007,50002,3.3
50007,50017,50012,1.6
50017,50027,50022,0.5
50027,50037,50032,0.1
50037,50047,50042,0.4
50047,50057,50052,0.0
50057,50067,50062,0.0
50067,50077,50072,0.0
50077,50087,50082,0.1
50087,50097,50092,3.0
50097,50107,50102,0.3
50107,50117,50112,0.3
50117,50127,50122,1.0
50127,50137,50132,0.0
50137,50147,50142,0.0
50147,50157,50152,0.3
50157,50167,50162,1.7
50167,50177,50172,0.0
50177,50187,50182,0.1
50187,50197,50192,0.2
50197,50207,50202,0.7
50207,50217,50212,0.0
50217,50227,50222,9.4
50227,50237,50232,0.0
50237,50247,50242,1.3
50247,50257,50252,0.5
50257,50267,50262,0.1
50267,50277,50272,0.0
50277,50287,50282,0.0
50287,50297,50292,0.8
50297,50307,50302,0.5
50307,50317,50312,0.5
50317,50327,50322,1.3
50327,50337,50332,0.6
50337,50347,50342,0.9
50347,50357,50352,2.1
50357,50367,50362,1.0
50367,50377,50372,0.8
50377,50387,50382,1.1
50387,50397,50392,39.5
50397,50407,50402,5.4
50407,50417,50412,1.2
50417,50427,50422,2.1
50427,50437,50432,1.3
50437,50447,50442,0.8
50447,50457,50452,2.3
50457,50467,50462,2.2
50467,50477,50472,70.0
50477,50487,50482,140.8
50487,50497,50492,57.1
50497,50507,50502,0.5
50507,50517,50512,0.6
50517,50527,50522,0.0
50527,50537,50532,0.0
50537,50547,50542,1.3
50547,50557,50552,0.0
50557,50567,50562,0.1
50567,50577,50572,0.6
50577,50587,50582,6.5
50587,50597,50592,41.8
50597,50607,50602,30.3
50607,50617,50612,13.5
50617,50627,50622,10.7
50627,50637,50632,2.6
50637,50647,50642,7.2
50647,50657,50652,0.1
50657,50667,50662,0.0
50667,50677,50672,0.0
50677,50687,50682,9.1
50687,50697,50692,0.0
50697,50707,50702,0.5
50707,50717,50712,1.0
50717,50727,50722,0.0
50727,50737,50732,0.8
50737,50747,50742,1.1
50747,50757,50752,0.0
50757,50767,50762,0.8
50767,50777,50772,0.0
50777,50787,50782,0.0
50787,50797,50792,0.0
50797,50807,50802,0.0
50807,50817,50812,0.3
50817,50827,50822,0.1
50827,50837,50832,0.6
50837,50847,50842,0.1
50847,50857,50852,0.4
50857,50867,50862,0.1
50867,50877,50872,0.3
50877,50887,50882,0.0
50887,50897,50892,0.0
50897,50907,50902,0.0
50907,50917,50912,0.1
50917,50927,50922,0.3
50927,50937,50932,0.6
50937,50947,50942,1.2
50947,50957,50952,0.2
50957,50967,50962,0.0
50967,50977,50972,1.0
50977,50987,50982,0.0
50987,50997,50992,0.4
50997,51007,51002,0.2
51007,51017,51012,0.6
51017,51027,51022,3.1
51027,51037,51032,0.0
51037,51047,51042,0.3
51047,51057,51052,1.0
51057,51067,51062,0.6
51067,51077,51072,9.4
51077,51087,51082,2.0
51087,51097,51092,0.2
51097,51107,51102,0.4
51107,51117,51112,1.4
51117,51127,51122,0.3
51127,51137,51132,0.1
51137,51147,51142,15.1
51147,51157,51152,1.7
51157,51167,51162,1.4
51167,51177,51172,0.8
51177,51187,51182,0.1
51187,51197,51192,0.2
51197,51207,51202,0.0
51207,51217,51212,0.4
51217,51227,51222,0.5
51227,51237,51232,0.2
51237,51247,51242,0.2
51247,51257,51252,0.0
51257,51267,51262,9.5
51267,51277,51272,0.6
51277,51287,51282,0.3
51287,51297,51292,0.0
51297,51307,51302,3.5
51307,51317,51312,1.7
51317,51327,51322,0.8
51327,51337,51332,1.2
51337,51347,51342,0.0
51347,51357,51352,0.0
51357,51367,51362,0.4
51367,51377,51372,0.0
51377,51387,51382,0.8
51387,51397,51392,0.8
51397,51407,51402,5.1
51407,51417,51412,2.4
51417,51427,51422,0.2
51427,51437,51432,2.4
51437,51447,51442,1.1
51447,51457,51452,0.2
51457,51467,51462,0.1
51467,51477,51472,0.4
51477,51487,51482,0.1
51487,51497,51492,9.7
51497,51507,51502,0.0
51507,51517,51512,0.0
51517,51527,51522,0.0
51527,51537,51532,0.0
51537,51547,51542,0.1
51547,51557,51552,1.2
51557,51567,51562,0.0
51567,51577,51572,0.0
51577,51587,51582,0.2
51587,51597,51592,0.4
51597,51607,51602,1.2
51607,51617,51612,0.0
51617,51627,51622,0.4
51627,51637,51632,0.4
51637,51647,51642,0.2
51647,51657,51652,0.2
51657,51667,51662,5.2
51667,51677,51672,4.0
51677,51687,51682,4.1
51687,51697,51692,5.4
51697,51707,51702,5.0
51707,51717,51712,4.0
51717,51727,51722,7.4
51727,51737,51732,7.7
51737,51747,51742,5.7
51747,51757,51752,5.7
51757,51767,51762,7.2
51767,51777,51772,9.7
51777,51787,51782,5.1
51787,51797,51792,2.0
51797,51807,51802,2.2
51807,51817,51812,3.7
51817,51827,51822,5.2
51827,51837,51832,4.1
51837,51847,51842,6.5
51847,51857,51852,6.1
51857,51867,51862,5.0
51867,51877,51872,6.2
51877,51887,51882,7.0
51887,51897,51892,25.2
51897,51907,51902,3.3
51907,51917,51912,3.4
51917,51927,51922,10.2
51927,51937,51932,7.9
51937,51947,51942,4.8
51947,51957,51952,9.2
51957,51967,51962,7.0
51967,51977,51972,7.9
51977,51987,51982,27.5
51987,51997,51992,8.4
51997,52007,52002,7.6
52007,52017,52012,14.2
52017,52027,52022,5.3
52027,52037,52032,5.7
52037,52047,52042,12.6
52047,52057,52052,8.2
52057,52067,52062,5.9
52067,52077,52072,5.7
