NASA Data Processing/NAAMES(2015)/OPTICAL/NAAMES-LARGE-OPTICAL_C130_20151117_R0.ict
85,1001
Anderson, Bruce E.
NASA Langley
In-situ optical aerosol measurements from the NASA C-130
NAAMES
1,1
2015,11,17,2016,12,02
1.0
UTC_mid,Secs after midnight,Time of acquisition
19
1,1,1,1,1,1,1,1,1,1,1,1,1,1,1,1,1,1,1
-9999,-9999,-9999,-9999,-9999,-9999,-9999,-9999,-9999,-9999,-9999,-9999,-9999,-9999,-9999,-9999,-9999,-9999,-9999
Sc550_total_amb, Mm-1, scattering coefficient of ambient  particles at 550nm
Sc450_total, Mm-1, Dry Scattering at 450nm (Total Aerosols)
Sc550_total, Mm-1, Dry Scattering at 550nm (Total Aerosols)
Sc700_total, Mm-1, Dry Scattering at 700nm (Total Aerosols)
Abs470_total, Mm-1,Dry absorption at 470nm (Total Aerosols)
Abs532_total, Mm-1,Dry absorption at 532nm (Total Aerosols)
Abs660_total, Mm-1,Dry absorption at 660nm (Total Aerosols)
Ext532_total_amb, Mm-1, extinction coefficient of aerosols at 532nm for AMBIENT relative humidity
Ext532_total_dry, Mm-1, extinction coefficient of aerosols at 532nm for DRY relative humidity
gamma550, unitless, derived hygroscopic growth factor for particles at 550nm
fRH550_RH20to80, unitless, derived hygroscopic growth parameter for particles at 550nm
AEscatAMB_450to700nm,unitless,derived ambient Angstrom Exponent for scattering coefficient over wavelength range from 450nm to 700nm
AEscatDRY_450to700nm,unitless,derived dry Angstrom Exponent for scattering coefficient over wavelength range from 450nm to 700nm
AE_Absorption_450to700nm,unitless,derived dry Angstrom Exponent for absorption coefficient over wavelength range from 450nm to 700nm
SSA_dry_450nm,unitless, single_scattering_albedo_at_450nm_as_derived_from_dry_scattering_and_absorption
SSA_dry_550nm,unitless, single_scattering_albedo_at_550nm_as_derived_from_dry_scattering_and_absorption
SSA_dry_700nm,unitless, single_scattering_albedo_at_700nm_as_derived_from_dry_scattering_and_absorption
SSA_amb_550nm,unitless, single_scattering_albedo_at_550nm_as_derived_from_ambeint_scattering_and_absorption
stdPT,unitless, Conversion factor to convert between ambient and standard pressure and temperature conditions
0
52
******************************************************************************************************************
Langley Aerosol data from the 2015 NAAMES field campaign
 
PI_CONTACT_INFO: Bruce.E.Anderson@nasa.gov
PLATFORM: NASA C-130 aircraft
LOCATION: Latitude, Longitude, and Altitude included in Hskping files
ASSOCIATED_DATA: Cloud penetration flag (i.e. periods of potential inlet shatter issues) can be found in the NAAMES-LARGE-CloudFlag files
INSTRUMENT_INFO: Flagged data are due to missing data or to instrument issues
SCATTERING: 
   - Total Aerosol Scattering from TSI-3563 Nephelometers
   - Scattering coefficients are corrected for truncation errors using Anderson and Ogren AS&T, 29, 57-69, 1998
   - Ambient scattering is computed from the dry scatteing, the f(RH) growth factor, and ambient RH measured by Hskping
ABSORPTION: 
   - Absorption Data from Radiance Research 3-wavelength PSAPs
   - Data were corrected for a variety of errors using Virkkula, AS&T, 44:706-712, 2010
   - The new Virkkula correction is about 40% higher than the 2005 correction
EXTINCTION: 
   - Extinction is calculated as the sum of scattering and absorption
   - The 550nm scattering coefficients were adjusted to 532 nm using the measured angstrom exponent
[...]
ANGSTROM EXPONENT AND SSA CALCULATIONS: 
   - The Absorption coefficients were corrected to the wavelengths of the TSI nepholometer using the measured angstrom exponents
   - The scattering and absorption coefficients were smoothed with a 30s running average to compute the SSA and AE
   - Ambient SSA is calculated with ambient scattering and dry absorption
   - SSA is computed only when both scattering and absorption are greater than 1 Mm-1
   - Scattering Angstrom Exponents are computed only when relevant scattering measurements are greater than 1 Mm-1
   - Absorption Angstrom Exponents are computed only when relevant absorption measurements are greater than 2 Mm-1
DATA_INFO: Aerosol measurements are reported at standard temperature and pressure (0 deg C, 1013 mb) and time synced to the CDP cloud probe instrument
UNCERTAINTY: all data are 5%
ULOD_FLAG: -7777
ULOD_VALUE: N/A
LLOD_FLAG: -8888
LLOD_VALUE: N/A
DM_CONTACT_INFO: Michael Shook (michael.shook@nasa.gov)
PROJECT_INFO: NAAMES 2015
STIPULATIONS_ON_USE: This is FINAL data.  Users are strongly encouraged to consult with the PI or DM for proper data use.
OTHER_COMMENTS: none
REVISION: R0
R0: None
******************************************************************************************************************
UTC_mid,Sc550_total_amb,Sc450_total,Sc550_total,Sc700_total,Abs470_total,Abs532_total,Abs660_total,Ext532_total_amb,Ext532_total_dry,gamma550,fRH550_RH20to80,AEscatAMB_450to700nm,AEscatDRY_450to700nm,AE_Absorption_450to700nm,SSA_dry_450nm,SSA_dry_550nm,SSA_dry_700nm,SSA_amb_550nm,stdPT
36508,22.35,22.01,22.35,19.42,3.68,2.46,-3.74,25.22,25.22,-9999.00,-9999.00,0.50,0.50,-9999,-9999,0.949535,-9999,0.950,1.020
36509,23.38,26.71,23.38,20.14,0.65,2.43,-4.67,26.26,26.26,-9999.00,-9999.00,0.50,0.50,-9999,-9999,-9999,-9999,-9999,1.020
36510,20.32,23.01,20.32,18.02,0.69,0.87,1.04,21.62,21.62,-9999.00,-9999.00,0.51,0.51,-9999,-9999,-9999,-9999,-9999,1.021
36511,23.52,25.90,23.52,20.45,0.67,-0.24,1.26,23.74,23.74,-9999.00,-9999.00,0.47,0.47,-9999,-9999,-9999,-9999,-9999,1.021
36512,19.63,20.25,19.63,18.59,-1.43,-1.24,1.50,18.78,18.78,-9999.00,-9999.00,0.47,0.47,-9999,-9999,-9999,-9999,-9999,1.022
36513,20.34,21.69,20.34,21.68,-4.53,-0.05,-0.57,20.66,20.66,-9999.00,-9999.00,0.44,0.44,-9999,-9999,-9999,-9999,-9999,1.023
36514,19.90,20.62,19.90,18.28,-4.71,-1.77,-3.26,18.47,18.47,-9999.00,-9999.00,0.42,0.42,-9999,-9999,-9999,-9999,-9999,1.024
36515,21.69,23.79,21.69,21.26,-6.02,-2.40,-2.53,19.66,19.66,-9999.00,-9999.00,0.41,0.41,-9999,-9999,-9999,-9999,-9999,1.025
36516,22.34,22.72,22.34,17.33,-3.75,-1.48,-1.70,21.23,21.23,-9999.00,-9999.00,0.42,0.42,-9999,-9999,-9999,-9999,-9999,1.024
36517,20.80,23.05,20.80,18.78,-2.59,-1.46,-2.50,19.66,19.66,-9999.00,-9999.00,0.40,0.40,-9999,-9999,-9999,-9999,-9999,1.025
36518,19.91,20.85,19.91,17.45,0.24,-3.63,-0.19,16.61,16.61,-9999.00,-9999.00,0.39,0.39,-9999,-9999,-9999,-9999,-9999,1.026
36519,19.90,21.89,19.90,20.35,0.21,-1.58,3.18,18.63,18.63,-9999.00,-9999.00,0.37,0.37,-9999,-9999,-9999,-9999,-9999,1.026
36520,16.84,20.62,16.84,15.49,1.81,-0.31,-4.29,16.78,16.78,-9999.00,-9999.00,0.35,0.35,-9999,-9999,-9999,-9999,-9999,1.026
36521,20.43,22.20,20.43,20.57,-0.63,-2.97,-3.75,17.73,17.73,-9999.00,-9999.00,0.33,0.33,-9999,-9999,-9999,-9999,-9999,1.026
36522,16.23,20.72,16.23,15.94,-2.61,-3.28,-4.94,13.20,13.20,-9999.00,-9999.00,0.34,0.34,-9999,-9999,-9999,-9999,-9999,1.027
36523,21.00,22.13,21.00,19.74,-2.44,-1.92,-4.07,19.40,19.40,-9999.00,-9999.00,0.32,0.32,-9999,-9999,-9999,-9999,-9999,1.028
36524,16.44,21.37,16.44,15.76,-1.01,-2.96,-5.06,13.75,13.75,-9999.00,-9999.00,0.33,0.33,-9999,-9999,-9999,-9999,-9999,1.029
36525,18.27,22.83,18.27,17.00,-0.19,-1.93,0.56,16.64,16.64,-9999.00,-9999.00,0.31,0.31,-9999,-9999,-9999,-9999,-9999,1.030
36526,20.90,21.47,20.90,23.55,0.72,-0.05,1.10,21.18,21.18,-9999.00,-9999.00,0.30,0.30,-9999,-9999,-9999,-9999,-9999,1.030
36527,17.88,22.32,17.88,17.26,3.75,0.87,4.37,19.05,19.05,-9999.00,-9999.00,0.29,0.29,-9999,-9999,-9999,-9999,-9999,1.030
36528,21.07,21.59,21.07,20.59,1.22,0.14,3.90,21.58,21.58,-9999.00,-9999.00,0.30,0.30,-9999,-9999,-9999,-9999,-9999,1.030
36529,23.40,20.83,23.40,20.73,0.40,-0.35,5.80,23.48,23.48,-9999.00,-9999.00,0.31,0.31,-9999,-9999,-9999,-9999,-9999,1.031
36530,20.73,23.16,20.73,19.16,-0.01,-2.85,5.36,18.27,18.27,-9999.00,-9999.00,0.32,0.32,-9999,-9999,-9999,-9999,-9999,1.031
36531,22.69,22.00,22.69,20.47,0.03,-2.53,0.80,20.59,20.59,-9999.00,-9999.00,0.32,0.32,-9999,-9999,-9999,-9999,-9999,1.032
36532,18.94,20.46,18.94,19.41,-1.45,-3.28,-2.69,16.04,16.04,-9999.00,-9999.00,0.31,0.31,-9999,-9999,-9999,-9999,-9999,1.032
36533,16.72,19.28,16.72,16.97,1.34,-2.36,-3.28,14.68,14.68,-9999.00,-9999.00,0.29,0.29,-9999,-9999,-9999,-9999,-9999,1.033
36534,18.40,20.22,18.40,18.12,1.85,-2.49,-6.59,16.28,16.28,-9999.00,-9999.00,0.31,0.31,-9999,-9999,-9999,-9999,-9999,1.033
36535,18.99,20.93,18.99,20.20,-0.48,-1.43,-5.86,17.90,17.90,-9999.00,-9999.00,0.31,0.31,-9999,-9999,-9999,-9999,-9999,1.033
36536,19.03,21.19,19.03,18.24,-1.11,-1.11,-2.03,18.26,18.26,-9999.00,-9999.00,0.31,0.31,-9999,-9999,-9999,-9999,-9999,1.034
36537,17.59,22.00,17.59,17.06,-1.30,-1.79,1.28,16.12,16.12,-9999.00,-9999.00,0.31,0.31,-9999,-9999,-9999,-9999,-9999,1.034
36538,22.13,22.73,22.13,22.32,-3.91,-2.27,2.68,20.24,20.24,-9999.00,-9999.00,0.31,0.31,-9999,-9999,-9999,-9999,-9999,1.034
36539,17.64,22.57,17.64,18.25,-4.80,-1.79,-0.84,16.17,16.17,-9999.00,-9999.00,0.31,0.31,-9999,-9999,-9999,-9999,-9999,1.034
36540,19.38,20.04,19.38,17.91,-4.22,-0.97,-3.84,18.75,18.75,-9999.00,-9999.00,0.30,0.30,-9999,-9999,-9999,-9999,-9999,1.035
36541,20.95,23.19,20.95,21.31,-4.28,-1.79,-6.34,19.53,19.53,-9999.00,-9999.00,0.29,0.29,-9999,-9999,-9999,-9999,-9999,1.036
36542,16.65,20.76,16.65,17.90,-4.43,1.22,-10.94,18.19,18.19,-9999.00,-9999.00,0.30,0.30,-9999,-9999,-9999,-9999,-9999,1.037
36543,16.18,20.72,16.18,17.55,-3.10,1.23,-12.39,17.70,17.70,-9999.00,-9999.00,0.28,0.28,-9999,-9999,-9999,-9999,-9999,1.037
36544,16.27,19.68,16.27,16.35,-2.94,2.50,-5.85,19.04,19.04,-9999.00,-9999.00,0.29,0.29,-9999,-9999,-9999,-9999,-9999,1.037
36545,15.31,18.37,15.31,15.87,-2.23,0.91,-5.70,16.50,16.50,-9999.00,-9999.00,0.31,0.31,-9999,-9999,-9999,-9999,-9999,1.037
36546,17.24,21.03,17.24,17.91,-2.12,-0.05,-4.08,17.50,17.50,-9999.00,-9999.00,0.31,0.31,-9999,-9999,-9999,-9999,-9999,1.038
36547,18.07,20.20,18.07,18.59,-2.43,-3.28,3.21,15.14,15.14,-9999.00,-9999.00,0.32,0.32,-9999,-9999,-9999,-9999,-9999,1.038
36548,20.84,19.24,20.84,18.47,-3.36,-3.63,4.25,17.61,17.61,-9999.00,-9999.00,0.32,0.32,-9999,-9999,-9999,-9999,-9999,1.039
36549,15.60,18.83,15.60,12.67,-4.39,-4.85,1.56,11.05,11.05,-9999.00,-9999.00,0.32,0.32,-9999,-9999,-9999,-9999,-9999,1.039
36550,22.57,18.80,22.57,16.47,-2.03,-4.58,3.02,18.42,18.42,-9999.00,-9999.00,0.33,0.33,-9999,-9999,-9999,-9999,-9999,1.040
36551,15.41,18.19,15.41,13.09,-2.22,-3.14,0.63,12.56,12.56,-9999.00,-9999.00,0.34,0.34,-9999,-9999,-9999,-9999,-9999,1.040
36552,18.49,19.04,18.49,17.74,-2.19,-1.89,-4.03,16.95,16.95,-9999.00,-9999.00,0.35,0.35,-9999,-9999,-9999,-9999,-9999,1.040
36553,13.67,15.95,13.67,13.29,-1.70,-1.06,-3.98,12.83,12.83,-9999.00,-9999.00,0.33,0.33,-9999,-9999,-9999,-9999,-9999,1.041
36554,15.60,19.26,15.60,15.79,-1.12,-1.42,-2.68,14.43,14.43,-9999.00,-9999.00,0.33,0.33,-9999,-9999,-9999,-9999,-9999,1.042
36555,12.47,15.77,12.47,14.40,-4.21,-1.84,-4.13,10.81,10.81,-9999.00,-9999.00,0.31,0.31,-9999,-9999,-9999,-9999,-9999,1.043
36556,14.54,19.00,14.54,16.53,-2.59,-1.87,-1.13,12.87,12.87,-9999.00,-9999.00,0.30,0.30,-9999,-9999,-9999,-9999,-9999,1.043
36557,12.69,14.91,12.69,13.64,-0.92,-1.71,-0.48,11.15,11.15,-9999.00,-9999.00,0.29,0.29,-9999,-9999,-9999,-9999,-9999,1.044
36558,17.08,17.26,17.08,17.54,-0.42,-3.58,-0.19,13.69,13.69,-9999.00,-9999.00,0.30,0.30,-9999,-9999,-9999,-9999,-9999,1.045
36559,18.22,15.81,18.22,13.39,-0.04,-2.68,-1.05,15.73,15.73,-9999.00,-9999.00,0.29,0.29,-9999,-9999,-9999,-9999,-9999,1.045
36560,14.42,17.32,14.42,14.45,0.52,-1.07,3.24,13.47,13.47,-9999.00,-9999.00,0.28,0.28,-9999,-9999,-9999,-9999,-9999,1.046
36561,16.42,17.47,16.42,13.74,-0.91,-1.54,0.32,15.03,15.03,-9999.00,-9999.00,0.27,0.27,-9999,-9999,-9999,-9999,-9999,1.047
36562,14.28,17.28,14.28,13.16,-1.58,-1.87,0.44,12.53,12.53,-9999.00,-9999.00,0.28,0.28,-9999,-9999,-9999,-9999,-9999,1.048
36563,13.43,13.55,13.43,13.63,-2.12,-0.56,-2.14,12.98,12.98,-9999.00,-9999.00,0.27,0.27,-9999,-9999,-9999,-9999,-9999,1.049
36564,13.68,16.23,13.68,13.49,-3.73,-1.53,-1.07,12.26,12.26,-9999.00,-9999.00,0.27,0.27,-9999,-9999,-9999,-9999,-9999,1.049
36565,15.51,15.67,15.51,13.21,-3.33,-3.37,-6.46,12.25,12.25,-9999.00,-9999.00,0.28,0.28,-9999,-9999,-9999,-9999,-9999,1.050
36566,17.65,19.10,17.65,15.98,-3.25,-2.35,-3.10,15.45,15.45,-9999.00,-9999.00,0.27,0.27,-9999,-9999,-9999,-9999,-9999,1.050
36567,16.66,17.50,16.66,13.88,-6.12,-2.80,-6.06,13.99,13.99,-9999.00,-9999.00,0.26,0.26,-9999,-9999,-9999,-9999,-9999,1.051
36568,18.59,15.14,18.59,15.32,-5.85,-4.84,-4.44,13.91,13.91,-9999.00,-9999.00,0.30,0.30,-9999,-9999,-9999,-9999,-9999,1.052
36569,15.15,14.21,15.15,14.28,-3.65,-2.89,-6.72,12.39,12.39,-9999.00,-9999.00,0.29,0.29,-9999,-9999,-9999,-9999,-9999,1.052
36570,17.24,15.32,17.24,16.18,-4.14,-1.86,-2.90,15.52,15.52,-9999.00,-9999.00,0.29,0.29,-9999,-9999,-9999,-9999,-9999,1.053
36571,13.59,12.98,13.59,14.56,-3.64,-4.24,-5.29,9.46,9.46,-9999.00,-9999.00,0.29,0.29,-9999,-9999,-9999,-9999,-9999,1.055
36572,16.00,16.41,16.00,16.19,-1.18,-4.94,-2.19,11.16,11.16,-9999.00,-9999.00,0.29,0.29,-9999,-9999,-9999,-9999,-9999,1.055
36573,19.23,15.69,19.23,12.63,0.45,-1.90,0.46,17.47,17.47,-9999.00,-9999.00,0.29,0.29,-9999,-9999,-9999,-9999,-9999,1.056
36574,22.33,24.68,22.33,22.66,1.43,-3.67,2.93,18.82,18.82,-9999.00,-9999.00,0.29,0.29,-9999,-9999,-9999,-9999,-9999,1.056
36575,25.73,25.55,25.73,24.58,1.45,-3.25,-2.47,22.70,22.70,-9999.00,-9999.00,0.30,0.30,-9999,-9999,-9999,-9999,-9999,1.057
36576,34.34,40.73,34.34,35.90,1.38,-0.92,-1.21,33.72,33.72,-9999.00,-9999.00,0.30,0.30,-9999,-9999,-9999,-9999,-9999,1.057
36577,41.27,42.71,41.27,35.93,0.97,0.92,0.24,42.57,42.57,-9999.00,-9999.00,0.30,0.30,-9999,-9999,-9999,-9999,-9999,1.057
36578,64.46,66.56,64.46,62.70,-0.30,0.94,-5.57,65.98,65.98,-9999.00,-9999.00,0.30,0.30,-9999,-9999,-9999,-9999,-9999,1.056
36579,65.11,63.30,65.11,55.57,-3.86,0.94,-8.41,66.65,66.65,-9999.00,-9999.00,0.30,0.30,-9999,-9999,-9999,-9999,-9999,1.057
36580,72.99,77.43,72.99,63.68,-2.88,0.67,-1.98,74.32,74.32,-9999.00,-9999.00,0.29,0.29,-9999,-9999,-9999,-9999,-9999,1.057
36581,67.90,72.24,67.90,67.31,-4.87,1.02,-2.13,69.53,69.53,-9999.00,-9999.00,0.29,0.29,-9999,-9999,-9999,-9999,-9999,1.057
36582,64.86,69.43,64.86,59.07,-4.48,0.59,-4.49,66.02,66.02,-9999.00,-9999.00,0.29,0.29,-9999,-9999,-9999,-9999,-9999,1.057
36583,59.96,67.84,59.96,47.39,-4.34,-2.18,1.36,58.31,58.31,-9999.00,-9999.00,0.28,0.28,-9999,-9999,-9999,-9999,-9999,1.058
36584,49.31,51.87,49.31,48.49,-1.61,-0.72,4.17,49.06,49.06,-9999.00,-9999.00,0.29,0.29,-9999,-9999,-9999,-9999,-9999,1.057
36585,52.56,54.64,52.56,49.14,-1.84,-0.63,1.39,52.46,52.46,-9999.00,-9999.00,0.30,0.30,-9999,-9999,-9999,-9999,-9999,1.058
36586,40.53,43.03,40.53,37.44,1.58,-2.67,0.48,38.32,38.32,-9999.00,-9999.00,0.31,0.31,-9999,-9999,-9999,-9999,-9999,1.058
36587,41.24,40.18,41.24,36.51,1.79,-2.06,2.53,39.63,39.63,-9999.00,-9999.00,0.33,0.33,-9999,-9999,-9999,-9999,-9999,1.059
36588,27.91,32.76,27.91,26.51,-0.19,0.90,-1.02,29.13,29.13,-9999.00,-9999.00,0.34,0.34,-9999,-9999,-9999,-9999,-9999,1.061
36589,26.35,30.36,26.35,28.84,-1.77,0.27,-1.26,26.93,26.93,-9999.00,-9999.00,0.33,0.33,-9999,-9999,-9999,-9999,-9999,1.062
36590,18.38,21.40,18.38,17.48,-2.27,-0.08,0.80,18.52,18.52,-9999.00,-9999.00,0.34,0.34,-9999,-9999,-9999,-9999,-9999,1.062
36591,17.96,24.73,17.96,19.44,-2.55,-0.07,0.96,18.10,18.10,-9999.00,-9999.00,0.35,0.35,-9999,-9999,-9999,-9999,-9999,1.063
36592,16.86,18.85,16.86,14.91,-4.02,-1.75,-0.94,15.30,15.30,-9999.00,-9999.00,0.36,0.36,-9999,-9999,-9999,-9999,-9999,1.064
36593,17.96,19.62,17.96,16.51,-3.26,-5.12,1.65,13.07,13.07,-9999.00,-9999.00,0.37,0.37,-9999,-9999,-9999,-9999,-9999,1.066
36594,11.79,13.83,11.79,13.32,-1.68,-5.35,0.89,6.60,6.60,-9999.00,-9999.00,0.40,0.40,-9999,-9999,-9999,-9999,-9999,1.067
36595,14.08,15.29,14.08,15.53,-1.18,-4.46,-1.65,9.83,9.83,-9999.00,-9999.00,0.40,0.40,-9999,-9999,-9999,-9999,-9999,1.068
36596,13.34,13.51,13.34,10.56,-2.68,-2.42,1.16,11.12,11.12,-9999.00,-9999.00,0.40,0.40,-9999,-9999,-9999,-9999,-9999,1.069
36597,11.48,12.01,11.48,12.96,-0.16,-0.20,0.35,11.47,11.47,-9999.00,-9999.00,0.42,0.42,-9999,-9999,-9999,-9999,-9999,1.071
36598,12.98,13.12,12.98,10.58,0.47,2.57,-3.26,15.77,15.77,-9999.00,-9999.00,0.41,0.41,-9999,-9999,-9999,-9999,-9999,1.072
36599,10.80,12.22,10.80,10.55,-0.03,0.06,-5.07,11.05,11.05,-9999.00,-9999.00,0.39,0.39,-9999,-9999,-9999,-9999,-9999,1.073
36600,12.75,14.04,12.75,10.74,-2.84,-0.10,-4.91,12.87,12.87,-9999.00,-9999.00,0.41,0.41,-9999,-9999,-9999,-9999,-9999,1.075
36601,12.49,17.08,12.49,11.90,-4.39,-2.31,-8.39,10.42,10.42,-9999.00,-9999.00,0.43,0.43,-9999,-9999,-9999,-9999,-9999,1.075
36602,16.51,16.74,16.51,12.17,-7.19,-5.55,-6.69,11.30,11.30,-9999.00,-9999.00,0.45,0.45,-9999,-9999,-9999,-9999,-9999,1.076
36603,18.65,20.52,18.65,14.53,-7.76,-6.51,-4.00,12.56,12.56,-9999.00,-9999.00,0.46,0.46,-9999,-9999,-9999,-9999,-9999,1.076
36604,18.06,17.63,18.06,16.73,-8.02,-3.60,-0.65,14.85,14.85,-9999.00,-9999.00,0.47,0.47,-9999,-9999,-9999,-9999,-9999,1.078
36605,19.26,19.98,19.26,14.15,-5.47,-6.38,-1.99,13.30,13.30,-9999.00,-9999.00,0.50,0.50,-9999,-9999,-9999,-9999,-9999,1.078
36606,18.57,19.54,18.57,16.46,-5.34,-7.13,-4.03,11.85,11.85,-9999.00,-9999.00,0.53,0.53,-9999,-9999,-9999,-9999,-9999,1.079
36607,21.23,24.34,21.23,16.82,-4.44,-5.85,-7.49,15.83,15.83,-9999.00,-9999.00,0.54,0.54,-9999,-9999,-9999,-9999,-9999,1.080
36608,16.74,21.11,16.74,16.44,-4.30,-6.70,-9.25,10.38,10.38,-9999.00,-9999.00,0.54,0.54,-9999,-9999,-9999,-9999,-9999,1.081
36609,27.14,30.73,27.14,19.04,-4.16,-7.92,-13.01,19.82,19.82,-9999.00,-9999.00,0.57,0.57,-9999,-9999,-9999,-9999,-9999,1.082
36610,28.76,32.06,28.76,29.89,-5.18,-4.37,-8.66,25.07,25.07,-9999.00,-9999.00,0.58,0.58,-9999,-9999,-9999,-9999,-9999,1.082
36611,29.36,34.27,29.36,28.69,-2.19,-0.26,-4.34,29.85,29.85,-9999.00,-9999.00,0.62,0.62,-9999,-9999,-9999,-9999,-9999,1.083
36612,23.47,29.12,23.47,24.99,-1.91,1.30,1.43,25.38,25.38,-9999.00,-9999.00,0.63,0.63,-9999,-9999,-9999,-9999,-9999,1.084
36613,30.55,31.82,30.55,29.18,-1.10,2.32,2.53,33.68,33.68,-9999.00,-9999.00,0.65,0.65,-9999,-9999,-9999,-9999,-9999,1.084
36614,22.35,28.05,22.35,20.40,-2.24,2.85,5.99,25.81,25.81,-9999.00,-9999.00,0.67,0.67,-9999,-9999,-9999,-9999,-9999,1.085
36615,29.65,30.62,29.65,25.71,-1.84,0.93,1.46,31.39,31.39,-9999.00,-9999.00,0.67,0.67,-9999,-9999,-9999,-9999,-9999,1.085
36616,19.55,25.41,19.55,20.34,-4.51,-3.49,0.28,16.60,16.60,-9999.00,-9999.00,0.68,0.68,-9999,-9999,-9999,-9999,-9999,1.087
36617,23.24,28.92,23.24,20.48,-5.40,-5.01,-6.43,18.86,18.86,-9999.00,-9999.00,0.68,0.68,-9999,-9999,-9999,-9999,-9999,1.088
36618,20.33,25.71,20.33,20.81,-7.93,-5.08,-7.32,15.80,15.80,-9999.00,-9999.00,0.68,0.68,-9999,-9999,-9999,-9999,-9999,1.089
36619,38.62,42.39,38.62,31.45,-7.94,-6.84,-9.96,32.85,32.85,-9999.00,-9999.00,0.69,0.69,-9999,-9999,-9999,-9999,-9999,1.090
36620,36.58,41.20,36.58,30.61,-7.80,-6.22,-9.17,31.39,31.39,-9999.00,-9999.00,0.70,0.70,-9999,-9999,-9999,-9999,-9999,1.091
36621,44.78,52.73,44.78,36.32,-8.05,-5.64,-9.26,40.46,40.46,-9999.00,-9999.00,0.70,0.70,-9999,-9999,-9999,-9999,-9999,1.092
36622,52.79,60.99,52.79,44.50,-6.54,-6.35,-2.26,48.01,48.01,-9999.00,-9999.00,0.71,0.71,-9999,-9999,-9999,-9999,-9999,1.093
36623,59.43,64.54,59.43,49.67,-3.61,-6.09,-5.74,55.10,55.10,-9999.00,-9999.00,0.71,0.71,-9999,-9999,-9999,-9999,-9999,1.094
36624,57.16,71.21,57.16,50.29,-2.74,-5.25,-1.57,53.59,53.59,-9999.00,-9999.00,0.71,0.71,-9999,-9999,-9999,-9999,-9999,1.095
36625,49.18,65.11,49.18,47.42,-4.00,-6.38,-0.12,44.27,44.27,-9999.00,-9999.00,0.70,0.70,-9999,-9999,-9999,-9999,-9999,1.096
36626,50.99,69.33,50.99,45.20,-2.74,-5.49,-1.46,47.03,47.03,-9999.00,-9999.00,0.72,0.72,-9999,-9999,-9999,-9999,-9999,1.097
36627,46.74,55.25,46.74,40.15,-3.13,-4.41,-5.52,43.74,43.74,-9999.00,-9999.00,0.74,0.74,-9999,-9999,-9999,-9999,-9999,1.097
36628,51.08,60.53,51.08,42.76,-4.40,-4.82,0.23,47.81,47.81,-9999.00,-9999.00,0.75,0.75,-9999,-9999,-9999,-9999,-9999,1.098
36629,44.67,54.16,44.67,34.36,-3.61,-3.93,-2.47,42.16,42.16,-9999.00,-9999.00,0.77,0.77,-9999,-9999,-9999,-9999,-9999,1.099
36630,42.98,52.13,42.98,36.75,-1.76,-1.23,-3.76,43.12,43.12,-9999.00,-9999.00,0.77,0.77,-9999,-9999,-9999,-9999,-9999,1.101
36631,37.15,44.17,37.15,32.88,-2.34,-2.60,-1.97,35.76,35.76,-9999.00,-9999.00,0.79,0.79,-9999,-9999,-9999,-9999,-9999,1.102
36632,41.29,45.54,41.29,29.32,-2.88,-2.86,-1.40,39.76,39.76,-9999.00,-9999.00,0.81,0.81,-9999,-9999,-9999,-9999,-9999,1.102
36633,23.33,30.28,23.33,23.59,-3.97,-4.22,-2.68,19.87,19.87,-9999.00,-9999.00,0.81,0.81,-9999,-9999,-9999,-9999,-9999,1.104
36634,28.68,34.37,28.68,20.46,-7.52,-7.38,-6.73,22.25,22.25,-9999.00,-9999.00,0.83,0.83,-9999,-9999,-9999,-9999,-9999,1.104
36635,24.29,28.10,24.29,19.65,-10.19,-10.19,-8.34,14.92,14.92,-9999.00,-9999.00,0.84,0.84,-9999,-9999,-9999,-9999,-9999,1.105
36636,17.91,27.65,17.91,20.26,-11.11,-9.43,-6.54,9.10,9.10,-9999.00,-9999.00,0.85,0.85,-9999,-9999,-9999,-9999,-9999,1.107
