NASA Data Processing/NAAMES(2015)/OPTICAL/NAAMES-LARGE-OPTICAL_C130_20151114_R0.ict
85,1001
Anderson, Bruce E.
NASA Langley
In-situ optical aerosol measurements from the NASA C-130
NAAMES
1,1
2015,11,14,2016,12,02
1.0
UTC_mid,Secs after midnight,Time of acquisition
19
1,1,1,1,1,1,1,1,1,1,1,1,1,1,1,1,1,1,1
-9999,-9999,-9999,-9999,-9999,-9999,-9999,-9999,-9999,-9999,-9999,-9999,-9999,-9999,-9999,-9999,-9999,-9999,-9999
Sc550_total_amb, Mm-1, scattering coefficient of ambient  particles at 550nm
Sc450_total, Mm-1, Dry Scattering at 450nm (Total Aerosols)
Sc550_total, Mm-1, Dry Scattering at 550nm (Total Aerosols)
Sc700_total, Mm-1, Dry Scattering at 700nm (Total Aerosols)
Abs470_total, Mm-1,Dry absorption at 470nm (Total Aerosols)
Abs532_total, Mm-1,Dry absorption at 532nm (Total Aerosols)
Abs660_total, Mm-1,Dry absorption at 660nm (Total Aerosols)
Ext532_total_amb, Mm-1, extinction coefficient of aerosols at 532nm for AMBIENT relative humidity
Ext532_total_dry, Mm-1, extinction coefficient of aerosols at 532nm for DRY relative humidity
gamma550, unitless, derived hygroscopic growth factor for particles at 550nm
fRH550_RH20to80, unitless, derived hygroscopic growth parameter for particles at 550nm
AEscatAMB_450to700nm,unitless,derived ambient Angstrom Exponent for scattering coefficient over wavelength range from 450nm to 700nm
AEscatDRY_450to700nm,unitless,derived dry Angstrom Exponent for scattering coefficient over wavelength range from 450nm to 700nm
AE_Absorption_450to700nm,unitless,derived dry Angstrom Exponent for absorption coefficient over wavelength range from 450nm to 700nm
SSA_dry_450nm,unitless, single_scattering_albedo_at_450nm_as_derived_from_dry_scattering_and_absorption
SSA_dry_550nm,unitless, single_scattering_albedo_at_550nm_as_derived_from_dry_scattering_and_absorption
SSA_dry_700nm,unitless, single_scattering_albedo_at_700nm_as_derived_from_dry_scattering_and_absorption
SSA_amb_550nm,unitless, single_scattering_albedo_at_550nm_as_derived_from_ambeint_scattering_and_absorption
stdPT,unitless, Conversion factor to convert between ambient and standard pressure and temperature conditions
0
52
******************************************************************************************************************
Langley Aerosol data from the 2015 NAAMES field campaign
 
PI_CONTACT_INFO: Bruce.E.Anderson@nasa.gov
PLATFORM: NASA C-130 aircraft
LOCATION: Latitude, Longitude, and Altitude included in Hskping files
ASSOCIATED_DATA: Cloud penetration flag (i.e. periods of potential inlet shatter issues) can be found in the NAAMES-LARGE-CloudFlag files
INSTRUMENT_INFO: Flagged data are due to missing data or to instrument issues
SCATTERING: 
   - Total Aerosol Scattering from TSI-3563 Nephelometers
   - Scattering coefficients are corrected for truncation errors using Anderson and Ogren AS&T, 29, 57-69, 1998
   - Ambient scattering is computed from the dry scatteing, the f(RH) growth factor, and ambient RH measured by Hskping
ABSORPTION: 
   - Absorption Data from Radiance Research 3-wavelength PSAPs
   - Data were corrected for a variety of errors using Virkkula, AS&T, 44:706-712, 2010
   - The new Virkkula correction is about 40% higher than the 2005 correction
EXTINCTION: 
   - Extinction is calculated as the sum of scattering and absorption
   - The 550nm scattering coefficients were adjusted to 532 nm using the measured angstrom exponent
[...]
ANGSTROM EXPONENT AND SSA CALCULATIONS: 
   - The Absorption coefficients were corrected to the wavelengths of the TSI nepholometer using the measured angstrom exponents
   - The scattering and absorption coefficients were smoothed with a 30s running average to compute the SSA and AE
   - Ambient SSA is calculated with ambient scattering and dry absorption
   - SSA is computed only when both scattering and absorption are greater than 1 Mm-1
   - Scattering Angstrom Exponents are computed only when relevant scattering measurements are greater than 1 Mm-1
   - Absorption Angstrom Exponents are computed only when relevant absorption measurements are greater than 2 Mm-1
DATA_INFO: Aerosol measurements are reported at standard temperature and pressure (0 deg C, 1013 mb) and time synced to the CDP cloud probe instrument
UNCERTAINTY: all data are 5%
ULOD_FLAG: -7777
ULOD_VALUE: N/A
LLOD_FLAG: -8888
LLOD_VALUE: N/A
DM_CONTACT_INFO: Michael Shook (michael.shook@nasa.gov)
PROJECT_INFO: NAAMES 2015
STIPULATIONS_ON_USE: This is FINAL data.  Users are strongly encouraged to consult with the PI or DM for proper data use.
OTHER_COMMENTS: none
REVISION: R0
R0: None
******************************************************************************************************************
UTC_mid,Sc550_total_amb,Sc450_total,Sc550_total,Sc700_total,Abs470_total,Abs532_total,Abs660_total,Ext532_total_amb,Ext532_total_dry,gamma550,fRH550_RH20to80,AEscatAMB_450to700nm,AEscatDRY_450to700nm,AE_Absorption_450to700nm,SSA_dry_450nm,SSA_dry_550nm,SSA_dry_700nm,SSA_amb_550nm,stdPT
[from data line 10648]
48286,1.65,2.43,1.65,-1.03,-0.15,-0.24,-0.36,-9999.00,-9999.00,-9999.00,-9999.00,-9999,-9999,-9999,-9999,-9999,-9999,-9999,2.025
48287,2.18,5.70,2.18,-0.80,0.17,0.21,0.09,-9999.00,-9999.00,-9999.00,-9999.00,-9999,-9999,-9999,-9999,-9999,-9999,-9999,2.026
48288,0.72,1.71,0.72,-0.97,0.29,0.66,0.29,-9999.00,-9999.00,-9999.00,-9999.00,-9999,-9999,-9999,-9999,-9999,-9999,-9999,2.025
48289,1.85,2.65,1.85,-0.54,0.91,0.75,1.24,-9999.00,-9999.00,-9999.00,-9999.00,-9999,-9999,-9999,-9999,-9999,-9999,-9999,2.025
48290,-0.33,-1.80,-0.33,-1.13,0.81,0.48,1.01,-9999.00,-9999.00,-9999.00,-9999.00,-9999,-9999,-9999,-9999,-9999,-9999,-9999,2.023
48291,0.97,-0.44,0.97,0.12,0.75,0.72,1.50,-9999.00,-9999.00,-9999.00,-9999.00,-9999,-9999,-9999,-9999,-9999,-9999,-9999,2.022
48292,-0.12,-2.55,-0.12,-0.89,0.21,0.20,1.30,-9999.00,-9999.00,-9999.00,-9999.00,-9999,-9999,-9999,-9999,-9999,-9999,-9999,2.022
48293,1.43,-1.06,1.43,0.51,0.02,-0.23,2.27,-9999.00,-9999.00,-9999.00,-9999.00,-9999,-9999,-9999,-9999,-9999,-9999,-9999,2.021
48294,0.86,0.06,0.86,2.81,-0.65,-0.67,0.72,-9999.00,-9999.00,-9999.00,-9999.00,-9999,-9999,-9999,-9999,-9999,-9999,-9999,2.020
48295,-0.62,1.62,-0.62,0.29,-0.62,-0.50,0.44,-9999.00,-9999.00,-9999.00,-9999.00,-9999,-9999,-9999,0.669,-9999.000,-9999.000,-9999,2.018
48296,0.48,3.71,0.48,0.23,-0.40,-0.76,-1.22,-9999.00,-9999.00,-9999.00,-9999.00,-9999,-9999,-9999,0.654,-9999.000,-9999.000,-9999,2.017
48297,-0.08,6.23,-0.08,0.65,0.29,-0.45,-0.75,-9999.00,-9999.00,-9999.00,-9999.00,-9999,-9999,-9999,0.622,-9999.000,-9999.000,-9999,2.015
48298,0.68,3.79,0.68,1.11,0.01,-0.40,-1.03,0.37,0.37,-9999.00,-9999.00,-9999,-9999,-9999,0.613,0.463,-9999.000,0.463,2.013
48299,1.36,2.47,1.36,3.12,0.40,0.04,0.01,1.57,1.57,-9999.00,-9999.00,-9999,-9999,-9999,0.605,0.480,-9999.000,0.480,2.013
48300,1.45,-0.18,1.45,0.47,0.63,0.77,0.76,2.39,2.39,-9999.00,-9999.00,-9999,-9999,-9999,0.620,0.501,-9999.000,0.501,2.010
48301,1.05,0.05,1.05,1.09,1.04,1.38,2.05,2.56,2.56,-9999.00,-9999.00,-9999,-9999,-9999,0.632,0.534,-9999.000,0.534,2.009
48302,1.41,-1.98,1.41,-0.34,0.54,1.57,2.53,3.17,3.17,-9999.00,-9999.00,-9999,-9999,-9999,0.664,-9999.000,-9999.000,-9999,2.008
48303,3.76,5.01,3.76,0.89,0.86,1.69,1.73,5.93,5.93,-9999.00,-9999.00,-9999,-9999,-9999,0.689,-9999.000,-9999.000,-9999,2.006
48304,4.12,0.98,4.12,-1.24,1.15,1.54,1.87,6.19,6.19,-9999.00,-9999.00,-9999,-9999,-9999,-9999,-9999,-9999,-9999,2.004
48305,3.85,5.18,3.85,-0.11,1.42,1.08,1.32,5.44,5.44,-9999.00,-9999.00,1.78,1.78,-9999,-9999,-9999,-9999,-9999,2.002
48306,-0.35,2.98,-0.35,-1.04,1.58,1.59,1.00,1.19,1.19,-9999.00,-9999.00,1.83,1.83,-9999,-9999,-9999,-9999,-9999,2.002
48307,-0.60,4.17,-0.60,2.85,3.02,2.56,0.78,1.87,1.87,-9999.00,-9999.00,1.89,1.89,-9999,-9999,-9999,-9999,-9999,2.000
48308,-0.30,5.86,-0.30,2.98,4.16,3.94,2.35,3.60,3.60,-9999.00,-9999.00,1.95,1.95,-9999,-9999,-9999,-9999,-9999,1.999
48309,-0.23,4.44,-0.23,3.03,5.33,5.15,2.88,4.89,4.89,-9999.00,-9999.00,2.00,2.00,-9999,-9999,-9999,-9999,-9999,1.998
48310,0.35,5.79,0.35,0.41,6.13,6.06,4.53,6.47,6.47,-9999.00,-9999.00,2.20,2.20,-9999,-9999,-9999,-9999,-9999,1.995
48311,3.63,4.87,3.63,0.58,6.35,5.91,5.25,10.12,10.12,-9999.00,-9999.00,2.15,2.15,-9999,-9999,-9999,-9999,-9999,1.994
48312,2.81,0.33,2.81,-0.23,5.54,4.60,5.63,7.85,7.85,-9999.00,-9999.00,2.04,2.04,-9999,-9999,-9999,-9999,-9999,1.993
48313,5.18,4.92,5.18,1.57,3.61,2.39,3.41,8.40,8.40,-9999.00,-9999.00,1.99,1.99,-9999,-9999,-9999,-9999,-9999,1.991
48314,1.40,-0.02,1.40,0.60,1.47,0.24,1.81,1.86,1.86,-9999.00,-9999.00,2.07,2.07,-9999,-9999,-9999,-9999,-9999,1.989
48315,-0.95,4.30,-0.95,1.97,-1.12,-2.03,-0.68,-3.13,-3.13,-9999.00,-9999.00,2.13,2.13,-9999,-9999,-9999,-9999,-9999,1.988
48316,-0.02,1.87,-0.02,2.25,-2.94,-4.29,-2.74,-4.32,-4.32,-9999.00,-9999.00,2.27,2.27,-9999,-9999,-9999,-9999,-9999,1.985
48317,-0.15,4.23,-0.15,3.77,-4.72,-5.03,-4.66,-5.21,-5.21,-9999.00,-9999.00,2.37,2.37,-9999,-9999,-9999,-9999,-9999,1.984
48318,0.95,2.96,0.95,2.66,-4.86,-5.04,-4.37,-3.93,-3.93,-9999.00,-9999.00,2.50,2.50,-9999,-9999,-9999,-9999,-9999,1.982
48319,1.60,2.95,1.60,2.27,-4.61,-4.44,-4.88,-2.56,-2.56,-9999.00,-9999.00,2.39,2.39,-9999,-9999,-9999,-9999,-9999,1.980
48320,1.57,3.00,1.57,2.31,-3.84,-3.50,-3.39,-1.60,-1.60,-9999.00,-9999.00,2.35,2.35,-9999,-9999,-9999,-9999,-9999,1.978
48321,0.31,2.13,0.31,-0.07,-2.77,-1.69,-2.65,-1.32,-1.32,-9999.00,-9999.00,2.27,2.27,-9999,-9999,-9999,-9999,-9999,1.976
48322,1.57,4.50,1.57,1.30,-1.33,-0.63,-1.41,1.24,1.24,-9999.00,-9999.00,2.20,2.20,-9999,-9999,-9999,-9999,-9999,1.974
48323,0.76,1.67,0.76,0.06,-0.48,0.26,-0.94,1.15,1.15,-9999.00,-9999.00,2.28,2.28,-9999,-9999,-9999,-9999,-9999,1.972
48324,1.95,2.76,1.95,1.26,0.26,0.82,0.27,3.07,3.07,-9999.00,-9999.00,2.27,2.27,-9999,-9999,-9999,-9999,-9999,1.970
48325,2.32,2.88,2.32,0.70,0.56,0.81,0.68,3.47,3.47,-9999.00,-9999.00,2.30,2.30,-9999,-9999,-9999,-9999,-9999,1.969
48326,-0.02,3.83,-0.02,1.92,0.58,1.16,1.28,1.14,1.14,-9999.00,-9999.00,2.17,2.17,-9999,-9999,-9999,-9999,-9999,1.967
48327,0.74,4.68,0.74,2.46,0.20,0.93,1.00,1.77,1.77,-9999.00,-9999.00,2.08,2.08,-9999,-9999,-9999,-9999,-9999,1.966
48328,-0.73,6.70,-0.73,1.73,0.00,0.31,1.29,-0.53,-0.53,-9999.00,-9999.00,2.07,2.07,-9999,-9999,-9999,-9999,-9999,1.965
48329,0.86,6.64,0.86,0.74,-0.07,-0.15,0.22,0.85,0.85,-9999.00,-9999.00,2.04,2.04,-9999,-9999,-9999,-9999,-9999,1.963
48330,2.39,3.28,2.39,2.45,-0.24,-0.19,-0.37,2.57,2.57,-9999.00,-9999.00,2.12,2.12,-9999,-9999,-9999,-9999,-9999,1.962
48331,3.05,4.36,3.05,-0.17,0.01,-0.48,-0.73,2.98,2.98,-9999.00,-9999.00,2.10,2.10,-9999,-9999,-9999,-9999,-9999,1.961
48332,3.43,3.63,3.43,0.66,0.62,-0.43,-0.62,3.44,3.44,-9999.00,-9999.00,2.16,2.16,-9999,-9999,-9999,-9999,-9999,1.959
48333,1.92,3.80,1.92,-0.62,0.65,0.22,-0.31,2.38,2.38,-9999.00,-9999.00,2.36,2.36,-9999,-9999,-9999,-9999,-9999,1.957
48334,0.77,2.36,0.77,1.85,0.55,0.53,0.43,1.38,1.38,-9999.00,-9999.00,2.52,2.52,-9999,-9999,-9999,-9999,-9999,1.956
48335,-0.52,4.59,-0.52,0.70,0.69,0.56,1.08,-0.02,-0.02,-9999.00,-9999.00,2.65,2.65,-9999,-9999,-9999,-9999,-9999,1.954
48336,3.82,5.94,3.82,1.65,0.11,0.49,0.97,4.76,4.76,-9999.00,-9999.00,-9999,-9999,-9999,-9999,-9999,-9999,-9999,1.953
48337,2.48,3.42,2.48,0.57,-0.16,0.67,1.28,3.43,3.43,-9999.00,-9999.00,-9999,-9999,-9999,-9999,-9999,-9999,-9999,1.950
48338,3.81,4.79,3.81,1.57,-0.11,0.70,1.04,4.95,4.95,-9999.00,-9999.00,2.78,2.78,-9999,-9999,-9999,-9999,-9999,1.950
48339,1.60,0.48,1.60,1.06,0.40,0.83,1.06,2.62,2.62,-9999.00,-9999.00,2.63,2.63,-9999,-9999,-9999,-9999,-9999,1.949
48340,1.34,3.84,1.34,2.37,0.58,1.04,0.49,2.55,2.55,-9999.00,-9999.00,2.62,2.62,-9999,-9999,-9999,-9999,-9999,1.946
48341,0.08,0.68,0.08,0.83,1.09,1.02,0.48,1.11,1.11,-9999.00,-9999.00,2.64,2.64,-9999,-9999,-9999,-9999,-9999,1.944
48342,1.51,3.00,1.51,1.43,1.16,0.90,0.46,2.60,2.60,-9999.00,-9999.00,2.75,2.75,-9999,-9999,-9999,-9999,-9999,1.942
48343,2.37,0.18,2.37,-0.14,0.97,0.40,0.47,3.06,3.06,-9999.00,-9999.00,2.83,2.83,-9999,-9999,-9999,-9999,-9999,1.941
48344,2.91,0.76,2.91,0.54,0.74,0.45,0.16,3.68,3.68,-9999.00,-9999.00,2.81,2.81,-9999,-9999,-9999,-9999,-9999,1.939
48345,2.31,2.88,2.31,0.28,0.56,0.14,1.10,2.69,2.69,-9999.00,-9999.00,2.75,2.75,-9999,-9999,-9999,-9999,-9999,1.937
48346,3.13,5.38,3.13,2.72,0.61,0.19,1.33,3.67,3.67,-9999.00,-9999.00,-9999,-9999,-9999,-9999,-9999,-9999,-9999,1.936
48347,2.42,3.05,2.42,1.65,0.82,0.21,1.04,2.94,2.94,-9999.00,-9999.00,-9999,-9999,-9999,-9999,-9999,-9999,-9999,1.933
48348,2.76,6.76,2.76,1.21,0.98,0.26,0.79,3.41,3.41,-9999.00,-9999.00,-9999,-9999,-9999,-9999,-9999,-9999,-9999,1.929
48349,1.99,2.80,1.99,0.06,0.97,0.48,0.32,2.76,2.76,-9999.00,-9999.00,2.80,2.80,-9999,-9999,-9999,-9999,-9999,1.928
48350,2.27,4.90,2.27,0.95,0.90,0.28,0.08,2.85,2.85,-9999.00,-9999.00,2.62,2.62,-9999,-9999,-9999,-9999,-9999,1.925
48351,1.04,0.33,1.04,-0.97,0.75,0.05,-0.23,1.22,1.22,-9999.00,-9999.00,2.57,2.57,-9999,-9999,-9999,-9999,-9999,1.924
48352,1.81,4.34,1.81,-0.03,0.28,0.02,0.39,2.06,2.06,-9999.00,-9999.00,2.54,2.54,-9999,-9999,-9999,-9999,-9999,1.922
48353,1.48,2.97,1.48,2.07,0.04,0.24,1.03,1.91,1.91,-9999.00,-9999.00,2.57,2.57,-9999,-9999,-9999,-9999,-9999,1.919
48354,2.10,5.06,2.10,3.21,0.05,-0.11,1.78,2.29,2.29,-9999.00,-9999.00,-9999,-9999,-9999,-9999,-9999,-9999,-9999,1.917
48355,0.36,3.78,0.36,1.78,-0.05,0.34,1.62,0.75,0.75,-9999.00,-9999.00,-9999,-9999,-9999,-9999,-9999,-9999,-9999,1.915
48356,1.80,6.62,1.80,1.49,0.08,0.49,1.77,2.55,2.55,-9999.00,-9999.00,-9999,-9999,-9999,-9999,-9999,-9999,-9999,1.912
48357,0.89,3.66,0.89,0.19,0.65,0.59,1.10,1.60,1.60,-9999.00,-9999.00,-9999,-9999,-9999,-9999,-9999,-9999,-9999,1.910
48358,2.14,3.59,2.14,1.00,0.38,0.28,-0.31,2.70,2.70,-9999.00,-9999.00,2.49,2.49,-9999,-9999,-9999,-9999,-9999,1.910
48359,-0.09,-0.01,-0.09,0.09,0.69,0.43,-0.68,0.32,0.32,-9999.00,-9999.00,-9999,-9999,-9999,-9999,-9999,-9999,-9999,1.908
48360,1.32,6.77,1.32,1.64,0.57,0.17,-1.24,1.70,1.70,-9999.00,-9999.00,-9999,-9999,-9999,-9999,-9999,-9999,-9999,1.908
48361,0.05,3.28,0.05,0.47,0.32,0.08,-1.51,0.14,0.14,-9999.00,-9999.00,-9999,-9999,-9999,-9999,-9999,-9999,-9999,1.906
48362,0.37,6.90,0.37,0.49,-0.35,-0.19,-1.21,0.23,0.23,-9999.00,-9999.00,-9999,-9999,-9999,-9999,-9999,-9999,-9999,1.905
48363,-0.72,2.35,-0.72,0.10,0.34,-0.16,-0.08,-1.00,-1.00,-9999.00,-9999.00,-9999,-9999,-9999,-9999,-9999,-9999,-9999,1.904
48364,-0.06,3.12,-0.06,0.63,-0.10,-0.12,-0.36,-0.18,-0.18,-9999.00,-9999.00,-9999,-9999,-9999,-9999,-9999,-9999,-9999,1.903
48365,2.06,-1.58,2.06,3.33,0.17,-0.32,-0.35,2.07,2.07,-9999.00,-9999.00,-9999,-9999,-9999,-9999,-9999,-9999,-9999,1.901
48366,0.72,0.70,0.72,0.09,0.39,-0.07,0.51,0.75,0.75,-9999.00,-9999.00,-9999,-9999,-9999,-9999,-9999,-9999,-9999,1.899
48367,1.87,2.60,1.87,0.98,0.56,0.02,0.34,2.18,2.18,-9999.00,-9999.00,-9999,-9999,-9999,-9999,-9999,-9999,-9999,1.897
48368,0.71,4.75,0.71,0.68,0.34,0.39,0.22,1.20,1.20,-9999.00,-9999.00,-9999,-9999,-9999,-9999,-9999,-9999,-9999,1.894
48369,-0.24,0.86,-0.24,-0.37,0.38,0.65,0.51,0.38,0.38,-9999.00,-9999.00,-9999,-9999,-9999,-9999,-9999,-9999,-9999,1.892
48370,0.19,-3.98,0.19,0.31,0.24,1.09,1.23,1.30,1.30,-9999.00,-9999.00,-9999,-9999,-9999,-9999,-9999,-9999,-9999,1.891
48371,0.18,2.55,0.18,1.17,-0.08,1.22,0.53,1.43,1.43,-9999.00,-9999.00,-9999,-9999,-9999,-9999,-9999,-9999,-9999,1.889
48372,4.00,3.67,4.00,3.10,0.13,0.99,0.80,5.58,5.58,-9999.00,-9999.00,-9999,-9999,-9999,-9999,-9999,-9999,-9999,1.887
48373,3.15,4.91,3.15,2.60,-0.42,0.72,0.94,4.36,4.36,-9999.00,-9999.00,-9999,-9999,-9999,-9999,-9999,-9999,-9999,1.885
48374,1.67,2.88,1.67,-0.49,-0.23,0.56,1.18,2.50,2.50,-9999.00,-9999.00,-9999,-9999,-9999,-9999,-9999,-9999,-9999,1.883
48375,0.81,4.58,0.81,0.07,-0.00,0.06,0.25,1.01,1.01,-9999.00,-9999.00,-9999,-9999,-9999,-9999,-9999,-9999,-9999,1.882
48376,0.18,2.10,0.18,-1.16,0.21,-0.19,0.30,0.02,0.02,-9999.00,-9999.00,2.00,2.00,-9999,-9999,-9999,-9999,-9999,1.880
48377,0.39,1.96,0.39,-0.18,0.35,0.07,0.19,0.52,0.52,-9999.00,-9999.00,1.96,1.96,-9999,-9999,-9999,-9999,-9999,1.877
48378,0.18,1.25,0.18,0.57,1.08,0.55,-0.29,0.75,0.75,-9999.00,-9999.00,1.77,1.77,-9999,-9999,-9999,-9999,-9999,1.874
48379,3.29,2.76,3.29,0.44,1.55,0.64,-0.22,4.35,4.35,-9999.00,-9999.00,1.74,1.74,-9999,-9999,-9999,-9999,-9999,1.873
48380,2.72,1.70,2.72,1.50,1.43,0.95,0.92,3.98,3.98,-9999.00,-9999.00,1.65,1.65,-9999,-9999,-9999,-9999,-9999,1.871
48381,2.55,0.62,2.55,0.28,1.31,0.80,1.43,3.68,3.68,-9999.00,-9999.00,1.93,1.93,-9999,-9999,-9999,-9999,-9999,1.869
48382,0.70,1.01,0.70,-0.00,1.15,0.73,1.18,1.52,1.52,-9999.00,-9999.00,1.76,1.76,-9999,-9999,-9999,-9999,-9999,1.868
48383,2.24,2.01,2.24,0.13,0.58,0.21,1.77,2.74,2.74,-9999.00,-9999.00,1.75,1.75,-9999,-9999,-9999,-9999,-9999,1.866
48384,1.10,0.75,1.10,0.34,0.25,0.05,1.96,1.30,1.30,-9999.00,-9999.00,1.69,1.69,-9999,-9999,-9999,-9999,-9999,1.866
48385,1.55,4.09,1.55,2.52,0.29,-0.10,0.69,1.67,1.67,-9999.00,-9999.00,1.77,1.77,-9999,-9999,-9999,-9999,-9999,1.864
48386,0.47,5.70,0.47,2.31,0.39,0.27,0.16,0.82,0.82,-9999.00,-9999.00,1.97,1.97,-9999,-9999,-9999,-9999,-9999,1.864
48387,0.67,4.76,0.67,2.90,0.49,0.33,0.59,1.10,1.10,-9999.00,-9999.00,1.86,1.86,-9999,-9999,-9999,-9999,-9999,1.862
48388,-0.72,2.95,-0.72,2.06,0.75,0.30,0.04,-0.55,-0.55,-9999.00,-9999.00,1.97,1.97,-9999,-9999,-9999,-9999,-9999,1.862
48389,0.46,2.33,0.46,2.09,0.76,0.54,-0.75,-9999.00,-9999.00,-9999.00,-9999.00,1.98,1.98,-9999,-9999,-9999,-9999,-9999,1.861
48390,-0.79,1.07,-0.79,2.06,0.66,0.89,-0.23,-0.04,-0.04,-9999.00,-9999.00,1.85,1.85,-9999,-9999,-9999,-9999,-9999,1.860
48391,1.98,2.53,1.98,2.07,0.35,0.49,0.05,-9999.00,-9999.00,-9999.00,-9999.00,1.68,1.68,-9999,-9999,-9999,-9999,-9999,1.858
48392,1.50,6.07,1.50,2.10,-0.18,0.30,-0.28,-9999.00,-9999.00,-9999.00,-9999.00,1.57,1.57,-9999,-9999,-9999,-9999,-9999,1.855
48393,2.02,3.23,2.02,1.77,-0.03,0.49,0.25,-9999.00,-9999.00,-9999.00,-9999.00,1.52,1.52,-9999,-9999,-9999,-9999,-9999,1.854
48394,1.28,3.22,1.28,0.95,-0.17,0.44,0.94,-9999.00,-9999.00,-9999.00,-9999.00,1.57,1.57,-9999,-9999,-9999,-9999,-9999,1.853
48395,2.90,3.47,2.90,2.16,-0.17,0.27,1.22,-9999.00,-9999.00,-9999.00,-9999.00,1.51,1.51,-9999,-9999,-9999,-9999,-9999,1.851
48396,1.25,2.49,1.25,0.83,0.06,0.58,1.07,-9999.00,-9999.00,-9999.00,-9999.00,1.58,1.58,-9999,-9999,-9999,-9999,-9999,1.849
48397,2.20,2.07,2.20,3.46,0.51,0.70,0.62,-9999.00,-9999.00,-9999.00,-9999.00,1.68,1.68,-9999,-9999,-9999,-9999,-9999,1.847
48398,0.24,2.19,0.24,0.93,0.21,0.88,0.74,-9999.00,-9999.00,-9999.00,-9999.00,1.74,1.74,-9999,-9999,-9999,-9999,-9999,1.846
48399,0.38,4.35,0.38,1.54,0.36,0.88,0.25,-9999.00,-9999.00,-9999.00,-9999.00,1.75,1.75,-9999,-9999,-9999,-9999,-9999,1.844
48400,-0.88,4.63,-0.88,-0.01,0.49,0.70,-0.47,-9999.00,-9999.00,-9999.00,-9999.00,1.71,1.71,-9999,-9999,-9999,-9999,-9999,1.843
48401,-0.27,4.34,-0.27,0.50,0.64,0.66,-0.42,-9999.00,-9999.00,-9999.00,-9999.00,1.86,1.86,-9999,-9999,-9999,-9999,-9999,1.842
48402,-1.48,0.13,-1.48,2.07,0.69,0.59,0.23,-9999.00,-9999.00,-9999.00,-9999.00,1.92,1.92,-9999,-9999,-9999,-9999,-9999,1.840
48403,1.34,1.98,1.34,0.57,0.78,0.11,0.10,-9999.00,-9999.00,-9999.00,-9999.00,2.02,2.02,-9999,-9999,-9999,-9999,-9999,1.839
48404,0.77,0.36,0.77,0.51,0.61,0.13,0.43,-9999.00,-9999.00,-9999.00,-9999.00,-9999,-9999,-9999,-9999,-9999,-9999,-9999,1.836
48405,2.32,2.79,2.32,1.45,0.55,-0.18,1.05,-9999.00,-9999.00,-9999.00,-9999.00,-9999,-9999,-9999,-9999,-9999,-9999,-9999,1.835
48406,-1.14,-0.95,-1.14,0.38,0.15,-0.15,1.23,-9999.00,-9999.00,-9999.00,-9999.00,-9999,-9999,-9999,-9999,-9999,-9999,-9999,1.833
48407,0.00,3.64,0.00,1.37,0.10,-0.25,0.39,-9999.00,-9999.00,-9999.00,-9999.00,-9999,-9999,-9999,-9999,-9999,-9999,-9999,1.831
48408,-0.06,1.04,-0.06,0.26,0.24,-0.05,0.24,-9999.00,-9999.00,-9999.00,-9999.00,-9999,-9999,-9999,-9999,-9999,-9999,-9999,1.831
48409,1.94,3.54,1.94,0.90,0.46,-0.31,0.02,-9999.00,-9999.00,-9999.00,-9999.00,-9999,-9999,-9999,-9999,-9999,-9999,-9999,1.830
48410,0.41,1.00,0.41,0.64,0.66,0.27,0.09,-9999.00,-9999.00,-9999.00,-9999.00,-9999,-9999,-9999,-9999,-9999,-9999,-9999,1.827
48411,0.35,4.83,0.35,1.71,1.12,0.54,0.18,-9999.00,-9999.00,-9999.00,-9999.00,-9999,-9999,-9999,-9999,-9999,-9999,-9999,1.826
48412,-1.05,1.02,-1.05,-1.29,1.01,0.71,0.63,-9999.00,-9999.00,-9999.00,-9999.00,-9999,-9999,-9999,-9999,-9999,-9999,-9999,1.824
48413,2.15,3.88,2.15,0.33,0.94,0.48,0.77,-9999.00,-9999.00,-9999.00,-9999.00,-9999,-9999,-9999,-9999,-9999,-9999,-9999,1.822
48414,0.76,0.74,0.76,-0.64,0.25,0.66,0.78,-9999.00,-9999.00,-9999.00,-9999.00,-9999,-9999,-9999,-9999,-9999,-9999,-9999,1.821
48415,1.93,0.09,1.93,0.79,-0.44,0.09,0.35,-9999.00,-9999.00,-9999.00,-9999.00,-9999,-9999,-9999,-9999,-9999,-9999,-9999,1.820
48416,0.41,6.25,0.41,0.94,-1.02,-0.26,0.35,-9999.00,-9999.00,-9999.00,-9999.00,-9999,-9999,-9999,-9999,-9999,-9999,-9999,1.818
48417,1.73,3.12,1.73,0.13,-0.86,-0.24,0.78,-9999.00,-9999.00,-9999.00,-9999.00,-9999,-9999,-9999,-9999,-9999,-9999,-9999,1.817
