NASA Data Processing/NAAMES(2015)/OPTICAL/NAAMES-LARGE-OPTICAL_C130_20151114_R0.ict
85,1001
Anderson, Bruce E.
NASA Langley
In-situ optical aerosol measurements from the NASA C-130
NAAMES
1,1
2015,11,14,2016,12,02
1.0
UTC_mid,Secs after midnight,Time of acquisition
19
1,1,1,1,1,1,1,1,1,1,1,1,1,1,1,1,1,1,1
-9999,-9999,-9999,-9999,-9999,-9999,-9999,-9999,-9999,-9999,-9999,-9999,-9999,-9999,-9999,-9999,-9999,-9999,-9999
Sc550_total_amb, Mm-1, scattering coefficient of ambient  particles at 550nm
Sc450_total, Mm-1, Dry Scattering at 450nm (Total Aerosols)
Sc550_total, Mm-1, Dry Scattering at 550nm (Total Aerosols)
Sc700_total, Mm-1, Dry Scattering at 700nm (Total Aerosols)
Abs470_total, Mm-1,Dry absorption at 470nm (Total Aerosols)
Abs532_total, Mm-1,Dry absorption at 532nm (Total Aerosols)
Abs660_total, Mm-1,Dry absorption at 660nm (Total Aerosols)
Ext532_total_amb, Mm-1, extinction coefficient of aerosols at 532nm for AMBIENT relative humidity
Ext532_total_dry, Mm-1, extinction coefficient of aerosols at 532nm for DRY relative humidity
gamma550, unitless, derived hygroscopic growth factor for particles at 550nm
fRH550_RH20to80, unitless, derived hygroscopic growth parameter for particles at 550nm
AEscatAMB_450to700nm,unitless,derived ambient Angstrom Exponent for scattering coefficient over wavelength range from 450nm to 700nm
AEscatDRY_450to700nm,unitless,derived dry Angstrom Exponent for scattering coefficient over wavelength range from 450nm to 700nm
AE_Absorption_450to700nm,unitless,derived dry Angstrom Exponent for absorption coefficient over wavelength range from 450nm to 700nm
SSA_dry_450nm,unitless, single_scattering_albedo_at_450nm_as_derived_from_dry_scattering_and_absorption
SSA_dry_550nm,unitless, single_scattering_albedo_at_550nm_as_derived_from_dry_scattering_and_absorption
SSA_dry_700nm,unitless, single_scattering_albedo_at_700nm_as_derived_from_dry_scattering_and_absorption
SSA_amb_550nm,unitless, single_scattering_albedo_at_550nm_as_derived_from_ambeint_scattering_and_absorption
stdPT,unitless, Conversion factor to convert between ambient and standard pressure and temperature conditions
0
52
******************************************************************************************************************
Langley Aerosol data from the 2015 NAAMES field campaign
 
PI_CONTACT_INFO: Bruce.E.Anderson@nasa.gov
PLATFORM: NASA C-130 aircraft
LOCATION: Latitude, Longitude, and Altitude included in Hskping files
ASSOCIATED_DATA: Cloud penetration flag (i.e. periods of potential inlet shatter issues) can be found in the NAAMES-LARGE-CloudFlag files
INSTRUMENT_INFO: Flagged data are due to missing data or to instrument issues
SCATTERING: 
   - Total Aerosol Scattering from TSI-3563 Nephelometers
   - Scattering coefficients are corrected for truncation errors using Anderson and Ogren AS&T, 29, 57-69, 1998
   - Ambient scattering is computed from the dry scatteing, the f(RH) growth factor, and ambient RH measured by Hskping
ABSORPTION: 
   - Absorption Data from Radiance Research 3-wavelength PSAPs
   - Data were corrected for a variety of errors using Virkkula, AS&T, 44:706-712, 2010
   - The new Virkkula correction is about 40% higher than the 2005 correction
EXTINCTION: 
   - Extinction is calculated as the sum of scattering and absorption
   - The 550nm scattering coefficients were adjusted to 532 nm using the measured angstrom exponent
[...]
ANGSTROM EXPONENT AND SSA CALCULATIONS: 
   - The Absorption coefficients were corrected to the wavelengths of the TSI nepholometer using the measured angstrom exponents
   - The scattering and absorption coefficients were smoothed with a 30s running average to compute the SSA and AE
   - Ambient SSA is calculated with ambient scattering and dry absorption
   - SSA is computed only when both scattering and absorption are greater than 1 Mm-1
   - Scattering Angstrom Exponents are computed only when relevant scattering measurements are greater than 1 Mm-1
   - Absorption Angstrom Exponents are computed only when relevant absorption measurements are greater than 2 Mm-1
DATA_INFO: Aerosol measurements are reported at standard temperature and pressure (0 deg C, 1013 mb) and time synced to the CDP cloud probe instrument
UNCERTAINTY: all data are 5%
ULOD_FLAG: -7777
ULOD_VALUE: N/A
LLOD_FLAG: -8888
LLOD_VALUE: N/A
DM_CONTACT_INFO: Michael Shook (michael.shook@nasa.gov)
PROJECT_INFO: NAAMES 2015
STIPULATIONS_ON_USE: This is FINAL data.  Users are strongly encouraged to consult with the PI or DM for proper data use.
OTHER_COMMENTS: none
REVISION: R0
R0: None
******************************************************************************************************************
UTC_mid,Sc550_total_amb,Sc450_total,Sc550_total,Sc700_total,Abs470_total,Abs532_total,Abs660_total,Ext532_total_amb,Ext532_total_dry,gamma550,fRH550_RH20to80,AEscatAMB_450to700nm,AEscatDRY_450to700nm,AE_Absorption_450to700nm,SSA_dry_450nm,SSA_dry_550nm,SSA_dry_700nm,SSA_amb_550nm,stdPT
[from data line 2717]
40355,30.20,27.82,30.20,34.48,1.22,0.94,-0.35,31.32,31.32,-9999.00,-9999.00,-0.00,-0.00,-9999,-9999,-9999,-9999,-9999,2.044
40356,26.91,34.67,26.91,29.47,1.47,1.05,-0.13,28.10,28.10,-9999.00,-9999.00,-0.01,-0.01,-9999,-9999,-9999,-9999,-9999,2.042
40357,24.20,30.85,24.20,27.33,1.58,1.07,1.00,25.37,25.37,-9999.00,-9999.00,-0.04,-0.04,-9999,-9999,-9999,-9999,-9999,2.041
40358,26.91,32.21,26.91,29.48,1.77,0.80,0.98,27.82,27.82,-9999.00,-9999.00,-0.04,-0.04,-9999,-9999,-9999,-9999,-9999,2.042
40359,28.55,24.28,28.55,27.40,1.45,0.65,0.03,29.30,29.30,-9999.00,-9999.00,-0.04,-0.04,-9999,-9999,-9999,-9999,-9999,2.042
40360,32.18,29.71,32.18,31.27,1.12,0.14,-0.04,32.42,32.42,-9999.00,-9999.00,-0.01,-0.01,-9999,-9999,-9999,-9999,-9999,2.042
40361,27.01,27.35,27.01,29.63,0.14,-0.41,-0.54,26.65,26.65,-9999.00,-9999.00,-0.02,-0.02,-9999,-9999,-9999,-9999,-9999,2.042
40362,19.47,22.80,19.47,23.50,0.07,-0.70,-0.60,18.79,18.79,-9999.00,-9999.00,-0.02,-0.02,-9999,-9999,-9999,-9999,-9999,2.042
40363,17.90,21.93,17.90,23.65,-0.20,-0.39,-0.73,17.55,17.55,-9999.00,-9999.00,-0.01,-0.01,-9999,-9999,-9999,-9999,-9999,2.043
40364,18.09,21.50,18.09,22.51,0.03,-0.13,0.03,18.00,18.00,-9999.00,-9999.00,-0.02,-0.02,-9999,-9999,-9999,-9999,-9999,2.043
40365,20.93,24.59,20.93,23.09,-0.40,-0.22,-0.01,20.81,20.81,-9999.00,-9999.00,-0.02,-0.02,-9999,-9999,-9999,-9999,-9999,2.044
40366,24.39,26.29,24.39,27.00,0.20,0.18,1.05,24.70,24.70,-9999.00,-9999.00,-0.04,-0.04,-9999,-9999,-9999,-9999,-9999,2.044
40367,27.21,23.47,27.21,25.83,0.21,0.41,0.34,27.78,27.78,-9999.00,-9999.00,-0.04,-0.04,-9999,-9999,-9999,-9999,-9999,2.044
40368,24.39,20.57,24.39,24.36,0.48,0.29,0.21,24.82,24.82,-9999.00,-9999.00,-0.02,-0.02,-9999,-9999,-9999,-9999,-9999,2.044
40369,25.76,24.75,25.76,25.29,0.86,0.16,-0.23,26.08,26.08,-9999.00,-9999.00,-0.01,-0.01,-9999,-9999,-9999,-9999,-9999,2.044
40370,22.65,21.85,22.65,25.07,1.05,0.71,-0.25,23.54,23.54,-9999.00,-9999.00,-0.00,-0.00,-9999,-9999,-9999,-9999,-9999,2.044
40371,21.57,25.48,21.57,23.51,1.04,0.69,-1.07,22.46,22.46,-9999.00,-9999.00,0.02,0.02,-9999,-9999,-9999,-9999,-9999,2.044
40372,22.97,22.54,22.97,30.17,1.43,1.11,0.02,24.23,24.23,-9999.00,-9999.00,-0.02,-0.02,-9999,-9999,-9999,-9999,-9999,2.043
40373,25.65,27.59,25.65,28.10,1.50,1.21,0.94,27.00,27.00,-9999.00,-9999.00,-0.02,-0.02,-9999,-9999,-9999,-9999,-9999,2.043
40374,30.52,26.17,30.52,26.99,1.13,1.05,1.33,31.69,31.69,-9999.00,-9999.00,-0.04,-0.04,-9999,-9999,-9999,-9999,-9999,2.042
40375,29.61,28.87,29.61,21.05,1.35,0.89,1.48,30.66,30.66,-9999.00,-9999.00,-0.01,-0.01,-9999,-9999,-9999,-9999,-9999,2.042
40376,25.10,27.35,25.10,22.13,0.96,1.00,1.29,26.30,26.30,-9999.00,-9999.00,-0.00,-0.00,-9999,-9999,-9999,-9999,-9999,2.043
40377,24.02,23.24,24.02,22.65,1.10,1.00,0.51,25.22,25.22,-9999.00,-9999.00,-0.00,-0.00,-9999,-9999,-9999,-9999,-9999,2.043
40378,17.31,22.31,17.31,20.00,0.70,1.15,-0.54,18.61,18.61,-9999.00,-9999.00,-0.01,-0.01,-9999,-9999,-9999,-9999,-9999,2.042
40379,21.12,20.70,21.12,23.18,1.21,1.15,-0.46,22.43,22.43,-9999.00,-9999.00,-0.00,-0.00,-9999,-9999,-9999,-9999,-9999,2.043
40380,18.49,25.96,18.49,25.29,0.86,0.98,-0.53,19.59,19.59,-9999.00,-9999.00,0.01,0.01,-9999,-9999,-9999,-9999,-9999,2.042
40381,25.66,25.59,25.66,28.58,1.02,0.96,0.09,26.75,26.75,-9999.00,-9999.00,-0.00,-0.00,-9999,-9999,-9999,-9999,-9999,2.043
40382,24.90,23.06,24.90,23.32,1.12,0.72,0.55,25.73,25.73,-9999.00,-9999.00,-0.01,-0.01,-9999,-9999,-9999,-9999,-9999,2.043
40383,27.74,27.89,27.74,22.75,1.28,0.42,1.45,28.30,28.30,-9999.00,-9999.00,-0.03,-0.03,-9999,-9999,-9999,-9999,-9999,2.043
40384,21.27,23.71,21.27,20.86,0.88,0.51,1.22,21.91,21.91,-9999.00,-9999.00,-0.03,-0.03,-9999,-9999,-9999,-9999,-9999,2.043
40385,21.64,25.42,21.64,23.93,0.77,0.36,1.20,22.13,22.13,-9999.00,-9999.00,-0.04,-0.04,-9999,-9999,-9999,-9999,-9999,2.044
40386,18.62,24.00,18.62,21.35,1.07,0.45,1.50,19.15,19.15,-9999.00,-9999.00,-0.04,-0.04,-9999,-9999,-9999,-9999,-9999,2.044
40387,28.18,20.40,28.18,29.89,1.25,0.29,1.23,28.57,28.57,-9999.00,-9999.00,-0.04,-0.04,-9999,-9999,-9999,-9999,-9999,2.044
40388,20.98,24.47,20.98,21.11,0.86,0.51,0.32,21.56,21.56,-9999.00,-9999.00,-0.02,-0.02,-9999,-9999,-9999,-9999,-9999,2.043
40389,26.70,24.16,26.70,27.86,1.31,0.69,0.43,27.45,27.45,-9999.00,-9999.00,-0.02,-0.02,-9999,-9999,-9999,-9999,-9999,2.042
40390,26.75,29.34,26.75,23.22,0.56,0.42,-0.33,27.28,27.28,-9999.00,-9999.00,-0.04,-0.04,-9999,-9999,-9999,-9999,-9999,2.043
40391,16.06,23.66,16.06,22.32,0.22,0.46,-0.94,16.60,16.60,-9999.00,-9999.00,-0.07,-0.07,-9999,-9999,-9999,-9999,-9999,2.042
40392,15.66,18.89,15.66,20.90,0.24,0.61,-1.21,16.34,16.34,-9999.00,-9999.00,-0.11,-0.11,-9999,-9999,-9999,-9999,-9999,2.043
40393,15.47,19.14,15.47,20.60,0.09,0.28,-0.61,15.82,15.82,-9999.00,-9999.00,-0.12,-0.12,-9999,-9999,-9999,-9999,-9999,2.042
40394,26.04,24.68,26.04,24.72,-0.11,-0.11,-0.21,25.99,25.99,-9999.00,-9999.00,-0.12,-0.12,-9999,-9999,-9999,-9999,-9999,2.042
40395,23.44,23.01,23.44,20.67,0.20,0.14,0.30,23.63,23.63,-9999.00,-9999.00,-0.11,-0.11,-9999,-9999,-9999,-9999,-9999,2.042
40396,26.32,22.82,26.32,25.97,0.36,0.17,1.00,26.47,26.47,-9999.00,-9999.00,-0.11,-0.11,-9999,-9999,-9999,-9999,-9999,2.042
40397,24.12,24.35,24.12,27.65,0.06,0.27,1.50,24.31,24.31,-9999.00,-9999.00,-0.12,-0.12,-9999,-9999,-9999,-9999,-9999,2.041
40398,24.56,24.51,24.56,31.28,0.26,0.20,0.76,24.65,24.65,-9999.00,-9999.00,-0.13,-0.13,-9999,-9999,-9999,-9999,-9999,2.041
40399,26.39,25.61,26.39,30.21,0.05,0.09,0.04,26.36,26.36,-9999.00,-9999.00,-0.17,-0.17,-9999,-9999,-9999,-9999,-9999,2.041
40400,24.02,23.77,24.02,27.73,0.57,-0.05,0.45,23.86,23.86,-9999.00,-9999.00,-0.18,-0.18,-9999,-9999,-9999,-9999,-9999,2.041
40401,26.75,19.01,26.75,22.06,0.44,-0.30,-0.47,26.33,26.33,-9999.00,-9999.00,-0.18,-0.18,-9999,-9999,-9999,-9999,-9999,2.041
40402,22.17,23.00,22.17,21.88,0.51,-0.49,-1.22,21.58,21.58,-9999.00,-9999.00,-0.18,-0.18,-9999,-9999,-9999,-9999,-9999,2.042
40403,26.66,24.63,26.66,26.66,0.38,-0.12,-0.79,26.48,26.48,-9999.00,-9999.00,-0.14,-0.14,-9999,-9999,-9999,-9999,-9999,2.042
40404,23.29,20.62,23.29,21.72,0.62,0.04,-0.57,23.26,23.26,-9999.00,-9999.00,-0.15,-0.15,-9999,-9999,-9999,-9999,-9999,2.042
40405,15.30,19.40,15.30,23.48,0.29,0.49,-0.64,15.77,15.77,-9999.00,-9999.00,-0.11,-0.11,-9999,-9999,-9999,-9999,-9999,2.044
40406,13.18,15.27,13.18,19.90,1.39,0.69,0.21,13.86,13.86,-9999.00,-9999.00,-0.12,-0.12,-9999,-9999,-9999,-9999,-9999,2.043
40407,23.50,22.93,23.50,28.33,1.57,0.90,0.84,24.35,24.35,-9999.00,-9999.00,-0.10,-0.10,-9999,-9999,-9999,-9999,-9999,2.044
40408,23.45,20.78,23.45,25.53,1.52,0.44,0.19,23.83,23.83,-9999.00,-9999.00,-0.09,-0.09,-9999,-9999,-9999,-9999,-9999,2.043
40409,30.40,28.90,30.40,27.10,1.27,0.77,0.34,31.07,31.07,-9999.00,-9999.00,-0.09,-0.09,-9999,-9999,-9999,-9999,-9999,2.043
40410,26.81,24.23,26.81,21.80,1.31,0.46,-0.21,27.20,27.20,-9999.00,-9999.00,-0.09,-0.09,-9999,-9999,-9999,-9999,-9999,2.042
40411,27.52,21.64,27.52,22.13,0.39,0.80,-1.00,28.26,28.26,-9999.00,-9999.00,-0.09,-0.09,-9999,-9999,-9999,-9999,-9999,2.041
40412,25.00,15.93,25.00,19.82,0.08,0.82,-1.11,25.78,25.78,-9999.00,-9999.00,-0.07,-0.07,-9999,-9999,-9999,-9999,-9999,2.042
40413,27.29,19.00,27.29,24.61,0.16,0.77,-0.60,28.01,28.01,-9999.00,-9999.00,-0.06,-0.06,-9999,-9999,-9999,-9999,-9999,2.042
40414,20.44,21.27,20.44,27.88,0.38,0.43,-1.08,20.85,20.85,-9999.00,-9999.00,-0.06,-0.06,-9999,-9999,-9999,-9999,-9999,2.043
40415,20.55,24.09,20.55,24.66,-0.32,0.26,-1.04,20.80,20.80,-9999.00,-9999.00,-0.06,-0.06,-9999,-9999,-9999,-9999,-9999,2.043
40416,17.37,21.09,17.37,20.31,0.25,0.22,-0.48,17.57,17.57,-9999.00,-9999.00,-0.05,-0.05,-9999,-9999,-9999,-9999,-9999,2.043
40417,20.10,25.51,20.10,21.11,-0.02,-0.47,-0.92,19.66,19.66,-9999.00,-9999.00,-0.03,-0.03,-9999,-9999,-9999,-9999,-9999,2.043
40418,21.23,22.40,21.23,21.03,0.17,-0.27,-1.13,20.98,20.98,-9999.00,-9999.00,-0.04,-0.04,-9999,-9999,-9999,-9999,-9999,2.041
40419,23.13,24.36,23.13,21.43,0.06,0.14,-0.83,23.29,23.29,-9999.00,-9999.00,-0.03,-0.03,-9999,-9999,-9999,-9999,-9999,2.044
40420,20.14,22.58,20.14,15.92,0.79,0.26,-0.21,20.40,20.40,-9999.00,-9999.00,-0.03,-0.03,-9999,-9999,-9999,-9999,-9999,2.042
40421,17.40,22.24,17.40,16.86,0.14,-0.12,-0.10,17.27,17.27,-9999.00,-9999.00,-0.04,-0.04,-9999,-9999,-9999,-9999,-9999,2.043
40422,21.34,24.63,21.34,17.05,0.52,0.62,0.46,21.93,21.93,-9999.00,-9999.00,-0.03,-0.03,-9999,-9999,-9999,-9999,-9999,2.044
40423,26.23,27.08,26.23,27.17,0.56,0.34,0.76,26.54,26.54,-9999.00,-9999.00,-0.01,-0.01,-9999,-9999,-9999,-9999,-9999,2.044
40424,23.01,24.07,23.01,25.99,0.82,-0.18,1.02,22.80,22.80,-9999.00,-9999.00,0.01,0.01,-9999,-9999,-9999,-9999,-9999,2.044
40425,25.90,26.17,25.90,26.34,0.31,0.01,1.12,25.83,25.83,-9999.00,-9999.00,0.01,0.01,-9999,-9999,-9999,-9999,-9999,2.045
40426,18.91,21.99,18.91,19.28,1.14,0.64,0.98,19.48,19.48,-9999.00,-9999.00,0.01,0.01,-9999,-9999,-9999,-9999,-9999,2.045
40427,30.79,29.05,30.79,24.29,0.93,0.22,0.54,31.01,31.01,-9999.00,-9999.00,0.04,0.04,-9999,-9999,-9999,-9999,-9999,2.045
40428,26.93,27.58,26.93,27.40,1.18,0.72,-0.16,27.73,27.73,-9999.00,-9999.00,0.05,0.05,-9999,-9999,-9999,-9999,-9999,2.044
40429,25.45,25.65,25.45,35.42,0.71,1.12,-0.79,26.76,26.76,-9999.00,-9999.00,0.10,0.10,-9999,-9999,-9999,-9999,-9999,2.045
40430,22.45,22.24,18.70,24.26,1.13,0.72,-1.21,23.34,19.56,0.32,1.55,0.11,0.11,-9999,-9999,-9999,-9999,-9999,2.046
40431,26.25,21.63,24.98,21.98,0.88,0.66,-0.78,27.06,25.79,0.09,1.14,0.12,0.12,-9999,-9999,-9999,-9999,-9999,2.046
40432,19.11,20.22,16.52,19.36,0.83,0.58,-0.51,19.78,17.19,0.29,1.49,0.14,0.14,-9999,-9999,-9999,-9999,-9999,2.046
40433,23.01,20.93,22.10,20.94,0.46,-0.14,-0.21,22.95,22.04,0.08,1.12,0.13,0.13,-9999,-9999,-9999,-9999,-9999,2.046
40434,22.18,20.01,22.18,20.42,0.42,-0.07,0.39,22.19,22.19,-9999.00,-9999.00,0.12,0.12,-9999,-9999,-9999,-9999,-9999,2.047
40435,26.09,19.67,26.09,20.98,0.01,-0.16,0.74,26.03,26.03,-9999.00,-9999.00,0.11,0.11,-9999,-9999,-9999,-9999,-9999,2.047
40436,16.62,16.66,16.62,21.77,-0.40,-0.53,0.80,16.14,16.14,-9999.00,-9999.00,0.08,0.08,-9999,-9999,-9999,-9999,-9999,2.047
40437,14.23,14.15,13.10,15.57,-0.57,-0.39,0.52,13.87,12.73,0.21,1.34,0.06,0.06,-9999,-9999,-9999,-9999,-9999,2.047
40438,14.02,12.86,13.07,12.30,-0.57,0.01,-0.05,14.07,13.12,0.18,1.28,0.04,0.04,-9999,-9999,-9999,-9999,-9999,2.047
40439,17.33,12.81,16.60,11.95,0.01,-0.60,-1.17,16.81,16.08,0.11,1.17,0.06,0.06,-9999,-9999,-9999,-9999,-9999,2.047
40440,19.35,9.16,19.35,9.11,0.22,-0.39,-0.98,19.09,19.09,-9999.00,-9999.00,0.09,0.09,-9999,-9999,-9999,-9999,-9999,2.047
40441,20.59,18.13,20.59,14.05,0.11,0.28,-1.79,21.01,21.01,-9999.00,-9999.00,0.09,0.09,-9999,-9999,-9999,-9999,-9999,2.047
40442,10.91,19.81,10.91,12.63,0.16,0.20,-1.10,11.18,11.18,-9999.00,-9999.00,0.08,0.08,-9999,-9999,-9999,-9999,-9999,2.047
40443,11.46,14.19,11.46,15.27,0.65,0.20,-0.15,11.76,11.76,-9999.00,-9999.00,0.06,0.06,-9999,-9999,-9999,-9999,-9999,2.047
40444,10.78,18.35,10.74,10.54,-0.14,0.60,1.07,11.47,11.44,0.01,1.01,0.05,0.05,-9999,-9999,-9999,-9999,-9999,2.048
40445,12.04,12.05,11.74,14.43,0.12,0.65,0.37,12.80,12.50,0.06,1.09,0.08,0.08,-9999,-9999,-9999,-9999,-9999,2.047
40446,13.91,11.10,13.91,10.43,0.74,0.33,0.72,14.37,14.37,-9999.00,-9999.00,0.08,0.08,-9999,-9999,-9999,-9999,-9999,2.047
40447,13.95,14.90,13.95,9.65,0.01,0.56,0.40,14.67,14.67,-9999.00,-9999.00,0.07,0.07,-9999,-9999,-9999,-9999,-9999,2.048
40448,12.58,11.77,12.58,11.65,0.16,0.96,0.11,13.66,13.66,-9999.00,-9999.00,0.06,0.06,-9999,-9999,-9999,-9999,-9999,2.048
40449,12.68,14.58,12.34,15.27,0.08,0.71,-0.74,13.51,13.16,0.06,1.08,0.05,0.05,-9999,-9999,-9999,-9999,-9999,2.047
40450,14.52,14.68,14.52,14.94,0.08,0.37,0.39,15.04,15.04,-9999.00,-9999.00,0.05,0.05,-9999,-9999,-9999,-9999,-9999,2.048
40451,18.21,18.18,18.21,18.86,-0.14,0.35,0.33,18.79,18.79,-9999.00,-9999.00,0.06,0.06,-9999,-9999,-9999,-9999,-9999,2.047
40452,17.28,18.69,17.28,19.16,0.59,0.23,0.13,17.71,17.71,-9999.00,-9999.00,0.06,0.06,-9999,-9999,-9999,-9999,-9999,2.048
40453,12.50,19.39,12.30,15.56,0.05,-0.23,-0.36,12.41,12.21,0.03,1.04,0.10,0.10,-9999,-9999,-9999,-9999,-9999,2.048
40454,12.06,18.94,12.06,14.50,0.48,0.17,0.01,12.37,12.37,-9999.00,-9999.00,0.06,0.06,-9999,-9999,-9999,-9999,-9999,2.047
40455,11.41,14.92,9.64,10.79,0.32,0.11,-0.18,11.67,9.87,0.23,1.38,0.08,0.08,-9999,-9999,-9999,-9999,-9999,2.047
40456,13.53,14.38,13.53,15.31,0.28,-0.27,0.20,13.44,13.44,-9999.00,-9999.00,0.05,0.05,-9999,-9999,-9999,-9999,-9999,2.047
40457,11.53,11.67,9.22,10.02,0.01,0.07,1.16,11.74,9.41,0.25,1.42,0.03,0.03,-9999,-9999,-9999,-9999,-9999,2.046
40458,13.95,14.83,13.71,15.79,0.61,0.12,1.23,14.21,13.97,0.02,1.03,-0.00,-0.00,-9999,-9999,-9999,-9999,-9999,2.046
40459,11.79,8.92,7.30,10.95,0.58,-0.13,1.47,11.78,7.25,0.45,1.87,0.01,0.01,-9999,-9999,-9999,-9999,-9999,2.046
40460,12.24,12.28,9.14,15.77,1.04,0.34,0.05,12.67,9.55,0.26,1.44,-0.07,-0.07,-9999,-9999,-9999,-9999,-9999,2.045
40461,13.61,10.23,8.93,12.86,0.90,0.28,-0.57,13.98,9.27,0.36,1.65,-0.08,-0.08,-9999,-9999,-9999,-9999,-9999,2.045
40462,12.53,12.73,10.69,15.45,0.55,-0.24,-1.91,12.37,10.52,0.13,1.20,-0.12,-0.12,-9999,-9999,-9999,-9999,-9999,2.046
40463,13.78,12.13,13.78,14.70,0.58,-0.25,-1.41,13.60,13.60,-9999.00,-9999.00,-0.17,-0.17,-9999,-9999,-9999,-9999,-9999,2.045
40464,16.36,15.28,16.36,16.72,0.16,-0.72,-2.01,15.76,15.76,-9999.00,-9999.00,-0.18,-0.18,-9999,-9999,-9999,-9999,-9999,2.045
40465,15.57,14.81,15.57,15.35,-0.19,-0.91,0.05,14.79,14.79,-9999.00,-9999.00,-0.19,-0.19,-9999,-9999,-9999,-9999,-9999,2.045
40466,18.66,18.23,18.66,18.13,-0.06,-0.66,0.15,18.17,18.17,-9999.00,-9999.00,-0.18,-0.18,-9999,-9999,-9999,-9999,-9999,2.045
40467,15.90,13.17,15.90,17.83,0.49,0.37,0.85,16.43,16.43,-9999.00,-9999.00,-0.17,-0.17,-9999,-9999,-9999,-9999,-9999,2.045
40468,16.46,16.61,16.46,10.87,-0.22,0.50,0.74,17.12,17.12,-9999.00,-9999.00,-0.14,-0.14,-9999,-9999,-9999,-9999,-9999,2.044
40469,15.57,13.39,14.04,19.31,0.60,1.47,1.15,17.18,15.64,0.10,1.15,-0.13,-0.13,-9999,-9999,-9999,-9999,-9999,2.043
40470,18.73,18.60,18.73,14.76,0.78,1.39,0.03,20.21,20.21,-9999.00,-9999.00,-0.15,-0.15,-9999,-9999,-9999,-9999,-9999,2.043
40471,16.43,9.42,16.43,14.75,0.92,1.50,-0.12,18.02,18.02,-9999.00,-9999.00,-0.13,-0.13,-9999,-9999,-9999,-9999,-9999,2.042
40472,18.98,14.52,18.98,15.16,0.39,0.61,0.03,19.74,19.74,-9999.00,-9999.00,-0.12,-0.12,-9999,-9999,-9999,-9999,-9999,2.042
40473,14.68,15.84,14.68,14.68,0.45,0.29,0.07,15.12,15.12,-9999.00,-9999.00,-0.11,-0.11,-9999,-9999,-9999,-9999,-9999,2.042
40474,11.09,16.72,11.09,14.55,-0.36,0.14,-0.18,11.37,11.37,-9999.00,-9999.00,-0.08,-0.08,-9999,-9999,-9999,-9999,-9999,2.041
40475,11.61,10.01,11.61,18.42,-0.29,-0.12,0.09,11.63,11.63,-9999.00,-9999.00,-0.09,-0.09,-9999,-9999,-9999,-9999,-9999,2.041
40476,14.37,11.01,14.37,15.51,-0.10,-0.26,0.20,14.30,14.30,-9999.00,-9999.00,-0.06,-0.06,-9999,-9999,-9999,-9999,-9999,2.042
40477,13.44,10.76,13.44,18.01,-0.09,0.24,0.02,13.84,13.84,-9999.00,-9999.00,-0.07,-0.07,-9999,-9999,-9999,-9999,-9999,2.043
40478,15.74,14.73,15.74,21.16,0.15,-0.03,-0.41,15.90,15.90,-9999.00,-9999.00,-0.05,-0.05,-9999,-9999,-9999,-9999,-9999,2.043
40479,9.89,13.94,8.40,14.88,0.27,-0.11,-0.31,9.93,8.42,0.29,1.50,-0.02,-0.02,-9999,-9999,-9999,-9999,-9999,2.043
40480,12.11,13.60,11.17,15.79,0.52,0.21,-0.29,12.51,11.56,0.15,1.24,0.01,0.01,-9999,-9999,-9999,-9999,-9999,2.043
40481,11.74,12.32,10.29,11.60,0.56,0.30,1.04,12.24,10.77,0.26,1.44,0.03,0.03,-9999,-9999,-9999,-9999,-9999,2.043
40482,13.38,16.14,13.25,13.49,0.95,-0.32,0.82,13.29,13.16,0.02,1.03,0.05,0.05,-9999,-9999,-9999,-9999,-9999,2.043
40483,16.31,17.20,16.31,11.65,0.66,0.10,0.85,16.74,16.74,-9999.00,-9999.00,0.09,0.09,-9999,-9999,-9999,-9999,-9999,2.043
40484,13.26,17.76,12.96,12.93,0.19,0.15,0.78,13.68,13.38,0.05,1.08,0.05,0.05,-9999,-9999,-9999,-9999,-9999,2.042
