NASA Data Processing/NAAMES(2015)/OPTICAL/NAAMES-LARGE-OPTICAL_C130_20151114_R0.ict
85,1001
Anderson, Bruce E.
NASA Langley
In-situ optical aerosol measurements from the NASA C-130
NAAMES
1,1
2015,11,14,2016,12,02
1.0
UTC_mid,Secs after midnight,Time of acquisition
19
1,1,1,1,1,1,1,1,1,1,1,1,1,1,1,1,1,1,1
-9999,-9999,-9999,-9999,-9999,-9999,-9999,-9999,-9999,-9999,-9999,-9999,-9999,-9999,-9999,-9999,-9999,-9999,-9999
Sc550_total_amb, Mm-1, scattering coefficient of ambient  particles at 550nm
Sc450_total, Mm-1, Dry Scattering at 450nm (Total Aerosols)
Sc550_total, Mm-1, Dry Scattering at 550nm (Total Aerosols)
Sc700_total, Mm-1, Dry Scattering at 700nm (Total Aerosols)
Abs470_total, Mm-1,Dry absorption at 470nm (Total Aerosols)
Abs532_total, Mm-1,Dry absorption at 532nm (Total Aerosols)
Abs660_total, Mm-1,Dry absorption at 660nm (Total Aerosols)
Ext532_total_amb, Mm-1, extinction coefficient of aerosols at 532nm for AMBIENT relative humidity
Ext532_total_dry, Mm-1, extinction coefficient of aerosols at 532nm for DRY relative humidity
gamma550, unitless, derived hygroscopic growth factor for particles at 550nm
fRH550_RH20to80, unitless, derived hygroscopic growth parameter for particles at 550nm
AEscatAMB_450to700nm,unitless,derived ambient Angstrom Exponent for scattering coefficient over wavelength range from 450nm to 700nm
AEscatDRY_450to700nm,unitless,derived dry Angstrom Exponent for scattering coefficient over wavelength range from 450nm to 700nm
AE_Absorption_450to700nm,unitless,derived dry Angstrom Exponent for absorption coefficient over wavelength range from 450nm to 700nm
SSA_dry_450nm,unitless, single_scattering_albedo_at_450nm_as_derived_from_dry_scattering_and_absorption
SSA_dry_550nm,unitless, single_scattering_albedo_at_550nm_as_derived_from_dry_scattering_and_absorption
SSA_dry_700nm,unitless, single_scattering_albedo_at_700nm_as_derived_from_dry_scattering_and_absorption
SSA_amb_550nm,unitless, single_scattering_albedo_at_550nm_as_derived_from_ambeint_scattering_and_absorption
stdPT,unitless, Conversion factor to convert between ambient and standard pressure and temperature conditions
0
52
******************************************************************************************************************
Langley Aerosol data from the 2015 NAAMES field campaign
 
PI_CONTACT_INFO: Bruce.E.Anderson@nasa.gov
PLATFORM: NASA C-130 aircraft
LOCATION: Latitude, Longitude, and Altitude included in Hskping files
ASSOCIATED_DATA: Cloud penetration flag (i.e. periods of potential inlet shatter issues) can be found in the NAAMES-LARGE-CloudFlag files
INSTRUMENT_INFO: Flagged data are due to missing data or to instrument issues
SCATTERING: 
   - Total Aerosol Scattering from TSI-3563 Nephelometers
   - Scattering coefficients are corrected for truncation errors using Anderson and Ogren AS&T, 29, 57-69, 1998
   - Ambient scattering is computed from the dry scatteing, the f(RH) growth factor, and ambient RH measured by Hskping
ABSORPTION: 
   - Absorption Data from Radiance Research 3-wavelength PSAPs
   - Data were corrected for a variety of errors using Virkkula, AS&T, 44:706-712, 2010
   - The new Virkkula correction is about 40% higher than the 2005 correction
EXTINCTION: 
   - Extinction is calculated as the sum of scattering and absorption
   - The 550nm scattering coefficients were adjusted to 532 nm using the measured angstrom exponent
[...]
ANGSTROM EXPONENT AND SSA CALCULATIONS: 
   - The Absorption coefficients were corrected to the wavelengths of the TSI nepholometer using the measured angstrom exponents
   - The scattering and absorption coefficients were smoothed with a 30s running average to compute the SSA and AE
   - Ambient SSA is calculated with ambient scattering and dry absorption
   - SSA is computed only when both scattering and absorption are greater than 1 Mm-1
   - Scattering Angstrom Exponents are computed only when relevant scattering measurements are greater than 1 Mm-1
   - Absorption Angstrom Exponents are computed only when relevant absorption measurements are greater than 2 Mm-1
DATA_INFO: Aerosol measurements are reported at standard temperature and pressure (0 deg C, 1013 mb) and time synced to the CDP cloud probe instrument
UNCERTAINTY: all data are 5%
ULOD_FLAG: -7777
ULOD_VALUE: N/A
LLOD_FLAG: -8888
LLOD_VALUE: N/A
DM_CONTACT_INFO: Michael Shook (michael.shook@nasa.gov)
PROJECT_INFO: NAAMES 2015
STIPULATIONS_ON_USE: This is FINAL data.  Users are strongly encouraged to consult with the PI or DM for proper data use.
OTHER_COMMENTS: none
REVISION: R0
R0: None
******************************************************************************************************************
UTC_mid,Sc550_total_amb,Sc450_total,Sc550_total,Sc700_total,Abs470_total,Abs532_total,Abs660_total,Ext532_total_amb,Ext532_total_dry,gamma550,fRH550_RH20to80,AEscatAMB_450to700nm,AEscatDRY_450to700nm,AE_Absorption_450to700nm,SSA_dry_450nm,SSA_dry_550nm,SSA_dry_700nm,SSA_amb_550nm,stdPT
[from data line 27769]
65407,2.27,0.16,2.27,3.10,-0.02,-0.59,0.90,1.84,1.84,-9999.00,-9999.00,0.74,0.74,-9999,-9999,-9999,-9999,-9999,1.963
65408,0.78,1.98,0.78,3.34,-0.14,-0.60,-0.15,0.23,0.23,-9999.00,-9999.00,0.76,0.76,-9999,-9999,-9999,-9999,-9999,1.963
65409,1.99,0.21,1.99,1.08,0.12,-0.71,-0.83,1.39,1.39,-9999.00,-9999.00,0.71,0.71,-9999,-9999,-9999,-9999,-9999,1.962
65410,1.20,5.23,1.20,3.42,0.26,-0.48,-0.32,0.77,0.77,-9999.00,-9999.00,0.62,0.62,-9999,-9999,-9999,-9999,-9999,1.963
65411,0.07,2.49,0.07,1.55,0.62,0.08,-0.86,0.15,0.15,-9999.00,-9999.00,0.59,0.59,-9999,-9999,-9999,-9999,-9999,1.962
65412,1.92,1.57,1.92,5.19,0.17,0.37,-0.62,2.36,2.36,-9999.00,-9999.00,0.63,0.63,-9999,-9999,-9999,-9999,-9999,1.963
65413,0.69,-1.77,0.69,1.64,0.18,0.60,0.57,1.31,1.31,-9999.00,-9999.00,0.57,0.57,-9999,-9999,-9999,-9999,-9999,1.963
65414,5.05,2.60,5.05,2.72,-0.06,0.70,0.15,5.93,5.93,-9999.00,-9999.00,0.50,0.50,-9999,-9999,-9999,-9999,-9999,1.965
65415,3.39,5.52,3.39,-0.26,-0.51,0.50,-0.26,4.00,4.00,-9999.00,-9999.00,0.40,0.40,-9999,-9999,-9999,-9999,-9999,1.965
65416,5.02,9.37,5.02,1.34,-0.70,-0.08,-0.13,5.06,5.06,-9999.00,-9999.00,0.37,0.37,-9999,-9999,-9999,-9999,-9999,1.964
65417,3.55,6.70,3.55,3.43,-0.63,-0.23,-0.14,3.43,3.43,-9999.00,-9999.00,0.38,0.38,-9999,-9999,-9999,-9999,-9999,1.965
65418,3.42,5.97,3.42,3.86,-0.53,-0.09,-0.03,3.51,3.51,-9999.00,-9999.00,0.53,0.53,-9999,-9999,-9999,-9999,-9999,1.965
65419,3.29,-0.69,3.29,2.28,-0.06,-0.23,0.74,3.29,3.29,-9999.00,-9999.00,0.60,0.60,-9999,-9999,-9999,-9999,-9999,1.965
65420,-0.57,-0.68,-0.57,1.66,0.22,-0.23,0.97,-0.85,-0.85,-9999.00,-9999.00,0.64,0.64,-9999,-9999,-9999,-9999,-9999,1.965
65421,-0.32,5.78,-0.32,1.66,-0.04,0.35,0.90,0.01,0.01,-9999.00,-9999.00,0.65,0.65,-9999,-9999,-9999,-9999,-9999,1.965
65422,-0.76,2.21,-0.76,0.09,0.48,0.44,1.05,-0.38,-0.38,-9999.00,-9999.00,0.56,0.56,-9999,-9999,-9999,-9999,-9999,1.965
65423,2.16,3.05,2.16,1.76,0.75,0.28,0.90,2.61,2.61,-9999.00,-9999.00,0.61,0.61,-9999,-9999,-9999,-9999,-9999,1.965
65424,3.09,0.88,3.09,0.59,0.52,0.18,-0.04,3.48,3.48,-9999.00,-9999.00,0.61,0.61,-9999,-9999,-9999,-9999,-9999,1.964
65425,2.15,2.82,2.15,0.92,0.28,0.48,-0.70,2.75,2.75,-9999.00,-9999.00,0.59,0.59,-9999,-9999,-9999,-9999,-9999,1.964
65426,0.93,-0.07,0.93,-1.08,0.77,0.05,-0.42,1.02,1.02,-9999.00,-9999.00,0.48,0.48,-9999,-9999,-9999,-9999,-9999,1.963
65427,1.99,2.86,1.99,-0.41,0.27,-0.18,-1.18,1.86,1.86,-9999.00,-9999.00,0.37,0.37,-9999,-9999,-9999,-9999,-9999,1.963
65428,0.82,2.29,0.82,2.29,-0.36,-0.54,-1.86,0.30,0.30,-9999.00,-9999.00,0.45,0.45,-9999,-9999,-9999,-9999,-9999,1.963
65429,4.26,5.66,4.26,4.08,-0.16,-0.51,-0.95,3.86,3.86,-9999.00,-9999.00,0.48,0.48,-9999,-9999,-9999,-9999,-9999,1.963
65430,3.13,3.90,3.13,4.37,0.31,-0.54,-0.04,2.69,2.69,-9999.00,-9999.00,0.51,0.51,-9999,-9999,-9999,-9999,-9999,1.963
65431,4.42,5.19,4.42,5.41,-0.71,-0.38,-0.67,4.18,4.18,-9999.00,-9999.00,0.43,0.43,-9999,-9999,-9999,-9999,-9999,1.964
65432,0.21,3.64,0.21,3.72,-0.47,-0.25,0.42,-0.03,-0.03,-9999.00,-9999.00,0.23,0.23,-9999,-9999,-9999,-9999,-9999,1.963
65433,0.54,4.74,0.54,2.93,-0.22,0.27,0.98,0.82,0.82,-9999.00,-9999.00,0.27,0.27,-9999,-9999,-9999,-9999,-9999,1.964
65434,-0.05,8.06,-0.05,3.43,-0.39,0.29,0.56,0.24,0.24,-9999.00,-9999.00,0.31,0.31,-9999,-9999,-9999,-9999,-9999,1.964
65435,3.73,4.51,3.73,2.82,-0.48,0.17,0.93,4.05,4.05,-9999.00,-9999.00,0.34,0.34,-9999,-9999,-9999,-9999,-9999,1.964
65436,2.74,2.26,2.74,3.89,0.51,0.09,1.12,2.95,2.95,-9999.00,-9999.00,0.52,0.52,-9999,-9999,-9999,-9999,-9999,1.965
65437,3.45,2.09,3.45,6.15,0.58,0.47,-0.06,4.01,4.01,-9999.00,-9999.00,0.33,0.33,-9999,-9999,-9999,-9999,-9999,1.965
65438,0.73,0.76,0.73,1.95,0.46,0.66,0.23,1.41,1.41,-9999.00,-9999.00,0.29,0.29,-9999,-9999,-9999,-9999,-9999,1.965
65439,2.28,-1.54,2.28,0.47,0.59,0.34,1.09,2.65,2.65,-9999.00,-9999.00,0.16,0.16,-9999,-9999,-9999,-9999,-9999,1.965
65440,4.15,-2.76,4.15,-0.54,0.63,0.34,0.59,4.57,4.57,-9999.00,-9999.00,0.03,0.03,-9999,-9999,-9999,-9999,-9999,1.965
65441,2.78,-0.68,2.78,2.39,0.57,0.52,0.61,3.36,3.36,-9999.00,-9999.00,-0.00,-0.00,-9999,-9999,-9999,-9999,-9999,1.965
65442,2.00,-0.58,2.00,2.36,0.42,0.42,1.46,2.47,2.47,-9999.00,-9999.00,0.03,0.03,-9999,-9999,-9999,-9999,-9999,1.965
65443,4.40,1.60,4.40,2.72,0.52,-0.01,0.02,4.52,4.52,-9999.00,-9999.00,0.02,0.02,-9999,-9999,-9999,-9999,-9999,1.965
65444,1.26,-0.16,1.26,2.06,0.43,0.04,-1.01,1.34,1.34,-9999.00,-9999.00,0.11,0.11,-9999,-9999,-9999,-9999,-9999,1.964
65445,0.62,0.98,0.62,0.34,0.45,0.06,-1.57,0.70,0.70,-9999.00,-9999.00,-0.00,-0.00,-9999,-9999,-9999,-9999,-9999,1.965
65446,-0.06,0.16,-0.06,-2.10,0.12,0.08,-0.57,0.02,0.02,-9999.00,-9999.00,-0.05,-0.05,-9999,-9999,-9999,-9999,-9999,1.963
65447,-0.56,1.60,-0.56,0.20,0.22,-0.30,-0.89,-0.87,-0.87,-9999.00,-9999.00,-0.07,-0.07,-9999,-9999,-9999,-9999,-9999,1.964
65448,0.10,3.17,0.10,-0.74,0.53,0.08,0.48,0.18,0.18,-9999.00,-9999.00,-0.04,-0.04,-9999,-9999,-9999,-9999,-9999,1.963
65449,1.30,3.78,1.30,0.80,1.00,0.37,0.88,1.68,1.68,-9999.00,-9999.00,0.13,0.13,-9999,-9999,-9999,-9999,-9999,1.964
65450,1.79,0.88,1.79,2.91,1.02,0.02,1.37,1.79,1.79,-9999.00,-9999.00,-0.02,-0.02,-9999,-9999,-9999,-9999,-9999,1.963
65451,1.35,3.80,1.35,0.94,0.58,-0.16,0.34,1.17,1.17,-9999.00,-9999.00,0.01,0.01,-9999,-9999,-9999,-9999,-9999,1.964
65452,0.78,-0.56,0.78,1.02,0.28,0.32,0.08,1.09,1.09,-9999.00,-9999.00,0.05,0.05,-9999,-9999,-9999,-9999,-9999,1.963
65453,1.27,1.82,1.27,0.90,-0.27,0.31,0.81,1.56,1.56,-9999.00,-9999.00,0.38,0.38,-9999,-9999,-9999,-9999,-9999,1.963
65454,0.78,-0.23,0.78,1.93,-0.78,0.32,0.96,1.10,1.10,-9999.00,-9999.00,0.63,0.63,-9999,-9999,-9999,-9999,-9999,1.964
65455,1.93,1.61,1.93,4.77,-0.88,0.57,0.70,2.50,2.50,-9999.00,-9999.00,0.73,0.73,-9999,-9999,-9999,-9999,-9999,1.964
65456,2.32,4.35,2.32,3.27,-0.70,0.55,1.44,2.90,2.90,-9999.00,-9999.00,0.62,0.62,-9999,-9999,-9999,-9999,-9999,1.965
65457,0.99,3.22,0.99,1.21,-0.11,0.32,0.92,1.32,1.32,-9999.00,-9999.00,0.60,0.60,-9999,-9999,-9999,-9999,-9999,1.964
65458,2.37,4.01,2.37,0.92,0.02,0.00,-0.51,2.44,2.44,-9999.00,-9999.00,0.70,0.70,-9999,-9999,-9999,-9999,-9999,1.965
65459,2.37,3.55,2.37,1.00,0.31,-0.13,-1.20,2.35,2.35,-9999.00,-9999.00,0.78,0.78,-9999,-9999,-9999,-9999,-9999,1.965
65460,3.73,0.52,3.73,2.25,0.40,-0.31,-1.28,3.65,3.65,-9999.00,-9999.00,1.03,1.03,-9999,-9999,-9999,-9999,-9999,1.965
65461,-0.53,-0.48,-0.53,1.20,0.56,-0.10,-1.94,-0.67,-0.67,-9999.00,-9999.00,1.14,1.14,-9999,-9999,-9999,-9999,-9999,1.965
65462,0.83,2.04,0.83,2.81,-0.07,-0.21,-1.11,0.68,0.68,-9999.00,-9999.00,1.07,1.07,-9999,-9999,-9999,-9999,-9999,1.966
65463,0.66,1.59,0.66,0.69,-0.27,-0.34,-0.56,0.37,0.37,-9999.00,-9999.00,0.93,0.93,-9999,-9999,-9999,-9999,-9999,1.965
65464,4.05,7.39,4.05,1.66,-0.64,-0.72,0.05,3.53,3.53,-9999.00,-9999.00,0.85,0.85,-9999,-9999,-9999,-9999,-9999,1.964
65465,2.97,4.74,2.97,3.54,-0.15,-0.14,-0.47,2.97,2.97,-9999.00,-9999.00,0.78,0.78,-9999,-9999,-9999,-9999,-9999,1.964
65466,4.62,3.65,4.62,1.45,-0.01,-0.18,1.11,4.63,4.63,-9999.00,-9999.00,0.87,0.87,-9999,-9999,-9999,-9999,-9999,1.963
65467,2.06,-0.09,2.06,0.66,0.56,0.28,0.62,2.41,2.41,-9999.00,-9999.00,0.81,0.81,-9999,-9999,-9999,-9999,-9999,1.963
65468,3.40,3.17,3.40,0.31,0.84,0.44,0.97,3.97,3.97,-9999.00,-9999.00,0.83,0.83,-9999,-9999,-9999,-9999,-9999,1.963
65469,1.90,5.20,1.90,0.80,1.10,0.75,0.41,2.74,2.74,-9999.00,-9999.00,0.83,0.83,-9999,-9999,-9999,-9999,-9999,1.963
65470,2.46,0.61,2.46,0.17,0.53,0.00,1.11,2.57,2.57,-9999.00,-9999.00,0.84,0.84,-9999,-9999,-9999,-9999,-9999,1.964
65471,0.82,-1.85,0.82,2.23,0.53,0.26,-0.43,1.12,1.12,-9999.00,-9999.00,0.96,0.96,-9999,-9999,-9999,-9999,-9999,1.963
65472,1.23,-0.19,1.23,3.17,0.27,-0.29,-0.54,1.00,1.00,-9999.00,-9999.00,0.87,0.87,-9999,-9999,-9999,-9999,-9999,1.963
65473,-0.25,1.03,-0.25,1.58,0.10,-0.31,-0.73,-0.57,-0.57,-9999.00,-9999.00,0.86,0.86,-9999,-9999,-9999,-9999,-9999,1.964
65474,0.74,2.79,0.74,2.05,-0.58,-0.54,-0.23,0.24,0.24,-9999.00,-9999.00,0.72,0.72,-9999,-9999,-9999,-9999,-9999,1.965
65475,1.33,5.30,1.33,0.95,-0.24,-0.43,0.08,0.98,0.98,-9999.00,-9999.00,0.72,0.72,-9999,-9999,-9999,-9999,-9999,1.965
65476,2.06,8.02,2.06,2.48,-0.60,-0.71,0.75,1.50,1.50,-9999.00,-9999.00,0.73,0.73,-9999,-9999,-9999,-9999,-9999,1.965
65477,1.80,3.57,1.80,1.53,-0.75,-0.31,0.85,1.64,1.64,-9999.00,-9999.00,0.82,0.82,-9999,-9999,-9999,-9999,-9999,1.965
65478,3.57,2.25,3.57,3.65,-0.48,-0.20,1.05,3.67,3.67,-9999.00,-9999.00,0.90,0.90,-9999,-9999,-9999,-9999,-9999,1.965
65479,5.69,4.31,4.87,2.04,0.25,0.22,0.75,6.43,5.53,0.21,1.34,0.95,0.95,-9999,-9999,-9999,-9999,-9999,1.964
65480,3.94,5.30,3.94,3.47,0.27,0.70,0.25,5.03,5.03,-9999.00,-9999.00,0.93,0.93,-9999,-9999,-9999,-9999,-9999,1.964
65481,5.88,4.47,5.88,3.23,0.88,0.87,0.19,7.36,7.36,-9999.00,-9999.00,0.99,0.99,-9999,-9999,-9999,-9999,-9999,1.964
65482,4.53,5.36,4.17,3.46,1.18,1.09,0.11,6.15,5.74,0.11,1.17,0.98,0.98,-9999,-9999,-9999,-9999,-9999,1.965
65483,2.16,3.11,2.16,3.14,1.24,0.82,-0.19,3.24,3.24,-9999.00,-9999.00,0.95,0.95,-9999,-9999,-9999,-9999,-9999,1.965
65484,3.59,5.42,3.59,3.36,0.40,0.44,0.25,4.46,4.46,-9999.00,-9999.00,0.85,0.85,-9999,-9999,-9999,-9999,-9999,1.963
65485,1.66,2.93,1.66,3.75,0.25,0.04,0.38,1.88,1.88,-9999.00,-9999.00,0.81,0.81,-9999,-9999,-9999,-9999,-9999,1.963
65486,3.51,5.78,3.51,4.10,-0.32,-0.02,-0.23,3.90,3.90,-9999.00,-9999.00,0.86,0.86,-9999,-9999,-9999,-9999,-9999,1.963
65487,1.70,4.86,1.70,6.40,-0.78,-0.63,-0.35,1.27,1.27,-9999.00,-9999.00,0.98,0.98,-9999,-9999,-9999,-9999,-9999,1.962
65488,5.05,8.27,5.05,4.91,-1.30,-0.47,0.65,5.18,5.18,-9999.00,-9999.00,1.08,1.08,-9999,-9999,-9999,-9999,-9999,1.961
65489,3.12,4.61,3.12,5.90,-0.84,-0.54,-0.22,2.94,2.94,-9999.00,-9999.00,1.09,1.09,-9999,-9999,-9999,-9999,-9999,1.961
65490,0.24,7.68,0.24,3.95,-0.31,-0.19,-0.18,0.08,0.08,-9999.00,-9999.00,1.16,1.16,-9999,-9999,-9999,-9999,-9999,1.961
65491,-1.00,2.30,-1.00,3.12,-0.29,-0.42,-0.21,-1.53,-1.53,-9999.00,-9999.00,1.16,1.16,-9999,-9999,-9999,-9999,-9999,1.960
65492,0.90,5.74,0.90,2.44,-0.04,0.05,0.34,1.07,1.07,-9999.00,-9999.00,1.21,1.21,-9999,-9999,-9999,-9999,-9999,1.961
65493,0.99,3.94,0.99,1.18,0.36,0.18,-1.58,1.30,1.30,-9999.00,-9999.00,1.20,1.20,-9999,-9999,-9999,-9999,-9999,1.962
65494,1.13,7.28,1.13,2.65,0.06,0.58,-1.40,1.87,1.87,-9999.00,-9999.00,1.21,1.21,-9999,-9999,-9999,-9999,-9999,1.962
65495,0.85,7.27,0.85,2.24,-0.30,0.52,-1.53,1.50,1.50,-9999.00,-9999.00,1.18,1.18,-9999,-9999,-9999,-9999,-9999,1.963
65496,2.48,7.24,2.48,3.07,0.34,1.14,-0.91,3.99,3.99,-9999.00,-9999.00,1.17,1.17,-9999,-9999,-9999,-9999,-9999,1.964
65497,2.54,7.23,2.54,4.25,0.06,1.01,-1.14,3.95,3.95,-9999.00,-9999.00,1.21,1.21,-9999,-9999,-9999,-9999,-9999,1.965
65498,3.09,4.04,3.09,4.54,0.30,0.79,0.48,4.40,4.40,-9999.00,-9999.00,1.28,1.28,-9999,-9999,-9999,-9999,-9999,1.965
65499,3.98,3.90,3.98,4.80,0.04,0.39,0.89,5.07,5.07,-9999.00,-9999.00,1.31,1.31,-9999,-9999,-9999,-9999,-9999,1.966
65500,3.25,4.15,3.25,1.74,-0.19,0.18,1.49,4.01,4.01,-9999.00,-9999.00,1.24,1.24,-9999,-9999,-9999,-9999,-9999,1.966
65501,3.83,6.38,3.83,2.09,-0.33,-0.77,0.62,3.74,3.74,-9999.00,-9999.00,1.22,1.22,-9999,-9999,-9999,-9999,-9999,1.967
65502,3.15,4.45,3.15,1.07,0.10,-0.89,-0.12,2.79,2.79,-9999.00,-9999.00,1.15,1.15,-9999,-9999,-9999,-9999,-9999,1.966
65503,4.33,5.54,4.33,2.77,-0.23,-0.78,-0.84,4.22,4.22,-9999.00,-9999.00,1.18,1.18,-9999,-9999,-9999,-9999,-9999,1.965
65504,0.71,0.74,0.71,0.78,0.46,-0.40,-0.75,0.42,0.42,-9999.00,-9999.00,1.16,1.16,-9999,-9999,-9999,-9999,-9999,1.965
65505,1.42,4.73,1.42,0.45,0.69,0.24,-0.65,1.88,1.88,-9999.00,-9999.00,1.20,1.20,-9999,-9999,-9999,-9999,-9999,1.965
65506,0.22,6.47,0.22,1.71,0.85,0.61,0.57,0.87,0.87,-9999.00,-9999.00,1.16,1.16,-9999,-9999,-9999,-9999,-9999,1.965
65507,-0.10,8.97,-0.10,1.01,0.50,1.11,1.46,1.00,1.00,-9999.00,-9999.00,1.09,1.09,-9999,-9999,-9999,-9999,-9999,1.963
65508,-1.05,2.98,-1.05,1.32,0.53,0.91,1.78,-0.28,-0.28,-9999.00,-9999.00,0.97,0.97,-9999,-9999,-9999,-9999,-9999,1.963
65509,1.49,3.43,1.49,4.00,0.24,0.51,1.36,2.19,2.19,-9999.00,-9999.00,0.88,0.88,-9999,-9999,-9999,-9999,-9999,1.963
65510,2.28,1.90,2.28,2.07,0.02,-0.04,0.38,2.51,2.51,-9999.00,-9999.00,0.79,0.79,-9999,-9999,-9999,-9999,-9999,1.963
65511,1.97,3.75,1.97,2.70,-0.82,0.16,-0.83,2.33,2.33,-9999.00,-9999.00,0.71,0.71,-9999,-9999,-9999,-9999,-9999,1.962
65512,1.54,3.08,1.54,0.90,-0.59,-0.37,-1.13,1.33,1.33,-9999.00,-9999.00,0.72,0.72,-9999,-9999,-9999,-9999,-9999,1.962
65513,1.83,5.96,1.83,1.30,-0.54,-0.04,-0.91,1.94,1.94,-9999.00,-9999.00,0.72,0.72,-9999,-9999,-9999,-9999,-9999,1.963
65514,-0.34,4.31,-0.34,2.34,-0.56,0.09,-1.22,-0.27,-0.27,-9999.00,-9999.00,0.84,0.84,-9999,-9999,-9999,-9999,-9999,1.963
65515,1.58,2.34,1.58,4.29,-0.50,0.17,-0.03,1.90,1.90,-9999.00,-9999.00,0.90,0.90,-9999,-9999,-9999,-9999,-9999,1.964
65516,0.31,-1.96,0.31,1.91,-0.02,-0.44,0.69,-0.10,-0.10,-9999.00,-9999.00,0.84,0.84,-9999,-9999,-9999,-9999,-9999,1.965
65517,4.15,-0.71,4.15,2.93,-0.13,-0.39,0.65,4.17,4.17,-9999.00,-9999.00,0.84,0.84,-9999,-9999,-9999,-9999,-9999,1.965
65518,5.95,5.99,5.95,5.96,-0.21,-0.60,-0.08,5.87,5.87,-9999.00,-9999.00,0.76,0.76,-9999,-9999,-9999,-9999,-9999,1.965
65519,2.93,4.79,2.93,3.45,0.06,-0.74,0.19,2.45,2.45,-9999.00,-9999.00,0.76,0.76,-9999,-9999,-9999,-9999,-9999,1.966
65520,1.32,2.63,1.32,3.15,0.40,-0.49,0.01,0.95,0.95,-9999.00,-9999.00,0.72,0.72,-9999,-9999,-9999,-9999,-9999,1.967
65521,1.85,2.89,1.85,2.52,0.40,-0.10,-0.56,1.91,1.91,-9999.00,-9999.00,0.59,0.59,-9999,-9999,-9999,-9999,-9999,1.968
65522,0.07,-1.39,0.07,3.47,0.59,0.22,0.10,0.29,0.29,-9999.00,-9999.00,0.54,0.54,-9999,-9999,-9999,-9999,-9999,1.967
65523,1.34,0.53,1.34,3.49,0.39,0.24,0.43,1.66,1.66,-9999.00,-9999.00,0.25,0.25,-9999,-9999,-9999,-9999,-9999,1.966
65524,-0.25,0.33,-0.25,1.92,0.61,0.73,1.48,0.46,0.46,-9999.00,-9999.00,0.35,0.35,-9999,-9999,-9999,-9999,-9999,1.965
65525,2.24,3.84,2.24,3.59,0.51,0.62,1.50,2.97,2.97,-9999.00,-9999.00,0.38,0.38,-9999,-9999,-9999,-9999,-9999,1.965
65526,1.04,-0.19,1.04,-0.41,0.85,0.78,2.22,1.88,1.88,-9999.00,-9999.00,0.38,0.38,-9999,-9999,-9999,-9999,-9999,1.965
65527,2.68,4.01,2.68,0.35,0.72,0.39,1.03,3.21,3.21,-9999.00,-9999.00,0.31,0.31,-9999,-9999,-9999,-9999,-9999,1.965
65528,1.20,-1.24,1.20,-1.77,1.14,0.31,1.04,1.55,1.55,-9999.00,-9999.00,0.13,0.13,-9999,-9999,-9999,-9999,-9999,1.964
65529,1.35,1.92,1.35,-0.71,0.29,0.04,-0.18,1.42,1.42,-9999.00,-9999.00,0.03,0.03,-9999,-9999,-9999,-9999,-9999,1.964
65530,-0.17,-1.24,-0.17,-0.29,-0.19,-0.04,-1.25,-0.22,-0.22,-9999.00,-9999.00,0.14,0.14,-9999,-9999,-9999,-9999,-9999,1.964
65531,1.52,2.42,1.52,2.17,-0.43,-0.29,-1.00,1.26,1.26,-9999.00,-9999.00,0.28,0.28,-9999,-9999,-9999,-9999,-9999,1.964
65532,1.67,3.93,1.67,0.49,-0.76,0.03,0.30,1.74,1.74,-9999.00,-9999.00,0.46,0.46,-9999,-9999,-9999,-9999,-9999,1.964
65533,5.31,2.59,5.31,1.73,-0.76,0.08,0.37,5.57,5.57,-9999.00,-9999.00,0.54,0.54,-9999,-9999,-9999,-9999,-9999,1.966
65534,3.15,3.22,3.15,1.20,-0.49,0.19,0.79,3.46,3.46,-9999.00,-9999.00,0.64,0.64,-9999,-9999,-9999,-9999,-9999,1.966
65535,0.85,1.70,0.85,2.49,0.01,0.32,1.33,1.20,1.20,-9999.00,-9999.00,0.74,0.74,-9999,-9999,-9999,-9999,-9999,1.966
65536,-1.45,0.84,-1.45,1.00,0.10,0.40,0.60,-1.11,-1.11,-9999.00,-9999.00,0.79,0.79,-9999,-9999,-9999,-9999,-9999,1.967
65537,0.89,2.19,0.89,-0.31,0.20,0.12,0.00,1.05,1.05,-9999.00,-9999.00,0.89,0.89,-9999,-9999,-9999,-9999,-9999,1.967
65538,-0.84,1.27,-0.84,1.91,0.30,0.11,-0.09,-0.78,-0.78,-9999.00,-9999.00,1.21,1.21,-9999,-9999,-9999,-9999,-9999,1.967
65539,1.69,4.35,1.69,-0.14,0.21,0.03,-0.33,1.83,1.83,-9999.00,-9999.00,1.39,1.39,-9999,-9999,-9999,-9999,-9999,1.967
65540,0.54,1.52,0.54,1.62,0.08,0.27,0.18,0.85,0.85,-9999.00,-9999.00,1.41,1.41,-9999,-9999,-9999,-9999,-9999,1.967
65541,2.52,2.96,2.52,3.01,0.12,0.54,-0.39,3.26,3.26,-9999.00,-9999.00,1.52,1.52,-9999,-9999,-9999,-9999,-9999,1.967
65542,0.89,0.67,0.89,1.74,0.39,0.72,-0.41,1.68,1.68,-9999.00,-9999.00,1.40,1.40,-9999,-9999,-9999,-9999,-9999,1.966
