NASA Data Processing/NAAMES(2015)/OPTICAL/NAAMES-LARGE-OPTICAL_C130_20151117_R0.ict
85,1001
Anderson, Bruce E.
NASA Langley
In-situ optical aerosol measurements from the NASA C-130
NAAMES
1,1
2015,11,17,2016,12,02
1.0
UTC_mid,Secs after midnight,Time of acquisition
19
1,1,1,1,1,1,1,1,1,1,1,1,1,1,1,1,1,1,1
-9999,-9999,-9999,-9999,-9999,-9999,-9999,-9999,-9999,-9999,-9999,-9999,-9999,-9999,-9999,-9999,-9999,-9999,-9999
Sc550_total_amb, Mm-1, scattering coefficient of ambient  particles at 550nm
Sc450_total, Mm-1, Dry Scattering at 450nm (Total Aerosols)
Sc550_total, Mm-1, Dry Scattering at 550nm (Total Aerosols)
Sc700_total, Mm-1, Dry Scattering at 700nm (Total Aerosols)
Abs470_total, Mm-1,Dry absorption at 470nm (Total Aerosols)
Abs532_total, Mm-1,Dry absorption at 532nm (Total Aerosols)
Abs660_total, Mm-1,Dry absorption at 660nm (Total Aerosols)
Ext532_total_amb, Mm-1, extinction coefficient of aerosols at 532nm for AMBIENT relative humidity
Ext532_total_dry, Mm-1, extinction coefficient of aerosols at 532nm for DRY relative humidity
gamma550, unitless, derived hygroscopic growth factor for particles at 550nm
fRH550_RH20to80, unitless, derived hygroscopic growth parameter for particles at 550nm
AEscatAMB_450to700nm,unitless,derived ambient Angstrom Exponent for scattering coefficient over wavelength range from 450nm to 700nm
AEscatDRY_450to700nm,unitless,derived dry Angstrom Exponent for scattering coefficient over wavelength range from 450nm to 700nm
AE_Absorption_450to700nm,unitless,derived dry Angstrom Exponent for absorption coefficient over wavelength range from 450nm to 700nm
SSA_dry_450nm,unitless, single_scattering_albedo_at_450nm_as_derived_from_dry_scattering_and_absorption
SSA_dry_550nm,unitless, single_scattering_albedo_at_550nm_as_derived_from_dry_scattering_and_absorption
SSA_dry_700nm,unitless, single_scattering_albedo_at_700nm_as_derived_from_dry_scattering_and_absorption
SSA_amb_550nm,unitless, single_scattering_albedo_at_550nm_as_derived_from_ambeint_scattering_and_absorption
stdPT,unitless, Conversion factor to convert between ambient and standard pressure and temperature conditions
0
52
******************************************************************************************************************
Langley Aerosol data from the 2015 NAAMES field campaign
 
PI_CONTACT_INFO: Bruce.E.Anderson@nasa.gov
PLATFORM: NASA C-130 aircraft
LOCATION: Latitude, Longitude, and Altitude included in Hskping files
ASSOCIATED_DATA: Cloud penetration flag (i.e. periods of potential inlet shatter issues) can be found in the NAAMES-LARGE-CloudFlag files
INSTRUMENT_INFO: Flagged data are due to missing data or to instrument issues
SCATTERING: 
   - Total Aerosol Scattering from TSI-3563 Nephelometers
   - Scattering coefficients are corrected for truncation errors using Anderson and Ogren AS&T, 29, 57-69, 1998
   - Ambient scattering is computed from the dry scatteing, the f(RH) growth factor, and ambient RH measured by Hskping
ABSORPTION: 
   - Absorption Data from Radiance Research 3-wavelength PSAPs
   - Data were corrected for a variety of errors using Virkkula, AS&T, 44:706-712, 2010
   - The new Virkkula correction is about 40% higher than the 2005 correction
EXTINCTION: 
   - Extinction is calculated as the sum of scattering and absorption
   - The 550nm scattering coefficients were adjusted to 532 nm using the measured angstrom exponent
[...]
ANGSTROM EXPONENT AND SSA CALCULATIONS: 
   - The Absorption coefficients were corrected to the wavelengths of the TSI nepholometer using the measured angstrom exponents
   - The scattering and absorption coefficients were smoothed with a 30s running average to compute the SSA and AE
   - Ambient SSA is calculated with ambient scattering and dry absorption
   - SSA is computed only when both scattering and absorption are greater than 1 Mm-1
   - Scattering Angstrom Exponents are computed only when relevant scattering measurements are greater than 1 Mm-1
   - Absorption Angstrom Exponents are computed only when relevant absorption measurements are greater than 2 Mm-1
DATA_INFO: Aerosol measurements are reported at standard temperature and pressure (0 deg C, 1013 mb) and time synced to the CDP cloud probe instrument
UNCERTAINTY: all data are 5%
ULOD_FLAG: -7777
ULOD_VALUE: N/A
LLOD_FLAG: -8888
LLOD_VALUE: N/A
DM_CONTACT_INFO: Michael Shook (michael.shook@nasa.gov)
PROJECT_INFO: NAAMES 2015
STIPULATIONS_ON_USE: This is FINAL data.  Users are strongly encouraged to consult with the PI or DM for proper data use.
OTHER_COMMENTS: none
REVISION: R0
R0: None
******************************************************************************************************************
UTC_mid,Sc550_total_amb,Sc450_total,Sc550_total,Sc700_total,Abs470_total,Abs532_total,Abs660_total,Ext532_total_amb,Ext532_total_dry,gamma550,fRH550_RH20to80,AEscatAMB_450to700nm,AEscatDRY_450to700nm,AE_Absorption_450to700nm,SSA_dry_450nm,SSA_dry_550nm,SSA_dry_700nm,SSA_amb_550nm,stdPT
[from data line 19068]
55576,10.26,14.36,10.26,6.88,-0.01,0.05,-0.16,10.60,10.60,-9999.00,-9999.00,0.72,0.72,-9999,-9999,-9999,-9999,-9999,1.050
55577,9.21,11.05,9.21,8.34,0.11,0.07,-0.38,9.52,9.52,-9999.00,-9999.00,0.71,0.71,-9999,-9999,-9999,-9999,-9999,1.050
55578,9.96,12.71,9.96,9.49,-0.05,0.12,-0.47,10.31,10.31,-9999.00,-9999.00,0.68,0.68,-9999,-9999,-9999,-9999,-9999,1.050
55579,8.31,9.65,8.31,8.48,-0.22,0.15,-0.25,8.65,8.65,-9999.00,-9999.00,0.71,0.71,-9999,-9999,-9999,-9999,-9999,1.050
55580,10.00,12.60,10.00,10.01,-0.05,-0.08,-0.22,10.14,10.14,-9999.00,-9999.00,0.69,0.69,-9999,-9999,-9999,-9999,-9999,1.051
55581,10.19,11.03,10.19,9.34,-0.21,-0.19,-0.05,10.22,10.22,-9999.00,-9999.00,0.68,0.68,-9999,-9999,-9999,-9999,-9999,1.051
55582,12.05,13.45,12.05,8.15,-0.45,-0.36,-0.17,11.93,11.93,-9999.00,-9999.00,0.67,0.67,-9999,-9999,-9999,-9999,-9999,1.051
55583,10.98,9.76,10.98,6.13,-0.25,-0.40,-0.34,10.79,10.79,-9999.00,-9999.00,0.64,0.64,-9999,-9999,-9999,-9999,-9999,1.050
55584,9.63,13.30,9.63,7.99,-0.20,-0.34,-0.24,9.46,9.46,-9999.00,-9999.00,0.63,0.63,-9999,-9999,-9999,-9999,-9999,1.050
55585,10.86,12.23,10.86,9.26,-0.02,-0.20,-0.18,10.81,10.81,-9999.00,-9999.00,0.62,0.62,-9999,-9999,-9999,-9999,-9999,1.051
55586,11.33,13.71,11.33,6.71,0.08,0.03,-0.16,11.49,11.49,-9999.00,-9999.00,0.61,0.61,-9999,-9999,-9999,-9999,-9999,1.051
55587,11.07,10.22,11.07,7.51,0.51,0.07,0.10,11.25,11.25,-9999.00,-9999.00,0.62,0.62,-9999,-9999,-9999,-9999,-9999,1.052
55588,10.91,12.16,10.91,6.33,0.20,-0.08,0.38,10.93,10.93,-9999.00,-9999.00,0.62,0.62,-9999,-9999,-9999,-9999,-9999,1.050
55589,9.25,9.16,9.25,8.51,0.17,-0.04,0.03,9.31,9.31,-9999.00,-9999.00,0.63,0.63,-9999,-9999,-9999,-9999,-9999,1.050
55590,11.41,9.53,11.41,9.49,-0.18,-0.06,-0.25,11.44,11.44,-9999.00,-9999.00,0.61,0.61,-9999,-9999,-9999,-9999,-9999,1.050
55591,7.54,11.71,7.54,8.70,-0.33,-0.04,-0.19,7.58,7.58,-9999.00,-9999.00,0.61,0.61,-9999,-9999,-9999,-9999,-9999,1.051
55592,10.13,10.59,10.13,9.30,-0.56,0.08,-0.38,10.30,10.30,-9999.00,-9999.00,0.54,0.54,-9999,-9999,-9999,-9999,-9999,1.052
55593,8.90,7.00,8.90,7.56,-0.23,0.10,-0.41,9.09,9.09,-9999.00,-9999.00,0.54,0.54,-9999,-9999,-9999,-9999,-9999,1.051
55594,11.19,11.73,11.19,6.45,0.00,0.06,-0.21,11.35,11.35,-9999.00,-9999.00,0.53,0.53,-9999,-9999,-9999,-9999,-9999,1.052
55595,9.34,9.09,9.34,5.89,0.24,0.15,0.13,9.58,9.58,-9999.00,-9999.00,0.52,0.52,-9999,-9999,-9999,-9999,-9999,1.052
55596,10.29,11.93,10.29,7.90,0.26,0.13,0.16,10.50,10.50,-9999.00,-9999.00,0.50,0.50,-9999,-9999,-9999,-9999,-9999,1.053
55597,9.19,9.05,9.19,6.11,0.45,-0.04,0.26,9.21,9.21,-9999.00,-9999.00,0.49,0.49,-9999,-9999,-9999,-9999,-9999,1.053
55598,10.90,9.77,10.90,9.19,0.24,-0.06,-0.18,10.89,10.89,-9999.00,-9999.00,0.43,0.43,-9999,-9999,-9999,-9999,-9999,1.053
55599,6.30,8.82,6.30,6.65,0.07,-0.02,-0.08,6.31,6.31,-9999.00,-9999.00,0.39,0.39,-9999,-9999,-9999,-9999,-9999,1.053
55600,10.65,7.19,10.65,9.53,-0.09,-0.18,-0.51,10.48,10.48,-9999.00,-9999.00,0.33,0.33,-9999,-9999,-9999,-9999,-9999,1.053
55601,7.95,6.92,7.95,8.01,-0.01,-0.22,-0.67,7.74,7.74,-9999.00,-9999.00,0.32,0.32,-9999,-9999,-9999,-9999,-9999,1.053
55602,9.44,9.17,9.44,7.91,-0.11,0.09,-0.48,9.54,9.54,-9999.00,-9999.00,0.28,0.28,-9999,-9999,-9999,-9999,-9999,1.053
55603,7.46,7.41,7.46,6.44,-0.02,0.12,-0.19,7.62,7.62,-9999.00,-9999.00,0.29,0.29,-9999,-9999,-9999,-9999,-9999,1.053
55604,8.83,9.71,8.83,7.26,-0.13,0.09,-0.15,8.97,8.97,-9999.00,-9999.00,0.27,0.27,-9999,-9999,-9999,-9999,-9999,1.054
55605,8.23,4.69,8.23,6.22,0.08,0.05,0.00,8.32,8.32,-9999.00,-9999.00,0.31,0.31,-9999,-9999,-9999,-9999,-9999,1.054
55606,8.65,8.57,8.65,7.68,-0.11,0.10,0.05,8.80,8.80,-9999.00,-9999.00,0.28,0.28,-9999,-9999,-9999,-9999,-9999,1.054
55607,4.20,5.53,4.20,7.44,-0.23,-0.18,-0.09,4.03,4.03,-9999.00,-9999.00,0.25,0.25,-9999,-9999,-9999,-9999,-9999,1.055
55608,13.00,7.98,4.33,5.58,-0.14,-0.12,0.01,12.88,4.21,0.74,2.80,0.22,0.22,-9999,-9999,-9999,-9999,-9999,1.055
55609,10.02,6.92,4.28,6.11,-0.12,-0.18,-0.00,9.85,4.10,0.52,2.05,0.22,0.22,-9999,-9999,-9999,-9999,-9999,1.053
55610,12.33,8.57,7.90,8.42,-0.12,-0.02,0.30,12.32,7.89,0.28,1.48,0.17,0.17,-9999,-9999,-9999,-9999,-9999,1.054
55611,8.14,6.57,6.37,7.24,-0.09,-0.00,0.46,8.14,6.38,0.15,1.23,0.13,0.13,-9999,-9999,-9999,-9999,-9999,1.055
55612,13.99,6.57,7.84,7.57,0.20,0.25,0.51,14.23,8.09,0.34,1.61,0.09,0.09,-9999,-9999,-9999,-9999,-9999,1.055
55613,11.39,2.87,5.76,5.31,0.24,0.15,0.49,11.53,5.90,0.43,1.80,0.04,0.04,-9999,-9999,-9999,-9999,-9999,1.054
55614,13.14,6.00,6.07,6.92,0.41,0.20,0.66,13.31,6.26,0.49,1.98,0.04,0.04,-9999,-9999,-9999,-9999,-9999,1.054
55615,14.64,2.95,6.68,5.15,0.52,0.07,0.03,14.56,6.68,0.45,1.87,0.01,0.01,-9999,-9999,-9999,-9999,-9999,1.055
55616,16.34,7.44,5.60,6.15,0.58,-0.07,-0.14,16.14,5.48,0.62,2.35,0.04,0.04,-9999,-9999,-9999,-9999,-9999,1.054
55617,10.80,7.05,4.06,4.80,0.23,-0.25,-0.30,10.48,3.78,0.56,2.18,0.07,0.07,-9999,-9999,-9999,-9999,-9999,1.054
55618,8.34,9.52,5.43,5.91,0.05,-0.21,-0.46,8.10,5.20,0.26,1.44,0.08,0.08,-9999,-9999,-9999,-9999,-9999,1.054
55619,10.52,7.39,6.19,3.94,-0.24,-0.21,-0.74,10.30,5.97,0.34,1.60,0.12,0.12,-9999,-9999,-9999,-9999,-9999,1.054
55620,12.66,8.42,8.04,4.51,-0.17,-0.30,-0.50,12.37,7.74,0.29,1.50,0.11,0.11,-9999,-9999,-9999,-9999,-9999,1.054
55621,10.52,4.09,6.20,7.01,-0.33,-0.19,-0.52,10.36,6.02,0.35,1.62,0.10,0.10,-9999,-9999,-9999,-9999,-9999,1.054
55622,10.65,5.88,6.49,6.72,-0.14,-0.13,-0.13,10.55,6.38,0.34,1.61,0.08,0.08,-9999,-9999,-9999,-9999,-9999,1.054
55623,9.13,5.93,7.86,7.90,0.07,-0.15,0.11,9.01,7.73,0.10,1.15,0.05,0.05,-9999,-9999,-9999,-9999,-9999,1.054
55624,9.96,7.78,7.37,7.77,0.25,-0.22,0.44,9.78,7.17,0.21,1.34,0.06,0.06,-9999,-9999,-9999,-9999,-9999,1.054
55625,7.52,7.55,7.52,7.68,0.04,-0.02,0.44,7.52,7.52,-9999.00,-9999.00,0.05,0.05,-9999,-9999,-9999,-9999,-9999,1.054
55626,9.50,5.26,6.08,6.40,0.21,0.14,0.40,9.69,6.26,0.28,1.47,0.08,0.08,-9999,-9999,-9999,-9999,-9999,1.054
55627,10.02,7.60,8.25,7.40,0.05,0.18,0.05,10.25,8.47,0.12,1.18,0.07,0.07,-9999,-9999,-9999,-9999,-9999,1.054
55628,7.71,6.31,6.31,7.92,-0.09,0.27,-0.14,8.04,6.63,0.13,1.20,0.11,0.11,-9999,-9999,-9999,-9999,-9999,1.054
55629,12.31,7.77,12.31,7.33,-0.09,0.33,-0.29,12.75,12.75,-9999.00,-9999.00,0.15,0.15,-9999,-9999,-9999,-9999,-9999,1.054
55630,11.23,4.64,11.23,5.07,0.15,0.28,-0.32,11.63,11.63,-9999.00,-9999.00,0.16,0.16,-9999,-9999,-9999,-9999,-9999,1.054
55631,10.97,8.50,8.98,7.68,0.04,0.23,-0.15,11.35,9.33,0.13,1.19,0.17,0.17,-9999,-9999,-9999,-9999,-9999,1.054
55632,12.78,5.97,5.11,4.91,0.19,0.14,0.15,13.10,5.32,0.57,2.21,0.15,0.15,-9999,-9999,-9999,-9999,-9999,1.054
55633,10.89,8.89,6.15,6.31,0.07,-0.02,0.06,11.02,6.22,0.37,1.66,0.11,0.11,-9999,-9999,-9999,-9999,-9999,1.054
55634,8.82,9.31,5.08,5.13,-0.02,-0.13,0.14,8.80,5.01,0.35,1.63,0.09,0.09,-9999,-9999,-9999,-9999,-9999,1.054
55635,8.41,8.35,6.20,6.89,-0.13,-0.28,-0.02,8.24,6.00,0.20,1.32,0.09,0.09,-9999,-9999,-9999,-9999,-9999,1.054
55636,6.86,6.35,6.86,8.77,0.06,-0.34,-0.15,6.63,6.63,-9999.00,-9999.00,0.09,0.09,-9999,-9999,-9999,-9999,-9999,1.054
55637,7.64,6.05,5.09,6.98,0.04,-0.19,-0.35,7.60,5.00,0.27,1.46,0.15,0.15,-9999,-9999,-9999,-9999,-9999,1.053
55638,10.40,5.66,5.92,10.05,0.06,-0.06,-0.17,10.58,6.00,0.38,1.69,0.18,0.18,-9999,-9999,-9999,-9999,-9999,1.053
55639,7.21,9.95,5.40,6.49,-0.03,-0.00,-0.34,7.40,5.55,0.19,1.31,0.21,0.21,-9999,-9999,-9999,-9999,-9999,1.052
55640,6.66,7.23,4.31,7.05,0.02,0.02,-0.02,6.88,4.46,0.31,1.53,0.25,0.25,-9999,-9999,-9999,-9999,-9999,1.054
55641,7.53,10.09,5.67,7.68,-0.03,0.13,0.03,7.91,5.99,0.17,1.26,0.27,0.27,-9999,-9999,-9999,-9999,-9999,1.053
55642,8.80,5.63,6.40,7.21,0.07,0.07,0.13,9.21,6.72,0.20,1.32,0.32,0.32,-9999,-9999,-9999,-9999,-9999,1.052
55643,7.95,7.75,5.88,5.27,0.02,-0.01,0.21,8.27,6.11,0.21,1.33,0.34,0.34,-9999,-9999,-9999,-9999,-9999,1.053
55644,9.69,5.15,6.03,3.83,0.36,0.00,0.50,10.09,6.28,0.33,1.59,0.36,0.36,-9999,-9999,-9999,-9999,-9999,1.053
55645,6.46,7.57,4.88,6.86,0.23,0.14,0.25,6.92,5.26,0.20,1.32,0.39,0.39,-9999,-9999,-9999,-9999,-9999,1.053
55646,7.27,6.00,6.79,7.79,0.28,0.13,0.19,7.80,7.30,0.05,1.07,0.40,0.40,-9999,-9999,-9999,-9999,-9999,1.053
55647,8.72,7.00,4.07,7.22,0.02,0.02,0.37,9.24,4.32,0.55,2.14,0.42,0.42,-9999,-9999,-9999,-9999,-9999,1.053
55648,7.22,5.42,4.19,7.24,0.19,0.15,0.18,7.79,4.59,0.38,1.70,0.43,0.43,-9999,-9999,-9999,-9999,-9999,1.053
55649,9.05,8.06,5.32,5.61,0.01,-0.00,0.46,9.54,5.61,0.38,1.70,0.43,0.43,-9999,-9999,-9999,-9999,-9999,1.053
55650,4.05,6.40,3.82,3.53,0.03,-0.11,0.64,4.14,3.90,0.04,1.06,0.40,0.40,-9999,-9999,-9999,-9999,-9999,1.053
55651,6.94,8.46,5.13,4.54,0.00,-0.00,0.42,7.27,5.38,0.22,1.36,0.41,0.41,-9999,-9999,-9999,-9999,-9999,1.054
55652,4.75,6.35,3.48,3.36,0.03,0.16,-0.15,5.14,3.81,0.22,1.35,0.47,0.47,-9999,-9999,-9999,-9999,-9999,1.053
55653,6.55,6.22,3.09,4.99,-0.18,0.03,-0.30,6.90,3.28,0.54,2.10,0.51,0.51,-9999,-9999,-9999,-9999,-9999,1.054
55654,5.62,7.06,4.30,5.43,-0.26,0.01,-0.97,5.91,4.52,0.19,1.30,0.60,0.60,-9999,-9999,-9999,-9999,-9999,1.054
55655,6.30,8.72,3.66,5.34,-0.29,-0.11,-1.09,6.48,3.72,0.41,1.77,0.59,0.59,-9999,-9999,-9999,-9999,-9999,1.054
55656,6.16,6.79,4.32,5.23,-0.32,-0.25,-0.96,6.17,4.26,0.29,1.49,0.63,0.63,-9999,-9999,-9999,-9999,-9999,1.054
55657,4.99,8.49,3.60,4.70,-0.43,-0.31,-0.30,4.87,3.43,0.25,1.42,0.62,0.62,-9999,-9999,-9999,-9999,-9999,1.054
55658,5.88,5.67,4.06,4.25,-0.16,-0.25,-0.16,5.87,3.98,0.28,1.47,0.67,0.67,-9999,-9999,-9999,-9999,-9999,1.054
55659,6.09,6.36,6.09,6.28,-0.09,-0.26,0.01,6.07,6.07,-9999.00,-9999.00,0.63,0.63,-9999,-9999,-9999,-9999,-9999,1.054
55660,4.00,7.26,4.00,4.40,0.02,-0.12,0.03,4.05,4.05,-9999.00,-9999.00,0.63,0.63,-9999,-9999,-9999,-9999,-9999,1.053
55661,7.29,6.95,7.29,6.20,0.05,-0.08,-0.12,7.49,7.49,-9999.00,-9999.00,0.63,0.63,-9999,-9999,-9999,-9999,-9999,1.054
55662,6.69,7.34,6.69,4.93,0.25,0.05,-0.24,7.00,7.00,-9999.00,-9999.00,0.66,0.66,-9999,-9999,-9999,-9999,-9999,1.054
55663,6.09,7.26,6.09,5.85,0.31,-0.01,-0.13,6.29,6.29,-9999.00,-9999.00,0.70,0.70,-9999,-9999,-9999,-9999,-9999,1.054
55664,8.59,8.31,8.59,5.22,0.46,0.10,0.01,8.98,8.98,-9999.00,-9999.00,0.73,0.73,-9999,-9999,-9999,-9999,-9999,1.053
55665,9.74,9.53,9.74,8.12,0.31,0.15,0.17,10.22,10.22,-9999.00,-9999.00,0.72,0.72,-9999,-9999,-9999,-9999,-9999,1.053
55666,7.12,8.65,7.12,5.86,0.36,0.24,0.26,7.59,7.59,-9999.00,-9999.00,0.69,0.69,-9999,-9999,-9999,-9999,-9999,1.054
55667,9.08,9.16,9.08,6.84,0.17,0.16,0.12,9.54,9.54,-9999.00,-9999.00,0.68,0.68,-9999,-9999,-9999,-9999,-9999,1.053
55668,6.40,7.31,6.40,4.80,0.11,0.26,-0.10,6.85,6.85,-9999.00,-9999.00,0.63,0.63,-9999,-9999,-9999,-9999,-9999,1.053
55669,7.55,8.93,7.55,5.24,-0.12,-0.03,0.01,7.75,7.75,-9999.00,-9999.00,0.61,0.61,-9999,-9999,-9999,-9999,-9999,1.053
55670,6.64,6.78,6.64,5.07,0.05,-0.14,-0.17,6.70,6.70,-9999.00,-9999.00,0.61,0.61,-9999,-9999,-9999,-9999,-9999,1.052
55671,8.12,9.29,8.12,5.30,-0.12,-0.04,0.01,8.29,8.29,-9999.00,-9999.00,0.51,0.51,-9999,-9999,-9999,-9999,-9999,1.052
55672,7.64,6.69,7.64,5.69,0.13,-0.02,0.14,7.79,7.79,-9999.00,-9999.00,0.51,0.51,-9999,-9999,-9999,-9999,-9999,1.052
55673,5.67,8.35,5.67,5.61,0.15,0.13,0.46,5.90,5.90,-9999.00,-9999.00,0.50,0.50,-9999,-9999,-9999,-9999,-9999,1.051
55674,6.21,6.53,6.21,7.71,0.26,0.27,0.52,6.57,6.57,-9999.00,-9999.00,0.45,0.45,-9999,-9999,-9999,-9999,-9999,1.052
55675,6.58,7.96,6.58,5.96,0.23,0.38,0.65,7.06,7.06,-9999.00,-9999.00,0.42,0.42,-9999,-9999,-9999,-9999,-9999,1.052
55676,7.02,6.65,7.02,5.53,0.48,0.32,0.41,7.42,7.42,-9999.00,-9999.00,0.36,0.36,-9999,-9999,-9999,-9999,-9999,1.051
55677,9.04,7.20,9.04,6.31,0.19,0.17,0.26,9.30,9.30,-9999.00,-9999.00,0.36,0.36,-9999,-9999,-9999,-9999,-9999,1.051
55678,7.59,7.01,7.59,4.43,0.06,-0.09,0.03,7.60,7.60,-9999.00,-9999.00,0.37,0.37,-9999,-9999,-9999,-9999,-9999,1.051
55679,4.86,6.06,4.86,5.88,0.04,-0.06,-0.13,4.85,4.85,-9999.00,-9999.00,0.35,0.35,-9999,-9999,-9999,-9999,-9999,1.051
55680,5.01,6.59,5.01,5.20,-0.18,-0.20,-0.25,4.86,4.86,-9999.00,-9999.00,0.30,0.30,-9999,-9999,-9999,-9999,-9999,1.051
55681,5.05,6.60,5.05,5.99,-0.39,-0.26,-0.39,4.84,4.84,-9999.00,-9999.00,0.31,0.31,-9999,-9999,-9999,-9999,-9999,1.051
55682,5.00,7.31,5.00,4.47,-0.33,-0.26,-0.30,4.76,4.76,-9999.00,-9999.00,0.28,0.28,-9999,-9999,-9999,-9999,-9999,1.051
55683,3.50,4.89,3.50,6.08,-0.22,0.03,-0.32,3.56,3.56,-9999.00,-9999.00,0.29,0.29,-9999,-9999,-9999,-9999,-9999,1.051
55684,5.38,6.78,5.38,6.97,-0.11,-0.07,-0.41,5.34,5.34,-9999.00,-9999.00,0.26,0.26,-9999,-9999,-9999,-9999,-9999,1.052
55685,3.29,7.73,3.29,5.62,0.29,0.03,-0.38,3.34,3.34,-9999.00,-9999.00,0.24,0.24,-9999,-9999,-9999,-9999,-9999,1.052
55686,5.78,2.78,5.78,8.25,0.52,0.21,0.06,6.02,6.02,-9999.00,-9999.00,0.20,0.20,-9999,-9999,-9999,-9999,-9999,1.052
55687,6.67,6.37,6.67,5.04,0.48,0.33,0.35,7.02,7.02,-9999.00,-9999.00,0.18,0.18,-9999,-9999,-9999,-9999,-9999,1.052
55688,7.88,8.64,7.88,5.68,0.38,0.10,0.66,8.02,8.02,-9999.00,-9999.00,0.15,0.15,-9999,-9999,-9999,-9999,-9999,1.051
55689,7.67,5.49,7.67,8.08,0.28,0.32,0.77,8.03,8.03,-9999.00,-9999.00,0.15,0.15,-9999,-9999,-9999,-9999,-9999,1.051
55690,7.58,7.72,7.58,9.93,0.04,0.39,0.88,8.01,8.01,-9999.00,-9999.00,0.18,0.18,-9999,-9999,-9999,-9999,-9999,1.051
55691,6.67,4.84,6.67,7.09,0.08,0.34,0.53,7.03,7.03,-9999.00,-9999.00,0.18,0.18,-9999,-9999,-9999,-9999,-9999,1.051
55692,7.81,7.61,7.81,6.62,0.05,0.18,0.19,8.04,8.04,-9999.00,-9999.00,0.20,0.20,-9999,-9999,-9999,-9999,-9999,1.050
55693,4.93,7.01,4.93,4.47,0.10,0.20,-0.17,5.15,5.15,-9999.00,-9999.00,0.16,0.16,-9999,-9999,-9999,-9999,-9999,1.051
55694,7.69,5.64,7.69,5.96,0.28,-0.01,-0.12,7.70,7.70,-9999.00,-9999.00,0.12,0.12,-9999,-9999,-9999,-9999,-9999,1.051
55695,6.04,4.78,6.04,6.00,0.29,-0.26,-0.38,5.81,5.81,-9999.00,-9999.00,0.12,0.12,-9999,-9999,-9999,-9999,-9999,1.051
55696,8.88,9.12,8.88,7.40,0.10,-0.44,-0.48,8.47,8.47,-9999.00,-9999.00,0.08,0.08,-9999,-9999,-9999,-9999,-9999,1.050
55697,8.27,5.81,8.27,5.70,0.07,-0.42,-0.45,7.87,7.87,-9999.00,-9999.00,0.11,0.11,-9999,-9999,-9999,-9999,-9999,1.050
55698,9.06,10.07,9.06,6.79,0.08,-0.31,-0.47,8.77,8.77,-9999.00,-9999.00,0.09,0.09,-9999,-9999,-9999,-9999,-9999,1.050
55699,7.86,5.82,7.86,6.25,0.07,-0.15,-0.19,7.74,7.74,-9999.00,-9999.00,0.11,0.11,-9999,-9999,-9999,-9999,-9999,1.050
55700,9.30,9.88,9.30,7.44,0.02,0.09,0.18,9.41,9.41,-9999.00,-9999.00,0.10,0.10,-9999,-9999,-9999,-9999,-9999,1.050
55701,7.53,7.57,7.53,8.81,0.11,0.25,0.50,7.79,7.79,-9999.00,-9999.00,0.09,0.09,-9999,-9999,-9999,-9999,-9999,1.050
55702,9.34,9.69,9.34,8.10,0.16,0.36,0.69,9.72,9.72,-9999.00,-9999.00,0.13,0.13,-9999,-9999,-9999,-9999,-9999,1.050
55703,7.65,8.00,7.65,8.96,0.03,0.45,0.95,8.14,8.14,-9999.00,-9999.00,0.11,0.11,-9999,-9999,-9999,-9999,-9999,1.050
55704,8.08,9.89,8.08,6.92,0.13,0.35,0.63,8.47,8.47,-9999.00,-9999.00,0.05,0.05,-9999,-9999,-9999,-9999,-9999,1.050
55705,7.70,9.17,7.70,7.77,0.00,0.23,0.42,7.97,7.97,-9999.00,-9999.00,0.05,0.05,-9999,-9999,-9999,-9999,-9999,1.049
55706,9.33,10.44,9.33,8.19,0.07,0.29,0.17,9.65,9.65,-9999.00,-9999.00,0.07,0.07,-9999,-9999,-9999,-9999,-9999,1.050
55707,7.34,9.63,7.34,6.18,0.06,0.17,0.19,7.53,7.53,-9999.00,-9999.00,0.10,0.10,-9999,-9999,-9999,-9999,-9999,1.049
55708,10.95,5.19,10.95,8.80,0.07,-0.05,-0.30,10.95,10.95,-9999.00,-9999.00,0.13,0.13,-9999,-9999,-9999,-9999,-9999,1.049
55709,7.94,7.83,7.94,8.71,0.04,-0.02,-0.22,7.95,7.95,-9999.00,-9999.00,0.08,0.08,-9999,-9999,-9999,-9999,-9999,1.049
55710,9.65,10.67,9.65,9.98,-0.00,-0.05,-0.45,9.60,9.60,-9999.00,-9999.00,0.05,0.05,-9999,-9999,-9999,-9999,-9999,1.049
55711,8.37,8.38,8.37,11.36,-0.04,-0.22,-0.39,8.12,8.12,-9999.00,-9999.00,0.05,0.05,-9999,-9999,-9999,-9999,-9999,1.049
55712,8.59,10.79,8.59,6.26,-0.02,-0.32,-0.21,8.23,8.23,-9999.00,-9999.00,0.03,0.03,-9999,-9999,-9999,-9999,-9999,1.050
55713,15.22,8.06,6.98,8.07,0.02,-0.09,0.02,15.05,6.85,0.56,2.17,0.05,0.05,-9999,-9999,-9999,-9999,-9999,1.050
55714,18.83,10.30,7.28,8.61,-0.02,-0.10,-0.18,18.67,7.16,0.69,2.61,0.04,0.04,-9999,-9999,-9999,-9999,-9999,1.050
