NASA Data Processing/NAAMES(2015)/OPTICAL/NAAMES-LARGE-OPTICAL_C130_20151117_R0.ict
85,1001
Anderson, Bruce E.
NASA Langley
In-situ optical aerosol measurements from the NASA C-130
NAAMES
1,1
2015,11,17,2016,12,02
1.0
UTC_mid,Secs after midnight,Time of acquisition
19
1,1,1,1,1,1,1,1,1,1,1,1,1,1,1,1,1,1,1
-9999,-9999,-9999,-9999,-9999,-9999,-9999,-9999,-9999,-9999,-9999,-9999,-9999,-9999,-9999,-9999,-9999,-9999,-9999
Sc550_total_amb, Mm-1, scattering coefficient of ambient  particles at 550nm
Sc450_total, Mm-1, Dry Scattering at 450nm (Total Aerosols)
Sc550_total, Mm-1, Dry Scattering at 550nm (Total Aerosols)
Sc700_total, Mm-1, Dry Scattering at 700nm (Total Aerosols)
Abs470_total, Mm-1,Dry absorption at 470nm (Total Aerosols)
Abs532_total, Mm-1,Dry absorption at 532nm (Total Aerosols)
Abs660_total, Mm-1,Dry absorption at 660nm (Total Aerosols)
Ext532_total_amb, Mm-1, extinction coefficient of aerosols at 532nm for AMBIENT relative humidity
Ext532_total_dry, Mm-1, extinction coefficient of aerosols at 532nm for DRY relative humidity
gamma550, unitless, derived hygroscopic growth factor for particles at 550nm
fRH550_RH20to80, unitless, derived hygroscopic growth parameter for particles at 550nm
AEscatAMB_450to700nm,unitless,derived ambient Angstrom Exponent for scattering coefficient over wavelength range from 450nm to 700nm
AEscatDRY_450to700nm,unitless,derived dry Angstrom Exponent for scattering coefficient over wavelength range from 450nm to 700nm
AE_Absorption_450to700nm,unitless,derived dry Angstrom Exponent for absorption coefficient over wavelength range from 450nm to 700nm
SSA_dry_450nm,unitless, single_scattering_albedo_at_450nm_as_derived_from_dry_scattering_and_absorption
SSA_dry_550nm,unitless, single_scattering_albedo_at_550nm_as_derived_from_dry_scattering_and_absorption
SSA_dry_700nm,unitless, single_scattering_albedo_at_700nm_as_derived_from_dry_scattering_and_absorption
SSA_amb_550nm,unitless, single_scattering_albedo_at_550nm_as_derived_from_ambeint_scattering_and_absorption
stdPT,unitless, Conversion factor to convert between ambient and standard pressure and temperature conditions
0
52
******************************************************************************************************************
Langley Aerosol data from the 2015 NAAMES field campaign
 
PI_CONTACT_INFO: Bruce.E.Anderson@nasa.gov
PLATFORM: NASA C-130 aircraft
LOCATION: Latitude, Longitude, and Altitude included in Hskping files
ASSOCIATED_DATA: Cloud penetration flag (i.e. periods of potential inlet shatter issues) can be found in the NAAMES-LARGE-CloudFlag files
INSTRUMENT_INFO: Flagged data are due to missing data or to instrument issues
SCATTERING: 
   - Total Aerosol Scattering from TSI-3563 Nephelometers
   - Scattering coefficients are corrected for truncation errors using Anderson and Ogren AS&T, 29, 57-69, 1998
   - Ambient scattering is computed from the dry scatteing, the f(RH) growth factor, and ambient RH measured by Hskping
ABSORPTION: 
   - Absorption Data from Radiance Research 3-wavelength PSAPs
   - Data were corrected for a variety of errors using Virkkula, AS&T, 44:706-712, 2010
   - The new Virkkula correction is about 40% higher than the 2005 correction
EXTINCTION: 
   - Extinction is calculated as the sum of scattering and absorption
   - The 550nm scattering coefficients were adjusted to 532 nm using the measured angstrom exponent
[...]
ANGSTROM EXPONENT AND SSA CALCULATIONS: 
   - The Absorption coefficients were corrected to the wavelengths of the TSI nepholometer using the measured angstrom exponents
   - The scattering and absorption coefficients were smoothed with a 30s running average to compute the SSA and AE
   - Ambient SSA is calculated with ambient scattering and dry absorption
   - SSA is computed only when both scattering and absorption are greater than 1 Mm-1
   - Scattering Angstrom Exponents are computed only when relevant scattering measurements are greater than 1 Mm-1
   - Absorption Angstrom Exponents are computed only when relevant absorption measurements are greater than 2 Mm-1
DATA_INFO: Aerosol measurements are reported at standard temperature and pressure (0 deg C, 1013 mb) and time synced to the CDP cloud probe instrument
UNCERTAINTY: all data are 5%
ULOD_FLAG: -7777
ULOD_VALUE: N/A
LLOD_FLAG: -8888
LLOD_VALUE: N/A
DM_CONTACT_INFO: Michael Shook (michael.shook@nasa.gov)
PROJECT_INFO: NAAMES 2015
STIPULATIONS_ON_USE: This is FINAL data.  Users are strongly encouraged to consult with the PI or DM for proper data use.
OTHER_COMMENTS: none
REVISION: R0
R0: None
******************************************************************************************************************
UTC_mid,Sc550_total_amb,Sc450_total,Sc550_total,Sc700_total,Abs470_total,Abs532_total,Abs660_total,Ext532_total_amb,Ext532_total_dry,gamma550,fRH550_RH20to80,AEscatAMB_450to700nm,AEscatDRY_450to700nm,AE_Absorption_450to700nm,SSA_dry_450nm,SSA_dry_550nm,SSA_dry_700nm,SSA_amb_550nm,stdPT
[from data line 12505]
49013,1.26,2.48,1.26,2.24,0.41,0.11,-0.03,1.58,1.58,-9999.00,-9999.00,-9999,-9999,-9999,-9999,-9999,-9999,-9999,1.980
49014,0.39,3.32,0.39,1.39,0.45,0.61,-0.07,1.07,1.07,-9999.00,-9999.00,-9999,-9999,-9999,-9999,-9999,-9999,-9999,1.980
49015,3.49,2.72,3.49,1.85,0.22,0.73,0.77,4.81,4.81,-9999.00,-9999.00,-9999,-9999,-9999,-9999,-9999,-9999,-9999,1.980
49016,0.23,2.97,0.23,1.01,0.18,0.68,0.41,0.95,0.95,-9999.00,-9999.00,-9999,-9999,-9999,-9999,-9999,-9999,-9999,1.980
49017,2.27,4.35,2.27,-0.89,-0.35,0.27,0.48,2.97,2.97,-9999.00,-9999.00,-9999,-9999,-9999,-9999,-9999,-9999,-9999,1.980
49018,2.84,4.01,2.84,-1.45,-0.38,0.32,0.70,3.69,3.69,-9999.00,-9999.00,-9999,-9999,-9999,-9999,-9999,-9999,-9999,1.980
49019,1.38,4.86,1.38,-2.23,-0.58,-0.16,0.80,1.48,1.48,-9999.00,-9999.00,-9999,-9999,-9999,-9999,-9999,-9999,-9999,1.980
49020,0.23,8.07,0.23,-0.48,-0.60,-0.12,-0.25,-9999.00,-9999.00,-9999.00,-9999.00,-9999,-9999,-9999,-9999,-9999,-9999,-9999,1.979
49021,-1.49,5.42,-1.49,-0.07,0.11,0.27,-0.47,-9999.00,-9999.00,-9999.00,-9999.00,-9999,-9999,-9999,-9999,-9999,-9999,-9999,1.980
49022,0.23,6.99,0.23,2.19,0.41,0.41,-0.37,-9999.00,-9999.00,-9999.00,-9999.00,-9999,-9999,-9999,-9999,-9999,-9999,-9999,1.979
49023,1.13,3.88,1.13,2.05,0.86,0.31,-0.35,1.68,1.68,-9999.00,-9999.00,-9999,-9999,-9999,-9999,-9999,-9999,-9999,1.981
49024,-0.38,3.27,-0.38,2.82,0.88,0.36,-0.53,-0.11,-0.11,-9999.00,-9999.00,-9999,-9999,-9999,-9999,-9999,-9999,-9999,1.979
49025,2.68,0.51,2.68,-0.01,0.82,-0.01,-0.08,3.22,3.22,-9999.00,-9999.00,-9999,-9999,-9999,-9999,-9999,-9999,-9999,1.979
49026,-0.02,1.36,-0.02,0.18,0.09,-0.12,-0.02,-0.14,-0.14,-9999.00,-9999.00,-9999,-9999,-9999,-9999,-9999,-9999,-9999,1.979
49027,-0.48,0.57,-0.48,-0.14,0.18,-0.23,-0.73,-0.80,-0.80,-9999.00,-9999.00,-9999,-9999,-9999,-9999,-9999,-9999,-9999,1.980
49028,0.67,4.02,0.67,2.17,-0.13,-0.14,-0.89,0.65,0.65,-9999.00,-9999.00,-9999,-9999,-9999,-9999,-9999,-9999,-9999,1.979
49029,1.12,2.09,1.12,0.67,0.07,0.05,-0.56,1.35,1.35,-9999.00,-9999.00,-9999,-9999,-9999,-9999,-9999,-9999,-9999,1.981
49030,3.46,3.69,3.46,1.79,0.33,0.12,0.18,4.14,4.14,-9999.00,-9999.00,-9999,-9999,-9999,-9999,-9999,-9999,-9999,1.980
49031,0.88,0.03,0.88,0.59,0.70,0.05,0.36,-9999.00,-9999.00,-9999.00,-9999.00,-9999,-9999,-9999,-9999,-9999,-9999,-9999,1.981
49032,-0.67,5.00,-0.67,1.70,-0.02,0.11,1.16,-9999.00,-9999.00,-9999.00,-9999.00,-9999,-9999,-9999,-9999,-9999,-9999,-9999,1.981
49033,0.88,2.40,0.88,0.41,-0.29,-0.48,0.57,-9999.00,-9999.00,-9999.00,-9999.00,-9999,-9999,-9999,-9999,-9999,-9999,-9999,1.981
49034,1.52,4.94,1.52,-0.81,-0.30,-0.63,0.61,-9999.00,-9999.00,-9999.00,-9999.00,-9999,-9999,-9999,-9999,-9999,-9999,-9999,1.980
49035,-0.07,1.86,-0.07,0.41,-0.77,-0.73,-0.41,-9999.00,-9999.00,-9999.00,-9999.00,-9999,-9999,-9999,-9999,-9999,-9999,-9999,1.981
49036,1.31,5.59,1.31,-0.56,-0.81,-0.56,0.08,-9999.00,-9999.00,-9999.00,-9999.00,-9999,-9999,-9999,-9999,-9999,-9999,-9999,1.981
49037,0.29,2.61,0.29,0.71,-0.23,-0.32,-0.56,-9999.00,-9999.00,-9999.00,-9999.00,-9999,-9999,-9999,-9999,-9999,-9999,-9999,1.981
49038,3.29,5.71,3.29,4.69,-0.04,-0.22,-0.19,-9999.00,-9999.00,-9999.00,-9999.00,-9999,-9999,-9999,-9999,-9999,-9999,-9999,1.979
49039,2.09,5.08,2.09,3.13,-0.09,0.15,0.13,2.47,2.47,-9999.00,-9999.00,-9999,-9999,-9999,-9999,-9999,-9999,-9999,1.980
49040,1.92,-2.40,1.92,2.00,0.48,0.42,0.16,2.52,2.52,-9999.00,-9999.00,-9999,-9999,-9999,-9999,-9999,-9999,-9999,1.980
49041,0.88,-3.12,0.88,1.48,0.43,0.66,0.19,1.63,1.63,-9999.00,-9999.00,-9999,-9999,-9999,-9999,-9999,-9999,-9999,1.980
49042,0.54,-3.24,0.54,1.75,0.23,0.74,0.31,1.34,1.34,-9999.00,-9999.00,-9999,-9999,-9999,-9999,-9999,-9999,-9999,1.981
49043,2.14,-0.03,2.14,1.91,0.35,0.81,0.63,3.20,3.20,-9999.00,-9999.00,-9999,-9999,-9999,-9999,-9999,-9999,-9999,1.981
49044,0.88,0.61,0.88,-0.93,0.04,0.46,0.16,1.43,1.43,-9999.00,-9999.00,-9999,-9999,-9999,-9999,-9999,-9999,-9999,1.981
49045,1.83,3.41,1.83,-0.91,-0.11,0.22,0.48,2.23,2.23,-9999.00,-9999.00,-9999,-9999,-9999,-9999,-9999,-9999,-9999,1.980
49046,-1.16,-0.13,-1.16,-1.45,0.36,0.19,-0.08,-1.08,-1.08,-9999.00,-9999.00,-9999,-9999,-9999,-9999,-9999,-9999,-9999,1.980
49047,0.00,2.69,0.00,-0.37,0.19,0.08,-0.26,0.09,0.09,-9999.00,-9999.00,-9999,-9999,-9999,-9999,-9999,-9999,-9999,1.980
49048,-0.44,0.11,-0.44,-0.25,0.13,-0.17,-0.26,-0.64,-0.64,-9999.00,-9999.00,-9999,-9999,-9999,-9999,-9999,-9999,-9999,1.980
49049,1.45,2.75,1.45,-0.66,0.05,0.10,0.08,1.64,1.64,-9999.00,-9999.00,-9999,-9999,-9999,-9999,-9999,-9999,-9999,1.979
49050,0.31,0.50,0.31,0.34,0.11,0.21,-0.03,0.53,0.53,-9999.00,-9999.00,-9999,-9999,-9999,-9999,-9999,-9999,-9999,1.979
49051,1.08,1.45,1.08,-1.03,-0.04,-0.02,0.43,1.08,1.08,-9999.00,-9999.00,-9999,-9999,-9999,-9999,-9999,-9999,-9999,1.980
49052,0.03,0.06,0.03,0.76,0.13,-0.19,0.68,-0.16,-0.16,-9999.00,-9999.00,0.66,0.66,-9999,-9999,-9999,-9999,-9999,1.978
49053,3.54,3.99,3.54,0.58,0.33,-0.04,0.36,3.45,3.45,-9999.00,-9999.00,0.41,0.41,-9999,-9999,-9999,-9999,-9999,1.978
49054,2.43,3.13,2.43,1.23,0.48,-0.12,0.20,2.23,2.23,-9999.00,-9999.00,-9999,-9999,-9999,-9999,-9999,-9999,-9999,1.978
49055,3.01,5.84,3.01,0.07,0.45,-0.28,0.25,-9999.00,-9999.00,-9999.00,-9999.00,-9999,-9999,-9999,-9999,-9999,-9999,-9999,1.978
49056,1.75,3.05,1.75,3.26,0.32,-0.17,-0.13,1.56,1.56,-9999.00,-9999.00,-9999,-9999,-9999,-9999,-9999,-9999,-9999,1.979
49057,1.87,6.00,1.87,0.65,0.30,-0.11,-0.23,1.77,1.77,-9999.00,-9999.00,-9999,-9999,-9999,-9999,-9999,-9999,-9999,1.977
49058,0.43,3.21,0.43,1.01,0.17,-0.06,-0.19,0.37,0.37,-9999.00,-9999.00,-9999,-9999,-9999,-9999,-9999,-9999,-9999,1.978
49059,1.94,3.06,1.94,0.19,0.61,0.22,0.64,2.18,2.18,-9999.00,-9999.00,-9999,-9999,-9999,-9999,-9999,-9999,-9999,1.977
49060,1.68,0.17,1.68,1.15,0.69,0.63,0.46,2.31,2.31,-9999.00,-9999.00,-9999,-9999,-9999,-9999,-9999,-9999,-9999,1.976
49061,4.39,4.39,4.39,3.38,0.88,1.04,0.26,5.34,5.34,-9999.00,-9999.00,-9999,-9999,-9999,-9999,-9999,-9999,-9999,1.977
49062,-0.04,0.17,-0.04,1.75,0.83,1.51,0.50,1.48,1.48,-9999.00,-9999.00,-9999,-9999,-9999,-9999,-9999,-9999,-9999,1.978
49063,1.01,0.32,1.01,3.05,0.97,1.39,1.10,2.37,2.37,-9999.00,-9999.00,-9999,-9999,-9999,-9999,-9999,-9999,-9999,1.978
49064,1.56,-2.59,1.56,0.32,0.56,0.97,-0.22,2.48,2.48,-9999.00,-9999.00,-9999,-9999,-9999,-9999,-9999,-9999,-9999,1.978
49065,3.30,-1.06,3.30,1.78,0.37,0.51,-0.09,3.67,3.67,-9999.00,-9999.00,-9999,-9999,-9999,-9999,-9999,-9999,-9999,1.976
49066,0.65,-2.83,0.65,0.41,0.00,-0.14,0.10,-9999.00,-9999.00,-9999.00,-9999.00,-9999,-9999,-9999,-9999,-9999,-9999,-9999,1.976
49067,-0.27,0.49,-0.27,2.44,-0.37,-0.58,-0.38,-0.84,-0.84,-9999.00,-9999.00,-9999,-9999,-9999,-9999,-9999,-9999,-9999,1.977
49068,0.66,-1.86,0.66,0.78,-0.59,-0.40,-1.05,0.22,0.22,-9999.00,-9999.00,-9999,-9999,-9999,-9999,-9999,-9999,-9999,1.978
49069,1.11,0.78,1.11,1.15,-0.52,-0.75,0.27,-9999.00,-9999.00,-9999.00,-9999.00,-9999,-9999,-9999,-9999,-9999,-9999,-9999,1.978
49070,1.24,1.71,1.24,-0.55,-0.47,-0.62,0.40,-9999.00,-9999.00,-9999.00,-9999.00,-9999,-9999,-9999,-9999,-9999,-9999,-9999,1.977
49071,1.88,3.33,1.88,1.47,-0.11,-0.18,0.39,-9999.00,-9999.00,-9999.00,-9999.00,-9999,-9999,-9999,-9999,-9999,-9999,-9999,1.978
49072,0.93,1.27,0.93,2.19,0.09,-0.15,0.75,-9999.00,-9999.00,-9999.00,-9999.00,-9999,-9999,-9999,-9999,-9999,-9999,-9999,1.978
49073,1.83,-2.17,1.83,-0.15,0.33,-0.44,0.81,-9999.00,-9999.00,-9999.00,-9999.00,-9999,-9999,-9999,-9999,-9999,-9999,-9999,1.979
49074,0.59,0.43,0.59,0.68,0.12,0.20,0.03,-9999.00,-9999.00,-9999.00,-9999.00,-9999,-9999,-9999,-9999,-9999,-9999,-9999,1.979
49075,0.67,-2.12,0.67,0.05,0.05,0.19,-0.35,-9999.00,-9999.00,-9999.00,-9999.00,-9999,-9999,-9999,-9999,-9999,-9999,-9999,1.980
49076,0.63,-2.49,0.63,-1.51,-0.08,-0.14,-0.21,-9999.00,-9999.00,-9999.00,-9999.00,-9999,-9999,-9999,-9999,-9999,-9999,-9999,1.979
49077,0.18,0.44,0.18,-0.87,0.12,0.08,-0.04,-9999.00,-9999.00,-9999.00,-9999.00,-9999,-9999,-9999,-9999,-9999,-9999,-9999,1.979
49078,-0.28,-0.00,-0.28,-1.41,0.27,0.35,0.31,-9999.00,-9999.00,-9999.00,-9999.00,-9999,-9999,-9999,-9999,-9999,-9999,-9999,1.976
49079,0.92,2.20,0.92,0.22,0.56,0.19,-0.15,-9999.00,-9999.00,-9999.00,-9999.00,-9999,-9999,-9999,-9999,-9999,-9999,-9999,1.976
49080,1.06,0.28,1.06,-0.82,0.54,0.31,0.16,-9999.00,-9999.00,-9999.00,-9999.00,-9999,-9999,-9999,-9999,-9999,-9999,-9999,1.979
49081,1.06,0.03,1.06,-0.81,0.27,0.45,0.16,1.49,1.49,-9999.00,-9999.00,-9999,-9999,-9999,-9999,-9999,-9999,-9999,1.979
49082,1.07,2.32,1.07,-1.14,-0.15,0.52,0.17,1.59,1.59,-9999.00,-9999.00,-9999,-9999,-9999,-9999,-9999,-9999,-9999,1.980
49083,1.29,0.03,1.29,-0.15,0.13,0.44,0.48,1.74,1.74,-9999.00,-9999.00,-9999,-9999,-9999,-9999,-9999,-9999,-9999,1.980
49084,3.14,-1.35,3.14,0.27,0.17,0.18,1.30,3.36,3.36,0.01,1.02,-9999,-9999,-9999,-9999,-9999,-9999,-9999,1.978
49085,1.48,-3.55,1.48,0.13,0.79,0.30,1.51,1.80,1.80,-9999.00,-9999.00,-9999,-9999,-9999,-9999,-9999,-9999,-9999,1.978
49086,1.40,3.90,1.40,0.85,1.00,0.10,1.54,1.51,1.51,-9999.00,-9999.00,-9999,-9999,-9999,-9999,-9999,-9999,-9999,1.979
49087,3.05,2.14,3.05,2.23,0.79,0.01,0.50,2.96,2.96,-9999.00,-9999.00,-9999,-9999,-9999,-9999,-9999,-9999,-9999,1.978
49088,1.14,3.90,1.14,1.95,0.43,-0.15,0.18,0.97,0.97,-9999.00,-9999.00,-9999,-9999,-9999,-9999,-9999,-9999,-9999,1.979
49089,-0.40,0.25,-0.40,0.25,0.40,-0.04,-0.42,-0.43,-0.43,-9999.00,-9999.00,-9999,-9999,-9999,-9999,-9999,-9999,-9999,1.980
49090,0.04,2.49,0.04,0.62,-0.58,-0.39,-0.23,-0.35,-0.35,-9999.00,-9999.00,-9999,-9999,-9999,-9999,-9999,-9999,-9999,1.980
49091,-0.59,0.71,-0.59,-0.20,-0.79,-0.16,-0.93,-0.76,-0.76,-9999.00,-9999.00,-9999,-9999,-9999,-9999,-9999,-9999,-9999,1.980
49092,2.08,3.16,2.08,2.96,-0.31,-0.31,0.01,1.86,1.86,-9999.00,-9999.00,-9999,-9999,-9999,-9999,-9999,-9999,-9999,1.981
49093,0.53,3.51,0.53,1.70,-0.40,0.07,-0.22,0.61,0.61,-9999.00,-9999.00,-9999,-9999,-9999,-9999,-9999,-9999,-9999,1.982
49094,2.02,2.99,2.02,2.42,-0.86,0.02,0.42,2.14,2.14,-9999.00,-9999.00,-9999,-9999,-9999,-9999,-9999,-9999,-9999,1.980
49095,1.89,7.86,1.89,1.22,-0.10,0.35,-0.45,2.34,2.34,-9999.00,-9999.00,-9999,-9999,-9999,-9999,-9999,-9999,-9999,1.980
49096,2.94,3.75,2.94,0.32,0.05,0.45,0.30,3.56,3.56,-9999.00,-9999.00,-9999,-9999,-9999,-9999,-9999,-9999,-9999,1.980
49097,0.91,0.86,0.91,1.38,-0.18,0.72,-0.20,1.70,1.70,-9999.00,-9999.00,-9999,-9999,-9999,-9999,-9999,-9999,-9999,1.979
49098,1.74,2.63,1.74,1.32,-0.01,0.30,0.20,2.17,2.17,-9999.00,-9999.00,-9999,-9999,-9999,-9999,-9999,-9999,-9999,1.980
49099,0.37,-0.23,0.37,1.15,0.86,0.54,0.07,0.94,0.94,-9999.00,-9999.00,-9999,-9999,-9999,-9999,-9999,-9999,-9999,1.979
49100,2.75,2.43,2.75,0.95,0.36,0.39,0.67,3.43,3.43,-9999.00,-9999.00,-9999,-9999,-9999,-9999,-9999,-9999,-9999,1.980
49101,1.44,-0.42,1.44,0.11,0.42,0.03,0.32,1.64,1.64,-9999.00,-9999.00,-9999,-9999,-9999,-9999,-9999,-9999,-9999,1.981
49102,3.98,-2.17,3.98,-0.40,0.89,-0.32,0.62,4.10,4.10,-9999.00,-9999.00,-9999,-9999,-9999,-9999,-9999,-9999,-9999,1.979
49103,1.25,4.83,1.25,-0.99,0.76,0.17,0.87,1.56,1.56,-9999.00,-9999.00,-9999,-9999,-9999,-9999,-9999,-9999,-9999,1.979
49104,2.32,-0.81,2.32,0.00,0.43,0.01,0.66,2.57,2.57,-9999.00,-9999.00,-9999,-9999,-9999,-9999,-9999,-9999,-9999,1.979
49105,0.90,4.81,0.90,-0.52,0.41,0.05,0.75,1.04,1.04,-9999.00,-9999.00,-9999,-9999,-9999,-9999,-9999,-9999,-9999,1.980
49106,0.33,-0.81,0.33,1.10,0.57,0.61,0.86,0.97,0.97,-9999.00,-9999.00,-9999,-9999,-9999,-9999,-9999,-9999,-9999,1.977
49107,1.43,7.10,1.43,0.14,-0.08,0.50,0.12,2.08,2.08,-9999.00,-9999.00,-9999,-9999,-9999,-9999,-9999,-9999,-9999,1.978
49108,2.18,4.08,2.18,1.27,-0.48,0.28,-0.45,2.69,2.69,-9999.00,-9999.00,-9999,-9999,-9999,-9999,-9999,-9999,-9999,1.978
49109,1.09,2.31,1.09,-0.44,-0.15,0.31,-0.45,1.51,1.51,-9999.00,-9999.00,-9999,-9999,-9999,-9999,-9999,-9999,-9999,1.978
49110,2.29,4.76,2.29,0.77,-0.50,0.14,-0.30,2.67,2.67,-9999.00,-9999.00,-9999,-9999,-9999,-9999,-9999,-9999,-9999,1.977
49111,1.10,2.95,1.10,-0.30,-0.24,-0.22,-0.33,0.98,0.98,-9999.00,-9999.00,-9999,-9999,-9999,-9999,-9999,-9999,-9999,1.979
49112,2.34,6.60,2.34,0.32,-0.21,0.00,0.77,2.57,2.57,-9999.00,-9999.00,-9999,-9999,-9999,-9999,-9999,-9999,-9999,1.978
49113,1.37,6.50,1.37,-1.07,0.50,0.04,1.06,1.53,1.53,-9999.00,-9999.00,-9999,-9999,-9999,-9999,-9999,-9999,-9999,1.979
49114,2.83,6.63,2.83,1.28,0.63,-0.01,1.12,3.08,3.08,-9999.00,-9999.00,-9999,-9999,-9999,-9999,-9999,-9999,-9999,1.979
49115,1.49,4.44,1.49,0.86,0.84,0.23,0.81,1.86,1.86,-9999.00,-9999.00,-9999,-9999,-9999,-9999,-9999,-9999,-9999,1.978
49116,1.98,3.27,1.98,1.28,0.46,0.49,0.92,2.67,2.67,-9999.00,-9999.00,-9999,-9999,-9999,-9999,-9999,-9999,-9999,1.980
49117,1.95,0.39,1.95,1.23,0.82,0.28,0.00,2.44,2.44,-9999.00,-9999.00,-9999,-9999,-9999,-9999,-9999,-9999,-9999,1.980
49118,2.57,1.85,2.57,0.14,0.30,0.33,-0.14,3.20,3.20,-9999.00,-9999.00,-9999,-9999,-9999,-9999,-9999,-9999,-9999,1.979
49119,2.39,3.45,2.39,0.19,-0.03,0.47,-0.15,3.12,3.12,-9999.00,-9999.00,-9999,-9999,-9999,-9999,-9999,-9999,-9999,1.978
49120,1.95,3.34,1.95,-0.52,0.39,0.42,-0.38,2.60,2.60,-9999.00,-9999.00,-9999,-9999,-9999,-9999,-9999,-9999,-9999,1.976
49121,1.99,5.97,1.99,-0.83,0.51,0.42,-0.43,2.62,2.62,-9999.00,-9999.00,-9999,-9999,-9999,-9999,-9999,-9999,-9999,1.976
49122,0.17,3.75,0.17,-0.90,0.23,0.62,-0.37,0.81,0.81,-9999.00,-9999.00,-9999,-9999,-9999,-9999,-9999,-9999,-9999,1.975
49123,1.72,3.84,1.72,-1.11,0.58,0.43,-0.16,2.31,2.31,-9999.00,-9999.00,-9999,-9999,-9999,-9999,-9999,-9999,-9999,1.975
49124,1.29,2.34,1.29,-0.56,0.91,0.57,0.27,1.99,1.99,-9999.00,-9999.00,-9999,-9999,-9999,-9999,-9999,-9999,-9999,1.975
49125,2.20,4.40,2.20,-0.77,0.70,0.68,0.79,3.07,3.07,-9999.00,-9999.00,-9999,-9999,-9999,-9999,-9999,-9999,-9999,1.975
49126,3.03,3.29,3.03,1.44,0.55,0.40,0.72,3.69,3.69,-9999.00,-9999.00,-9999,-9999,-9999,-9999,-9999,-9999,-9999,1.974
49127,2.44,3.68,2.44,-0.20,0.73,0.47,0.94,3.10,3.10,-9999.00,-9999.00,-9999,-9999,-9999,-9999,-9999,-9999,-9999,1.975
49128,3.75,1.56,3.75,1.42,0.73,0.66,1.05,4.67,4.67,-9999.00,-9999.00,-9999,-9999,-9999,-9999,-9999,-9999,-9999,1.975
49129,0.48,3.74,0.48,0.62,0.16,0.40,0.69,0.91,0.91,-9999.00,-9999.00,-9999,-9999,-9999,-9999,-9999,-9999,-9999,1.975
49130,0.71,2.33,0.71,-0.30,0.27,0.19,0.13,0.93,0.93,-9999.00,-9999.00,-9999,-9999,-9999,-9999,-9999,-9999,-9999,1.975
49131,2.46,3.21,2.46,1.07,0.34,0.27,-0.19,2.79,2.79,-9999.00,-9999.00,1.67,1.67,-9999,-9999,-9999,-9999,-9999,1.974
49132,1.02,2.25,1.02,-0.10,0.34,-0.22,0.12,0.84,0.84,-9999.00,-9999.00,1.34,1.34,-9999,0.719,0.743,-9999.000,0.743,1.977
49133,2.90,3.43,2.90,3.12,0.18,-0.47,-0.13,2.52,2.52,-9999.00,-9999.00,1.33,1.33,-9999,0.659,0.681,0.642,0.681,1.975
49134,1.05,-0.20,1.05,1.05,0.32,-0.28,-0.12,0.80,0.80,-9999.00,-9999.00,1.22,1.22,1.04,0.614,0.633,0.595,0.633,1.975
49135,1.41,1.98,1.41,0.14,-0.27,-0.30,-0.02,1.14,1.14,-9999.00,-9999.00,0.97,0.97,0.95,0.560,0.601,0.558,0.601,1.975
49136,-0.13,-1.99,-0.13,-1.36,-0.16,-0.38,0.31,-0.51,-0.51,-9999.00,-9999.00,0.77,0.77,0.87,0.544,0.605,0.558,0.605,1.976
49137,0.86,0.21,0.86,0.80,-0.35,-0.21,-0.11,0.64,0.64,-9999.00,-9999.00,0.55,0.55,0.77,0.555,0.637,0.585,0.637,1.975
49138,0.33,-1.30,0.33,-0.15,-0.46,-0.26,-0.14,0.07,0.07,-9999.00,-9999.00,0.41,0.41,0.71,0.588,0.676,0.627,0.676,1.976
49139,1.49,2.15,1.49,1.45,-0.42,0.04,0.59,1.51,1.51,-9999.00,-9999.00,0.37,0.37,0.55,0.639,0.720,0.667,0.720,1.977
49140,2.42,0.60,2.42,2.21,0.11,-0.06,0.81,2.33,2.33,-9999.00,-9999.00,0.33,0.33,0.42,0.696,0.774,0.717,0.774,1.977
49141,1.81,2.43,1.81,0.16,0.21,0.16,0.51,1.95,1.95,-9999.00,-9999.00,0.24,0.24,0.27,0.738,0.812,0.755,0.812,1.978
49142,0.30,-1.10,0.30,-0.08,0.58,0.34,0.73,0.64,0.64,-9999.00,-9999.00,0.23,0.23,-9999,0.754,0.824,0.769,0.824,1.978
49143,1.53,0.14,1.53,1.46,0.83,0.57,0.38,2.08,2.08,-9999.00,-9999.00,0.27,0.27,-9999,0.766,0.833,0.774,0.833,1.977
49144,1.15,-1.11,1.15,0.82,0.99,0.11,-0.82,1.26,1.26,-9999.00,-9999.00,0.35,0.35,-9999,0.779,0.840,0.778,0.840,1.975
