NASA Data Processing/NAAMES(2015)/OPTICAL/NAAMES-LARGE-OPTICAL_C130_20151117_R0.ict
85,1001
Anderson, Bruce E.
NASA Langley
In-situ optical aerosol measurements from the NASA C-130
NAAMES
1,1
2015,11,17,2016,12,02
1.0
UTC_mid,Secs after midnight,Time of acquisition
19
1,1,1,1,1,1,1,1,1,1,1,1,1,1,1,1,1,1,1
-9999,-9999,-9999,-9999,-9999,-9999,-9999,-9999,-9999,-9999,-9999,-9999,-9999,-9999,-9999,-9999,-9999,-9999,-9999
Sc550_total_amb, Mm-1, scattering coefficient of ambient  particles at 550nm
Sc450_total, Mm-1, Dry Scattering at 450nm (Total Aerosols)
Sc550_total, Mm-1, Dry Scattering at 550nm (Total Aerosols)
Sc700_total, Mm-1, Dry Scattering at 700nm (Total Aerosols)
Abs470_total, Mm-1,Dry absorption at 470nm (Total Aerosols)
Abs532_total, Mm-1,Dry absorption at 532nm (Total Aerosols)
Abs660_total, Mm-1,Dry absorption at 660nm (Total Aerosols)
Ext532_total_amb, Mm-1, extinction coefficient of aerosols at 532nm for AMBIENT relative humidity
Ext532_total_dry, Mm-1, extinction coefficient of aerosols at 532nm for DRY relative humidity
gamma550, unitless, derived hygroscopic growth factor for particles at 550nm
fRH550_RH20to80, unitless, derived hygroscopic growth parameter for particles at 550nm
AEscatAMB_450to700nm,unitless,derived ambient Angstrom Exponent for scattering coefficient over wavelength range from 450nm to 700nm
AEscatDRY_450to700nm,unitless,derived dry Angstrom Exponent for scattering coefficient over wavelength range from 450nm to 700nm
AE_Absorption_450to700nm,unitless,derived dry Angstrom Exponent for absorption coefficient over wavelength range from 450nm to 700nm
SSA_dry_450nm,unitless, single_scattering_albedo_at_450nm_as_derived_from_dry_scattering_and_absorption
SSA_dry_550nm,unitless, single_scattering_albedo_at_550nm_as_derived_from_dry_scattering_and_absorption
SSA_dry_700nm,unitless, single_scattering_albedo_at_700nm_as_derived_from_dry_scattering_and_absorption
SSA_amb_550nm,unitless, single_scattering_albedo_at_550nm_as_derived_from_ambeint_scattering_and_absorption
stdPT,unitless, Conversion factor to convert between ambient and standard pressure and temperature conditions
0
52
******************************************************************************************************************
Langley Aerosol data from the 2015 NAAMES field campaign
 
PI_CONTACT_INFO: Bruce.E.Anderson@nasa.gov
PLATFORM: NASA C-130 aircraft
LOCATION: Latitude, Longitude, and Altitude included in Hskping files
ASSOCIATED_DATA: Cloud penetration flag (i.e. periods of potential inlet shatter issues) can be found in the NAAMES-LARGE-CloudFlag files
INSTRUMENT_INFO: Flagged data are due to missing data or to instrument issues
SCATTERING: 
   - Total Aerosol Scattering from TSI-3563 Nephelometers
   - Scattering coefficients are corrected for truncation errors using Anderson and Ogren AS&T, 29, 57-69, 1998
   - Ambient scattering is computed from the dry scatteing, the f(RH) growth factor, and ambient RH measured by Hskping
ABSORPTION: 
   - Absorption Data from Radiance Research 3-wavelength PSAPs
   - Data were corrected for a variety of errors using Virkkula, AS&T, 44:706-712, 2010
   - The new Virkkula correction is about 40% higher than the 2005 correction
EXTINCTION: 
   - Extinction is calculated as the sum of scattering and absorption
   - The 550nm scattering coefficients were adjusted to 532 nm using the measured angstrom exponent
[...]
ANGSTROM EXPONENT AND SSA CALCULATIONS: 
   - The Absorption coefficients were corrected to the wavelengths of the TSI nepholometer using the measured angstrom exponents
   - The scattering and absorption coefficients were smoothed with a 30s running average to compute the SSA and AE
   - Ambient SSA is calculated with ambient scattering and dry absorption
   - SSA is computed only when both scattering and absorption are greater than 1 Mm-1
   - Scattering Angstrom Exponents are computed only when relevant scattering measurements are greater than 1 Mm-1
   - Absorption Angstrom Exponents are computed only when relevant absorption measurements are greater than 2 Mm-1
DATA_INFO: Aerosol measurements are reported at standard temperature and pressure (0 deg C, 1013 mb) and time synced to the CDP cloud probe instrument
UNCERTAINTY: all data are 5%
ULOD_FLAG: -7777
ULOD_VALUE: N/A
LLOD_FLAG: -8888
LLOD_VALUE: N/A
DM_CONTACT_INFO: Michael Shook (michael.shook@nasa.gov)
PROJECT_INFO: NAAMES 2015
STIPULATIONS_ON_USE: This is FINAL data.  Users are strongly encouraged to consult with the PI or DM for proper data use.
OTHER_COMMENTS: none
REVISION: R0
R0: None
******************************************************************************************************************
UTC_mid,Sc550_total_amb,Sc450_total,Sc550_total,Sc700_total,Abs470_total,Abs532_total,Abs660_total,Ext532_total_amb,Ext532_total_dry,gamma550,fRH550_RH20to80,AEscatAMB_450to700nm,AEscatDRY_450to700nm,AE_Absorption_450to700nm,SSA_dry_450nm,SSA_dry_550nm,SSA_dry_700nm,SSA_amb_550nm,stdPT
[from data line 18508]
55016,2.01,2.60,2.01,1.93,-0.33,-0.41,-0.25,1.63,1.63,-9999.00,-9999.00,0.30,0.30,-9999,-9999,-9999,-9999,-9999,1.056
55017,2.02,-0.11,2.02,0.99,-0.22,-0.22,-0.23,1.84,1.84,-9999.00,-9999.00,0.33,0.33,-9999,-9999,-9999,-9999,-9999,1.056
55018,4.15,2.80,4.15,1.93,-0.18,-0.04,-0.18,4.21,4.21,-9999.00,-9999.00,0.40,0.40,-9999,-9999,-9999,-9999,-9999,1.056
55019,2.25,2.99,2.25,0.96,0.17,0.11,0.10,2.41,2.41,-9999.00,-9999.00,0.36,0.36,-9999,-9999,-9999,-9999,-9999,1.055
55020,3.20,1.54,3.20,5.24,0.32,0.45,0.04,3.72,3.72,-9999.00,-9999.00,0.44,0.44,-9999,-9999,-9999,-9999,-9999,1.054
55021,2.49,4.16,2.49,2.97,0.49,0.58,0.39,3.13,3.13,-9999.00,-9999.00,0.50,0.50,-9999,-9999,-9999,-9999,-9999,1.054
55022,3.98,4.23,3.98,4.90,0.43,0.43,0.30,4.51,4.51,-9999.00,-9999.00,0.59,0.59,-9999,-9999,-9999,-9999,-9999,1.054
55023,7.11,4.58,7.11,4.61,0.36,0.26,0.16,7.54,7.54,-9999.00,-9999.00,0.64,0.64,-9999,-9999,-9999,-9999,-9999,1.053
55024,7.62,5.42,7.62,3.95,0.07,0.18,0.04,7.98,7.98,-9999.00,-9999.00,0.70,0.70,-9999,-9999,-9999,-9999,-9999,1.052
55025,6.44,4.84,6.44,3.77,-0.20,-0.20,-0.15,6.42,6.42,-9999.00,-9999.00,0.77,0.77,-9999,-9999,-9999,-9999,-9999,1.052
55026,5.81,7.04,5.81,3.82,-0.46,-0.41,-0.42,5.60,5.60,-9999.00,-9999.00,0.91,0.91,-9999,-9999,-9999,-9999,-9999,1.051
55027,5.14,8.01,5.14,3.08,-0.34,-0.27,-0.08,5.04,5.04,-9999.00,-9999.00,0.83,0.83,-9999,-9999,-9999,-9999,-9999,1.051
55028,3.91,7.52,3.91,3.15,-0.06,-0.12,0.05,3.93,3.93,-9999.00,-9999.00,0.81,0.81,-9999,-9999,-9999,-9999,-9999,1.050
55029,4.11,7.47,4.11,3.69,0.15,0.01,0.04,4.26,4.26,-9999.00,-9999.00,0.79,0.79,-9999,-9999,-9999,-9999,-9999,1.050
55030,4.08,3.78,4.08,8.13,0.58,0.30,0.52,4.51,4.51,-9999.00,-9999.00,0.78,0.78,-9999,-9999,-9999,-9999,-9999,1.050
55031,7.12,7.55,7.12,5.39,0.68,0.32,0.61,7.68,7.68,-9999.00,-9999.00,0.79,0.79,-9999,-9999,-9999,-9999,-9999,1.050
55032,4.76,7.79,4.76,5.89,0.57,0.34,0.33,5.26,5.26,-9999.00,-9999.00,0.76,0.76,-9999,-9999,-9999,-9999,-9999,1.051
55033,5.27,10.76,5.27,4.77,0.38,0.26,0.48,5.72,5.72,-9999.00,-9999.00,0.74,0.74,-9999,-9999,-9999,-9999,-9999,1.052
55034,5.44,4.87,5.44,6.88,0.36,0.15,0.53,5.79,5.79,-9999.00,-9999.00,0.73,0.73,-9999,-9999,-9999,-9999,-9999,1.053
55035,7.69,8.56,7.69,5.02,0.03,-0.03,0.02,7.94,7.94,-9999.00,-9999.00,0.74,0.74,-9999,-9999,-9999,-9999,-9999,1.053
55036,5.72,7.18,5.72,5.51,0.17,0.19,-0.12,6.14,6.14,-9999.00,-9999.00,0.80,0.80,-9999,-9999,-9999,-9999,-9999,1.053
55037,7.64,10.59,7.64,5.10,0.26,0.09,0.34,8.03,8.03,-9999.00,-9999.00,0.81,0.81,-9999,-9999,-9999,-9999,-9999,1.053
55038,5.79,7.76,5.79,4.22,0.30,0.39,0.49,6.42,6.42,-9999.00,-9999.00,0.82,0.82,-9999,-9999,-9999,-9999,-9999,1.053
55039,8.17,9.89,8.17,5.00,0.57,0.63,0.61,9.15,9.15,-9999.00,-9999.00,0.82,0.82,-9999,-9999,-9999,-9999,-9999,1.052
55040,5.30,10.09,5.30,3.96,0.60,0.59,0.89,6.15,6.15,-9999.00,-9999.00,0.83,0.83,-9999,-9999,-9999,-9999,-9999,1.052
55041,9.59,15.03,9.59,5.20,0.47,0.52,1.12,10.57,10.57,-9999.00,-9999.00,0.82,0.82,-9999,-9999,-9999,-9999,-9999,1.052
55042,9.79,11.94,9.79,11.15,0.45,0.80,0.81,11.06,11.06,-9999.00,-9999.00,0.81,0.81,-9999,-9999,-9999,-9999,-9999,1.052
55043,12.82,16.87,12.82,13.05,0.59,0.68,0.44,14.11,14.11,-9999.00,-9999.00,0.80,0.80,-9999,-9999,-9999,-9999,-9999,1.051
55044,16.15,17.59,16.15,14.42,0.48,0.59,0.25,17.51,17.51,-9999.00,-9999.00,0.78,0.78,-9999,-9999,-9999,-9999,-9999,1.051
55045,13.82,17.32,13.82,13.40,0.44,0.60,0.17,15.07,15.07,-9999.00,-9999.00,0.77,0.77,-9999,-9999,-9999,-9999,-9999,1.051
55046,13.67,17.27,13.67,12.85,0.59,0.40,-0.15,14.72,14.72,-9999.00,-9999.00,0.81,0.81,-9999,-9999,-9999,-9999,-9999,1.050
55047,13.82,17.19,13.82,15.04,0.38,0.07,-0.25,14.55,14.55,-9999.00,-9999.00,0.81,0.81,-9999,-9999,-9999,-9999,-9999,1.051
55048,12.31,14.92,12.31,13.37,0.06,-0.24,-0.28,12.64,12.64,-9999.00,-9999.00,0.82,0.82,-9999,-9999,-9999,-9999,-9999,1.051
55049,14.27,17.21,14.27,12.68,-0.04,-0.34,-0.14,14.54,14.54,-9999.00,-9999.00,0.78,0.78,-9999,-9999,-9999,-9999,-9999,1.051
55050,11.95,15.18,11.95,8.68,-0.09,-0.31,-0.00,12.17,12.17,-9999.00,-9999.00,0.81,0.81,-9999,-9999,-9999,-9999,-9999,1.051
55051,11.80,17.26,11.80,10.96,-0.27,-0.24,-0.11,12.07,12.07,-9999.00,-9999.00,0.81,0.81,-9999,-9999,-9999,-9999,-9999,1.051
55052,10.03,14.09,10.03,9.23,-0.08,-0.14,-0.07,10.32,10.32,-9999.00,-9999.00,0.82,0.82,-9999,-9999,-9999,-9999,-9999,1.050
55053,10.87,15.93,10.87,11.30,-0.04,-0.02,0.08,11.32,11.32,-9999.00,-9999.00,0.78,0.78,-9999,-9999,-9999,-9999,-9999,1.050
55054,9.20,12.34,9.20,10.71,0.16,0.00,0.17,9.60,9.60,-9999.00,-9999.00,0.78,0.78,-9999,-9999,-9999,-9999,-9999,1.050
55055,9.44,15.35,9.44,10.01,0.11,-0.00,-0.02,9.86,9.86,-9999.00,-9999.00,0.77,0.77,-9999,-9999,-9999,-9999,-9999,1.050
55056,10.87,12.14,10.87,8.94,-0.02,-0.14,0.15,11.21,11.21,-9999.00,-9999.00,0.76,0.76,-9999,-9999,-9999,-9999,-9999,1.050
55057,9.97,13.47,9.97,9.54,-0.07,-0.01,0.25,10.40,10.40,-9999.00,-9999.00,0.72,0.72,-9999,-9999,-9999,-9999,-9999,1.050
55058,9.38,12.33,9.38,8.26,-0.26,-0.07,-0.05,9.72,9.72,-9999.00,-9999.00,0.73,0.73,-9999,-9999,-9999,-9999,-9999,1.050
55059,10.38,15.72,10.38,11.16,-0.32,0.05,-0.30,10.88,10.88,-9999.00,-9999.00,0.74,0.74,-9999,-9999,-9999,-9999,-9999,1.049
55060,11.89,16.25,11.89,10.21,-0.32,0.09,-0.16,12.49,12.49,-9999.00,-9999.00,0.74,0.74,-9999,-9999,-9999,-9999,-9999,1.049
55061,12.12,15.07,12.12,11.30,0.13,0.36,-0.25,12.98,12.98,-9999.00,-9999.00,0.74,0.74,-9999,-9999,-9999,-9999,-9999,1.049
55062,12.54,16.62,12.54,11.60,0.31,0.28,-0.12,13.34,13.34,-9999.00,-9999.00,0.73,0.73,-9999,-9999,-9999,-9999,-9999,1.049
55063,12.07,14.56,12.07,10.20,0.63,0.36,0.23,12.91,12.91,-9999.00,-9999.00,0.72,0.72,-9999,-9999,-9999,-9999,-9999,1.049
55064,15.30,15.77,15.30,12.95,0.44,0.14,0.34,16.05,16.05,-9999.00,-9999.00,0.75,0.75,-9999,-9999,-9999,-9999,-9999,1.049
55065,11.54,14.86,11.54,10.06,0.69,0.23,0.43,12.21,12.21,-9999.00,-9999.00,0.70,0.70,-9999,-9999,-9999,-9999,-9999,1.049
55066,15.40,15.75,15.40,10.67,0.45,0.14,0.37,16.12,16.12,-9999.00,-9999.00,0.69,0.69,-9999,-9999,-9999,-9999,-9999,1.049
55067,11.52,15.40,11.52,9.81,0.19,0.03,0.05,11.99,11.99,-9999.00,-9999.00,0.68,0.68,-9999,-9999,-9999,-9999,-9999,1.049
55068,10.11,12.24,10.11,10.72,0.17,0.12,-0.10,10.62,10.62,-9999.00,-9999.00,0.68,0.68,-9999,-9999,-9999,-9999,-9999,1.049
55069,10.35,13.99,10.35,9.55,0.35,0.25,-0.01,10.99,10.99,-9999.00,-9999.00,0.68,0.68,-9999,-9999,-9999,-9999,-9999,1.049
55070,7.38,15.61,7.38,9.73,0.02,0.23,-0.21,7.88,7.88,-9999.00,-9999.00,0.71,0.71,-9999,-9999,-9999,-9999,-9999,1.050
55071,9.31,12.89,9.31,8.20,0.08,0.13,-0.05,9.78,9.78,-9999.00,-9999.00,0.70,0.70,-9999,-9999,-9999,-9999,-9999,1.049
55072,10.51,13.17,10.51,9.23,0.15,0.12,0.26,11.01,11.01,0.67,2.53,0.72,0.72,-9999,-9999,-9999,-9999,-9999,1.049
55073,13.18,14.86,13.18,11.64,-0.05,-0.10,0.23,13.58,13.58,0.49,1.97,0.73,0.73,-9999,-9999,-9999,-9999,-9999,1.049
55074,9.84,13.15,9.84,9.08,-0.06,-0.14,0.06,10.07,10.07,0.73,2.75,0.74,0.74,-9999,-9999,-9999,-9999,-9999,1.048
55075,13.40,14.42,13.40,12.41,0.17,-0.17,0.22,13.74,13.74,0.29,1.49,0.75,0.75,-9999,-9999,-9999,-9999,-9999,1.048
55076,12.52,12.40,12.52,9.71,0.20,-0.15,0.07,12.83,12.83,0.51,2.04,0.75,0.75,-9999,-9999,-9999,-9999,-9999,1.048
55077,13.59,14.85,13.59,13.01,0.09,-0.10,-0.18,14.01,14.01,0.28,1.48,0.75,0.75,-9999,-9999,-9999,-9999,-9999,1.049
55078,11.13,10.21,11.13,10.83,0.30,-0.06,-0.27,11.49,11.49,0.42,1.78,0.73,0.73,-9999,-9999,-9999,-9999,-9999,1.049
55079,8.84,10.93,8.84,7.02,0.05,-0.06,-0.16,9.11,9.11,0.50,2.01,0.72,0.72,-9999,-9999,-9999,-9999,-9999,1.049
55080,10.41,8.32,10.41,12.23,-0.17,-0.04,-0.28,10.77,10.77,0.47,1.91,0.71,0.71,-9999,-9999,-9999,-9999,-9999,1.050
55081,7.99,9.84,7.99,6.43,-0.22,-0.04,-0.02,8.25,8.25,0.34,1.61,0.72,0.72,-9999,-9999,-9999,-9999,-9999,1.050
55082,6.26,9.99,6.26,6.88,-0.30,-0.02,-0.09,6.48,6.48,0.68,2.58,0.71,0.71,-9999,-9999,-9999,-9999,-9999,1.051
55083,6.21,9.84,6.21,6.39,-0.37,-0.22,-0.08,6.23,6.23,0.62,2.37,0.71,0.71,-9999,-9999,-9999,-9999,-9999,1.051
55084,5.45,8.20,5.45,5.32,-0.20,-0.20,-0.12,5.45,5.45,0.67,2.54,0.72,0.72,-9999,-9999,-9999,-9999,-9999,1.050
55085,6.73,7.38,6.73,3.91,0.05,-0.08,-0.09,6.89,6.89,0.48,1.94,0.73,0.73,-9999,-9999,-9999,-9999,-9999,1.050
55086,5.56,9.00,5.56,5.46,0.06,-0.01,-0.19,5.72,5.72,0.52,2.07,0.69,0.69,-9999,-9999,-9999,-9999,-9999,1.051
55087,7.28,8.71,7.28,5.00,0.15,-0.03,0.01,7.46,7.46,0.44,1.85,0.68,0.68,-9999,-9999,-9999,-9999,-9999,1.051
55088,5.72,10.32,5.72,5.53,0.18,0.26,0.14,6.15,6.15,0.51,2.03,0.66,0.66,-9999,-9999,-9999,-9999,-9999,1.052
55089,6.80,8.99,6.80,4.27,0.07,0.24,0.09,7.24,7.24,0.39,1.71,0.64,0.64,-9999,-9999,-9999,-9999,-9999,1.051
55090,4.75,9.09,4.75,5.66,0.06,0.14,0.20,5.03,5.03,0.46,1.89,0.65,0.65,-9999,-9999,-9999,-9999,-9999,1.051
55091,6.82,8.17,6.82,4.63,0.10,0.05,0.49,7.08,7.08,0.24,1.39,0.66,0.66,-9999,-9999,-9999,-9999,-9999,1.051
55092,6.11,9.92,6.11,7.12,0.12,0.19,0.17,6.49,6.49,0.34,1.60,0.69,0.69,-9999,-9999,-9999,-9999,-9999,1.051
55093,5.95,6.00,5.95,6.73,0.34,0.07,0.20,6.22,6.22,0.32,1.57,0.72,0.72,-9999,-9999,-9999,-9999,-9999,1.051
55094,6.47,8.26,6.47,6.70,0.36,0.18,0.38,6.87,6.87,0.47,1.93,0.77,0.77,-9999,-9999,-9999,-9999,-9999,1.050
55095,5.96,5.94,5.96,6.11,0.41,0.41,0.41,6.56,6.56,0.59,2.26,0.75,0.75,-9999,-9999,-9999,-9999,-9999,1.051
55096,8.66,11.04,8.66,6.49,0.25,0.34,0.11,9.31,9.31,0.34,1.60,0.81,0.81,-9999,-9999,-9999,-9999,-9999,1.052
55097,9.09,9.82,9.09,7.84,0.29,0.16,0.43,9.56,9.56,0.36,1.64,0.79,0.79,-9999,-9999,-9999,-9999,-9999,1.051
55098,9.96,11.86,9.96,7.28,0.12,0.20,0.43,10.48,10.48,0.32,1.55,0.78,0.78,-9999,-9999,-9999,-9999,-9999,1.052
55099,10.01,10.28,10.01,8.17,0.08,0.15,0.29,10.46,10.46,0.17,1.27,0.76,0.76,-9999,-9999,-9999,-9999,-9999,1.050
55100,9.54,10.73,9.54,6.25,-0.07,-0.06,-0.01,9.76,9.76,0.31,1.54,0.75,0.75,-9999,-9999,-9999,-9999,-9999,1.051
55101,10.89,10.49,10.89,9.96,0.01,-0.06,0.27,11.11,11.11,0.31,1.53,0.66,0.66,-9999,-9999,-9999,-9999,-9999,1.050
55102,9.05,10.62,9.05,7.37,0.14,-0.05,-0.02,9.21,9.21,0.40,1.74,0.64,0.64,-9999,-9999,-9999,-9999,-9999,1.050
55103,6.31,8.40,6.31,7.96,0.01,-0.08,-0.17,6.36,6.36,0.46,1.89,0.56,0.56,-9999,-9999,-9999,-9999,-9999,1.050
55104,9.40,10.09,9.40,9.80,-0.06,-0.11,-0.44,9.46,9.46,0.15,1.23,0.52,0.52,-9999,-9999,-9999,-9999,-9999,1.050
55105,7.66,11.07,7.66,6.73,-0.10,-0.17,-0.22,7.62,7.62,0.50,2.01,0.47,0.47,-9999,-9999,-9999,-9999,-9999,1.050
55106,10.91,11.84,10.91,8.93,-0.36,-0.34,-0.64,10.74,10.74,0.28,1.48,0.47,0.47,-9999,-9999,-9999,-9999,-9999,1.050
55107,8.45,9.39,8.45,4.61,-0.54,-0.31,-0.50,8.27,8.27,0.43,1.83,0.44,0.44,-9999,-9999,-9999,-9999,-9999,1.050
55108,8.37,9.88,8.37,6.58,-0.35,-0.37,-0.40,8.10,8.10,0.39,1.72,0.43,0.43,-9999,-9999,-9999,-9999,-9999,1.049
55109,7.63,7.79,7.63,4.52,-0.37,-0.29,-0.10,7.43,7.43,0.39,1.73,0.46,0.46,-9999,-9999,-9999,-9999,-9999,1.049
55110,7.57,8.93,7.57,7.56,-0.21,-0.10,-0.23,7.55,7.55,0.40,1.73,0.45,0.45,-9999,-9999,-9999,-9999,-9999,1.050
55111,6.69,7.92,6.69,6.20,0.02,0.04,0.25,6.82,6.82,0.45,1.87,0.48,0.48,-9999,-9999,-9999,-9999,-9999,1.050
55112,9.52,10.12,9.52,8.91,0.22,0.15,0.16,9.79,9.79,0.28,1.48,0.48,0.48,-9999,-9999,-9999,-9999,-9999,1.050
55113,8.13,7.15,8.13,5.80,0.26,0.44,0.14,8.67,8.67,0.10,1.15,0.48,0.48,-9999,-9999,-9999,-9999,-9999,1.051
55114,8.11,9.35,8.11,7.27,0.36,0.44,-0.01,8.62,8.62,0.21,1.33,0.40,0.40,-9999,-9999,-9999,-9999,-9999,1.051
55115,7.20,7.27,7.20,6.21,0.40,0.39,0.01,7.63,7.63,0.30,1.51,0.32,0.32,-9999,-9999,-9999,-9999,-9999,1.051
55116,8.54,4.05,8.54,9.00,0.44,0.18,-0.23,8.75,8.75,0.18,1.28,0.23,0.23,-9999,-9999,-9999,-9999,-9999,1.051
55117,7.11,7.81,7.11,7.11,0.17,0.12,-0.01,7.25,7.25,0.29,1.50,0.23,0.23,-9999,-9999,-9999,-9999,-9999,1.051
55118,6.28,5.37,6.28,9.85,0.07,-0.19,-0.03,6.09,6.09,0.18,1.28,0.20,0.20,-9999,-9999,-9999,-9999,-9999,1.051
55119,10.50,9.63,10.50,9.17,0.03,-0.19,0.22,10.29,10.29,-9999.00,-9999.00,0.21,0.21,-9999,-9999,-9999,-9999,-9999,1.051
55120,5.30,6.25,5.30,6.56,0.04,-0.13,0.38,5.16,5.16,0.26,1.43,0.22,0.22,-9999,-9999,-9999,-9999,-9999,1.051
55121,9.12,9.36,9.12,6.01,-0.04,-0.04,0.26,9.04,9.04,-9999.00,-9999.00,0.17,0.17,-9999,-9999,-9999,-9999,-9999,1.051
55122,5.48,6.35,5.48,6.36,0.11,-0.00,0.19,5.44,5.44,0.40,1.74,0.09,0.09,-9999,-9999,-9999,-9999,-9999,1.051
55123,9.50,8.27,9.50,6.47,0.32,0.16,0.12,9.58,9.58,-9999.00,-9999.00,0.02,0.02,-9999,-9999,-9999,-9999,-9999,1.051
55124,5.18,7.24,5.18,4.86,0.16,0.07,-0.11,5.20,5.20,0.40,1.75,0.00,0.00,-9999,-9999,-9999,-9999,-9999,1.050
55125,7.16,7.44,7.16,6.60,-0.03,-0.01,-0.13,7.09,7.09,0.13,1.20,-0.02,-0.02,-9999,-9999,-9999,-9999,-9999,1.050
55126,5.49,7.08,5.49,4.37,0.03,-0.01,0.03,5.45,5.45,0.30,1.53,0.01,0.01,-9999,-9999,-9999,-9999,-9999,1.050
55127,5.01,6.89,5.01,3.39,-0.11,0.00,-0.15,4.97,4.97,-9999.00,-9999.00,0.00,0.00,-9999,-9999,-9999,-9999,-9999,1.051
55128,6.38,7.10,6.38,5.10,-0.24,-0.21,-0.37,6.13,6.13,-9999.00,-9999.00,0.01,0.01,-9999,-9999,-9999,-9999,-9999,1.052
55129,5.49,1.74,5.49,6.94,-0.17,-0.18,-0.38,5.29,5.29,-9999.00,-9999.00,0.03,0.03,-9999,-9999,-9999,-9999,-9999,1.052
55130,6.26,2.08,6.26,8.46,0.04,-0.19,-0.28,6.08,6.08,-9999.00,-9999.00,0.04,0.04,-9999,-9999,-9999,-9999,-9999,1.052
55131,5.42,1.74,5.42,7.11,0.11,-0.25,-0.19,5.19,5.19,-9999.00,-9999.00,0.08,0.08,-9999,-9999,-9999,-9999,-9999,1.052
55132,5.29,4.83,5.29,4.86,0.08,-0.18,-0.10,5.14,5.14,-9999.00,-9999.00,0.15,0.15,-9999,-9999,-9999,-9999,-9999,1.052
55133,5.92,3.05,5.92,3.08,0.24,-0.19,0.32,5.77,5.77,-9999.00,-9999.00,0.14,0.14,-9999,-9999,-9999,-9999,-9999,1.053
55134,5.90,5.53,5.90,4.37,0.28,-0.20,0.30,5.76,5.76,-9999.00,-9999.00,0.22,0.22,-9999,-9999,-9999,-9999,-9999,1.053
55135,3.26,4.37,3.26,3.60,0.14,-0.23,-0.15,3.06,3.06,-9999.00,-9999.00,0.22,0.22,-9999,-9999,-9999,-9999,-9999,1.053
55136,4.90,4.81,4.90,5.87,0.07,-0.18,-0.30,4.77,4.77,-9999.00,-9999.00,0.24,0.24,-9999,-9999,-9999,-9999,-9999,1.053
55137,4.22,3.21,4.22,6.96,0.24,0.03,0.01,4.31,4.31,-9999.00,-9999.00,0.18,0.18,-9999,-9999,-9999,-9999,-9999,1.053
55138,4.20,3.47,4.20,5.50,0.16,0.10,-0.23,4.34,4.34,-9999.00,-9999.00,0.17,0.17,-9999,-9999,-9999,-9999,-9999,1.053
55139,3.41,5.02,3.41,2.85,0.06,0.36,-0.20,3.82,3.82,-9999.00,-9999.00,0.18,0.18,-9999,-9999,-9999,-9999,-9999,1.053
55140,3.63,3.81,3.63,2.81,0.16,0.37,0.07,4.04,4.04,-9999.00,-9999.00,0.15,0.15,-9999,-9999,-9999,-9999,-9999,1.054
55141,4.19,6.02,4.19,1.52,0.26,0.21,0.09,4.46,4.46,-9999.00,-9999.00,0.15,0.15,-9999,-9999,-9999,-9999,-9999,1.054
55142,5.20,4.54,5.20,3.95,0.08,0.08,-0.15,5.37,5.37,-9999.00,-9999.00,0.15,0.15,-9999,-9999,-9999,-9999,-9999,1.054
55143,4.32,7.80,4.32,5.86,0.01,0.01,-0.13,4.41,4.41,-9999.00,-9999.00,0.13,0.13,-9999,-9999,-9999,-9999,-9999,1.054
55144,4.68,7.52,4.68,4.35,0.16,-0.13,0.23,4.63,4.63,-9999.00,-9999.00,0.14,0.14,-9999,-9999,-9999,-9999,-9999,1.054
55145,2.47,7.78,2.47,5.35,0.15,-0.02,0.35,2.50,2.50,-9999.00,-9999.00,0.24,0.24,-9999,-9999,-9999,-9999,-9999,1.054
55146,4.84,7.67,4.84,3.57,0.01,0.00,0.57,4.96,4.96,-9999.00,-9999.00,0.37,0.37,-9999,-9999,-9999,-9999,-9999,1.054
55147,6.49,6.97,6.49,6.40,0.19,0.19,0.60,6.87,6.87,-9999.00,-9999.00,0.47,0.47,-9999,-9999,-9999,-9999,-9999,1.054
55148,4.90,4.61,4.90,4.59,0.29,0.35,0.63,5.39,5.39,-9999.00,-9999.00,0.48,0.48,-9999,-9999,-9999,-9999,-9999,1.054
55149,6.51,7.03,6.51,5.90,0.19,0.33,0.41,7.04,7.04,-9999.00,-9999.00,0.45,0.45,-9999,-9999,-9999,-9999,-9999,1.054
55150,4.01,4.72,4.01,4.74,0.20,0.22,0.16,4.36,4.36,-9999.00,-9999.00,0.46,0.46,-9999,-9999,-9999,-9999,-9999,1.054
55151,5.48,7.47,5.48,6.09,0.23,0.20,-0.00,5.84,5.84,-9999.00,-9999.00,0.46,0.46,-9999,-9999,-9999,-9999,-9999,1.054
55152,4.01,5.05,4.01,6.19,0.06,0.22,-0.07,4.33,4.33,-9999.00,-9999.00,0.49,0.49,-9999,-9999,-9999,-9999,-9999,1.052
55153,10.04,8.69,10.04,8.98,0.11,0.09,-0.17,10.37,10.37,-9999.00,-9999.00,0.55,0.55,-9999,-9999,-9999,-9999,-9999,1.053
