NASA Data Processing/NAAMES(2015)/OPTICAL/NAAMES-LARGE-OPTICAL_C130_20151114_R0.ict
85,1001
Anderson, Bruce E.
NASA Langley
In-situ optical aerosol measurements from the NASA C-130
NAAMES
1,1
2015,11,14,2016,12,02
1.0
UTC_mid,Secs after midnight,Time of acquisition
19
1,1,1,1,1,1,1,1,1,1,1,1,1,1,1,1,1,1,1
-9999,-9999,-9999,-9999,-9999,-9999,-9999,-9999,-9999,-9999,-9999,-9999,-9999,-9999,-9999,-9999,-9999,-9999,-9999
Sc550_total_amb, Mm-1, scattering coefficient of ambient  particles at 550nm
Sc450_total, Mm-1, Dry Scattering at 450nm (Total Aerosols)
Sc550_total, Mm-1, Dry Scattering at 550nm (Total Aerosols)
Sc700_total, Mm-1, Dry Scattering at 700nm (Total Aerosols)
Abs470_total, Mm-1,Dry absorption at 470nm (Total Aerosols)
Abs532_total, Mm-1,Dry absorption at 532nm (Total Aerosols)
Abs660_total, Mm-1,Dry absorption at 660nm (Total Aerosols)
Ext532_total_amb, Mm-1, extinction coefficient of aerosols at 532nm for AMBIENT relative humidity
Ext532_total_dry, Mm-1, extinction coefficient of aerosols at 532nm for DRY relative humidity
gamma550, unitless, derived hygroscopic growth factor for particles at 550nm
fRH550_RH20to80, unitless, derived hygroscopic growth parameter for particles at 550nm
AEscatAMB_450to700nm,unitless,derived ambient Angstrom Exponent for scattering coefficient over wavelength range from 450nm to 700nm
AEscatDRY_450to700nm,unitless,derived dry Angstrom Exponent for scattering coefficient over wavelength range from 450nm to 700nm
AE_Absorption_450to700nm,unitless,derived dry Angstrom Exponent for absorption coefficient over wavelength range from 450nm to 700nm
SSA_dry_450nm,unitless, single_scattering_albedo_at_450nm_as_derived_from_dry_scattering_and_absorption
SSA_dry_550nm,unitless, single_scattering_albedo_at_550nm_as_derived_from_dry_scattering_and_absorption
SSA_dry_700nm,unitless, single_scattering_albedo_at_700nm_as_derived_from_dry_scattering_and_absorption
SSA_amb_550nm,unitless, single_scattering_albedo_at_550nm_as_derived_from_ambeint_scattering_and_absorption
stdPT,unitless, Conversion factor to convert between ambient and standard pressure and temperature conditions
0
52
******************************************************************************************************************
Langley Aerosol data from the 2015 NAAMES field campaign
 
PI_CONTACT_INFO: Bruce.E.Anderson@nasa.gov
PLATFORM: NASA C-130 aircraft
LOCATION: Latitude, Longitude, and Altitude included in Hskping files
ASSOCIATED_DATA: Cloud penetration flag (i.e. periods of potential inlet shatter issues) can be found in the NAAMES-LARGE-CloudFlag files
INSTRUMENT_INFO: Flagged data are due to missing data or to instrument issues
SCATTERING: 
   - Total Aerosol Scattering from TSI-3563 Nephelometers
   - Scattering coefficients are corrected for truncation errors using Anderson and Ogren AS&T, 29, 57-69, 1998
   - Ambient scattering is computed from the dry scatteing, the f(RH) growth factor, and ambient RH measured by Hskping
ABSORPTION: 
   - Absorption Data from Radiance Research 3-wavelength PSAPs
   - Data were corrected for a variety of errors using Virkkula, AS&T, 44:706-712, 2010
   - The new Virkkula correction is about 40% higher than the 2005 correction
EXTINCTION: 
   - Extinction is calculated as the sum of scattering and absorption
   - The 550nm scattering coefficients were adjusted to 532 nm using the measured angstrom exponent
[...]
ANGSTROM EXPONENT AND SSA CALCULATIONS: 
   - The Absorption coefficients were corrected to the wavelengths of the TSI nepholometer using the measured angstrom exponents
   - The scattering and absorption coefficients were smoothed with a 30s running average to compute the SSA and AE
   - Ambient SSA is calculated with ambient scattering and dry absorption
   - SSA is computed only when both scattering and absorption are greater than 1 Mm-1
   - Scattering Angstrom Exponents are computed only when relevant scattering measurements are greater than 1 Mm-1
   - Absorption Angstrom Exponents are computed only when relevant absorption measurements are greater than 2 Mm-1
DATA_INFO: Aerosol measurements are reported at standard temperature and pressure (0 deg C, 1013 mb) and time synced to the CDP cloud probe instrument
UNCERTAINTY: all data are 5%
ULOD_FLAG: -7777
ULOD_VALUE: N/A
LLOD_FLAG: -8888
LLOD_VALUE: N/A
DM_CONTACT_INFO: Michael Shook (michael.shook@nasa.gov)
PROJECT_INFO: NAAMES 2015
STIPULATIONS_ON_USE: This is FINAL data.  Users are strongly encouraged to consult with the PI or DM for proper data use.
OTHER_COMMENTS: none
REVISION: R0
R0: None
******************************************************************************************************************
UTC_mid,Sc550_total_amb,Sc450_total,Sc550_total,Sc700_total,Abs470_total,Abs532_total,Abs660_total,Ext532_total_amb,Ext532_total_dry,gamma550,fRH550_RH20to80,AEscatAMB_450to700nm,AEscatDRY_450to700nm,AE_Absorption_450to700nm,SSA_dry_450nm,SSA_dry_550nm,SSA_dry_700nm,SSA_amb_550nm,stdPT
[from data line 14846]
52484,0.71,5.64,0.71,2.32,1.01,0.79,-0.18,1.67,1.67,-9999.00,-9999.00,-9999,-9999,-9999,-9999,-9999,-9999,-9999,2.031
52485,0.97,3.05,0.97,0.85,0.60,0.58,-0.50,1.76,1.76,-9999.00,-9999.00,-9999,-9999,-9999,-9999,-9999,-9999,-9999,2.031
52486,2.57,5.58,2.57,0.60,0.31,0.39,-0.04,3.48,3.48,-9999.00,-9999.00,-9999,-9999,-9999,-9999,-9999,-9999,-9999,2.032
52487,1.15,4.94,1.15,1.44,-0.09,0.38,-0.91,1.74,1.74,-9999.00,-9999.00,-9999,-9999,-9999,-9999,-9999,-9999,-9999,2.031
52488,2.10,2.69,2.10,1.64,-0.37,0.35,0.05,2.82,2.82,-9999.00,-9999.00,2.82,2.82,-9999,-9999,-9999,-9999,-9999,2.030
52489,0.86,0.36,0.86,1.01,0.12,0.05,0.60,1.06,1.06,-9999.00,-9999.00,2.74,2.74,-9999,-9999,-9999,-9999,-9999,2.030
52490,2.71,2.53,2.71,3.41,0.07,-0.12,0.41,3.05,3.05,-9999.00,-9999.00,2.59,2.59,-9999,-9999,-9999,-9999,-9999,2.031
52491,4.03,-0.13,4.03,1.30,0.13,-0.32,0.85,4.34,4.34,-9999.00,-9999.00,2.47,2.47,-9999,-9999,-9999,-9999,-9999,2.030
52492,0.19,7.00,0.19,2.55,-0.08,-0.06,0.86,0.16,0.16,-9999.00,-9999.00,2.30,2.30,-9999,-9999,-9999,-9999,-9999,2.030
52493,-0.91,4.44,-0.91,1.52,0.06,0.11,-0.08,-0.91,-0.91,-9999.00,-9999.00,2.04,2.04,-9999,-9999,-9999,-9999,-9999,2.030
52494,0.37,6.14,0.37,1.04,0.15,0.34,0.20,0.75,0.75,-9999.00,-9999.00,1.86,1.86,-9999,-9999,-9999,-9999,-9999,2.030
52495,3.07,4.52,3.07,0.89,0.21,0.04,0.67,3.49,3.49,-9999.00,-9999.00,1.73,1.73,-9999,-9999,-9999,-9999,-9999,2.029
52496,4.49,5.66,4.49,0.82,0.36,0.39,0.21,5.43,5.43,-9999.00,-9999.00,1.63,1.63,-9999,-9999,-9999,-9999,-9999,2.029
52497,3.31,3.41,3.31,1.07,0.34,0.18,0.99,3.91,3.91,-9999.00,-9999.00,1.64,1.64,-9999,-9999,-9999,-9999,-9999,2.029
52498,2.67,3.75,2.67,-0.28,0.25,0.26,2.53,3.27,3.27,-9999.00,-9999.00,1.72,1.72,-9999,-9999,-9999,-9999,-9999,2.029
52499,2.35,3.27,2.35,1.23,0.25,0.54,1.97,3.16,3.16,-9999.00,-9999.00,1.71,1.71,-9999,-9999,-9999,-9999,-9999,2.028
52500,2.11,2.85,2.11,0.12,0.47,0.74,2.10,3.07,3.07,-9999.00,-9999.00,1.65,1.65,-9999,-9999,-9999,-9999,-9999,2.027
52501,4.62,4.27,4.62,2.78,0.53,0.56,1.85,5.60,5.60,-9999.00,-9999.00,1.56,1.56,-9999,-9999,-9999,-9999,-9999,2.028
52502,2.00,3.97,2.00,2.21,1.06,1.02,1.81,3.20,3.20,-9999.00,-9999.00,1.36,1.36,-9999,-9999,-9999,-9999,-9999,2.028
52503,2.96,2.15,2.96,5.16,1.28,0.82,0.62,4.03,4.03,-9999.00,-9999.00,1.28,1.28,-9999,-9999,-9999,-9999,-9999,2.028
52504,0.47,2.60,0.47,1.93,1.17,0.94,0.89,1.45,1.45,-9999.00,-9999.00,1.47,1.47,-9999,-9999,-9999,-9999,-9999,2.028
52505,-1.40,0.66,-1.40,-0.26,1.02,1.05,0.13,-0.49,-0.49,-9999.00,-9999.00,1.62,1.62,-9999,-9999,-9999,-9999,-9999,2.027
52506,0.80,-0.83,0.80,-0.75,0.85,0.79,-0.50,1.68,1.68,-9999.00,-9999.00,1.92,1.92,-9999,-9999,-9999,-9999,-9999,2.027
52507,0.30,-1.72,0.30,-0.04,0.18,0.47,-1.27,0.82,0.82,-9999.00,-9999.00,-9999,-9999,-9999,-9999,-9999,-9999,-9999,2.028
52508,0.82,-4.26,0.82,0.81,0.26,0.39,-1.29,1.29,1.29,-9999.00,-9999.00,-9999,-9999,-9999,-9999,-9999,-9999,-9999,2.028
52509,0.16,0.80,0.16,2.04,-0.18,0.08,-1.40,0.25,0.25,-9999.00,-9999.00,-9999,-9999,-9999,-9999,-9999,-9999,-9999,2.028
52510,0.14,0.95,0.14,2.85,-0.18,-0.18,-1.12,-0.03,-0.03,-9999.00,-9999.00,-9999,-9999,-9999,-9999,-9999,-9999,-9999,2.028
52511,0.10,2.91,0.10,2.18,-0.10,-0.05,-0.24,0.05,0.05,-9999.00,-9999.00,-9999,-9999,-9999,-9999,-9999,-9999,-9999,2.028
52512,-0.31,3.81,-0.31,0.11,0.15,-0.04,-0.19,-0.38,-0.38,-9999.00,-9999.00,-9999,-9999,-9999,-9999,-9999,-9999,-9999,2.029
52513,0.86,6.14,0.86,0.62,0.29,0.05,0.09,1.00,1.00,-9999.00,-9999.00,-9999,-9999,-9999,-9999,-9999,-9999,-9999,2.028
52514,0.87,-1.00,0.87,-0.71,0.72,0.05,-0.44,1.04,1.04,-9999.00,-9999.00,-9999,-9999,-9999,-9999,-9999,-9999,-9999,2.029
52515,1.76,0.95,1.76,1.24,0.80,0.36,-0.33,-9999.00,-9999.00,-9999.00,-9999.00,-9999,-9999,-9999,-9999,-9999,-9999,-9999,2.029
52516,2.32,1.91,2.32,1.86,0.86,0.29,0.25,-9999.00,-9999.00,-9999.00,-9999.00,-9999,-9999,-9999,-9999,-9999,-9999,-9999,2.029
52517,1.39,2.90,1.39,2.78,0.74,0.31,1.00,-9999.00,-9999.00,-9999.00,-9999.00,-9999,-9999,-9999,-9999,-9999,-9999,-9999,2.029
52518,0.44,2.07,0.44,1.32,0.07,0.07,1.05,-9999.00,-9999.00,-9999.00,-9999.00,-9999,-9999,-9999,-9999,-9999,-9999,-9999,2.028
52519,1.33,3.99,1.33,-1.00,-0.13,-0.03,2.42,-9999.00,-9999.00,-9999.00,-9999.00,-9999,-9999,-9999,-9999,-9999,-9999,-9999,2.029
52520,0.24,1.90,0.24,-0.91,-0.07,-0.12,2.27,-9999.00,-9999.00,-9999.00,-9999.00,-9999,-9999,-9999,-9999,-9999,-9999,-9999,2.028
52521,0.92,4.39,0.92,-0.42,-0.21,0.05,1.17,-9999.00,-9999.00,-9999.00,-9999.00,-9999,-9999,-9999,-9999,-9999,-9999,-9999,2.028
52522,2.03,2.71,2.03,-1.98,0.14,0.28,0.40,-9999.00,-9999.00,-9999.00,-9999.00,-9999,-9999,-9999,-9999,-9999,-9999,-9999,2.027
52523,1.49,0.62,1.49,-0.26,0.88,0.77,0.47,-9999.00,-9999.00,-9999.00,-9999.00,-9999,-9999,-9999,-9999,-9999,-9999,-9999,2.028
52524,1.09,3.80,1.09,-0.80,0.78,1.12,-1.29,-9999.00,-9999.00,-9999.00,-9999.00,-9999,-9999,-9999,-9999,-9999,-9999,-9999,2.028
52525,1.36,1.90,1.36,1.20,0.08,1.04,-1.79,-9999.00,-9999.00,-9999.00,-9999.00,-9999,-9999,-9999,-9999,-9999,-9999,-9999,2.028
52526,0.83,3.18,0.83,-0.49,0.03,0.99,-1.24,-9999.00,-9999.00,-9999.00,-9999.00,-9999,-9999,-9999,-9999,-9999,-9999,-9999,2.028
52527,-0.21,1.13,-0.21,1.94,-0.53,0.65,-0.55,-9999.00,-9999.00,-9999.00,-9999.00,-9999,-9999,-9999,-9999,-9999,-9999,-9999,2.028
52528,0.66,2.15,0.66,-0.08,-0.99,0.33,-1.20,-9999.00,-9999.00,-9999.00,-9999.00,-9999,-9999,-9999,-9999,-9999,-9999,-9999,2.029
52529,-0.19,6.07,-0.19,2.20,-0.97,0.22,0.81,-9999.00,-9999.00,-9999.00,-9999.00,-9999,-9999,-9999,-9999,-9999,-9999,-9999,2.029
52530,0.66,3.24,0.66,0.25,0.03,0.33,1.83,-9999.00,-9999.00,-9999.00,-9999.00,-9999,-9999,-9999,-9999,-9999,-9999,-9999,2.029
52531,0.89,3.66,0.89,-0.23,0.37,0.39,1.33,-9999.00,-9999.00,-9999.00,-9999.00,-9999,-9999,-9999,-9999,-9999,-9999,-9999,2.029
52532,2.16,0.87,2.16,0.55,1.23,0.54,0.49,-9999.00,-9999.00,-9999.00,-9999.00,-9999,-9999,-9999,-9999,-9999,-9999,-9999,2.029
52533,0.89,2.22,0.89,-0.91,1.54,0.32,1.00,-9999.00,-9999.00,-9999.00,-9999.00,-9999,-9999,-9999,-9999,-9999,-9999,-9999,2.029
52534,1.50,5.12,1.50,-0.32,1.09,0.03,0.13,-9999.00,-9999.00,-9999.00,-9999.00,-9999,-9999,-9999,-9999,-9999,-9999,-9999,2.029
52535,2.18,2.91,2.18,0.72,0.70,0.01,-0.43,-9999.00,-9999.00,-9999.00,-9999.00,-9999,-9999,-9999,-9999,-9999,-9999,-9999,2.029
52536,0.60,4.34,0.60,-0.48,0.49,0.06,0.71,-9999.00,-9999.00,-9999.00,-9999.00,-9999,-9999,-9999,-9999,-9999,-9999,-9999,2.029
52537,1.07,3.11,1.07,0.27,-0.18,0.05,1.10,-9999.00,-9999.00,-9999.00,-9999.00,-9999,-9999,-9999,-9999,-9999,-9999,-9999,2.030
52538,-0.43,-0.37,-0.43,-0.66,0.14,0.10,1.02,-9999.00,-9999.00,-9999.00,-9999.00,-9999,-9999,-9999,-9999,-9999,-9999,-9999,2.030
52539,1.41,2.87,1.41,0.62,0.04,0.57,0.82,-9999.00,-9999.00,-9999.00,-9999.00,-9999,-9999,-9999,-9999,-9999,-9999,-9999,2.029
52540,1.39,-1.35,1.39,0.54,0.59,0.50,0.23,-9999.00,-9999.00,-9999.00,-9999.00,-9999,-9999,-9999,-9999,-9999,-9999,-9999,2.029
52541,1.58,2.70,1.58,2.34,-0.09,0.64,-0.75,2.38,2.38,-9999.00,-9999.00,-9999,-9999,-9999,-9999,-9999,-9999,-9999,2.029
52542,-0.60,-0.30,-0.60,-0.61,-0.00,0.30,-0.57,-0.35,-0.35,-9999.00,-9999.00,-9999,-9999,-9999,-9999,-9999,-9999,-9999,2.029
52543,-0.41,2.81,-0.41,0.24,-0.80,0.49,-0.39,0.04,0.04,-9999.00,-9999.00,-9999,-9999,-9999,-9999,-9999,-9999,-9999,2.029
52544,-0.25,3.44,-0.25,0.02,-0.47,-0.11,-0.41,-0.38,-0.38,-9999.00,-9999.00,-9999,-9999,-9999,-9999,-9999,-9999,-9999,2.029
52545,2.20,3.39,2.20,-1.74,-0.88,-0.39,0.59,1.99,1.99,-9999.00,-9999.00,-9999,-9999,-9999,-9999,-9999,-9999,-9999,2.029
52546,1.47,0.40,1.47,4.21,-0.23,-0.56,-0.07,1.02,1.02,-9999.00,-9999.00,-9999,-9999,-9999,-9999,-9999,-9999,-9999,2.028
52547,2.01,3.03,2.01,-1.61,0.04,-0.25,-0.20,1.93,1.93,-9999.00,-9999.00,-9999,-9999,-9999,-9999,-9999,-9999,-9999,2.029
52548,1.44,2.81,1.44,0.23,0.33,0.03,-0.58,1.62,1.62,-9999.00,-9999.00,-9999,-9999,-9999,-9999,-9999,-9999,-9999,2.029
52549,1.45,1.94,1.45,0.08,0.30,0.43,0.25,2.04,2.04,-9999.00,-9999.00,-9999,-9999,-9999,-9999,-9999,-9999,-9999,2.027
52550,0.22,0.99,0.22,0.36,0.45,0.48,-0.47,0.72,0.72,-9999.00,-9999.00,-9999,-9999,-9999,-9999,-9999,-9999,-9999,2.028
52551,0.03,-1.46,0.03,2.07,0.38,0.28,0.22,0.32,0.32,-9999.00,-9999.00,-9999,-9999,-9999,-9999,-9999,-9999,-9999,2.029
52552,0.80,-2.17,0.80,0.59,0.33,-0.21,1.02,0.68,0.68,-9999.00,-9999.00,-9999,-9999,-9999,-9999,-9999,-9999,-9999,2.029
52553,0.55,0.75,0.55,1.23,0.53,-0.59,0.92,-9999.00,-9999.00,-9999.00,-9999.00,-9999,-9999,-9999,-9999,-9999,-9999,-9999,2.029
52554,1.05,-1.61,1.05,3.74,0.74,-0.55,0.41,0.63,0.63,-9999.00,-9999.00,-9999,-9999,-9999,-9999,-9999,-9999,-9999,2.030
52555,2.79,0.76,2.79,1.00,0.53,-0.88,0.60,-9999.00,-9999.00,-9999.00,-9999.00,-9999,-9999,-9999,-9999,-9999,-9999,-9999,2.029
52556,4.24,0.44,4.24,1.00,0.68,-0.33,0.86,-9999.00,-9999.00,-9999.00,-9999.00,-9999,-9999,-9999,-9999,-9999,-9999,-9999,2.030
52557,2.79,3.02,2.79,-1.18,0.70,0.25,0.04,-9999.00,-9999.00,-9999.00,-9999.00,-9999,-9999,-9999,-9999,-9999,-9999,-9999,2.030
52558,3.95,5.14,3.95,0.26,0.51,0.81,0.50,5.39,5.39,-9999.00,-9999.00,-9999,-9999,-9999,-9999,-9999,-9999,-9999,2.030
52559,0.90,4.48,0.90,1.82,0.34,0.59,-0.55,1.62,1.62,-9999.00,-9999.00,-9999,-9999,-9999,-9999,-9999,-9999,-9999,2.030
52560,-1.45,3.55,-1.45,2.27,0.09,1.32,-0.11,-0.32,-0.32,-9999.00,-9999.00,2.08,2.08,-9999,-9999,-9999,-9999,-9999,2.030
52561,-1.09,-0.22,-1.09,0.75,0.27,0.98,-0.37,-0.24,-0.24,-9999.00,-9999.00,1.70,1.70,-9999,-9999,-9999,-9999,-9999,2.030
52562,-0.20,2.71,-0.20,1.40,-0.30,0.34,-0.20,0.11,0.11,-9999.00,-9999.00,1.85,1.85,-9999,-9999,-9999,-9999,-9999,2.030
52563,-0.54,0.48,-0.54,0.87,-0.58,-0.10,-0.83,-0.70,-0.70,-9999.00,-9999.00,1.50,1.50,-9999,-9999,-9999,-9999,-9999,2.031
52564,1.54,6.19,1.54,0.39,-0.69,0.16,0.30,1.89,1.89,-9999.00,-9999.00,1.38,1.38,-9999,-9999,-9999,-9999,-9999,2.032
52565,0.78,3.43,0.78,-0.58,0.09,-0.21,-0.44,0.65,0.65,-9999.00,-9999.00,1.25,1.25,-9999,-9999,-9999,-9999,-9999,2.031
52566,2.57,4.66,2.57,0.83,-0.22,-0.01,-0.11,2.81,2.81,-9999.00,-9999.00,1.17,1.17,-9999,-9999,-9999,-9999,-9999,2.031
52567,0.49,1.61,0.49,2.10,0.43,0.67,0.03,1.21,1.21,-9999.00,-9999.00,1.51,1.51,-9999,-9999,-9999,-9999,-9999,2.032
52568,0.22,2.76,0.22,3.23,1.17,0.88,0.50,1.13,1.13,-9999.00,-9999.00,1.57,1.57,-9999,-9999,-9999,-9999,-9999,2.032
52569,0.49,4.83,0.49,1.42,1.03,0.74,-0.07,1.29,1.29,-9999.00,-9999.00,1.47,1.47,-9999,-9999,-9999,-9999,-9999,2.033
52570,0.22,6.73,0.22,0.94,0.27,1.02,1.06,1.26,1.26,-9999.00,-9999.00,1.61,1.61,-9999,-9999,-9999,-9999,-9999,2.034
52571,0.65,4.77,0.65,1.40,0.68,0.80,0.19,1.54,1.54,-9999.00,-9999.00,1.46,1.46,-9999,-9999,-9999,-9999,-9999,2.034
52572,1.99,6.92,1.99,0.56,0.34,0.55,0.62,2.87,2.87,-9999.00,-9999.00,1.40,1.40,-9999,-9999,-9999,-9999,-9999,2.033
52573,0.92,1.57,0.92,0.36,-0.34,0.05,0.43,-9999.00,-9999.00,-9999.00,-9999.00,1.37,1.37,-9999,-9999,-9999,-9999,-9999,2.033
52574,3.03,5.32,3.03,2.27,-0.38,0.25,1.27,-9999.00,-9999.00,-9999.00,-9999.00,1.36,1.36,-9999,-9999,-9999,-9999,-9999,2.034
52575,2.06,0.69,2.06,0.80,-0.03,-0.25,0.81,-9999.00,-9999.00,-9999.00,-9999.00,1.48,1.48,-9999,-9999,-9999,-9999,-9999,2.033
52576,3.61,-0.06,3.61,2.30,-0.43,-0.24,1.26,-9999.00,-9999.00,-9999.00,-9999.00,1.46,1.46,-9999,-9999,-9999,-9999,-9999,2.035
52577,-0.88,-1.72,-0.88,1.07,0.18,-0.29,0.53,-1.29,-1.29,-9999.00,-9999.00,1.47,1.47,-9999,-9999,-9999,-9999,-9999,2.034
52578,0.82,-0.31,0.82,1.91,0.35,0.19,0.43,1.11,1.11,-9999.00,-9999.00,1.41,1.41,-9999,-9999,-9999,-9999,-9999,2.035
52579,-0.04,0.72,-0.04,1.14,0.11,-0.18,-0.39,-0.23,-0.23,-9999.00,-9999.00,1.30,1.30,-9999,-9999,-9999,-9999,-9999,2.034
52580,2.72,-1.60,2.72,0.11,0.46,-0.01,-0.55,2.97,2.97,-9999.00,-9999.00,1.16,1.16,-9999,-9999,-9999,-9999,-9999,2.035
52581,1.30,0.40,1.30,1.29,0.82,0.24,-0.72,1.65,1.65,-9999.00,-9999.00,1.05,1.05,-9999,-9999,-9999,-9999,-9999,2.035
52582,0.78,5.31,0.78,0.47,0.25,0.79,0.43,1.63,1.63,-9999.00,-9999.00,0.91,0.91,-9999,-9999,-9999,-9999,-9999,2.035
52583,-0.58,3.41,-0.58,2.42,1.01,0.81,0.34,0.19,0.19,-9999.00,-9999.00,1.02,1.02,-9999,-9999,-9999,-9999,-9999,2.035
52584,1.79,4.16,1.79,4.70,1.05,0.83,0.67,2.75,2.75,-9999.00,-9999.00,1.12,1.12,-9999,-9999,-9999,-9999,-9999,2.035
52585,1.68,0.64,1.68,2.30,0.95,0.96,0.87,2.74,2.74,-9999.00,-9999.00,1.04,1.04,-9999,-9999,-9999,-9999,-9999,2.035
52586,1.66,2.13,1.66,4.56,1.05,0.77,0.55,2.52,2.52,-9999.00,-9999.00,1.01,1.01,-9999,-9999,-9999,-9999,-9999,2.036
52587,-0.09,0.12,-0.09,1.84,1.32,0.30,-0.35,0.20,0.20,-9999.00,-9999.00,0.92,0.92,-9999,-9999,-9999,-9999,-9999,2.035
52588,0.48,2.51,0.48,-0.82,0.33,0.07,0.03,0.58,0.58,-9999.00,-9999.00,0.88,0.88,-9999,-9999,-9999,-9999,-9999,2.035
52589,-0.30,0.69,-0.30,-1.95,0.53,0.22,-0.38,-0.11,-0.11,-9999.00,-9999.00,1.05,1.05,-9999,-9999,-9999,-9999,-9999,2.035
52590,2.23,3.74,2.23,-0.71,0.44,-0.46,0.15,2.02,2.02,-9999.00,-9999.00,1.12,1.12,-9999,-9999,-9999,-9999,-9999,2.034
52591,1.52,0.75,1.52,1.10,-0.31,-0.43,0.73,1.28,1.28,-9999.00,-9999.00,1.18,1.18,-9999,-9999,-9999,-9999,-9999,2.033
52592,5.26,4.87,5.26,3.29,-1.16,-0.32,0.78,5.68,5.68,-9999.00,-9999.00,1.39,1.39,-9999,-9999,-9999,-9999,-9999,2.034
52593,2.43,0.99,2.43,1.51,-0.53,-0.13,1.23,2.61,2.61,-9999.00,-9999.00,1.50,1.50,-9999,-9999,-9999,-9999,-9999,2.033
52594,2.65,-0.06,2.65,2.75,-0.78,-0.01,2.10,2.99,2.99,-9999.00,-9999.00,1.59,1.59,-9999,-9999,-9999,-9999,-9999,2.033
52595,1.15,2.31,1.15,0.74,-0.71,0.78,1.40,2.08,2.08,-9999.00,-9999.00,1.76,1.76,-9999,-9999,-9999,-9999,-9999,2.033
52596,4.10,3.26,4.10,1.47,0.20,0.70,0.51,5.46,5.46,-9999.00,-9999.00,1.89,1.89,-9999,-9999,-9999,-9999,-9999,2.032
52597,2.56,2.73,2.56,2.46,1.40,0.82,1.02,-9999.00,-9999.00,-9999.00,-9999.00,2.00,2.00,-9999,-9999,-9999,-9999,-9999,2.033
52598,3.56,3.56,3.56,1.15,1.25,0.57,-0.45,-9999.00,-9999.00,-9999.00,-9999.00,1.96,1.96,-9999,-9999,-9999,-9999,-9999,2.032
52599,-0.42,1.12,-0.42,0.08,1.29,0.55,-1.67,-9999.00,-9999.00,-9999.00,-9999.00,1.97,1.97,-9999,-9999,-9999,-9999,-9999,2.031
52600,-1.12,0.14,-1.12,0.08,1.18,-0.14,-1.41,-9999.00,-9999.00,-9999.00,-9999.00,-9999,-9999,-9999,-9999,-9999,-9999,-9999,2.032
52601,-1.11,2.00,-1.11,-1.57,0.49,-0.21,-0.53,-9999.00,-9999.00,-9999.00,-9999.00,-9999,-9999,-9999,-9999,-9999,-9999,-9999,2.032
52602,-0.93,2.66,-0.93,1.55,-0.72,-0.35,-1.56,-9999.00,-9999.00,-9999.00,-9999.00,-9999,-9999,-9999,-9999,-9999,-9999,-9999,2.031
52603,-1.99,6.82,-1.99,1.23,-1.20,-0.31,-0.52,-9999.00,-9999.00,-9999.00,-9999.00,-9999,-9999,-9999,-9999,-9999,-9999,-9999,2.030
52604,-1.98,6.82,-1.98,0.85,-1.20,-0.38,0.28,-9999.00,-9999.00,-9999.00,-9999.00,-9999,-9999,-9999,-9999,-9999,-9999,-9999,2.031
52605,1.64,6.62,1.64,1.79,-1.54,0.03,0.05,-9999.00,-9999.00,-9999.00,-9999.00,-9999,-9999,-9999,-9999,-9999,-9999,-9999,2.030
52606,0.71,2.16,0.71,0.54,-1.47,0.13,-0.10,-9999.00,-9999.00,-9999.00,-9999.00,-9999,-9999,-9999,-9999,-9999,-9999,-9999,2.030
52607,1.72,2.55,1.72,0.31,-0.78,0.02,0.11,-9999.00,-9999.00,-9999.00,-9999.00,-9999,-9999,-9999,-9999,-9999,-9999,-9999,2.030
52608,1.14,-2.16,1.14,-0.91,0.05,0.24,0.16,-9999.00,-9999.00,-9999.00,-9999.00,-9999,-9999,-9999,-9999,-9999,-9999,-9999,2.030
52609,0.82,0.90,0.82,0.99,0.10,0.05,-0.05,-9999.00,-9999.00,-9999.00,-9999.00,-9999,-9999,-9999,-9999,-9999,-9999,-9999,2.031
52610,0.76,2.53,0.76,-0.47,0.68,-0.34,0.59,-9999.00,-9999.00,-9999.00,-9999.00,-9999,-9999,-9999,-9999,-9999,-9999,-9999,2.032
52611,0.48,4.56,0.48,0.87,1.11,-0.20,0.48,-9999.00,-9999.00,-9999.00,-9999.00,-9999,-9999,-9999,-9999,-9999,-9999,-9999,2.032
52612,-0.35,1.15,-0.35,0.04,0.94,-0.04,0.65,-9999.00,-9999.00,-9999.00,-9999.00,-9999,-9999,-9999,-9999,-9999,-9999,-9999,2.031
52613,-0.10,3.47,-0.10,0.35,0.51,0.09,1.36,-9999.00,-9999.00,-9999.00,-9999.00,-9999,-9999,-9999,-9999,-9999,-9999,-9999,2.030
52614,-0.15,0.54,-0.15,0.99,0.67,0.70,1.39,-9999.00,-9999.00,-9999.00,-9999.00,-9999,-9999,-9999,-9999,-9999,-9999,-9999,2.031
